MEME version 4

ALPHABET= ACGT

strands: + -

Background letter frequencies
A 0.25 C 0.25 G 0.25 T 0.25

MOTIF AHR.H12INVIVO.0.P.B
letter-probability matrix: alength= 4 w= 8 nsites= 1001
0.1008991008991009	0.1188811188811189	0.3836163836163836	0.3966033966033966
0.1248751248751249	0.0569430569430569	0.0899100899100899	0.7282717282717283
0.012987012987013	0.0689310689310689	0.8271728271728271	0.0909090909090909
0.004995004995005	0.99000999000999	0.0	0.004995004995005
0.022977022977023	0.001998001998002	0.971028971028971	0.003996003996004
0.000999000999001	0.0	0.0	0.999000999000999
0.002997002997003	0.0	0.996003996003996	0.000999000999001
0.1808191808191808	0.6723276723276723	0.008991008991009	0.1378621378621379
URL https://hocomoco12.autosome.org/motif/AHR.H12INVIVO.0.P.B#maininfo

MOTIF AHRR.H12INVIVO.0.P.C
letter-probability matrix: alength= 4 w= 11 nsites= 1002
0.0728542914171657	0.1417165668662675	0.2704590818363273	0.5149700598802395
0.1167664670658683	0.1317365269461078	0.0708582834331337	0.6806387225548902
0.029940119760479	0.0968063872255489	0.7465069860279442	0.1267465069860279
0.0149700598802395	0.9481037924151696	0.0049900199600798	0.031936127744511
0.0878243512974052	0.0129740518962076	0.8942115768463074	0.0049900199600798
0.0039920159680639	0.000998003992016	0.0	0.9950099800399201
0.0	0.0	0.9610778443113772	0.0389221556886228
0.2445109780439121	0.6207584830339321	0.0049900199600798	0.1297405189620758
0.1656686626746507	0.4241516966067864	0.3223552894211577	0.0878243512974052
0.6467065868263473	0.0359281437125749	0.1217564870259481	0.1956087824351297
0.2914171656686627	0.1586826347305389	0.3872255489021956	0.1626746506986028
URL https://hocomoco12.autosome.org/motif/AHRR.H12INVIVO.0.P.C#maininfo

MOTIF ALX1.H12INVIVO.0.SM.D
letter-probability matrix: alength= 4 w= 20 nsites= 7125
0.2287719298245614	0.3162105263157895	0.3014736842105263	0.1535438596491228
0.212280701754386	0.2473684210526316	0.3983859649122807	0.1419649122807018
0.0694736842105263	0.4499649122807017	0.2277894736842105	0.2527719298245614
0.0213333333333333	0.0332631578947368	0.0032280701754386	0.9421754385964912
0.9755789473684211	0.000280701754386	0.0227368421052632	0.0014035087719298
1.0	0.0	0.0	0.0
0.000280701754386	0.0112280701754386	0.0004210526315789	0.9880701754385965
0.0	0.1612631578947368	0.0126315789473684	0.8261052631578948
0.6249824561403509	0.0571228070175439	0.1672982456140351	0.1505964912280702
0.4512280701754386	0.0604912280701754	0.4867368421052631	0.0015438596491228
0.784140350877193	0.0474385964912281	0.120280701754386	0.048140350877193
0.008140350877193	0.0263859649122807	0.0213333333333333	0.944140350877193
0.0404210526315789	0.0710175438596491	0.0175438596491228	0.8710175438596491
0.8864561403508772	0.0190877192982456	0.0492631578947368	0.0451929824561404
0.3643508771929825	0.1877894736842105	0.3487719298245614	0.0990877192982456
0.1466666666666667	0.296140350877193	0.2039298245614035	0.3532631578947368
0.1647719298245614	0.239719298245614	0.263719298245614	0.3317894736842105
0.2209122807017544	0.2888421052631579	0.2941754385964912	0.1960701754385965
0.2153684210526316	0.2893333333333333	0.2974736842105263	0.1978245614035088
0.2036491228070176	0.2872982456140351	0.2933333333333333	0.215719298245614
URL https://hocomoco12.autosome.org/motif/ALX1.H12INVIVO.0.SM.D#maininfo

MOTIF ALX3.H12INVIVO.0.SM.D
letter-probability matrix: alength= 4 w= 12 nsites= 8444
0.2776231643770725	0.2354630506868783	0.2596222169587873	0.227291567977262
0.2339531027948839	0.4204760776882994	0.206714827096163	0.1388559924206537
0.2150639507342492	0.3028185693983894	0.44860255802937	0.0335149218379915
0.0232117479867361	0.4658929417337754	0.1229275225011843	0.3879677877783041
0.0	0.0	0.0	1.0
1.0	0.0	0.0	0.0
1.0	0.0	0.0	0.0
0.0	0.0	0.0	1.0
0.0003552818569398	0.016816674561819	0.0129085741354808	0.9699194694457604
0.6072951207958314	0.0275935575556608	0.3498342018000947	0.0152771198484131
0.1485374230222643	0.3232176693510185	0.4089590241591663	0.1192858834675509
0.1961747986736144	0.2757579346281383	0.3103387020369493	0.217728564661298
URL https://hocomoco12.autosome.org/motif/ALX3.H12INVIVO.0.SM.D#maininfo

MOTIF ALX3.H12INVIVO.1.S.D
letter-probability matrix: alength= 4 w= 20 nsites= 1508
0.2330901856763926	0.2954244031830239	0.2874668435013263	0.1840185676392573
0.2521551724137931	0.3350464190981433	0.2594496021220159	0.1533488063660478
0.2075596816976127	0.276525198938992	0.3720159151193634	0.1438992042440318
0.0881962864721485	0.4137931034482759	0.1591511936339522	0.3388594164456233
0.0119363395225464	0.0285145888594164	0.0072944297082228	0.9522546419098143
0.9960212201591512	0.0	0.0039787798408488	0.0
1.0	0.0	0.0	0.0
0.0	0.0	0.0	1.0
0.0	0.0059681697612732	0.0	0.9940318302387268
0.8527851458885941	0.01657824933687	0.1114058355437666	0.0192307692307692
0.4708222811671088	0.0596816976127321	0.4661803713527852	0.003315649867374
0.5855437665782494	0.1458885941644562	0.1518567639257294	0.116710875331565
0.0397877984084881	0.0709549071618037	0.0855437665782493	0.8037135278514589
0.1041114058355438	0.1180371352785146	0.0603448275862069	0.7175066312997348
0.7400530503978779	0.0868700265251989	0.1007957559681698	0.0722811671087533
0.3096816976127321	0.2095490716180371	0.2851458885941645	0.1956233421750663
0.1790450928381963	0.2897877984084881	0.2486737400530504	0.2824933687002653
0.1856763925729443	0.2758620689655172	0.3083554376657825	0.230106100795756
0.1904840848806366	0.3111737400530504	0.3171419098143236	0.1812002652519894
0.1836870026525199	0.3116710875331565	0.2970822281167109	0.2075596816976127
URL https://hocomoco12.autosome.org/motif/ALX3.H12INVIVO.1.S.D#maininfo

MOTIF ALX4.H12INVIVO.0.S.D
letter-probability matrix: alength= 4 w= 20 nsites= 6332
0.2206648768161718	0.1985549589387239	0.4245499052432091	0.1562302590018951
0.1989102969046115	0.1665350600126342	0.5030795957043588	0.1314750473783955
0.0600126342387871	0.3875552747946936	0.2869551484523057	0.2654769425142135
0.0157927984838913	0.0277953253316488	0.0025268477574226	0.9538850284270373
0.9777321541377132	0.0003158559696778	0.0216361339229311	0.0003158559696778
1.0	0.0	0.0	0.0
0.0	0.0009475679090335	0.0	0.9990524320909665
0.0	0.1501895135818067	0.0066329753632344	0.843177511054959
0.602337334175616	0.0660138976626658	0.1762476310802274	0.1554011370814908
0.4458307012002527	0.0363234365129501	0.5178458622867972	0.0
0.8766582438408086	0.0151610865445357	0.0672773215413771	0.0409033480732786
0.0006317119393557	0.016424510423247	0.0086860391661402	0.9742577384712571
0.0339545167403664	0.0495893872394188	0.0063171193935565	0.9101389766266582
0.9444093493367025	0.0069488313329122	0.0279532533164877	0.0206885660138977
0.3556538218572331	0.182406822488945	0.3806064434617814	0.0813329121920404
0.1498736576121289	0.2599494630448516	0.2005685407454201	0.3896083385975995
0.1522425773847126	0.2323120656980417	0.2539481996209728	0.3614971572962729
0.239102969046115	0.3559696778269109	0.2225205306380291	0.182406822488945
0.2133607075173721	0.3730259001895136	0.2228363866077069	0.1907770056854075
0.2069251421351864	0.3482706885660139	0.2212965887555275	0.2235075805432723
URL https://hocomoco12.autosome.org/motif/ALX4.H12INVIVO.0.S.D#maininfo

MOTIF ALX4.H12INVIVO.1.SM.D
letter-probability matrix: alength= 4 w= 13 nsites= 2350
0.3336170212765958	0.1668085106382979	0.2348936170212766	0.2646808510638298
0.3215957446808511	0.3764893617021277	0.2003191489361702	0.1015957446808511
0.2285106382978724	0.2902127659574468	0.4229787234042553	0.0582978723404255
0.0046808510638298	0.4736170212765957	0.0702127659574468	0.4514893617021277
0.0	0.0008510638297872	0.0	0.9991489361702127
1.0	0.0	0.0	0.0
1.0	0.0	0.0	0.0
0.0	0.0021276595744681	0.0	0.997872340425532
0.0025531914893617	0.0931914893617021	0.0557446808510638	0.8485106382978723
0.6463829787234042	0.0302127659574468	0.3110638297872341	0.0123404255319149
0.1927659574468085	0.3285106382978724	0.351063829787234	0.1276595744680851
0.1638297872340425	0.26	0.2982978723404255	0.2778723404255319
0.226063829787234	0.1971276595744681	0.1796808510638298	0.3971276595744681
URL https://hocomoco12.autosome.org/motif/ALX4.H12INVIVO.1.SM.D#maininfo

MOTIF ANDR.H12INVIVO.0.P.B
letter-probability matrix: alength= 4 w= 17 nsites= 1000
0.416	0.018	0.334	0.232
0.12	0.018	0.732	0.13
0.273	0.25	0.248	0.229
0.776	0.051	0.066	0.107
0.004	0.948	0.026	0.022
0.6689999999999999	0.03	0.079	0.222
0.121	0.266	0.34	0.273
0.309	0.201	0.228	0.262
0.264	0.34	0.281	0.115
0.021	0.019	0.003	0.957
0.002	0.002	0.995	0.001
0.008	0.003	0.0	0.989
0.126	0.091	0.094	0.689
0.007	0.979	0.0	0.014
0.004	0.511	0.002	0.483
0.162	0.252	0.183	0.403
0.167	0.128	0.31	0.395
URL https://hocomoco12.autosome.org/motif/ANDR.H12INVIVO.0.P.B#maininfo

MOTIF ANDR.H12INVIVO.1.S.C
letter-probability matrix: alength= 4 w= 8 nsites= 6603
0.3273890655762532	0.1524685748902014	0.3528320460396789	0.1673103134938664
0.0160154475238528	0.1193018325003786	0.0141980917764652	0.8504846281993034
0.036347114947751	0.0018173557473876	0.9571406936241103	0.0046948356807512
0.0	0.0	0.0	1.0
0.3154626684840224	0.0	0.0	0.6845373315159776
0.0	1.0	0.0	0.0
0.1278206875662578	0.4826593972436771	0.1588671815841284	0.2306527336059367
0.1810162047554142	0.3103513554444949	0.1578449189762229	0.3507875208238679
URL https://hocomoco12.autosome.org/motif/ANDR.H12INVIVO.1.S.C#maininfo

MOTIF ANDR.H12INVIVO.2.P.B
letter-probability matrix: alength= 4 w= 19 nsites= 998
0.156312625250501	0.062124248496994	0.0791583166332665	0.7024048096192385
0.0681362725450902	0.0801603206412826	0.7585170340681363	0.093186372745491
0.093186372745491	0.061122244488978	0.0400801603206413	0.8056112224448898
0.2164328657314629	0.2024048096192385	0.1633266533066132	0.4178356713426854
0.0771543086172345	0.7645290581162325	0.032064128256513	0.12625250501002
0.1032064128256513	0.3877755511022044	0.0220440881763527	0.4869739478957916
0.2284569138276553	0.1943887775551102	0.1663326653306613	0.4108216432865732
0.2074148296593187	0.2144288577154309	0.250501002004008	0.3276553106212425
0.1963927855711423	0.1803607214428858	0.2635270541082164	0.3597194388777555
0.1833667334669339	0.314629258517034	0.1583166332665331	0.343687374749499
0.0781563126252505	0.0110220440881764	0.030060120240481	0.8807615230460922
0.2224448897795591	0.0330661322645291	0.7384769539078156	0.0060120240480962
0.0130260521042084	0.0370741482965932	0.0120240480961924	0.9378757515030061
0.0170340681362725	0.0150300601202405	0.1212424849699399	0.8466933867735471
0.0170340681362725	0.0090180360721443	0.1292585170340682	0.844689378757515
0.5691382765531062	0.0240480961923848	0.3727454909819639	0.0340681362725451
0.0651302605210421	0.6503006012024047	0.0280561122244489	0.2565130260521042
0.3366733466933868	0.186372745490982	0.0390781563126253	0.437875751503006
0.0971943887775551	0.2705410821643287	0.1392785571142285	0.4929859719438878
URL https://hocomoco12.autosome.org/motif/ANDR.H12INVIVO.2.P.B#maininfo

MOTIF AP2A.H12INVIVO.0.PSM.A
letter-probability matrix: alength= 4 w= 14 nsites= 957
0.3709508881922675	0.2413793103448276	0.1974921630094044	0.1901776384535005
0.1703239289446186	0.1556948798328109	0.135841170323929	0.5381400208986415
0.2236154649947753	0.1515151515151515	0.3845350052246604	0.2403343782654127
0.0135841170323929	0.4900731452455591	0.4618599791013584	0.0344827586206897
0.0	0.9895506792058516	0.0031347962382445	0.0073145245559039
0.0020898641588297	0.9446185997910136	0.0010449320794148	0.0522466039707419
0.0512016718913271	0.225705329153605	0.0219435736677116	0.7011494252873564
0.1462904911180773	0.0	0.8537095088819227	0.0
0.4973876698014629	0.0741901776384535	0.4169278996865204	0.0114942528735632
0.1786833855799373	0.0010449320794148	0.8181818181818182	0.0020898641588297
0.0031347962382445	0.0010449320794148	0.9916405433646813	0.0041797283176594
0.0229885057471264	0.5182863113897597	0.445141065830721	0.0135841170323929
0.2612330198537095	0.3605015673981191	0.1452455590386625	0.2330198537095089
0.5120167189132706	0.1295715778474399	0.2068965517241379	0.1515151515151515
URL https://hocomoco12.autosome.org/motif/AP2A.H12INVIVO.0.PSM.A#maininfo

MOTIF AP2B.H12INVIVO.0.SM.D
letter-probability matrix: alength= 4 w= 18 nsites= 9846
0.5505789152955515	0.1189315458054032	0.1574243347552305	0.1730652041438147
0.3521480804387568	0.1308399349989844	0.1581606743855373	0.3588513101767215
0.291285801340646	0.2500507820434694	0.178651228925452	0.2800121876904327
0.0360552508632947	0.2606134470851107	0.6692057688401382	0.0341255332114564
0.0158439975624619	0.9446475726183221	0.0199065610400163	0.0196018687791997
0.0147267926061345	0.8949827341052204	0.0196018687791997	0.0706886045094455
0.0165549461710339	0.2511679869997969	0.1116189315458054	0.6206581352833638
0.1065407271988625	0.3777168393256145	0.4197643713183019	0.0959780621572212
0.5809465772902701	0.0778996546821044	0.3359739995937436	0.0051797684338818
0.063883810684542	0.0019297176518383	0.931850497664026	0.0023359739995937
0.0080235628681698	0.0049766402600041	0.9812106439163112	0.0057891529555149
0.0256957139955312	0.4663822872232379	0.4699370302660979	0.037984968515133
0.2039406865732277	0.3256144627259801	0.2730042656916514	0.1974405850091408
0.5640869388584197	0.0915092423319114	0.1719479991874873	0.1724558196221816
0.2595978062157221	0.1486898232784887	0.1081657525898842	0.4835466179159049
0.2890513914279911	0.1101970343286614	0.1801746902295348	0.4205768840138127
0.220724151939874	0.1788797481210644	0.1470901889092017	0.4533059110298598
0.2573633963030673	0.2027219175299614	0.2176518383099736	0.3222628478569978
URL https://hocomoco12.autosome.org/motif/AP2B.H12INVIVO.0.SM.D#maininfo

MOTIF AP2C.H12INVIVO.0.PSM.A
letter-probability matrix: alength= 4 w= 15 nsites= 922
0.4078091106290672	0.2114967462039045	0.2429501084598698	0.1377440347071583
0.1811279826464208	0.1724511930585683	0.1898047722342733	0.4566160520607375
0.2147505422993492	0.1171366594360087	0.4587852494577007	0.2093275488069414
0.0195227765726681	0.5108459869848156	0.4501084598698482	0.0195227765726681
0.0	0.9880694143167028	0.0010845986984816	0.0108459869848156
0.0097613882863341	0.9436008676789588	0.0043383947939262	0.0422993492407809
0.0574837310195228	0.1832971800433839	0.0303687635574837	0.7288503253796095
0.0	0.0	0.886117136659436	0.113882863340564
0.4663774403470716	0.0878524945770065	0.4316702819956616	0.0140997830802603
0.140997830802603	0.0	0.8557483731019523	0.0032537960954447
0.0021691973969631	0.0021691973969631	0.9859002169197397	0.0097613882863341
0.0531453362255965	0.5368763557483731	0.3741865509761388	0.0357917570498915
0.1984815618221258	0.3937093275488069	0.1529284164859002	0.2548806941431671
0.4186550976138829	0.1746203904555314	0.2299349240780911	0.1767895878524946
0.1518438177874187	0.2017353579175705	0.2505422993492408	0.39587852494577
URL https://hocomoco12.autosome.org/motif/AP2C.H12INVIVO.0.PSM.A#maininfo

MOTIF AP2E.H12INVIVO.0.SM.D
letter-probability matrix: alength= 4 w= 16 nsites= 9965
0.3034370296036126	0.2079026593075765	0.2296788760662318	0.258981435022579
0.2764676367285499	0.1059708981435023	0.1902659307576518	0.427295534370296
0.150627195183141	0.1921726041144004	0.1522328148519819	0.5049673858504766
0.0188660311088811	0.1603612644254892	0.8063221274460612	0.0144505770195685
0.0003010536879077	0.9991971901655795	0.0004014049172102	0.0001003512293026
0.0001003512293026	0.9901655795283493	0.000903161063723	0.0088309081786252
0.000903161063723	0.0988459608630206	0.0006021073758154	0.8996487706974411
0.0537882589061716	0.4429503261414952	0.4335173105870547	0.0697441043652785
0.8555945810336176	0.0035122930255896	0.1405920722528851	0.0003010536879077
0.0665328650275966	0.0003010536879077	0.9328650275965881	0.0003010536879077
0.0006021073758154	0.0003010536879077	0.9985950827897642	0.0005017561465128
0.017059708981435	0.3272453587556448	0.6489713998996488	0.0067235323632714
0.1209232313095835	0.5886603110888108	0.1296537882589062	0.1607626693426994
0.5742097340692424	0.0591068740592072	0.2806823883592574	0.086001003512293
0.2514049172102358	0.209959859508279	0.0736828901154039	0.4649523331660813
0.314550928248871	0.1525840441545409	0.3017059708981435	0.2311590566984446
URL https://hocomoco12.autosome.org/motif/AP2E.H12INVIVO.0.SM.D#maininfo

MOTIF ARGFX.H12INVIVO.0.SM.D
letter-probability matrix: alength= 4 w= 15 nsites= 849
0.227620730270907	0.3312720848056537	0.2052414605418139	0.2358657243816255
0.3542402826855124	0.2293875147232038	0.3071260306242639	0.10924617196702
0.0848056537102474	0.480565371024735	0.0789163722025913	0.3557126030624264
0.0023557126030624	0.0011778563015312	0.0	0.9964664310954063
0.9988221436984688	0.0011778563015312	0.0	0.0
1.0	0.0	0.0	0.0
0.0	0.0011778563015312	0.0	0.9988221436984688
0.0	0.0	0.0	1.0
0.9210836277974087	0.0070671378091873	0.0683156654888104	0.0035335689045936
0.4299175500588928	0.1036513545347468	0.4558303886925795	0.0106007067137809
0.5653710247349824	0.2391048292108363	0.1166077738515901	0.0789163722025913
0.0506478209658422	0.2497055359246172	0.0800942285041225	0.6195524146054181
0.1001177856301531	0.1260306242638398	0.0906949352179034	0.6831566548881036
0.673733804475854	0.1342756183745583	0.0624263839811543	0.1295641931684335
0.3875147232037691	0.1719670200235571	0.2402826855123675	0.2002355712603062
URL https://hocomoco12.autosome.org/motif/ARGFX.H12INVIVO.0.SM.D#maininfo

MOTIF ARI1A.H12INVIVO.0.P.C
letter-probability matrix: alength= 4 w= 11 nsites= 1001
0.0789210789210789	0.038961038961039	0.0769230769230769	0.8051948051948052
0.001998001998002	0.007992007992008	0.003996003996004	0.986013986013986
0.005994005994006	0.022977022977023	0.005994005994006	0.965034965034965
0.044955044955045	0.0689310689310689	0.017982017982018	0.8681318681318682
0.964035964035964	0.016983016983017	0.013986013986014	0.004995004995005
0.017982017982018	0.013986013986014	0.005994005994006	0.962037962037962
0.1708291708291708	0.000999000999001	0.2857142857142857	0.5424575424575424
0.2517482517482518	0.01998001998002	0.6653346653346653	0.0629370629370629
0.024975024975025	0.3386613386613387	0.4925074925074925	0.1438561438561439
0.2657342657342657	0.3306693306693306	0.1088911088911089	0.2947052947052947
0.2047952047952048	0.1818181818181818	0.1228771228771229	0.4905094905094905
URL https://hocomoco12.autosome.org/motif/ARI1A.H12INVIVO.0.P.C#maininfo

MOTIF ARNT.H12INVIVO.0.P.B
letter-probability matrix: alength= 4 w= 9 nsites= 1000
0.201	0.263	0.481	0.055
0.129	0.067	0.271	0.533
0.824	0.014	0.159	0.003
0.003	0.973	0.002	0.022
0.011	0.004	0.985	0.0
0.001	0.0	0.001	0.998
0.0	0.0	0.999	0.001
0.322	0.538	0.055	0.085
0.167	0.43	0.202	0.201
URL https://hocomoco12.autosome.org/motif/ARNT.H12INVIVO.0.P.B#maininfo

MOTIF ARNT.H12INVIVO.1.P.B
letter-probability matrix: alength= 4 w= 19 nsites= 1001
0.1898101898101898	0.2467532467532468	0.5064935064935064	0.0569430569430569
0.1278721278721279	0.0669330669330669	0.2847152847152847	0.5204795204795205
0.7852147852147853	0.027972027972028	0.1818181818181818	0.004995004995005
0.00999000999001	0.939060939060939	0.005994005994006	0.044955044955045
0.03996003996004	0.001998001998002	0.958041958041958	0.0
0.001998001998002	0.0	0.000999000999001	0.997002997002997
0.0	0.0	0.999000999000999	0.000999000999001
0.3376623376623377	0.4755244755244755	0.0609390609390609	0.1258741258741259
0.1428571428571429	0.4495504495504495	0.2347652347652348	0.1728271728271728
0.2177822177822178	0.2197802197802198	0.2217782217782218	0.3406593406593407
0.2127872127872128	0.2087912087912088	0.4145854145854146	0.1638361638361638
0.2167832167832168	0.2727272727272727	0.2827172827172827	0.2277722277722277
0.1918081918081918	0.2937062937062937	0.3446553446553446	0.1698301698301698
0.2177822177822178	0.1718281718281718	0.3916083916083916	0.2187812187812188
0.1118881118881119	0.2507492507492508	0.4275724275724276	0.2097902097902098
0.1018981018981019	0.6403596403596403	0.1488511488511488	0.1088911088911089
0.4975024975024975	0.1768231768231768	0.2147852147852148	0.1108891108891109
0.1298701298701299	0.4845154845154845	0.2007992007992008	0.1848151848151848
0.3096903096903097	0.1408591408591409	0.4565434565434566	0.0929070929070929
URL https://hocomoco12.autosome.org/motif/ARNT.H12INVIVO.1.P.B#maininfo

MOTIF ARNT2.H12INVIVO.0.P.B
letter-probability matrix: alength= 4 w= 13 nsites= 989
0.4438827098078867	0.0940343781597573	0.2194135490394338	0.2426693629929221
0.0141557128412538	0.7462082912032356	0.019211324570273	0.2204246713852376
0.0333670374115268	0.0465116279069767	0.9079878665318504	0.0121334681496461
0.0010111223458038	0.0040444893832154	0.0070778564206269	0.9878665318503539
0.0010111223458038	0.0030333670374115	0.9898887765419616	0.006066734074823
0.4307381193124368	0.4560161779575329	0.0434782608695652	0.0697674418604651
0.0950455005055612	0.5237613751263903	0.1183013144590495	0.262891809908999
0.1304347826086957	0.2750252780586451	0.0990899898887765	0.4954499494438827
0.2022244691607685	0.1021233569261881	0.3518705763397371	0.3437815975733064
0.0596562184024267	0.2143579373104146	0.6127401415571284	0.1132457027300303
0.3326592517694641	0.3822042467138524	0.2214357937310415	0.0637007077856421
0.4661274014155713	0.2214357937310415	0.1617795753286148	0.1506572295247725
0.1435793731041456	0.1253791708796764	0.2457027300303337	0.4853387259858443
URL https://hocomoco12.autosome.org/motif/ARNT2.H12INVIVO.0.P.B#maininfo

MOTIF ARNT2.H12INVIVO.1.P.B
letter-probability matrix: alength= 4 w= 11 nsites= 1011
0.2235410484668645	0.2433234421364985	0.4272997032640949	0.105835806132542
0.2512363996043521	0.1829871414441147	0.4807121661721068	0.0850642927794263
0.1760633036597428	0.0949554896142433	0.4886251236399604	0.2403560830860534
0.47675568743818	0.0039564787339268	0.0999010880316518	0.4193867457962414
0.0009891196834817	0.9871414441147379	0.0019782393669634	0.009891196834817
0.0019782393669634	0.0069238377843719	0.9910979228486647	0.0
0.0009891196834817	0.0	0.0	0.9990108803165183
0.0	0.0	0.9990108803165183	0.0009891196834817
0.3936696340257171	0.5272007912957468	0.0217606330365974	0.0573689416419387
0.0405539070227498	0.5341246290801187	0.1810089020771514	0.2443125618199802
0.0999010880316518	0.3086053412462908	0.2156280909990109	0.3758654797230465
URL https://hocomoco12.autosome.org/motif/ARNT2.H12INVIVO.1.P.B#maininfo

MOTIF ARNT2.H12INVIVO.2.S.C
letter-probability matrix: alength= 4 w= 12 nsites= 8586
0.2610062893081761	0.2874446773817843	0.2419054274400186	0.209643605870021
0.1279699510831586	0.1010656883298393	0.4469776380153739	0.3239867225716282
0.0	1.0	0.0	0.0
1.0	0.0	0.0	0.0
0.0	1.0	0.0	0.0
0.0	0.0	1.0	0.0
0.0	0.0	0.0	1.0
0.0	0.0	1.0	0.0
1.0	0.0	0.0	0.0
0.0257395760540415	0.6107617051013278	0.1328907523876077	0.2306079664570231
0.2423421849522479	0.3137374796179828	0.1581353365944561	0.2857849988353133
0.2520090845562544	0.2753028185418123	0.2177672955974843	0.2549208013044491
URL https://hocomoco12.autosome.org/motif/ARNT2.H12INVIVO.2.S.C#maininfo

MOTIF ARX.H12INVIVO.0.S.D
letter-probability matrix: alength= 4 w= 18 nsites= 6919
0.4298309004191357	0.1630293394999277	0.198439080792022	0.2087006792889146
0.1468058968058968	0.2650310738546033	0.1426145396733632	0.4455484896661367
0.0396010984246278	0.0132967191790721	0.00881630293395	0.9382858794623501
0.9300476947535771	0.00881630293395	0.0488509900274606	0.0122850122850123
0.937129643011996	0.0160427807486631	0.0433588668882787	0.0034687093510623
0.0335308570602688	0.0609914727561786	0.0368550368550369	0.8686226333285156
0.0007226477814713	0.5031073854603266	0.0271715565833213	0.4689984101748808
0.1637519872813991	0.1492990316519728	0.0544876427229368	0.6324613383436913
0.8365370718311895	0.0007226477814713	0.1627402803873392	0.0
0.9992773522185286	0.0	0.0007226477814713	0.0
0.0	0.0	0.0	1.0
0.0	0.002746061569591	0.0	0.997253938430409
0.9835236305824541	0.0002890591125885	0.0151756034108975	0.0010117068940598
0.3623355976297153	0.0877294406706171	0.5395288336464807	0.0104061280531869
0.0901864431276196	0.3381991617285735	0.1683769330828154	0.4032374620609915
0.1809510044804162	0.2293684058389941	0.2459893048128342	0.3436912848677555
0.372091342679578	0.2197571903454257	0.1905622199739847	0.2175892470010117
0.3241436623789565	0.2143011995953172	0.208664546899841	0.2528905911258852
URL https://hocomoco12.autosome.org/motif/ARX.H12INVIVO.0.S.D#maininfo

MOTIF ARX.H12INVIVO.1.SM.D
letter-probability matrix: alength= 4 w= 12 nsites= 8668
0.2448373327180434	0.2726407475772958	0.2506056760498385	0.2319162436548223
0.1181356714351638	0.3111444393170282	0.2964928472542686	0.2742270419935395
0.0473004153207199	0.3470235348407937	0.0632210429164744	0.542455006922012
0.7418089524688509	0.055376095985233	0.199238578680203	0.003576372865713
1.0	0.0	0.0	0.0
0.0	0.0	0.0	1.0
0.0	0.0	0.0	1.0
1.0	0.0	0.0	0.0
0.2577295800646054	0.0785648361790494	0.66047531149054	0.0032302722658053
0.0724503922473466	0.3767881864328565	0.3001845869866174	0.2505768343331795
0.1138959390862944	0.2173800184586987	0.3873154130133826	0.2814086294416244
0.2322335025380711	0.2459621596677434	0.2236963544070143	0.2981079833871712
URL https://hocomoco12.autosome.org/motif/ARX.H12INVIVO.1.SM.D#maininfo

MOTIF ASCL1.H12INVIVO.0.PSM.A
letter-probability matrix: alength= 4 w= 13 nsites= 984
0.2845528455284553	0.2733739837398374	0.3373983739837398	0.1046747967479675
0.0121951219512195	0.9715447154471545	0.008130081300813	0.008130081300813
0.9532520325203252	0.008130081300813	0.0101626016260163	0.0284552845528455
0.0	0.4522357723577236	0.5060975609756098	0.0416666666666667
0.008130081300813	0.967479674796748	0.0182926829268293	0.0060975609756098
0.0030487804878049	0.0	0.0030487804878049	0.9939024390243902
0.0050813008130081	0.008130081300813	0.9827235772357723	0.0040650406504065
0.0182926829268293	0.717479674796748	0.1239837398373984	0.1402439024390244
0.149390243902439	0.4380081300813008	0.0315040650406504	0.3810975609756098
0.1930894308943089	0.3038617886178862	0.241869918699187	0.2611788617886179
0.1463414634146341	0.4146341463414634	0.1819105691056911	0.2571138211382114
0.2123983739837398	0.3851626016260163	0.1351626016260163	0.2672764227642276
0.2032520325203252	0.274390243902439	0.2530487804878049	0.2693089430894309
URL https://hocomoco12.autosome.org/motif/ASCL1.H12INVIVO.0.PSM.A#maininfo

MOTIF ASCL2.H12INVIVO.0.PSM.A
letter-probability matrix: alength= 4 w= 10 nsites= 997
0.2998996990972919	0.2888665997993982	0.3821464393179539	0.0290872617853561
0.0090270812437312	0.9849548645937813	0.004012036108325	0.0020060180541625
0.9789368104312939	0.0060180541624875	0.004012036108325	0.0110330992978937
0.0060180541624875	0.362086258776329	0.6148445336008024	0.0170511534603811
0.0070210631895687	0.9849548645937813	0.0060180541624875	0.0020060180541625
0.0461384152457372	0.0010030090270812	0.0020060180541625	0.950852557673019
0.0020060180541625	0.0932798395185557	0.9007021063189569	0.004012036108325
0.0020060180541625	0.9368104312938816	0.00802407221665	0.0531594784353059
0.1283851554663992	0.3370110330992979	0.0100300902708124	0.5245737211634904
0.0812437311935807	0.3029087261785356	0.4232698094282848	0.1925777331995988
URL https://hocomoco12.autosome.org/motif/ASCL2.H12INVIVO.0.PSM.A#maininfo

MOTIF ATF1.H12INVIVO.0.P.B
letter-probability matrix: alength= 4 w= 11 nsites= 1000
0.283	0.317	0.136	0.264
0.37	0.124	0.34	0.166
0.409	0.061	0.51	0.02
0.02	0.016	0.009	0.955
0.01	0.004	0.967	0.019
0.974	0.002	0.018	0.006
0.011	0.94	0.021	0.028
0.035	0.01	0.927	0.028
0.083	0.27	0.02	0.627
0.336	0.453	0.116	0.095
0.585	0.135	0.151	0.129
URL https://hocomoco12.autosome.org/motif/ATF1.H12INVIVO.0.P.B#maininfo

MOTIF ATF1.H12INVIVO.1.P.B
letter-probability matrix: alength= 4 w= 19 nsites= 1000
0.10425	0.19425	0.57425	0.12725
0.10425	0.51025	0.29825	0.08725
0.10525	0.26525	0.54125	0.08825
0.14525	0.52025	0.27925	0.05525
0.13825	0.33325	0.40725	0.12125
0.14125	0.45825	0.30025	0.10025
0.12425	0.27025	0.51325	0.09225
0.09025	0.25825	0.54525	0.10625
0.32625	0.32725	0.15025	0.19625
0.33825	0.17825	0.38425	0.09925
0.32525	0.07625	0.59225	0.00625
0.00825	0.02925	0.03225	0.93025
0.02925	0.00625	0.95125	0.01325
0.91625	0.01025	0.05825	0.01525
0.00525	0.91325	0.05425	0.02725
0.01125	0.01725	0.94325	0.02825
0.05625	0.25925	0.09425	0.59025
0.33725	0.50425	0.09525	0.06325
0.588	0.108	0.2	0.104
URL https://hocomoco12.autosome.org/motif/ATF1.H12INVIVO.1.P.B#maininfo

MOTIF ATF2.H12INVIVO.0.PSM.A
letter-probability matrix: alength= 4 w= 11 nsites= 981
0.2935779816513762	0.0866462793068298	0.5331294597349643	0.0866462793068298
0.6503567787971457	0.0091743119266055	0.3353720693170234	0.0050968399592253
0.0030581039755352	0.0010193679918451	0.0020387359836901	0.9938837920489296
0.0010193679918451	0.0010193679918451	0.9887869520897044	0.0091743119266055
0.9908256880733946	0.0010193679918451	0.0010193679918451	0.0071355759429154
0.0010193679918451	0.655453618756371	0.035677879714577	0.3078491335372069
0.0010193679918451	0.0030581039755352	0.9949031600407747	0.0010193679918451
0.0061162079510703	0.0122324159021407	0.0020387359836901	0.9796126401630989
0.2018348623853211	0.7869520897043834	0.0071355759429154	0.0040774719673802
0.9673802242609582	0.0030581039755352	0.0163098878695209	0.0132517838939857
0.0295616717635066	0.2691131498470948	0.1712538226299694	0.5300713557594291
URL https://hocomoco12.autosome.org/motif/ATF2.H12INVIVO.0.PSM.A#maininfo

MOTIF ATF2.H12INVIVO.1.P.B
letter-probability matrix: alength= 4 w= 12 nsites= 976
0.367827868852459	0.1086065573770492	0.3627049180327869	0.1608606557377049
0.7817622950819672	0.0040983606557377	0.1977459016393442	0.0163934426229508
0.0051229508196721	0.0092213114754098	0.0040983606557377	0.9815573770491803
0.0102459016393443	0.0030737704918033	0.9661885245901639	0.0204918032786885
0.9877049180327869	0.0030737704918033	0.007172131147541	0.0020491803278689
0.007172131147541	0.25	0.0502049180327869	0.6926229508196721
0.0030737704918033	0.0020491803278689	0.9877049180327869	0.007172131147541
0.0153688524590164	0.0092213114754098	0.0010245901639344	0.9743852459016393
0.1598360655737705	0.8258196721311475	0.0102459016393443	0.0040983606557377
0.9795081967213115	0.0020491803278689	0.0102459016393443	0.0081967213114754
0.0051229508196721	0.1096311475409836	0.0594262295081967	0.8258196721311475
0.2038934426229508	0.3493852459016394	0.1588114754098361	0.2879098360655738
URL https://hocomoco12.autosome.org/motif/ATF2.H12INVIVO.1.P.B#maininfo

MOTIF ATF3.H12INVIVO.0.P.B
letter-probability matrix: alength= 4 w= 10 nsites= 1002
0.2554890219560878	0.1307385229540918	0.4580838323353293	0.155688622754491
0.4900199600798403	0.1916167664670659	0.3173652694610778	0.000998003992016
0.0029940119760479	0.0	0.0039920159680639	0.9930139720558883
0.0029940119760479	0.0039920159680639	0.9770459081836327	0.0159680638722555
0.9590818363273453	0.0049900199600798	0.029940119760479	0.0059880239520958
0.0079840319361277	0.6477045908183633	0.030938123752495	0.313373253493014
0.0379241516966068	0.0199600798403194	0.3053892215568862	0.6367265469061876
0.1267465069860279	0.8413173652694611	0.0109780439121756	0.0209580838323353
0.9750499001996008	0.0119760479041916	0.0019960079840319	0.0109780439121756
0.3732534930139721	0.2305389221556886	0.1227544910179641	0.2734530938123753
URL https://hocomoco12.autosome.org/motif/ATF3.H12INVIVO.0.P.B#maininfo

MOTIF ATF3.H12INVIVO.1.P.B
letter-probability matrix: alength= 4 w= 11 nsites= 1001
0.2147852147852148	0.1218781218781219	0.5294705294705294	0.1338661338661339
0.3006993006993007	0.0589410589410589	0.6293706293706294	0.010989010989011
0.01998001998002	0.005994005994006	0.012987012987013	0.961038961038961
0.011988011988012	0.2757242757242757	0.7052947052947053	0.006993006993007
0.8921078921078921	0.012987012987013	0.0899100899100899	0.004995004995005
0.004995004995005	0.7942057942057942	0.010989010989011	0.1898101898101898
0.01998001998002	0.015984015984016	0.7332667332667333	0.2307692307692308
0.02997002997003	0.4655344655344655	0.006993006993007	0.4975024975024975
0.4735264735264735	0.1618381618381619	0.3326673326673327	0.031968031968032
0.4775224775224775	0.1348651348651349	0.2577422577422577	0.1298701298701299
0.1378621378621379	0.3466533466533466	0.2017982017982018	0.3136863136863137
URL https://hocomoco12.autosome.org/motif/ATF3.H12INVIVO.1.P.B#maininfo

MOTIF ATF3.H12INVIVO.2.P.B
letter-probability matrix: alength= 4 w= 11 nsites= 958
0.1649269311064718	0.1085594989561587	0.639874739039666	0.0866388308977036
0.6346555323590815	0.0845511482254697	0.2755741127348643	0.0052192066805846
0.0062630480167015	0.0041753653444676	0.0031315240083507	0.9864300626304802
0.0	0.0093945720250522	0.9822546972860126	0.0083507306889353
0.9791231732776617	0.0083507306889353	0.0062630480167015	0.0062630480167015
0.0052192066805846	0.6450939457202506	0.0260960334029228	0.3235908141962422
0.0167014613778706	0.0135699373695198	0.6189979123173278	0.3507306889352819
0.0386221294363257	0.6075156576200418	0.0093945720250522	0.3444676409185804
0.6816283924843424	0.3100208768267224	0.0062630480167015	0.0020876826722338
0.6555323590814196	0.1033402922755741	0.0417536534446764	0.1993736951983298
0.0741127348643006	0.4206680584551148	0.1356993736951983	0.3695198329853862
URL https://hocomoco12.autosome.org/motif/ATF3.H12INVIVO.2.P.B#maininfo

MOTIF ATF3.H12INVIVO.3.SM.B
letter-probability matrix: alength= 4 w= 14 nsites= 8441
0.3181198910081744	0.2136299016704182	0.2975062196422225	0.1707439876791849
0.1253109821111243	0.2666449472811278	0.1614441416893733	0.4465999289183746
0.1301978438573629	0.0424120364885677	0.7108162539983415	0.116573865655728
0.8315365478023931	0.0045018362753228	0.1638431465466177	0.0001184693756664
0.0	0.0007108162539983	0.0	0.9992891837460016
0.0	0.0	0.9985783674920033	0.0014216325079967
1.0	0.0	0.0	0.0
0.0002369387513328	0.8443312403743632	0.0023693875133278	0.1530624333609762
0.220708446866485	0.011846937566639	0.7573747186352328	0.0100698969316432
0.0039094893969909	0.0209690794929511	0.002724795640327	0.9723966354697311
0.1428740670536666	0.8352090984480511	0.0138609169529677	0.0080559175453145
0.9400544959128065	0.0068712237886506	0.0337637720649212	0.0193105082336216
0.0236346404454449	0.3421987916123682	0.1239782016348774	0.5101883663073096
0.217835564506575	0.3180606563203412	0.1940232199976306	0.2700805591754531
URL https://hocomoco12.autosome.org/motif/ATF3.H12INVIVO.3.SM.B#maininfo

MOTIF ATF4.H12INVIVO.0.P.B
letter-probability matrix: alength= 4 w= 13 nsites= 1000
0.361	0.094	0.422	0.123
0.241	0.146	0.49	0.123
0.5750000000000001	0.301	0.122	0.002
0.004	0.003	0.0	0.993
0.002	0.009	0.982	0.007
0.976	0.005	0.01	0.009
0.003	0.069	0.012	0.916
0.002	0.005	0.992	0.001
0.108	0.817	0.0	0.075
0.993	0.005	0.0	0.002
0.997	0.001	0.002	0.0
0.016	0.298	0.093	0.593
0.373	0.377	0.12	0.13
URL https://hocomoco12.autosome.org/motif/ATF4.H12INVIVO.0.P.B#maininfo

MOTIF ATF4.H12INVIVO.1.S.B
letter-probability matrix: alength= 4 w= 12 nsites= 1945
0.2034704370179949	0.2651670951156813	0.3433161953727507	0.1880462724935733
0.5241645244215938	0.3041131105398457	0.1329048843187661	0.0388174807197943
0.042159383033419	0.0390745501285347	0.029305912596401	0.8894601542416453
0.0452442159383033	0.0329048843187661	0.8663239074550129	0.0555269922879177
0.9455012853470437	0.0200514138817481	0.012853470437018	0.0215938303341902
0.0020565552699229	0.5408740359897172	0.0005141388174807	0.4565552699228792
0.0020565552699229	0.0010282776349614	0.9953727506426735	0.0015424164524422
0.0375321336760925	0.7496143958868895	0.009254498714653	0.203598971722365
0.9177377892030848	0.0323907455012853	0.0267352185089974	0.0231362467866324
0.9017994858611825	0.0210796915167095	0.0416452442159383	0.0354755784061697
0.038560411311054	0.2915167095115681	0.1403598971722365	0.5295629820051414
0.3556555269922879	0.2934447300771208	0.1834190231362468	0.1674807197943445
URL https://hocomoco12.autosome.org/motif/ATF4.H12INVIVO.1.S.B#maininfo

MOTIF ATF4.H12INVIVO.2.SM.B
letter-probability matrix: alength= 4 w= 17 nsites= 2469
0.2773390036452005	0.204840016200891	0.2360267314702309	0.2817942486836776
0.3691778047792629	0.1464155528554071	0.1464155528554071	0.3379910895099231
0.2426083434588902	0.0340218712029162	0.551640340218712	0.1717294451194816
0.0749291211016606	0.0255164034021871	0.791413527744026	0.1081409477521264
0.627379505872823	0.3272579991899555	0.044147428108546	0.0012150668286756
0.0032401782098015	0.0032401782098015	0.0024301336573512	0.9910895099230458
0.0024301336573512	0.0028351559335763	0.9935196435803969	0.0012150668286756
0.9995949777237748	0.0004050222762252	0.0	0.0
0.0	0.7217496962332929	0.0	0.2782503037667072
0.0024301336573512	0.0	0.9975698663426489	0.0
0.0056703118671527	0.0024301336573512	0.0004050222762252	0.991494532199271
0.0040502227622519	0.9923045767517213	0.0012150668286756	0.0024301336573512
0.9947347104090725	0.0008100445524504	0.0024301336573512	0.002025111381126
0.0052652895909275	0.0068853786958283	0.0814094775212637	0.9064398541919806
0.1980558930741191	0.5435398946942082	0.0959902794653706	0.1624139327663021
0.2275212636695018	0.3968205751316322	0.0655123531794249	0.3101458080194411
0.2381530984204131	0.2215471850951802	0.1773997569866343	0.3628999594977724
URL https://hocomoco12.autosome.org/motif/ATF4.H12INVIVO.2.SM.B#maininfo

MOTIF ATF6A.H12INVIVO.0.SM.D
letter-probability matrix: alength= 4 w= 15 nsites= 2449
0.2885871784401797	0.2138628011433238	0.2669456921192324	0.2306043282972642
0.1008574928542262	0.1829318089015925	0.1061657819518171	0.6100449162923642
0.073907717435688	0.0338913842384647	0.8566761943650469	0.0355247039608003
0.7692935892200898	0.0628828093099224	0.1653736218864843	0.0024499795835035
0.0	0.0004083299305839	0.0008166598611678	0.9987750102082482
0.0	0.0	1.0	0.0
1.0	0.0	0.0	0.0
0.0	1.0	0.0	0.0
0.0	0.0	1.0	0.0
0.0	0.0	0.0	1.0
0.0085749285422622	0.981625153123724	0.0085749285422622	0.0012249897917517
0.9844834626378114	0.0012249897917517	0.0089832584728461	0.0053082890975908
0.0118415679869334	0.453654552878726	0.0518579011841568	0.4826459779501838
0.2031441404654961	0.3501429154757044	0.2349938750510412	0.2117190690077583
0.2100857492854226	0.2831768068599428	0.2137607186606778	0.2929767251939567
URL https://hocomoco12.autosome.org/motif/ATF6A.H12INVIVO.0.SM.D#maininfo

MOTIF ATF6B.H12INVIVO.0.SM.D
letter-probability matrix: alength= 4 w= 14 nsites= 9665
0.2054319710294878	0.2181583031557165	0.3038282462493533	0.2725814795654423
0.1393171236420072	0.147801345059493	0.1863942058975686	0.5264873254009312
0.1022245214692188	0.0908432488360062	0.6949818934299017	0.1119503362648733
0.5589239524055871	0.0720124159337817	0.3591308846352819	0.0099327470253492
0.0007242628039317	0.0038282462493533	0.0027935851008795	0.9926539058458355
0.0002069322296948	0.0017589239524056	0.9953440248318676	0.0026901189860321
0.999482669425763	0.0	0.0005173305742369	0.0
0.0	0.9997930677703052	0.0001034661148474	0.0001034661148474
0.0	0.0	1.0	0.0
0.0	0.0014485256078634	0.0001034661148474	0.9984480082772892
0.0288670460424211	0.4157268494568029	0.5513709260217279	0.0040351784790481
0.4258665287118469	0.0073460941541645	0.5054319710294879	0.0613554061045008
0.070615623383342	0.6908949818934299	0.0732022762545266	0.1652871184687015
0.4901189860320745	0.181583031557165	0.193585100879462	0.1347128815312985
URL https://hocomoco12.autosome.org/motif/ATF6B.H12INVIVO.0.SM.D#maininfo

MOTIF ATF7.H12INVIVO.0.PSM.A
letter-probability matrix: alength= 4 w= 11 nsites= 971
0.2996910401647785	0.062821833161689	0.5932028836251287	0.0442842430484037
0.7847579814624099	0.0010298661174047	0.2121524201853759	0.0020597322348095
0.0	0.0010298661174047	0.0	0.9989701338825953
0.0	0.0	0.9938208032955715	0.0061791967044284
0.995880535530381	0.0	0.004119464469619	0.0
0.0010298661174047	0.8084449021627189	0.0092687950566426	0.1812564366632338
0.0010298661174047	0.0010298661174047	0.9948506694129763	0.0030895983522142
0.0226570545829042	0.0092687950566426	0.0	0.9680741503604532
0.1009268795056643	0.8970133882595263	0.0020597322348095	0.0
0.9989701338825953	0.0010298661174047	0.0	0.0
0.0020597322348095	0.2708547888774459	0.0566426364572606	0.670442842430484
