MEME version 4

ALPHABET= ACGT

strands: + -

Background letter frequencies
A 0.25 C 0.25 G 0.25 T 0.25

MOTIF AHR.H12RSNP.0.P.B
letter-probability matrix: alength= 4 w= 10 nsites= 1003
0.1754735792622134	0.3060817547357926	0.390827517447657	0.127617148554337
0.1874376869391824	0.3619142572283151	0.1515453639082752	0.2991026919242273
0.1016949152542373	0.1326021934197408	0.3758723828514456	0.3898305084745763
0.1176470588235294	0.0588235294117647	0.0907278165503489	0.732801595214357
0.0079760717846461	0.0667996011964108	0.8414755732801595	0.0837487537387837
0.0029910269192423	0.9830508474576272	0.0009970089730808	0.0129611166500499
0.0089730807577268	0.0019940179461615	0.9830508474576272	0.0059820538384846
0.0019940179461615	0.0	0.0	0.9980059820538385
0.0009970089730808	0.0	0.9990029910269193	0.0
0.1475573280159521	0.7477567298105683	0.0079760717846461	0.0967098703888335
URL https://hocomoco12.autosome.org/motif/AHR.H12RSNP.0.P.B#maininfo

MOTIF AHRR.H12RSNP.0.P.D
letter-probability matrix: alength= 4 w= 11 nsites= 1002
0.0728542914171657	0.1417165668662675	0.2704590818363273	0.5149700598802395
0.1167664670658683	0.1317365269461078	0.0708582834331337	0.6806387225548902
0.029940119760479	0.0968063872255489	0.7465069860279442	0.1267465069860279
0.0149700598802395	0.9481037924151696	0.0049900199600798	0.031936127744511
0.0878243512974052	0.0129740518962076	0.8942115768463074	0.0049900199600798
0.0039920159680639	0.000998003992016	0.0	0.9950099800399201
0.0	0.0	0.9610778443113772	0.0389221556886228
0.2445109780439121	0.6207584830339321	0.0049900199600798	0.1297405189620758
0.1656686626746507	0.4241516966067864	0.3223552894211577	0.0878243512974052
0.6467065868263473	0.0359281437125749	0.1217564870259481	0.1956087824351297
0.2914171656686627	0.1586826347305389	0.3872255489021956	0.1626746506986028
URL https://hocomoco12.autosome.org/motif/AHRR.H12RSNP.0.P.D#maininfo

MOTIF ALX1.H12RSNP.0.SM.B
letter-probability matrix: alength= 4 w= 18 nsites= 432
0.3489583333333333	0.2679398148148148	0.2193287037037037	0.1637731481481481
0.3721064814814815	0.1799768518518519	0.2818287037037037	0.166087962962963
0.1157407407407407	0.3449074074074074	0.0740740740740741	0.4652777777777778
0.0092592592592593	0.0	0.0023148148148148	0.9884259259259259
0.9976851851851852	0.0	0.0023148148148148	0.0
1.0	0.0	0.0	0.0
0.0	0.0	0.0	1.0
0.0	0.0	0.0023148148148148	0.9976851851851852
0.9652777777777778	0.0324074074074074	0.0	0.0023148148148148
0.2847222222222222	0.0023148148148148	0.7129629629629629	0.0
0.9907407407407407	0.0	0.0023148148148148	0.0069444444444444
0.0	0.0	0.0	1.0
0.0023148148148148	0.0023148148148148	0.0069444444444444	0.9884259259259259
0.9675925925925926	0.0	0.0069444444444444	0.025462962962963
0.5092592592592593	0.0856481481481482	0.3055555555555556	0.099537037037037
0.1921296296296296	0.224537037037037	0.1550925925925926	0.4282407407407408
0.150462962962963	0.1967592592592593	0.2384259259259259	0.4143518518518519
0.2488425925925926	0.2395833333333333	0.2349537037037037	0.2766203703703703
URL https://hocomoco12.autosome.org/motif/ALX1.H12RSNP.0.SM.B#maininfo

MOTIF ALX3.H12RSNP.0.SM.B
letter-probability matrix: alength= 4 w= 15 nsites= 1590
0.1987421383647799	0.3264150943396226	0.2723270440251572	0.2025157232704403
0.1941823899371069	0.3086477987421384	0.3658805031446541	0.1312893081761006
0.1327044025157233	0.3855345911949686	0.2238993710691824	0.2578616352201258
0.0182389937106918	0.0308176100628931	0.0075471698113208	0.9433962264150944
0.9943396226415094	0.0012578616352201	0.0044025157232704	0.0
1.0	0.0	0.0	0.0
0.0	0.0	0.0	1.0
0.0	0.0138364779874214	0.0012578616352201	0.9849056603773585
0.8823899371069183	0.0176100628930818	0.0981132075471698	0.0018867924528302
0.4534591194968554	0.0911949685534591	0.4427672955974843	0.0125786163522013
0.550314465408805	0.1018867924528302	0.2006289308176101	0.1471698113207547
0.0345911949685535	0.0962264150943396	0.1006289308176101	0.7685534591194969
0.0937106918238994	0.1421383647798742	0.1440251572327044	0.620125786163522
0.625	0.1243710691823899	0.1507861635220126	0.0998427672955975
0.2654088050314465	0.240251572327044	0.2836477987421384	0.2106918238993711
URL https://hocomoco12.autosome.org/motif/ALX3.H12RSNP.0.SM.B#maininfo

MOTIF ALX3.H12RSNP.1.S.B
letter-probability matrix: alength= 4 w= 20 nsites= 306
0.2083333333333333	0.2900326797385621	0.3227124183006536	0.178921568627451
0.2916666666666667	0.298202614379085	0.2720588235294117	0.1380718954248366
0.2745098039215687	0.2581699346405229	0.3529411764705883	0.1143790849673203
0.0490196078431373	0.4509803921568628	0.1372549019607843	0.3627450980392157
0.0032679738562092	0.0065359477124183	0.0	0.9901960784313726
1.0	0.0	0.0	0.0
1.0	0.0	0.0	0.0
0.0	0.0	0.0	1.0
0.0	0.0	0.0	1.0
0.9379084967320261	0.0065359477124183	0.042483660130719	0.0130718954248366
0.4705882352941176	0.0163398692810458	0.5130718954248366	0.0
0.6568627450980392	0.0849673202614379	0.0359477124183007	0.2222222222222222
0.0163398692810458	0.065359477124183	0.0326797385620915	0.8856209150326797
0.1470588235294118	0.065359477124183	0.0490196078431373	0.738562091503268
0.934640522875817	0.0032679738562092	0.0294117647058824	0.0326797385620915
0.4313725490196079	0.1535947712418301	0.2647058823529412	0.1503267973856209
0.1111111111111111	0.2712418300653595	0.1862745098039216	0.4313725490196079
0.173202614379085	0.2549019607843137	0.2549019607843137	0.3169934640522876
0.2655228758169935	0.2524509803921569	0.3112745098039216	0.1707516339869281
0.2361111111111111	0.2851307189542484	0.2753267973856209	0.2034313725490196
URL https://hocomoco12.autosome.org/motif/ALX3.H12RSNP.1.S.B#maininfo

MOTIF ALX4.H12RSNP.0.S.D
letter-probability matrix: alength= 4 w= 20 nsites= 6332
0.2206648768161718	0.1985549589387239	0.4245499052432091	0.1562302590018951
0.1989102969046115	0.1665350600126342	0.5030795957043588	0.1314750473783955
0.0600126342387871	0.3875552747946936	0.2869551484523057	0.2654769425142135
0.0157927984838913	0.0277953253316488	0.0025268477574226	0.9538850284270373
0.9777321541377132	0.0003158559696778	0.0216361339229311	0.0003158559696778
1.0	0.0	0.0	0.0
0.0	0.0009475679090335	0.0	0.9990524320909665
0.0	0.1501895135818067	0.0066329753632344	0.843177511054959
0.602337334175616	0.0660138976626658	0.1762476310802274	0.1554011370814908
0.4458307012002527	0.0363234365129501	0.5178458622867972	0.0
0.8766582438408086	0.0151610865445357	0.0672773215413771	0.0409033480732786
0.0006317119393557	0.016424510423247	0.0086860391661402	0.9742577384712571
0.0339545167403664	0.0495893872394188	0.0063171193935565	0.9101389766266582
0.9444093493367025	0.0069488313329122	0.0279532533164877	0.0206885660138977
0.3556538218572331	0.182406822488945	0.3806064434617814	0.0813329121920404
0.1498736576121289	0.2599494630448516	0.2005685407454201	0.3896083385975995
0.1522425773847126	0.2323120656980417	0.2539481996209728	0.3614971572962729
0.239102969046115	0.3559696778269109	0.2225205306380291	0.182406822488945
0.2133607075173721	0.3730259001895136	0.2228363866077069	0.1907770056854075
0.2069251421351864	0.3482706885660139	0.2212965887555275	0.2235075805432723
URL https://hocomoco12.autosome.org/motif/ALX4.H12RSNP.0.S.D#maininfo

MOTIF ALX4.H12RSNP.1.SM.D
letter-probability matrix: alength= 4 w= 13 nsites= 2350
0.3336170212765958	0.1668085106382979	0.2348936170212766	0.2646808510638298
0.3215957446808511	0.3764893617021277	0.2003191489361702	0.1015957446808511
0.2285106382978724	0.2902127659574468	0.4229787234042553	0.0582978723404255
0.0046808510638298	0.4736170212765957	0.0702127659574468	0.4514893617021277
0.0	0.0008510638297872	0.0	0.9991489361702127
1.0	0.0	0.0	0.0
1.0	0.0	0.0	0.0
0.0	0.0021276595744681	0.0	0.997872340425532
0.0025531914893617	0.0931914893617021	0.0557446808510638	0.8485106382978723
0.6463829787234042	0.0302127659574468	0.3110638297872341	0.0123404255319149
0.1927659574468085	0.3285106382978724	0.351063829787234	0.1276595744680851
0.1638297872340425	0.26	0.2982978723404255	0.2778723404255319
0.226063829787234	0.1971276595744681	0.1796808510638298	0.3971276595744681
URL https://hocomoco12.autosome.org/motif/ALX4.H12RSNP.1.SM.D#maininfo

MOTIF ANDR.H12RSNP.0.P.B
letter-probability matrix: alength= 4 w= 19 nsites= 237
0.5358649789029536	0.0	0.3924050632911392	0.0717299578059072
0.0084388185654008	0.0210970464135021	0.8860759493670886	0.0843881856540084
0.4008438818565401	0.1223628691983122	0.1476793248945148	0.3291139240506329
0.9282700421940928	0.0506329113924051	0.0042194092827004	0.0168776371308017
0.0	0.9873417721518988	0.0126582278481013	0.0
0.8059071729957806	0.0042194092827004	0.0843881856540084	0.1054852320675106
0.1054852320675106	0.2742616033755274	0.1940928270042194	0.4261603375527426
0.0590717299578059	0.1392405063291139	0.2278481012658228	0.5738396624472574
0.0590717299578059	0.3713080168776371	0.379746835443038	0.189873417721519
0.0632911392405063	0.0548523206751055	0.0210970464135021	0.8607594936708861
0.0126582278481013	0.0042194092827004	0.9789029535864979	0.0042194092827004
0.0126582278481013	0.029535864978903	0.0084388185654008	0.9493670886075949
0.1350210970464135	0.1012658227848101	0.109704641350211	0.6540084388185654
0.0168776371308017	0.9493670886075949	0.0	0.0337552742616034
0.0421940928270042	0.4430379746835443	0.0084388185654008	0.5063291139240507
0.1434599156118143	0.3080168776371308	0.1265822784810127	0.4219409282700422
0.1434599156118143	0.1645569620253164	0.2447257383966245	0.4472573839662447
0.1392405063291139	0.2236286919831224	0.2869198312236287	0.350210970464135
0.1814345991561181	0.3755274261603376	0.1434599156118143	0.29957805907173
URL https://hocomoco12.autosome.org/motif/ANDR.H12RSNP.0.P.B#maininfo

MOTIF ANDR.H12RSNP.1.S.C
letter-probability matrix: alength= 4 w= 8 nsites= 6603
0.3273890655762532	0.1524685748902014	0.3528320460396789	0.1673103134938664
0.0160154475238528	0.1193018325003786	0.0141980917764652	0.8504846281993034
0.036347114947751	0.0018173557473876	0.9571406936241103	0.0046948356807512
0.0	0.0	0.0	1.0
0.3154626684840224	0.0	0.0	0.6845373315159776
0.0	1.0	0.0	0.0
0.1278206875662578	0.4826593972436771	0.1588671815841284	0.2306527336059367
0.1810162047554142	0.3103513554444949	0.1578449189762229	0.3507875208238679
URL https://hocomoco12.autosome.org/motif/ANDR.H12RSNP.1.S.C#maininfo

MOTIF ANDR.H12RSNP.2.P.B
letter-probability matrix: alength= 4 w= 19 nsites= 976
0.1690573770491803	0.0737704918032787	0.1168032786885246	0.6403688524590163
0.0614754098360656	0.1147540983606557	0.6547131147540984	0.1690573770491803
0.0911885245901639	0.1280737704918033	0.0829918032786885	0.6977459016393442
0.1741803278688525	0.2161885245901639	0.1659836065573771	0.4436475409836065
0.1260245901639344	0.6875	0.0706967213114754	0.1157786885245902
0.1352459016393443	0.3739754098360656	0.0163934426229508	0.4743852459016393
0.1403688524590164	0.1506147540983607	0.2008196721311475	0.5081967213114754
0.132172131147541	0.1926229508196721	0.2684426229508197	0.4067622950819672
0.2161885245901639	0.2366803278688524	0.2622950819672131	0.2848360655737705
0.2131147540983607	0.3524590163934426	0.1844262295081967	0.25
0.1618852459016394	0.0338114754098361	0.0563524590163934	0.7479508196721312
0.2110655737704918	0.1086065573770492	0.6280737704918034	0.0522540983606557
0.048155737704918	0.0655737704918033	0.0686475409836066	0.8176229508196722
0.048155737704918	0.0983606557377049	0.2161885245901639	0.6372950819672132
0.0409836065573771	0.0614754098360656	0.1485655737704918	0.7489754098360656
0.3483606557377049	0.069672131147541	0.4959016393442623	0.0860655737704918
0.0758196721311475	0.5614754098360656	0.0645491803278688	0.298155737704918
0.2725409836065574	0.209016393442623	0.0584016393442623	0.4600409836065574
0.125	0.2776639344262296	0.1905737704918033	0.4067622950819672
URL https://hocomoco12.autosome.org/motif/ANDR.H12RSNP.2.P.B#maininfo

MOTIF AP2A.H12RSNP.0.PSM.A
letter-probability matrix: alength= 4 w= 14 nsites= 996
0.3263052208835341	0.2188755020080322	0.2730923694779117	0.1817269076305221
0.2008032128514056	0.1807228915662651	0.1857429718875502	0.4327309236947791
0.1586345381526104	0.1385542168674699	0.4979919678714859	0.2048192771084337
0.0110441767068273	0.5381526104417671	0.4367469879518073	0.0140562248995984
0.0	1.0	0.0	0.0
0.001004016064257	0.9718875502008032	0.001004016064257	0.0261044176706827
0.0220883534136546	0.1957831325301205	0.035140562248996	0.7469879518072289
0.0030120481927711	0.0	0.9066265060240963	0.0903614457831325
0.4829317269076305	0.0682730923694779	0.4427710843373494	0.0060240963855422
0.0843373493975904	0.001004016064257	0.9146586345381525	0.0
0.0	0.0	0.998995983935743	0.001004016064257
0.0261044176706827	0.5843373493975904	0.3785140562248996	0.0110441767068273
0.214859437751004	0.4046184738955823	0.1626506024096386	0.2178714859437751
0.4548192771084337	0.1606425702811245	0.2379518072289157	0.1465863453815261
URL https://hocomoco12.autosome.org/motif/AP2A.H12RSNP.0.PSM.A#maininfo

MOTIF AP2B.H12RSNP.0.SM.D
letter-probability matrix: alength= 4 w= 18 nsites= 9846
0.5505789152955515	0.1189315458054032	0.1574243347552305	0.1730652041438147
0.3521480804387568	0.1308399349989844	0.1581606743855373	0.3588513101767215
0.291285801340646	0.2500507820434694	0.178651228925452	0.2800121876904327
0.0360552508632947	0.2606134470851107	0.6692057688401382	0.0341255332114564
0.0158439975624619	0.9446475726183221	0.0199065610400163	0.0196018687791997
0.0147267926061345	0.8949827341052204	0.0196018687791997	0.0706886045094455
0.0165549461710339	0.2511679869997969	0.1116189315458054	0.6206581352833638
0.1065407271988625	0.3777168393256145	0.4197643713183019	0.0959780621572212
0.5809465772902701	0.0778996546821044	0.3359739995937436	0.0051797684338818
0.063883810684542	0.0019297176518383	0.931850497664026	0.0023359739995937
0.0080235628681698	0.0049766402600041	0.9812106439163112	0.0057891529555149
0.0256957139955312	0.4663822872232379	0.4699370302660979	0.037984968515133
0.2039406865732277	0.3256144627259801	0.2730042656916514	0.1974405850091408
0.5640869388584197	0.0915092423319114	0.1719479991874873	0.1724558196221816
0.2595978062157221	0.1486898232784887	0.1081657525898842	0.4835466179159049
0.2890513914279911	0.1101970343286614	0.1801746902295348	0.4205768840138127
0.220724151939874	0.1788797481210644	0.1470901889092017	0.4533059110298598
0.2573633963030673	0.2027219175299614	0.2176518383099736	0.3222628478569978
URL https://hocomoco12.autosome.org/motif/AP2B.H12RSNP.0.SM.D#maininfo

MOTIF AP2C.H12RSNP.0.PSM.A
letter-probability matrix: alength= 4 w= 15 nsites= 1001
0.2287712287712288	0.1138861138861139	0.2927072927072927	0.3646353646353647
0.0879120879120879	0.1358641358641359	0.6493506493506493	0.1268731268731269
0.015984015984016	0.5754245754245754	0.4025974025974026	0.005994005994006
0.002997002997003	0.983016983016983	0.012987012987013	0.000999000999001
0.000999000999001	0.964035964035964	0.000999000999001	0.033966033966034
0.023976023976024	0.0849150849150849	0.036963036963037	0.8541458541458542
0.004995004995005	0.0979020979020979	0.8661338661338661	0.030969030969031
0.3546453546453546	0.035964035964036	0.6033966033966034	0.005994005994006
0.046953046953047	0.000999000999001	0.952047952047952	0.0
0.000999000999001	0.00999000999001	0.988011988011988	0.000999000999001
0.012987012987013	0.6793206793206793	0.2967032967032967	0.010989010989011
0.2857142857142857	0.2407592407592407	0.1698301698301698	0.3036963036963037
0.3016983016983017	0.0859140859140859	0.5184815184815185	0.0939060939060939
0.1538461538461538	0.1108891108891109	0.5394605394605394	0.1958041958041958
0.1508491508491508	0.0919080919080919	0.5784215784215784	0.1788211788211788
URL https://hocomoco12.autosome.org/motif/AP2C.H12RSNP.0.PSM.A#maininfo

MOTIF AP2E.H12RSNP.0.SM.D
letter-probability matrix: alength= 4 w= 16 nsites= 9965
0.3034370296036126	0.2079026593075765	0.2296788760662318	0.258981435022579
0.2764676367285499	0.1059708981435023	0.1902659307576518	0.427295534370296
0.150627195183141	0.1921726041144004	0.1522328148519819	0.5049673858504766
0.0188660311088811	0.1603612644254892	0.8063221274460612	0.0144505770195685
0.0003010536879077	0.9991971901655795	0.0004014049172102	0.0001003512293026
0.0001003512293026	0.9901655795283493	0.000903161063723	0.0088309081786252
0.000903161063723	0.0988459608630206	0.0006021073758154	0.8996487706974411
0.0537882589061716	0.4429503261414952	0.4335173105870547	0.0697441043652785
0.8555945810336176	0.0035122930255896	0.1405920722528851	0.0003010536879077
0.0665328650275966	0.0003010536879077	0.9328650275965881	0.0003010536879077
0.0006021073758154	0.0003010536879077	0.9985950827897642	0.0005017561465128
0.017059708981435	0.3272453587556448	0.6489713998996488	0.0067235323632714
0.1209232313095835	0.5886603110888108	0.1296537882589062	0.1607626693426994
0.5742097340692424	0.0591068740592072	0.2806823883592574	0.086001003512293
0.2514049172102358	0.209959859508279	0.0736828901154039	0.4649523331660813
0.314550928248871	0.1525840441545409	0.3017059708981435	0.2311590566984446
URL https://hocomoco12.autosome.org/motif/AP2E.H12RSNP.0.SM.D#maininfo

MOTIF ARGFX.H12RSNP.0.SM.D
letter-probability matrix: alength= 4 w= 15 nsites= 849
0.227620730270907	0.3312720848056537	0.2052414605418139	0.2358657243816255
0.3542402826855124	0.2293875147232038	0.3071260306242639	0.10924617196702
0.0848056537102474	0.480565371024735	0.0789163722025913	0.3557126030624264
0.0023557126030624	0.0011778563015312	0.0	0.9964664310954063
0.9988221436984688	0.0011778563015312	0.0	0.0
1.0	0.0	0.0	0.0
0.0	0.0011778563015312	0.0	0.9988221436984688
0.0	0.0	0.0	1.0
0.9210836277974087	0.0070671378091873	0.0683156654888104	0.0035335689045936
0.4299175500588928	0.1036513545347468	0.4558303886925795	0.0106007067137809
0.5653710247349824	0.2391048292108363	0.1166077738515901	0.0789163722025913
0.0506478209658422	0.2497055359246172	0.0800942285041225	0.6195524146054181
0.1001177856301531	0.1260306242638398	0.0906949352179034	0.6831566548881036
0.673733804475854	0.1342756183745583	0.0624263839811543	0.1295641931684335
0.3875147232037691	0.1719670200235571	0.2402826855123675	0.2002355712603062
URL https://hocomoco12.autosome.org/motif/ARGFX.H12RSNP.0.SM.D#maininfo

MOTIF ARI1A.H12RSNP.0.P.D
letter-probability matrix: alength= 4 w= 11 nsites= 1001
0.0789210789210789	0.038961038961039	0.0769230769230769	0.8051948051948052
0.001998001998002	0.007992007992008	0.003996003996004	0.986013986013986
0.005994005994006	0.022977022977023	0.005994005994006	0.965034965034965
0.044955044955045	0.0689310689310689	0.017982017982018	0.8681318681318682
0.964035964035964	0.016983016983017	0.013986013986014	0.004995004995005
0.017982017982018	0.013986013986014	0.005994005994006	0.962037962037962
0.1708291708291708	0.000999000999001	0.2857142857142857	0.5424575424575424
0.2517482517482518	0.01998001998002	0.6653346653346653	0.0629370629370629
0.024975024975025	0.3386613386613387	0.4925074925074925	0.1438561438561439
0.2657342657342657	0.3306693306693306	0.1088911088911089	0.2947052947052947
0.2047952047952048	0.1818181818181818	0.1228771228771229	0.4905094905094905
URL https://hocomoco12.autosome.org/motif/ARI1A.H12RSNP.0.P.D#maininfo

MOTIF ARNT.H12RSNP.0.P.B
letter-probability matrix: alength= 4 w= 8 nsites= 1007
0.1380337636544191	0.0566037735849057	0.2740814299900695	0.5312810327706058
0.6842105263157895	0.0258192651439921	0.2661370407149951	0.0238331678252234
0.0079443892750745	0.9662363455809335	0.0069513406156902	0.0188679245283019
0.0139026812313803	0.0039721946375372	0.9771598808341608	0.0049652432969216
0.0	0.0009930486593843	0.0	0.9990069513406157
0.0	0.0009930486593843	0.9960278053624627	0.0029791459781529
0.3555114200595829	0.5451837140019861	0.0278053624627607	0.0714995034756703
0.1668321747765641	0.4667328699106256	0.1797418073485601	0.1866931479642502
URL https://hocomoco12.autosome.org/motif/ARNT.H12RSNP.0.P.B#maininfo

MOTIF ARNT.H12RSNP.1.P.B
letter-probability matrix: alength= 4 w= 19 nsites= 1001
0.1898101898101898	0.2467532467532468	0.5064935064935064	0.0569430569430569
0.1278721278721279	0.0669330669330669	0.2847152847152847	0.5204795204795205
0.7852147852147853	0.027972027972028	0.1818181818181818	0.004995004995005
0.00999000999001	0.939060939060939	0.005994005994006	0.044955044955045
0.03996003996004	0.001998001998002	0.958041958041958	0.0
0.001998001998002	0.0	0.000999000999001	0.997002997002997
0.0	0.0	0.999000999000999	0.000999000999001
0.3376623376623377	0.4755244755244755	0.0609390609390609	0.1258741258741259
0.1428571428571429	0.4495504495504495	0.2347652347652348	0.1728271728271728
0.2177822177822178	0.2197802197802198	0.2217782217782218	0.3406593406593407
0.2127872127872128	0.2087912087912088	0.4145854145854146	0.1638361638361638
0.2167832167832168	0.2727272727272727	0.2827172827172827	0.2277722277722277
0.1918081918081918	0.2937062937062937	0.3446553446553446	0.1698301698301698
0.2177822177822178	0.1718281718281718	0.3916083916083916	0.2187812187812188
0.1118881118881119	0.2507492507492508	0.4275724275724276	0.2097902097902098
0.1018981018981019	0.6403596403596403	0.1488511488511488	0.1088911088911089
0.4975024975024975	0.1768231768231768	0.2147852147852148	0.1108891108891109
0.1298701298701299	0.4845154845154845	0.2007992007992008	0.1848151848151848
0.3096903096903097	0.1408591408591409	0.4565434565434566	0.0929070929070929
URL https://hocomoco12.autosome.org/motif/ARNT.H12RSNP.1.P.B#maininfo

MOTIF ARNT2.H12RSNP.0.P.D
letter-probability matrix: alength= 4 w= 13 nsites= 989
0.4438827098078867	0.0940343781597573	0.2194135490394338	0.2426693629929221
0.0141557128412538	0.7462082912032356	0.019211324570273	0.2204246713852376
0.0333670374115268	0.0465116279069767	0.9079878665318504	0.0121334681496461
0.0010111223458038	0.0040444893832154	0.0070778564206269	0.9878665318503539
0.0010111223458038	0.0030333670374115	0.9898887765419616	0.006066734074823
0.4307381193124368	0.4560161779575329	0.0434782608695652	0.0697674418604651
0.0950455005055612	0.5237613751263903	0.1183013144590495	0.262891809908999
0.1304347826086957	0.2750252780586451	0.0990899898887765	0.4954499494438827
0.2022244691607685	0.1021233569261881	0.3518705763397371	0.3437815975733064
0.0596562184024267	0.2143579373104146	0.6127401415571284	0.1132457027300303
0.3326592517694641	0.3822042467138524	0.2214357937310415	0.0637007077856421
0.4661274014155713	0.2214357937310415	0.1617795753286148	0.1506572295247725
0.1435793731041456	0.1253791708796764	0.2457027300303337	0.4853387259858443
URL https://hocomoco12.autosome.org/motif/ARNT2.H12RSNP.0.P.D#maininfo

MOTIF ARNT2.H12RSNP.1.P.D
letter-probability matrix: alength= 4 w= 11 nsites= 1002
0.2065868263473054	0.2774451097804391	0.3323353293413173	0.1836327345309381
0.1756487025948104	0.1497005988023952	0.6367265469061876	0.0379241516966068
0.1317365269461078	0.2085828343313373	0.3962075848303393	0.2634730538922156
0.6007984031936128	0.0179640718562874	0.2524950099800399	0.1287425149700599
0.0159680638722555	0.9750499001996008	0.000998003992016	0.0079840319361278
0.0089820359281437	0.0039920159680639	0.9750499001996008	0.0119760479041916
0.0	0.0	0.0019960079840319	0.998003992015968
0.0019960079840319	0.000998003992016	0.9960079840319361	0.000998003992016
0.2674650698602795	0.5958083832335329	0.0538922155688623	0.0828343313373253
0.0578842315369262	0.4700598802395209	0.2265469061876247	0.2455089820359281
0.0908183632734531	0.3842315369261477	0.2165668662674651	0.3083832335329342
URL https://hocomoco12.autosome.org/motif/ARNT2.H12RSNP.1.P.D#maininfo

MOTIF ARNT2.H12RSNP.2.S.D
letter-probability matrix: alength= 4 w= 12 nsites= 8586
0.2610062893081761	0.2874446773817843	0.2419054274400186	0.209643605870021
0.1279699510831586	0.1010656883298393	0.4469776380153739	0.3239867225716282
0.0	1.0	0.0	0.0
1.0	0.0	0.0	0.0
0.0	1.0	0.0	0.0
0.0	0.0	1.0	0.0
0.0	0.0	0.0	1.0
0.0	0.0	1.0	0.0
1.0	0.0	0.0	0.0
0.0257395760540415	0.6107617051013278	0.1328907523876077	0.2306079664570231
0.2423421849522479	0.3137374796179828	0.1581353365944561	0.2857849988353133
0.2520090845562544	0.2753028185418123	0.2177672955974843	0.2549208013044491
URL https://hocomoco12.autosome.org/motif/ARNT2.H12RSNP.2.S.D#maininfo

MOTIF ARX.H12RSNP.0.S.B
letter-probability matrix: alength= 4 w= 18 nsites= 6919
0.4298309004191357	0.1630293394999277	0.198439080792022	0.2087006792889146
0.1468058968058968	0.2650310738546033	0.1426145396733632	0.4455484896661367
0.0396010984246278	0.0132967191790721	0.00881630293395	0.9382858794623501
0.9300476947535771	0.00881630293395	0.0488509900274606	0.0122850122850123
0.937129643011996	0.0160427807486631	0.0433588668882787	0.0034687093510623
0.0335308570602688	0.0609914727561786	0.0368550368550369	0.8686226333285156
0.0007226477814713	0.5031073854603266	0.0271715565833213	0.4689984101748808
0.1637519872813991	0.1492990316519728	0.0544876427229368	0.6324613383436913
0.8365370718311895	0.0007226477814713	0.1627402803873392	0.0
0.9992773522185286	0.0	0.0007226477814713	0.0
0.0	0.0	0.0	1.0
0.0	0.002746061569591	0.0	0.997253938430409
0.9835236305824541	0.0002890591125885	0.0151756034108975	0.0010117068940598
0.3623355976297153	0.0877294406706171	0.5395288336464807	0.0104061280531869
0.0901864431276196	0.3381991617285735	0.1683769330828154	0.4032374620609915
0.1809510044804162	0.2293684058389941	0.2459893048128342	0.3436912848677555
0.372091342679578	0.2197571903454257	0.1905622199739847	0.2175892470010117
0.3241436623789565	0.2143011995953172	0.208664546899841	0.2528905911258852
URL https://hocomoco12.autosome.org/motif/ARX.H12RSNP.0.S.B#maininfo

MOTIF ARX.H12RSNP.1.SM.B
letter-probability matrix: alength= 4 w= 12 nsites= 8668
0.2448373327180434	0.2726407475772958	0.2506056760498385	0.2319162436548223
0.1181356714351638	0.3111444393170282	0.2964928472542686	0.2742270419935395
0.0473004153207199	0.3470235348407937	0.0632210429164744	0.542455006922012
0.7418089524688509	0.055376095985233	0.199238578680203	0.003576372865713
1.0	0.0	0.0	0.0
0.0	0.0	0.0	1.0
0.0	0.0	0.0	1.0
1.0	0.0	0.0	0.0
0.2577295800646054	0.0785648361790494	0.66047531149054	0.0032302722658053
0.0724503922473466	0.3767881864328565	0.3001845869866174	0.2505768343331795
0.1138959390862944	0.2173800184586987	0.3873154130133826	0.2814086294416244
0.2322335025380711	0.2459621596677434	0.2236963544070143	0.2981079833871712
URL https://hocomoco12.autosome.org/motif/ARX.H12RSNP.1.SM.B#maininfo

MOTIF ASCL1.H12RSNP.0.PSM.A
letter-probability matrix: alength= 4 w= 17 nsites= 359
0.2318941504178273	0.2402506963788301	0.3293871866295265	0.1984679665738162
0.181058495821727	0.1782729805013928	0.3844011142061282	0.2562674094707521
0.6128133704735376	0.0139275766016713	0.2144846796657382	0.1587743732590529
0.5013927576601671	0.0584958217270195	0.4401114206128134	0.0
0.0	1.0	0.0	0.0
1.0	0.0	0.0	0.0
0.0	0.0	1.0	0.0
0.0	1.0	0.0	0.0
0.0	0.0	0.0	1.0
0.0	0.0	1.0	0.0
0.0027855153203343	0.8272980501392758	0.0	0.16991643454039
0.0473537604456825	0.3565459610027855	0.1559888579387187	0.4401114206128134
0.2506963788300836	0.1058495821727019	0.2701949860724234	0.3732590529247911
0.1782729805013928	0.3064066852367688	0.0919220055710306	0.4233983286908078
0.2172701949860724	0.3286908077994429	0.1587743732590529	0.2952646239554317
0.1928969359331476	0.2959610027855153	0.1733983286908078	0.3377437325905293
0.2395543175487465	0.3119777158774373	0.2089136490250696	0.2395543175487465
URL https://hocomoco12.autosome.org/motif/ASCL1.H12RSNP.0.PSM.A#maininfo

MOTIF ASCL2.H12RSNP.0.PSM.A
letter-probability matrix: alength= 4 w= 14 nsites= 359
0.1323119777158774	0.2883008356545961	0.3217270194986073	0.2576601671309192
0.5480501392757661	0.1525069637883008	0.1385793871866295	0.1608635097493036
0.4874651810584958	0.0891364902506964	0.3816155988857939	0.0417827298050139
0.0027855153203343	0.9972144846796658	0.0	0.0
1.0	0.0	0.0	0.0
0.0	0.011142061281337	0.9888579387186629	0.0
0.0027855153203343	0.9972144846796658	0.0	0.0
0.0	0.0	0.0	1.0
0.0055710306406685	0.0055710306406685	0.9888579387186629	0.0
0.0055710306406685	0.9387186629526463	0.0	0.0557103064066852
0.0557103064066852	0.3649025069637883	0.0947075208913649	0.4846796657381616
0.2590529247910863	0.2116991643454039	0.1894150417827298	0.3398328690807799
0.2116991643454039	0.403899721448468	0.0724233983286908	0.3119777158774373
0.2096100278551532	0.3600278551532033	0.1956824512534819	0.2346796657381616
URL https://hocomoco12.autosome.org/motif/ASCL2.H12RSNP.0.PSM.A#maininfo

MOTIF ATF1.H12RSNP.0.P.B
letter-probability matrix: alength= 4 w= 11 nsites= 114
0.2105263157894737	0.2982456140350877	0.0701754385964912	0.4210526315789473
0.2105263157894737	0.131578947368421	0.4473684210526316	0.2105263157894737
0.5964912280701754	0.0701754385964912	0.3157894736842105	0.0175438596491228
0.0087719298245614	0.0	0.0087719298245614	0.9824561403508771
0.0263157894736842	0.0	0.9473684210526315	0.0263157894736842
1.0	0.0	0.0	0.0
0.0087719298245614	0.9649122807017544	0.0	0.0263157894736842
0.0263157894736842	0.043859649122807	0.9122807017543859	0.0175438596491228
0.0526315789473684	0.2807017543859649	0.0	0.6666666666666666
0.412280701754386	0.5087719298245614	0.0175438596491228	0.0614035087719298
0.5789473684210527	0.1403508771929824	0.1666666666666667	0.1140350877192982
URL https://hocomoco12.autosome.org/motif/ATF1.H12RSNP.0.P.B#maininfo

MOTIF ATF1.H12RSNP.1.P.B
letter-probability matrix: alength= 4 w= 19 nsites= 113
0.0176991150442478	0.1415929203539823	0.7256637168141593	0.1150442477876106
0.0265486725663717	0.8141592920353983	0.0884955752212389	0.0707964601769911
0.0265486725663717	0.1504424778761062	0.7433628318584071	0.079646017699115
0.1327433628318584	0.7345132743362832	0.0619469026548673	0.0707964601769911
0.168141592920354	0.2566371681415929	0.3982300884955752	0.1769911504424779
0.1061946902654867	0.4247787610619469	0.2654867256637168	0.2035398230088496
0.2654867256637168	0.2566371681415929	0.2389380530973451	0.2389380530973451
0.1327433628318584	0.4070796460176991	0.336283185840708	0.1238938053097345
0.1946902654867257	0.2654867256637168	0.0442477876106195	0.495575221238938
0.1946902654867257	0.1504424778761062	0.4247787610619469	0.2300884955752212
0.6194690265486725	0.079646017699115	0.2212389380530974	0.079646017699115
0.0265486725663717	0.0707964601769911	0.0442477876106195	0.8584070796460177
0.0442477876106195	0.0	0.8230088495575221	0.1327433628318584
0.9026548672566371	0.0176991150442478	0.0619469026548673	0.0176991150442478
0.0176991150442478	0.9469026548672567	0.0088495575221239	0.0265486725663717
0.0353982300884956	0.0265486725663717	0.9292035398230089	0.0088495575221239
0.0442477876106195	0.247787610619469	0.0	0.7079646017699115
0.336283185840708	0.5752212389380531	0.0619469026548673	0.0265486725663717
0.6460176991150443	0.1327433628318584	0.1327433628318584	0.0884955752212389
URL https://hocomoco12.autosome.org/motif/ATF1.H12RSNP.1.P.B#maininfo

MOTIF ATF2.H12RSNP.0.PSM.A
letter-probability matrix: alength= 4 w= 12 nsites= 1464
0.2143101092896175	0.1945013661202186	0.4506489071038252	0.1405396174863388
0.508025956284153	0.0285177595628415	0.443818306010929	0.0196379781420765
0.0	0.0	0.0	1.0
0.0	0.0	0.994535519125683	0.0054644808743169
1.0	0.0	0.0	0.0
0.0	0.9972677595628415	0.0	0.0027322404371585
0.0	0.0	1.0	0.0
0.0	0.0	0.0	1.0
0.5423497267759563	0.4576502732240437	0.0	0.0
0.9972677595628415	0.0	0.0027322404371585	0.0
0.0630122950819672	0.154542349726776	0.1921106557377049	0.5903346994535519
0.1521516393442623	0.2621243169398907	0.4035177595628415	0.1822062841530055
URL https://hocomoco12.autosome.org/motif/ATF2.H12RSNP.0.PSM.A#maininfo

MOTIF ATF2.H12RSNP.1.P.B
letter-probability matrix: alength= 4 w= 11 nsites= 986
0.3529411764705882	0.1024340770791075	0.3914807302231237	0.1531440162271805
0.7991886409736308	0.0060851926977688	0.1866125760649087	0.0081135902636917
0.0081135902636917	0.0070993914807302	0.0020283975659229	0.9827586206896551
0.0091277890466531	0.0020283975659229	0.9685598377281948	0.0202839756592292
0.9888438133874239	0.0030425963488844	0.0060851926977688	0.0020283975659229
0.0060851926977688	0.2565922920892495	0.0496957403651116	0.6876267748478702
0.0081135902636917	0.0010141987829615	0.9827586206896551	0.0081135902636917
0.0141987829614604	0.0081135902636917	0.0010141987829615	0.9766734279918864
0.1622718052738337	0.8245436105476673	0.0101419878296146	0.0030425963488844
0.9807302231237323	0.0030425963488844	0.0101419878296146	0.0060851926977688
0.013184584178499	0.1227180527383367	0.0608519269776876	0.8032454361054766
URL https://hocomoco12.autosome.org/motif/ATF2.H12RSNP.1.P.B#maininfo

MOTIF ATF3.H12RSNP.0.P.B
letter-probability matrix: alength= 4 w= 10 nsites= 1000
0.205	0.244	0.314	0.237
0.193	0.186	0.501	0.12
0.393	0.214	0.38	0.013
0.0	0.002	0.007	0.991
0.003	0.009	0.972	0.016
0.974	0.008	0.008	0.01
0.002	0.856	0.002	0.14
0.02	0.0	0.172	0.8079999999999999
0.068	0.865	0.014	0.053
0.941	0.046	0.009	0.004
URL https://hocomoco12.autosome.org/motif/ATF3.H12RSNP.0.P.B#maininfo

MOTIF ATF3.H12RSNP.1.P.B
letter-probability matrix: alength= 4 w= 10 nsites= 1003
0.2342971086739781	0.0997008973080758	0.5074775672981057	0.1585244267198405
0.2981056829511465	0.0488534396809571	0.6450648055832503	0.0079760717846461
0.0119641076769691	0.0139581256231306	0.0129611166500499	0.9611166500498505
0.003988035892323	0.2821535393818544	0.7038883349950149	0.0099700897308076
0.8873379860418744	0.0099700897308076	0.0857427716849452	0.0169491525423729
0.0129611166500499	0.8235294117647058	0.0089730807577268	0.1545363908275174
0.0358923230309073	0.0089730807577268	0.7298105682951147	0.2253240279162513
0.0438683948155533	0.4037886340977069	0.0079760717846461	0.5443668993020937
0.4516450648055833	0.1954137587238285	0.3200398803589232	0.032901296111665
0.5084745762711864	0.1146560319042871	0.2482552342971087	0.1286141575274178
URL https://hocomoco12.autosome.org/motif/ATF3.H12RSNP.1.P.B#maininfo

MOTIF ATF3.H12RSNP.2.P.B
letter-probability matrix: alength= 4 w= 12 nsites= 653
0.1240428790199081	0.0352220520673813	0.8300153139356814	0.0107197549770291
0.6937212863705973	0.0352220520673813	0.2695252679938744	0.001531393568147
0.0	0.0	0.0	1.0
0.0	0.0	1.0	0.0
1.0	0.0	0.0	0.0
0.001531393568147	0.5788667687595712	0.001531393568147	0.4180704441041347
0.0	0.0	0.771822358346095	0.2281776416539051
0.0245022970903522	0.5666156202143952	0.0	0.4088820826952527
0.6707503828483921	0.329249617151608	0.0	0.0
0.7917304747320061	0.0597243491577335	0.0183767228177642	0.1301684532924962
0.0061255742725881	0.44104134762634	0.116385911179173	0.4364471669218989
0.2404287901990812	0.451761102603369	0.1286370597243492	0.1791730474732006
URL https://hocomoco12.autosome.org/motif/ATF3.H12RSNP.2.P.B#maininfo

MOTIF ATF3.H12RSNP.3.SM.B
letter-probability matrix: alength= 4 w= 19 nsites= 378
0.2367724867724868	0.2394179894179894	0.3029100529100529	0.2208994708994709
0.3108465608465609	0.2076719576719577	0.1256613756613757	0.3558201058201058
0.291005291005291	0.2777777777777778	0.3386243386243386	0.0925925925925926
0.3968253968253968	0.1111111111111111	0.4232804232804233	0.0687830687830688
0.0158730158730159	0.1560846560846561	0.0343915343915344	0.7936507936507936
0.0793650793650794	0.0079365079365079	0.8597883597883598	0.0529100529100529
0.9867724867724867	0.0	0.0132275132275132	0.0
0.0	0.0	0.0	1.0
0.0	0.0	1.0	0.0
1.0	0.0	0.0	0.0
0.0	0.9894179894179894	0.0	0.0105820105820106
0.0026455026455026	0.0	0.9973544973544973	0.0
0.0	0.0	0.0	1.0
0.0052910052910053	0.9947089947089947	0.0	0.0
1.0	0.0	0.0	0.0
0.0	0.208994708994709	0.0185185185185185	0.7724867724867724
0.1693121693121693	0.5634920634920635	0.0952380952380952	0.1719576719576719
0.2671957671957672	0.2248677248677249	0.3174603174603174	0.1904761904761905
0.2261904761904762	0.25	0.2341269841269841	0.2896825396825397
URL https://hocomoco12.autosome.org/motif/ATF3.H12RSNP.3.SM.B#maininfo

MOTIF ATF4.H12RSNP.0.P.B
letter-probability matrix: alength= 4 w= 13 nsites= 303
0.3135313531353136	0.0924092409240924	0.4092409240924093	0.1848184818481848
0.1617161716171617	0.1518151815181518	0.5544554455445545	0.132013201320132
0.3828382838283829	0.4554455445544555	0.1584158415841584	0.0033003300330033
0.0099009900990099	0.0	0.0	0.9900990099009901
0.0	0.0033003300330033	0.9834983498349835	0.0132013201320132
0.9108910891089109	0.0693069306930693	0.0198019801980198	0.0
0.0099009900990099	0.066006600660066	0.0066006600660066	0.9174917491749175
0.0033003300330033	0.0033003300330033	0.9900990099009901	0.0033003300330033
0.1881188118811881	0.7392739273927392	0.0099009900990099	0.0627062706270627
0.976897689768977	0.0198019801980198	0.0033003300330033	0.0
0.9537953795379538	0.0165016501650165	0.0264026402640264	0.0033003300330033
0.0198019801980198	0.3432343234323432	0.132013201320132	0.504950495049505
0.2706270627062706	0.4455445544554456	0.1254125412541254	0.1584158415841584
URL https://hocomoco12.autosome.org/motif/ATF4.H12RSNP.0.P.B#maininfo

MOTIF ATF4.H12RSNP.1.S.B
letter-probability matrix: alength= 4 w= 14 nsites= 643
0.2888802488335925	0.1520217729393468	0.3868584758942457	0.1722395023328149
0.1776827371695179	0.2476671850699844	0.4234059097978227	0.151244167962675
0.6671850699844479	0.2426127527216174	0.0902021772939347	0.0
0.0	0.0	0.0	1.0
0.0	0.0	1.0	0.0
1.0	0.0	0.0	0.0
0.0	0.6376360808709176	0.0	0.3623639191290824
0.0	0.0	1.0	0.0
0.0	0.9766718506998445	0.0	0.0233281493001555
1.0	0.0	0.0	0.0
1.0	0.0	0.0	0.0
0.0	0.2612752721617418	0.0248833592534992	0.713841368584759
0.4494556765163297	0.3514774494556765	0.104199066874028	0.0948678071539658
0.281104199066874	0.2577760497667185	0.3044323483670295	0.1566874027993779
URL https://hocomoco12.autosome.org/motif/ATF4.H12RSNP.1.S.B#maininfo

MOTIF ATF4.H12RSNP.2.SM.B
letter-probability matrix: alength= 4 w= 17 nsites= 9156
0.2930591961555264	0.1873361730013106	0.2312418086500655	0.2883628221930974
0.363040629095675	0.1415465268676278	0.131389252948886	0.3640235910878113
0.2564438619484491	0.0191131498470948	0.6000436871996505	0.1243993010048056
0.104958497160332	0.0149628658802971	0.7832022717343818	0.0968763652249891
0.6869812145041503	0.2751201397990389	0.0375709916994321	0.0003276539973788
0.0001092179991263	0.0	0.0002184359982525	0.9996723460026212
0.0001092179991263	0.0001092179991263	0.9991262560069899	0.0006553079947575
1.0	0.0	0.0	0.0
0.0	0.5440148536478812	0.0	0.4559851463521188
0.003822629969419	0.0	0.996177370030581	0.0
0.0028396679772827	0.0	0.0	0.9971603320227174
0.0001092179991263	0.9997815640017474	0.0	0.0001092179991263
0.9993446920052425	0.0	0.0006553079947575	0.0
0.0	0.012778505897772	0.0825688073394495	0.9046526867627785
0.1846876365224989	0.6259283529925732	0.0808213193534294	0.1085626911314985
0.1456422018348624	0.5144713848842289	0.0414482306684142	0.2984381826124946
0.2710517693315859	0.196019003931848	0.1838958060288335	0.3490334207077326
URL https://hocomoco12.autosome.org/motif/ATF4.H12RSNP.2.SM.B#maininfo

MOTIF ATF6A.H12RSNP.0.SM.D
letter-probability matrix: alength= 4 w= 15 nsites= 2449
0.2885871784401797	0.2138628011433238	0.2669456921192324	0.2306043282972642
0.1008574928542262	0.1829318089015925	0.1061657819518171	0.6100449162923642
0.073907717435688	0.0338913842384647	0.8566761943650469	0.0355247039608003
0.7692935892200898	0.0628828093099224	0.1653736218864843	0.0024499795835035
0.0	0.0004083299305839	0.0008166598611678	0.9987750102082482
0.0	0.0	1.0	0.0
1.0	0.0	0.0	0.0
0.0	1.0	0.0	0.0
0.0	0.0	1.0	0.0
0.0	0.0	0.0	1.0
0.0085749285422622	0.981625153123724	0.0085749285422622	0.0012249897917517
0.9844834626378114	0.0012249897917517	0.0089832584728461	0.0053082890975908
0.0118415679869334	0.453654552878726	0.0518579011841568	0.4826459779501838
0.2031441404654961	0.3501429154757044	0.2349938750510412	0.2117190690077583
0.2100857492854226	0.2831768068599428	0.2137607186606778	0.2929767251939567
URL https://hocomoco12.autosome.org/motif/ATF6A.H12RSNP.0.SM.D#maininfo

MOTIF ATF6B.H12RSNP.0.SM.B
letter-probability matrix: alength= 4 w= 14 nsites= 9665
0.2054319710294878	0.2181583031557165	0.3038282462493533	0.2725814795654423
0.1393171236420072	0.147801345059493	0.1863942058975686	0.5264873254009312
0.1022245214692188	0.0908432488360062	0.6949818934299017	0.1119503362648733
