MEME version 5.5.8 (Fri May 2 15:43:49 2025 -0700)

ALPHABET= ACGT

strands: + -

Background letter frequencies (from uniform background):
A 0.25000 C 0.25000 G 0.25000 T 0.25000 

MOTIF M0111_1.02 (amel4_ncbi_hmm13673)_(Drosophila_melanogaster)_(DBD_0.99)

letter-probability matrix: alength= 4 w= 8 nsites= 1 E= 0
  0.228748	  0.221987	  0.148803	  0.400462	
  0.182465	  0.170129	  0.146431	  0.500975	
  0.138322	  0.188592	  0.071492	  0.601595	
  0.336065	  0.060178	  0.422972	  0.180785	
  0.973889	  0.000879	  0.022006	  0.003226	
  0.045194	  0.000361	  0.000150	  0.954295	
  0.278506	  0.244555	  0.112105	  0.364833	
  0.300420	  0.203401	  0.269126	  0.227052	

URL http://cisbp.ccbr.utoronto.ca/TFreport.php?versionNumber=1.02&searchTF=T007137_1.02

MOTIF M0214_1.02 (amel4_ncbi_hmm29065)_(Mus_musculus)_(DBD_0.91)

letter-probability matrix: alength= 4 w= 9 nsites= 1 E= 0
  0.745050	  0.002475	  0.250000	  0.002475	
  0.747512	  0.250000	  0.001244	  0.001244	
  0.001244	  0.996269	  0.001244	  0.001244	
  0.996269	  0.001244	  0.001244	  0.001244	
  0.001244	  0.001244	  0.374378	  0.623134	
  0.623134	  0.374378	  0.001244	  0.001244	
  0.001244	  0.001244	  0.001244	  0.996269	
  0.001244	  0.001244	  0.996269	  0.001244	
  0.002475	  0.002475	  0.497525	  0.497525	

URL http://cisbp.ccbr.utoronto.ca/TFreport.php?versionNumber=1.02&searchTF=T012092_1.02

MOTIF M0223_1.02 (amel4_ncbi_hmm454)_(Mus_musculus)_(DBD_0.85)

letter-probability matrix: alength= 4 w= 9 nsites= 1 E= 0
  0.289595	  0.241890	  0.283861	  0.184654	
  0.208936	  0.392300	  0.215299	  0.183466	
  0.190230	  0.670642	  0.084626	  0.054502	
  0.482082	  0.088953	  0.313598	  0.115366	
  0.015362	  0.797825	  0.067484	  0.119330	
  0.289914	  0.047446	  0.658249	  0.004391	
  0.052344	  0.021495	  0.012156	  0.914005	
  0.000116	  0.000018	  0.999784	  0.000082	
  0.174078	  0.304753	  0.326850	  0.194319	

URL http://cisbp.ccbr.utoronto.ca/TFreport.php?versionNumber=1.02&searchTF=T012108_1.02

MOTIF M0302_1.02 (amel4_ncbi_hmm7853)_(Mus_musculus)_(DBD_0.57)

letter-probability matrix: alength= 4 w= 10 nsites= 1 E= 0
  0.226159	  0.202601	  0.358252	  0.212988	
  0.460836	  0.137420	  0.369830	  0.031914	
  0.004173	  0.013179	  0.001614	  0.981035	
  0.044273	  0.036980	  0.742765	  0.175982	
  0.987799	  0.000325	  0.000224	  0.011652	
  0.041156	  0.637382	  0.123639	  0.197822	
  0.166793	  0.107421	  0.496090	  0.229696	
  0.203168	  0.294133	  0.136187	  0.366512	
  0.366588	  0.277061	  0.220135	  0.136216	
  0.350480	  0.202210	  0.214714	  0.232596	

URL http://cisbp.ccbr.utoronto.ca/TFreport.php?versionNumber=1.02&searchTF=T023656_1.02

MOTIF M0304_1.02 (amel4_ncbi_hmm11673)_(Mus_musculus)_(DBD_0.62)

letter-probability matrix: alength= 4 w= 10 nsites= 1 E= 0
  0.417594	  0.193373	  0.289850	  0.099182	
  0.070926	  0.105761	  0.069103	  0.754210	
  0.075979	  0.046003	  0.228470	  0.649548	
  0.348495	  0.037506	  0.334666	  0.279334	
  0.126578	  0.520621	  0.107184	  0.245617	
  0.245617	  0.107184	  0.520621	  0.126578	
  0.279334	  0.334666	  0.037506	  0.348495	
  0.649548	  0.228470	  0.046003	  0.075979	
  0.754210	  0.069103	  0.105761	  0.070926	
  0.099182	  0.289850	  0.193373	  0.417594	

URL http://cisbp.ccbr.utoronto.ca/TFreport.php?versionNumber=1.02&searchTF=T023627_1.02

MOTIF M0313_1.02 (amel4_ncbi_hmm24778)_(Mus_musculus)_(DBD_0.64)

letter-probability matrix: alength= 4 w= 10 nsites= 1 E= 0
  0.231876	  0.201583	  0.288935	  0.277606	
  0.445882	  0.170725	  0.317366	  0.066026	
  0.064153	  0.042152	  0.047053	  0.846642	
  0.027177	  0.055277	  0.142931	  0.774614	
  0.304859	  0.000145	  0.492675	  0.202320	
  0.087581	  0.673554	  0.077678	  0.161187	
  0.302455	  0.164339	  0.376882	  0.156324	
  0.234880	  0.313900	  0.134166	  0.317055	
  0.391736	  0.281628	  0.160869	  0.165768	
  0.466130	  0.183913	  0.171480	  0.178478	

URL http://cisbp.ccbr.utoronto.ca/TFreport.php?versionNumber=1.02&searchTF=T023638_1.02

MOTIF M0323_1.02 (amel4_ncbi_hmm9259)_(Caenorhabditis_elegans)_(DBD_0.65)

letter-probability matrix: alength= 4 w= 13 nsites= 1 E= 0
  0.230644	  0.230644	  0.230644	  0.308069	
  0.230644	  0.230644	  0.308069	  0.230644	
  0.195361	  0.042431	  0.042431	  0.719777	
  0.105121	  0.022865	  0.128036	  0.743978	
  0.853680	  0.022865	  0.100590	  0.022865	
  0.000176	  0.673192	  0.000176	  0.326456	
  0.236202	  0.000176	  0.687605	  0.076018	
  0.076018	  0.420964	  0.077601	  0.425417	
  0.790056	  0.095374	  0.019532	  0.095037	
  0.780883	  0.097796	  0.019532	  0.101789	
  0.376765	  0.207745	  0.207745	  0.207745	
  0.227311	  0.227311	  0.227311	  0.318067	
  0.318067	  0.227311	  0.227311	  0.227311	

URL http://cisbp.ccbr.utoronto.ca/TFreport.php?versionNumber=1.02&searchTF=T023663_1.02

MOTIF M0580_1.02 (amel4_ncbi_hmm23105)_(Bombyx_mori)_(DBD_0.74)

letter-probability matrix: alength= 4 w= 10 nsites= 1 E= 0
  0.234003	  0.269167	  0.213862	  0.282968	
  0.165030	  0.378465	  0.117463	  0.339042	
  0.161689	  0.623702	  0.107305	  0.107305	
  0.189188	  0.117066	  0.634438	  0.059308	
  0.000295	  0.880381	  0.000177	  0.119147	
  0.110357	  0.107095	  0.694866	  0.087682	
  0.291421	  0.222465	  0.300296	  0.185818	
  0.262292	  0.257099	  0.223511	  0.257099	
  0.235549	  0.255168	  0.200722	  0.308561	
  0.248131	  0.238401	  0.222284	  0.291184	

URL http://cisbp.ccbr.utoronto.ca/TFreport.php?versionNumber=1.02&searchTF=T070866_1.02

MOTIF M0641_1.02 (amel4_ncbi_hmm29069)_(Drosophila_melanogaster)_(DBD_1.00)

letter-probability matrix: alength= 4 w= 10 nsites= 1 E= 0
  0.264213	  0.114063	  0.073461	  0.548263	
  0.146979	  0.076730	  0.639248	  0.137043	
  0.091624	  0.122448	  0.030195	  0.755733	
  0.530776	  0.071833	  0.106096	  0.291296	
  0.340580	  0.064758	  0.186914	  0.407748	
  0.130860	  0.648156	  0.077799	  0.143184	
  0.378005	  0.205389	  0.180351	  0.236254	
  0.412383	  0.112387	  0.172768	  0.302461	
  0.281282	  0.131546	  0.159072	  0.428100	
  0.236410	  0.182284	  0.128453	  0.452853	

URL http://cisbp.ccbr.utoronto.ca/TFreport.php?versionNumber=1.02&searchTF=T074996_1.02

MOTIF M0723_1.02 (amel4_ncbi_hmm5289)_(Mus_musculus)_(DBD_0.93)

letter-probability matrix: alength= 4 w= 10 nsites= 1 E= 0
  0.304424	  0.223279	  0.262020	  0.210276	
  0.213777	  0.233909	  0.245902	  0.306412	
  0.293934	  0.159709	  0.385043	  0.161314	
  0.246234	  0.175262	  0.129837	  0.448667	
  0.528194	  0.286995	  0.062145	  0.122666	
  0.598965	  0.187767	  0.067034	  0.146233	
  0.718961	  0.066540	  0.146615	  0.067884	
  0.033458	  0.590092	  0.077500	  0.298951	
  0.671272	  0.049858	  0.121410	  0.157460	
  0.326891	  0.210530	  0.210530	  0.252050	

URL http://cisbp.ccbr.utoronto.ca/TFreport.php?versionNumber=1.02&searchTF=T080919_1.02

MOTIF M0728_1.02 (amel4_ncbi_hmm1567)_(Mus_musculus)_(DBD_0.51)

letter-probability matrix: alength= 4 w= 12 nsites= 1 E= 0
  0.394926	  0.201691	  0.201691	  0.201691	
  0.357836	  0.147163	  0.347838	  0.147163	
  0.159006	  0.172368	  0.068783	  0.599842	
  0.841382	  0.113021	  0.022798	  0.022798	
  0.999531	  0.000156	  0.000156	  0.000156	
  0.999531	  0.000156	  0.000156	  0.000156	
  0.000156	  0.999531	  0.000156	  0.000156	
  0.999531	  0.000156	  0.000156	  0.000156	
  0.854605	  0.048465	  0.048465	  0.048465	
  0.691020	  0.102993	  0.102993	  0.102993	
  0.181373	  0.360053	  0.181373	  0.277201	
  0.317926	  0.227358	  0.227358	  0.227358	

URL http://cisbp.ccbr.utoronto.ca/TFreport.php?versionNumber=1.02&searchTF=T080906_1.02

MOTIF M0737_1.02 (amel4_ncbi_hmm7342)_(Mus_musculus)_(DBD_0.80)

letter-probability matrix: alength= 4 w= 10 nsites= 1 E= 0
  0.329842	  0.082156	  0.060257	  0.527746	
  0.520070	  0.108198	  0.255689	  0.116043	
  0.283345	  0.081996	  0.128595	  0.506065	
  0.209230	  0.033229	  0.701648	  0.055893	
  0.071321	  0.155585	  0.032694	  0.740400	
  0.638753	  0.232646	  0.070072	  0.058529	
  0.729556	  0.133278	  0.066184	  0.070983	
  0.865457	  0.036352	  0.043959	  0.054231	
  0.059316	  0.519509	  0.058726	  0.362449	
  0.777489	  0.053307	  0.067092	  0.102112	

URL http://cisbp.ccbr.utoronto.ca/TFreport.php?versionNumber=1.02&searchTF=T080921_1.02

MOTIF M0747_1.02 (amel4_ncbi_hmm18763)_(Mus_musculus)_(DBD_0.66)

letter-probability matrix: alength= 4 w= 10 nsites= 1 E= 0
  0.366283	  0.166235	  0.164581	  0.302901	
  0.345139	  0.171391	  0.195185	  0.288285	
  0.267836	  0.181340	  0.196443	  0.354381	
  0.346821	  0.108724	  0.419393	  0.125062	
  0.146969	  0.100507	  0.031824	  0.720700	
  0.700016	  0.254959	  0.000720	  0.044305	
  0.906192	  0.053477	  0.000316	  0.040015	
  0.934400	  0.000771	  0.023568	  0.041260	
  0.033048	  0.600627	  0.033381	  0.332944	
  0.853101	  0.047889	  0.045553	  0.053457	

URL http://cisbp.ccbr.utoronto.ca/TFreport.php?versionNumber=1.02&searchTF=T080910_1.02

MOTIF M0757_1.02 (amel4_ncbi_hmm24155)_(Strongylocentrotus_purpuratus)_(DBD_0.92)

letter-probability matrix: alength= 4 w= 10 nsites= 1 E= 0
  0.321884	  0.201178	  0.236085	  0.240854	
  0.216367	  0.234387	  0.239122	  0.310124	
  0.297171	  0.182055	  0.409243	  0.111532	
  0.279854	  0.144643	  0.132194	  0.443309	
  0.472247	  0.313407	  0.069235	  0.145111	
  0.572460	  0.196359	  0.062174	  0.169007	
  0.751021	  0.048981	  0.135834	  0.064163	
  0.037542	  0.655546	  0.026722	  0.280190	
  0.680835	  0.057015	  0.121915	  0.140235	
  0.359328	  0.213628	  0.193298	  0.233746	

URL http://cisbp.ccbr.utoronto.ca/TFreport.php?versionNumber=1.02&searchTF=T080914_1.02

MOTIF M0817_1.02 (amel4_ncbi_hmm35814)_(Drosophila_melanogaster)_(DBD_0.69)

letter-probability matrix: alength= 4 w= 8 nsites= 1 E= 0
  0.729854	  0.111199	  0.158788	  0.000159	
  0.000118	  0.011877	  0.000118	  0.987888	
  0.235301	  0.023636	  0.740945	  0.000118	
  0.047154	  0.799741	  0.141228	  0.011877	
  0.070673	  0.000118	  0.752705	  0.176505	
  0.000118	  0.000118	  0.999647	  0.000118	
  0.000118	  0.000118	  0.999647	  0.000118	
  0.055699	  0.351776	  0.092709	  0.499815	

URL http://cisbp.ccbr.utoronto.ca/TFreport.php?versionNumber=1.02&searchTF=T086708_1.02

MOTIF M0911_1.02 (amel4_ncbi_hmm21711)_(Mus_musculus)_(DBD_0.95)

letter-probability matrix: alength= 4 w= 10 nsites= 1 E= 0
  0.247073	  0.284202	  0.206373	  0.262352	
  0.149870	  0.075171	  0.040036	  0.734924	
  0.706549	  0.090958	  0.126519	  0.075974	
  0.851645	  0.008910	  0.044131	  0.095313	
  0.070692	  0.091682	  0.096383	  0.741243	
  0.120799	  0.217919	  0.226813	  0.434469	
  0.367812	  0.088905	  0.402450	  0.140833	
  0.215590	  0.296895	  0.274069	  0.213445	
  0.220651	  0.269503	  0.211999	  0.297847	
  0.238452	  0.238452	  0.243269	  0.279826	

URL http://cisbp.ccbr.utoronto.ca/TFreport.php?versionNumber=1.02&searchTF=T089790_1.02

MOTIF M0927_1.02 (amel4_ncbi_hmm7005)_(Mus_musculus)_(DBD_0.93)

letter-probability matrix: alength= 4 w= 8 nsites= 1 E= 0
  0.239075	  0.258987	  0.292007	  0.209931	
  0.193409	  0.338596	  0.209518	  0.258477	
  0.196306	  0.190504	  0.105601	  0.507589	
  0.649964	  0.079592	  0.135222	  0.135222	
  0.927406	  0.055834	  0.000602	  0.016158	
  0.131551	  0.181162	  0.073655	  0.613631	
  0.187274	  0.215416	  0.200852	  0.396458	
  0.315394	  0.201104	  0.274190	  0.209311	

URL http://cisbp.ccbr.utoronto.ca/TFreport.php?versionNumber=1.02&searchTF=T089831_1.02

MOTIF M0952_1.02 (amel4_ncbi_hmm13360)_(Mus_musculus)_(DBD_0.95)

letter-probability matrix: alength= 4 w= 8 nsites= 1 E= 0
  0.177918	  0.245015	  0.196630	  0.380437	
  0.185511	  0.128139	  0.489368	  0.196982	
  0.844182	  0.107594	  0.012408	  0.035815	
  0.079962	  0.206759	  0.066790	  0.646488	
  0.600471	  0.307266	  0.010998	  0.081265	
  0.102580	  0.523557	  0.126551	  0.247311	
  0.201123	  0.352101	  0.245653	  0.201123	
  0.225861	  0.295869	  0.223613	  0.254657	

URL http://cisbp.ccbr.utoronto.ca/TFreport.php?versionNumber=1.02&searchTF=T089763_1.02

MOTIF M0967_1.02 (amel4_ncbi_hmm1938)_(Mus_musculus)_(DBD_0.98)

letter-probability matrix: alength= 4 w= 8 nsites= 1 E= 0
  0.222888	  0.280526	  0.201677	  0.294909	
  0.135819	  0.056902	  0.017838	  0.789441	
  0.749166	  0.066617	  0.112052	  0.072165	
  0.950512	  0.000309	  0.023975	  0.025204	
  0.033254	  0.061201	  0.073271	  0.832275	
  0.170087	  0.110643	  0.160182	  0.559089	
  0.345558	  0.104080	  0.393532	  0.156830	
  0.274902	  0.209855	  0.329118	  0.186125	

URL http://cisbp.ccbr.utoronto.ca/TFreport.php?versionNumber=1.02&searchTF=T089789_1.02

MOTIF M1000_1.02 (amel4_ncbi_hmm11977)_(Mus_musculus)_(DBD_0.89)

letter-probability matrix: alength= 4 w= 8 nsites= 1 E= 0
  0.216987	  0.314139	  0.148389	  0.320485	
  0.078163	  0.026544	  0.007454	  0.887839	
  0.853506	  0.044228	  0.065324	  0.036942	
  0.978482	  0.000211	  0.008551	  0.012756	
  0.002825	  0.026803	  0.027897	  0.942475	
  0.104556	  0.090897	  0.098468	  0.706079	
  0.391058	  0.094524	  0.371986	  0.142431	
  0.297757	  0.193694	  0.374758	  0.133791	

URL http://cisbp.ccbr.utoronto.ca/TFreport.php?versionNumber=1.02&searchTF=T089756_1.02

MOTIF M1001_1.02 (amel4_ncbi_hmm5245)_(Mus_musculus)_(DBD_0.86)

letter-probability matrix: alength= 4 w= 10 nsites= 1 E= 0
  0.322331	  0.197469	  0.274673	  0.205527	
  0.194389	  0.314147	  0.287109	  0.204355	
  0.241423	  0.414283	  0.182463	  0.161831	
  0.070501	  0.283051	  0.022774	  0.623674	
  0.068469	  0.000243	  0.876887	  0.054401	
  0.095932	  0.187473	  0.000627	  0.715968	
  0.063044	  0.815526	  0.046704	  0.074726	
  0.494531	  0.137498	  0.193177	  0.174794	
  0.280233	  0.246071	  0.222654	  0.251042	
  0.271003	  0.235599	  0.219671	  0.273727	

URL http://cisbp.ccbr.utoronto.ca/TFreport.php?versionNumber=1.02&searchTF=T089816_1.02

MOTIF M1018_1.02 (amel4_ncbi_hmm10036)_(Mus_musculus)_(DBD_0.88)

letter-probability matrix: alength= 4 w= 7 nsites= 1 E= 0
  0.166165	  0.321495	  0.042224	  0.470117	
  0.399981	  0.230769	  0.126649	  0.242601	
  0.594697	  0.152635	  0.003519	  0.249149	
  0.073485	  0.207904	  0.000173	  0.718437	
  0.290140	  0.244781	  0.169078	  0.296001	
  0.318793	  0.229188	  0.201249	  0.250771	
  0.293737	  0.247815	  0.271153	  0.187295	

URL http://cisbp.ccbr.utoronto.ca/TFreport.php?versionNumber=1.02&searchTF=T089751_1.02

MOTIF M1028_1.02 (amel4_ncbi_hmm13995)_(Mus_musculus)_(DBD_0.93)

letter-probability matrix: alength= 4 w= 9 nsites= 1 E= 0
  0.184447	  0.364076	  0.184447	  0.267030	
  0.116544	  0.046445	  0.001308	  0.835703	
  0.822965	  0.097799	  0.078485	  0.000750	
  0.891592	  0.011056	  0.021179	  0.076173	
  0.116988	  0.045699	  0.100693	  0.736620	
  0.189372	  0.123188	  0.282510	  0.404930	
  0.430266	  0.105047	  0.303203	  0.161484	
  0.227412	  0.274998	  0.297901	  0.199689	
  0.184723	  0.307617	  0.234829	  0.272832	

URL http://cisbp.ccbr.utoronto.ca/TFreport.php?versionNumber=1.02&searchTF=T089765_1.02

MOTIF M1064_1.02 (amel4_ncbi_hmm11936)_(Mus_musculus)_(DBD_0.95)

letter-probability matrix: alength= 4 w= 8 nsites= 1 E= 0
  0.241487	  0.243914	  0.322730	  0.191869	
  0.189717	  0.338842	  0.220420	  0.251021	
  0.139342	  0.124828	  0.031720	  0.704110	
  0.786338	  0.055003	  0.097260	  0.061399	
  0.986540	  0.000494	  0.012357	  0.000609	
  0.068011	  0.068694	  0.075163	  0.788132	
  0.129913	  0.199710	  0.153986	  0.516391	
  0.401050	  0.076255	  0.389197	  0.133498	

URL http://cisbp.ccbr.utoronto.ca/TFreport.php?versionNumber=1.02&searchTF=T089754_1.02

MOTIF M1073_1.02 (amel4_ncbi_hmm1905)_(Mus_musculus)_(DBD_0.81)

letter-probability matrix: alength= 4 w= 9 nsites= 1 E= 0
  0.180771	  0.316470	  0.149490	  0.353269	
  0.087724	  0.051635	  0.011521	  0.849119	
  0.903434	  0.012506	  0.065773	  0.018287	
  0.983264	  0.000463	  0.000459	  0.015814	
  0.010033	  0.092380	  0.055474	  0.842112	
  0.094530	  0.082180	  0.432210	  0.391080	
  0.500756	  0.052254	  0.345889	  0.101101	
  0.173376	  0.345662	  0.269201	  0.211761	
  0.208474	  0.298812	  0.208474	  0.284239	

URL http://cisbp.ccbr.utoronto.ca/TFreport.php?versionNumber=1.02&searchTF=T089787_1.02

MOTIF M1074_1.02 (amel4_ncbi_hmm1575)_(Oryzias_latipes)_(DBD_0.96)

letter-probability matrix: alength= 4 w= 10 nsites= 1 E= 0
  0.271348	  0.260708	  0.219950	  0.247993	
  0.181667	  0.240369	  0.144341	  0.433623	
  0.141519	  0.097752	  0.484168	  0.276561	
  0.850398	  0.068423	  0.043628	  0.037551	
  0.040083	  0.188852	  0.098589	  0.672475	
  0.481568	  0.382622	  0.042396	  0.093415	
  0.084410	  0.476125	  0.144847	  0.294618	
  0.166073	  0.369602	  0.233324	  0.231002	
  0.195836	  0.371399	  0.186285	  0.246479	
  0.214275	  0.307127	  0.232122	  0.246475	

URL http://cisbp.ccbr.utoronto.ca/TFreport.php?versionNumber=1.02&searchTF=T089774_1.02

MOTIF M1088_1.02 (amel4_ncbi_hmm28097)_(Drosophila_melanogaster)_(DBD_1.00)

letter-probability matrix: alength= 4 w= 10 nsites= 1 E= 0
  0.248652	  0.156039	  0.439269	  0.156039	
  0.235559	  0.409426	  0.243856	  0.111159	
  0.000140	  0.000140	  0.000140	  0.999581	
  0.999581	  0.000140	  0.000140	  0.000140	
  0.999581	  0.000140	  0.000140	  0.000140	
  0.000140	  0.000140	  0.000140	  0.999581	
  0.000140	  0.000140	  0.000140	  0.999581	
  0.999581	  0.000140	  0.000140	  0.000140	
  0.270161	  0.309740	  0.212726	  0.207374	
  0.227694	  0.227694	  0.227694	  0.316917	

URL http://cisbp.ccbr.utoronto.ca/TFreport.php?versionNumber=1.02&searchTF=T089802_1.02

MOTIF M1089_1.02 (amel4_ncbi_hmm5917)_(Drosophila_melanogaster)_(DBD_0.89)

letter-probability matrix: alength= 4 w= 10 nsites= 1 E= 0
  0.209338	  0.253142	  0.321807	  0.215713	
  0.269176	  0.231682	  0.207548	  0.291594	
  0.108996	  0.124128	  0.038142	  0.728735	
  0.818862	  0.018319	  0.138091	  0.024728	
  0.925508	  0.028799	  0.000527	  0.045166	
  0.090056	  0.159244	  0.124019	  0.626680	
  0.097497	  0.244649	  0.314135	  0.343719	
  0.322285	  0.084389	  0.452794	  0.140532	
  0.204560	  0.257459	  0.351027	  0.186954	
  0.179474	  0.298877	  0.181278	  0.340370	

URL http://cisbp.ccbr.utoronto.ca/TFreport.php?versionNumber=1.02&searchTF=T089821_1.02

MOTIF M1091_1.02 (amel4_ncbi_hmm6261)_(Drosophila_melanogaster)_(DBD_0.91)

letter-probability matrix: alength= 4 w= 9 nsites= 1 E= 0
  0.195086	  0.348431	  0.193145	  0.263338	
  0.106150	  0.078638	  0.022985	  0.792228	
  0.745347	  0.066944	  0.120765	  0.066944	
  0.803281	  0.077378	  0.027625	  0.091717	
  0.084325	  0.168120	  0.072579	  0.674976	
  0.130553	  0.189007	  0.314751	  0.365689	
  0.403315	  0.108823	  0.304819	  0.183043	
  0.228660	  0.290684	  0.273756	  0.206900	
  0.186386	  0.283672	  0.249092	  0.280850	

URL http://cisbp.ccbr.utoronto.ca/TFreport.php?versionNumber=1.02&searchTF=T089823_1.02

MOTIF M1092_1.02 (amel4_ncbi_hmm6610)_(Drosophila_melanogaster)_(DBD_0.96)

letter-probability matrix: alength= 4 w= 10 nsites= 1 E= 0
  0.216697	  0.313720	  0.239487	  0.230097	
  0.095574	  0.372375	  0.044252	  0.487798	
  0.513306	  0.185096	  0.192650	  0.108948	
  0.650499	  0.143702	  0.075773	  0.130027	
  0.056092	  0.142164	  0.007822	  0.793922	
  0.205435	  0.280095	  0.158401	  0.356070	
  0.340270	  0.184886	  0.184886	  0.289959	
  0.267116	  0.272512	  0.264458	  0.195915	
  0.194734	  0.260248	  0.302365	  0.242653	
  0.228970	  0.279665	  0.238314	  0.253051	

URL http://cisbp.ccbr.utoronto.ca/TFreport.php?versionNumber=1.02&searchTF=T089828_1.02

MOTIF M1096_1.02 (amel4_ncbi_hmm18741)_(Drosophila_melanogaster)_(DBD_0.95)

letter-probability matrix: alength= 4 w= 8 nsites= 1 E= 0
  0.207448	  0.325343	  0.141866	  0.325343	
  0.070500	  0.046787	  0.081909	  0.800803	
  0.823901	  0.041432	  0.064978	  0.069690	
  0.800902	  0.045410	  0.085263	  0.068425	
  0.078337	  0.041722	  0.098595	  0.781347	
  0.084961	  0.693803	  0.089317	  0.131919	
  0.101356	  0.577459	  0.132772	  0.188413	
  0.148880	  0.348326	  0.299807	  0.202987	

URL http://cisbp.ccbr.utoronto.ca/TFreport.php?versionNumber=1.02&searchTF=T089783_1.02

MOTIF M1097_1.02 (amel4_ncbi_hmm12264)_(Drosophila_melanogaster)_(DBD_0.95)

letter-probability matrix: alength= 4 w= 10 nsites= 1 E= 0
  0.292329	  0.229079	  0.288644	  0.189949	
  0.136427	  0.336877	  0.156525	  0.370171	
  0.034513	  0.118059	  0.009674	  0.837754	
  0.801571	  0.072692	  0.093201	  0.032536	
  0.970781	  0.007894	  0.008025	  0.013300	
  0.013300	  0.008025	  0.007894	  0.970781	
  0.032536	  0.093201	  0.072692	  0.801571	
  0.837754	  0.009674	  0.118059	  0.034513	
  0.370171	  0.156525	  0.336877	  0.136427	
  0.189949	  0.288644	  0.229079	  0.292329	

URL http://cisbp.ccbr.utoronto.ca/TFreport.php?versionNumber=1.02&searchTF=T089759_1.02

MOTIF M1104_1.02 (amel4_ncbi_hmm31470)_(Drosophila_melanogaster)_(DBD_0.88)

letter-probability matrix: alength= 4 w= 8 nsites= 1 E= 0
  0.172390	  0.270362	  0.216970	  0.340277	
  0.175398	  0.147977	  0.175398	  0.501227	
  0.437799	  0.142845	  0.145731	  0.273625	
  0.559761	  0.114150	  0.154086	  0.172003	
  0.276316	  0.165927	  0.137215	  0.420543	
  0.209315	  0.226748	  0.174835	  0.389102	
  0.299659	  0.080854	  0.524604	  0.094883	
  0.166927	  0.313424	  0.241666	  0.277982	

URL http://cisbp.ccbr.utoronto.ca/TFreport.php?versionNumber=1.02&searchTF=T089807_1.02

MOTIF M1106_1.02 (amel4_ncbi_hmm2893)_(Drosophila_melanogaster)_(DBD_0.93)

letter-probability matrix: alength= 4 w= 8 nsites= 1 E= 0
  0.699401	  0.033622	  0.033622	  0.233356	
  0.152259	  0.065378	  0.043658	  0.738705	
  0.053712	  0.018023	  0.000178	  0.928087	
  0.821021	  0.000178	  0.000178	  0.178622	
  0.963776	  0.000178	  0.000178	  0.035867	
  0.071556	  0.000178	  0.000178	  0.928087	
  0.109193	  0.000182	  0.036519	  0.854106	
  0.871811	  0.000213	  0.085247	  0.042730	

URL http://cisbp.ccbr.utoronto.ca/TFreport.php?versionNumber=1.02&searchTF=T089805_1.02

MOTIF M1125_1.02 (amel4_ncbi_hmm11980)_(Mus_musculus)_(DBD_0.98)

letter-probability matrix: alength= 4 w= 10 nsites= 1 E= 0
  0.232947	  0.273366	  0.293187	  0.200499	
  0.212847	  0.340554	  0.181376	  0.265223	
  0.136717	  0.049300	  0.011335	  0.802648	
  0.797526	  0.087489	  0.088368	  0.026616	
  0.889584	  0.000658	  0.045639	  0.064120	
  0.150641	  0.058844	  0.122107	  0.668408	
  0.186789	  0.142591	  0.242253	  0.428367	
  0.315574	  0.091322	  0.456867	  0.136237	
  0.212950	  0.281760	  0.314523	  0.190768	
  0.193573	  0.288776	  0.231748	  0.285903	

URL http://cisbp.ccbr.utoronto.ca/TFreport.php?versionNumber=1.02&searchTF=T089758_1.02

MOTIF M1227_1.02 amel4_ncbi_hmm42917

letter-probability matrix: alength= 4 w= 10 nsites= 1 E= 0
  0.277333	  0.281553	  0.180470	  0.260645	
  0.016939	  0.083041	  0.016939	  0.883082	
  0.805100	  0.000057	  0.067582	  0.127261	
  0.588448	  0.067582	  0.000057	  0.343912	
  0.129773	  0.000057	  0.110616	  0.759553	
  0.298366	  0.110616	  0.000057	  0.590960	
  0.999828	  0.000057	  0.000057	  0.000057	
  0.173348	  0.093172	  0.194256	  0.539224	
  0.378265	  0.162703	  0.296330	  0.162703	
  0.233119	  0.300643	  0.233119	  0.233119	

URL http://cisbp.ccbr.utoronto.ca/TFreport.php?versionNumber=1.02&searchTF=T104707_1.02

MOTIF M1423_1.02 (amel4_ncbi_hmm5898)_(Anopheles_gambiae)_(DBD_0.96)

letter-probability matrix: alength= 4 w= 9 nsites= 1 E= 0
  0.268421	  0.231032	  0.250274	  0.250274	
  0.233375	  0.233375	  0.287910	  0.245340	
  0.057487	  0.255077	  0.000962	  0.686473	
  0.168946	  0.001803	  0.803982	  0.025269	
  0.514234	  0.273877	  0.124298	  0.087591	
  0.210810	  0.441844	  0.029694	  0.317652	
  0.194071	  0.726489	  0.000537	  0.078903	
  0.087004	  0.294700	  0.132417	  0.485878	
  0.237598	  0.270584	  0.287316	  0.204503	

URL http://cisbp.ccbr.utoronto.ca/TFreport.php?versionNumber=1.02&searchTF=T131144_1.02

MOTIF M1469_1.02 (amel4_ncbi_hmm10928)_(Drosophila_melanogaster)_(DBD_0.97)

letter-probability matrix: alength= 4 w= 8 nsites= 1 E= 0
  0.221383	  0.221383	  0.290064	  0.267170	
  0.000059	  0.100627	  0.000059	  0.899255	
  0.000054	  0.005429	  0.994464	  0.000054	
  0.994464	  0.000054	  0.005429	  0.000054	
  0.005429	  0.994464	  0.000054	  0.000054	
  0.000054	  0.999839	  0.000054	  0.000054	
  0.000077	  0.407644	  0.000077	  0.592202	
  0.202148	  0.361655	  0.244683	  0.191514	

URL http://cisbp.ccbr.utoronto.ca/TFreport.php?versionNumber=1.02&searchTF=T131126_1.02

MOTIF M1471_1.02 (amel4_ncbi_hmm10328)_(Drosophila_melanogaster)_(DBD_0.82)

letter-probability matrix: alength= 4 w= 12 nsites= 1 E= 0
  0.317705	  0.227432	  0.227432	  0.227432	
  0.317705	  0.227432	  0.227432	  0.227432	
  0.402784	  0.230661	  0.140388	  0.226166	
  0.049370	  0.144869	  0.049370	  0.756390	
  0.000202	  0.000202	  0.000202	  0.999393	
  0.000202	  0.000202	  0.999393	  0.000202	
  0.999393	  0.000202	  0.000202	  0.000202	
  0.000202	  0.999393	  0.000202	  0.000202	
  0.022771	  0.541218	  0.329688	  0.106323	
  0.022771	  0.022771	  0.194141	  0.760318	
  0.109814	  0.581401	  0.109814	  0.198971	
  0.397504	  0.200832	  0.200832	  0.200832	

URL http://cisbp.ccbr.utoronto.ca/TFreport.php?versionNumber=1.02&searchTF=T131124_1.02

MOTIF M1519_1.02 (amel4_ncbi_hmm32454)_(Gallus_gallus)_(DBD_0.61)

letter-probability matrix: alength= 4 w= 10 nsites= 1 E= 0
  0.371475	  0.209508	  0.209508	  0.209508	
  0.176057	  0.087532	  0.087532	  0.648879	
  0.000121	  0.000121	  0.000121	  0.999637	
  0.000121	  0.000121	  0.000121	  0.999637	
  0.088646	  0.083984	  0.000121	  0.827249	
  0.000121	  0.914778	  0.000121	  0.084980	
  0.000121	  0.826253	  0.084980	  0.088646	
  0.830915	  0.083984	  0.000121	  0.084980	
  0.124475	  0.287055	  0.040613	  0.547857	
  0.267517	  0.162589	  0.248110	  0.321785	

URL http://cisbp.ccbr.utoronto.ca/TFreport.php?versionNumber=1.02&searchTF=T138020_1.02

MOTIF M1524_1.02 amel4_ncbi_hmm7004

letter-probability matrix: alength= 4 w= 10 nsites= 1 E= 0
  0.209124	  0.362465	  0.260585	  0.167826	
  0.088796	  0.611759	  0.160186	  0.139259	
  0.259972	  0.259972	  0.156112	  0.323945	
  0.112870	  0.103156	  0.058924	  0.725050	
  0.453205	  0.088796	  0.435435	  0.022564	
  0.200388	  0.057989	  0.706451	  0.035172	
  0.186077	  0.521214	  0.036458	  0.256252	
  0.538285	  0.028174	  0.210269	  0.223272	
  0.886008	  0.044112	  0.045912	  0.023968	
  0.009188	  0.923263	  0.002968	  0.064581	

URL http://cisbp.ccbr.utoronto.ca/TFreport.php?versionNumber=1.02&searchTF=T138647_1.02

MOTIF M1530_1.02 (amel4_ncbi_hmm4694)_(Mus_musculus)_(DBD_0.55)

letter-probability matrix: alength= 4 w= 10 nsites= 1 E= 0
  0.135068	  0.476170	  0.211828	  0.176934	
  0.279911	  0.277126	  0.176703	  0.266260	
  0.133759	  0.266677	  0.083600	  0.515965	
  0.436252	  0.113094	  0.379259	  0.071394	
  0.214062	  0.060720	  0.656069	  0.069149	
  0.180816	  0.486617	  0.028431	  0.304137	
  0.572267	  0.014008	  0.221319	  0.192406	
  0.827255	  0.059627	  0.070677	  0.042441	
  0.050302	  0.843917	  0.000349	  0.105431	
  0.220508	  0.306719	  0.359938	  0.112836	

URL http://cisbp.ccbr.utoronto.ca/TFreport.php?versionNumber=1.02&searchTF=T138646_1.02

MOTIF M1581_1.02 (amel4_ncbi_hmm10316)_(Mus_musculus)_(DBD_0.94)

letter-probability matrix: alength= 4 w= 10 nsites= 1 E= 0
  0.279067	  0.181426	  0.181426	  0.358081	
  0.289551	  0.189085	  0.212315	  0.309049	
  0.000105	  0.000105	  0.000105	  0.999685	
  0.000105	  0.000105	  0.999685	  0.000105	
  0.000105	  0.999685	  0.000105	  0.000105	
  0.000105	  0.000105	  0.000105	  0.999685	
  0.000105	  0.000105	  0.999685	  0.000105	
  0.999685	  0.000105	  0.000105	  0.000105	
  0.068679	  0.613130	  0.162332	  0.155859	
  0.241038	  0.147190	  0.147190	  0.464583	

URL http://cisbp.ccbr.utoronto.ca/TFreport.php?versionNumber=1.02&searchTF=T143054_1.02

MOTIF M1609_1.02 (amel4_ncbi_hmm130343)_(Caenorhabditis_elegans)_(DBD_0.93)

letter-probability matrix: alength= 4 w= 10 nsites= 1 E= 0
  0.450923	  0.148771	  0.148771	  0.251536	
  0.298333	  0.204180	  0.289058	  0.208429	
  0.896801	  0.000144	  0.000144	  0.102910	
  0.910076	  0.089635	  0.000144	  0.000144	
  0.089635	  0.807310	  0.000144	  0.102910	
  0.999567	  0.000144	  0.000144	  0.000144	
  0.999567	  0.000144	  0.000144	  0.000144	
  0.000144	  0.000144	  0.000144	  0.999567	
  0.609680	  0.101374	  0.101374	  0.187572	
  0.240264	  0.237286	  0.371677	  0.150773	

URL http://cisbp.ccbr.utoronto.ca/TFreport.php?versionNumber=1.02&searchTF=T143057_1.02

MOTIF M1623_1.02 (amel4_ncbi_hmm31856)_(Nasonia_vitripennis)_(DBD_0.98)

letter-probability matrix: alength= 4 w= 8 nsites= 1 E= 0
  0.040335	  0.080272	  0.000399	  0.878994	
  0.200057	  0.485445	  0.314212	  0.000285	
  0.977131	  0.000222	  0.022425	  0.000222	
  0.000217	  0.999348	  0.000217	  0.000217	
  0.999334	  0.000222	  0.000222	  0.000222	
  0.000222	  0.999334	  0.000222	  0.000222	
  0.000250	  0.924326	  0.000250	  0.075175	
  0.062734	  0.062734	  0.000312	  0.874220	

URL http://cisbp.ccbr.utoronto.ca/TFreport.php?versionNumber=1.02&searchTF=T149023_1.02

MOTIF M1628_1.02 (amel4_ncbi_hmm2922)_(Mus_musculus)_(DBD_0.75)

letter-probability matrix: alength= 4 w= 11 nsites= 1 E= 0
  0.538889	  0.153704	  0.153704	  0.153704	
  0.235964	  0.059136	  0.571481	  0.133420	
  0.019402	  0.019402	  0.941795	  0.019402	
  0.000143	  0.000143	  0.000143	  0.999572	
  0.000143	  0.000143	  0.999572	  0.000143	
  0.000143	  0.000143	  0.000143	  0.999572	
  0.000143	  0.000143	  0.796563	  0.203152	
  0.999572	  0.000143	  0.000143	  0.000143	
  0.710684	  0.096439	  0.096439	  0.096439	
  0.268043	  0.191007	  0.274907	  0.266044	
  0.307777	  0.230741	  0.230741	  0.230741	

URL http://cisbp.ccbr.utoronto.ca/TFreport.php?versionNumber=1.02&searchTF=T149022_1.02

MOTIF M1631_1.02 (amel4_ncbi_hmm25796)_(Mus_musculus)_(DBD_0.74)

letter-probability matrix: alength= 4 w= 10 nsites= 1 E= 0
  0.353916	  0.145338	  0.298586	  0.202160	
  0.672425	  0.040081	  0.179628	  0.107866	
  0.197985	  0.109748	  0.606795	  0.085472	
  0.020276	  0.028773	  0.924656	  0.026296	
  0.003890	  0.062703	  0.000398	  0.933009	
  0.011365	  0.014304	  0.973157	  0.001174	
  0.090981	  0.133040	  0.018005	  0.757974	
  0.038779	  0.216564	  0.449388	  0.295269	
  0.873100	  0.020533	  0.080002	  0.026365	
  0.522605	  0.163829	  0.139606	  0.173960	

URL http://cisbp.ccbr.utoronto.ca/TFreport.php?versionNumber=1.02&searchTF=T149019_1.02

MOTIF M1837_1.02 (amel4_ncbi_hmm18697)_(Mus_musculus)_(DBD_0.75)

letter-probability matrix: alength= 4 w= 11 nsites= 1 E= 0
  0.526500	  0.144500	  0.079000	  0.250000	
  0.662500	  0.040500	  0.231500	  0.065500	
  0.669500	  0.125500	  0.200000	  0.005000	
  0.046500	  0.924000	  0.021000	  0.008500	
  0.006500	  0.993500	  0.000000	  0.000000	
  0.858000	  0.035000	  0.063500	  0.043500	
  0.026500	  0.936000	  0.037500	  0.000000	
  0.968000	  0.003500	  0.000000	  0.028500	
  0.328000	  0.074500	  0.536000	  0.061500	
  0.407000	  0.233500	  0.242500	  0.117000	
  0.260500	  0.348000	  0.248000	  0.143500	

URL http://cisbp.ccbr.utoronto.ca/TFreport.php?versionNumber=1.02&searchTF=T139222_1.02

MOTIF M1850_1.02 (amel4_ncbi_hmm1131)_(Drosophila_melanogaster)_(DBD_0.91)

letter-probability matrix: alength= 4 w= 10 nsites= 1 E= 0
  0.157895	  0.421053	  0.263158	  0.157895	
  0.078947	  0.578947	  0.210526	  0.131579	
  0.131579	  0.078947	  0.657895	  0.131579	
  0.000000	  0.078947	  0.000000	  0.921053	
  0.026316	  0.026316	  0.947368	  0.000000	
  1.000000	  0.000000	  0.000000	  0.000000	
  0.000000	  1.000000	  0.000000	  0.000000	
  0.000000	  1.000000	  0.000000	  0.000000	
  0.026316	  0.947368	  0.000000	  0.026316	
  0.000000	  0.973684	  0.026316	  0.000000	

URL http://cisbp.ccbr.utoronto.ca/TFreport.php?versionNumber=1.02&searchTF=T131127_1.02

MOTIF M1855_1.02 (amel4_ncbi_hmm4449)_(Drosophila_melanogaster)_(DBD_0.80)

letter-probability matrix: alength= 4 w= 10 nsites= 1 E= 0
  0.000000	  0.111111	  0.777778	  0.111111	
  0.000000	  0.000000	  0.777778	  0.222222	
  0.000000	  0.000000	  1.000000	  0.000000	
  0.000000	  0.000000	  0.888889	  0.111111	
  0.444444	  0.111111	  0.000000	  0.444444	
  0.222222	  0.111111	  0.000000	  0.666667	
  0.000000	  0.000000	  0.000000	  1.000000	
  0.000000	  0.111111	  0.000000	  0.888889	
  0.000000	  1.000000	  0.000000	  0.000000	
  0.111111	  0.888889	  0.000000	  0.000000	

URL http://cisbp.ccbr.utoronto.ca/TFreport.php?versionNumber=1.02&searchTF=T138021_1.02

MOTIF M1858_1.02 (amel4_ncbi_hmm2086)_(Drosophila_melanogaster)_(DBD_0.97)

letter-probability matrix: alength= 4 w= 7 nsites= 1 E= 0
  0.117647	  0.705882	  0.117647	  0.058824	
  0.294118	  0.705882	  0.000000	  0.000000	
  0.000000	  0.000000	  1.000000	  0.000000	
  0.000000	  0.000000	  1.000000	  0.000000	
  1.000000	  0.000000	  0.000000	  0.000000	
  1.000000	  0.000000	  0.000000	  0.000000	
  0.294118	  0.058824	  0.588235	  0.058824	

URL http://cisbp.ccbr.utoronto.ca/TFreport.php?versionNumber=1.02&searchTF=T077527_1.02

MOTIF M1869_1.02 (amel4_ncbi_hmm9020)_(Homo_sapiens)_(DBD_0.90)

letter-probability matrix: alength= 4 w= 8 nsites= 1 E= 0
  1.000000	  0.000000	  0.000000	  0.000000	
  0.000000	  0.000000	  1.000000	  0.000000	
  1.000000	  0.000000	  0.000000	  0.000000	
  0.000000	  0.000000	  0.000000	  1.000000	
  1.000000	  0.000000	  0.000000	  0.000000	
  1.000000	  0.000000	  0.000000	  0.000000	
  0.278738	  0.000000	  0.721262	  0.000000	
  0.604149	  0.153846	  0.242005	  0.000000	

URL http://cisbp.ccbr.utoronto.ca/TFreport.php?versionNumber=1.02&searchTF=T084249_1.02

MOTIF M1890_1.02 (amel4_ncbi_hmm14340)_(Homo_sapiens)_(DBD_0.93)

letter-probability matrix: alength= 4 w= 18 nsites= 1 E= 0
  0.536953	  0.172787	  0.112112	  0.178148	
  0.135379	  0.112568	  0.522354	  0.229699	
  0.404653	  0.257299	  0.247263	  0.090785	
  0.137203	  0.339074	  0.453695	  0.070027	
  0.208257	  0.267336	  0.035698	  0.488709	
  0.021898	  0.095119	  0.546077	  0.336907	
  0.027030	  0.842153	  0.054859	  0.075958	
  0.001825	  0.113253	  0.027600	  0.857322	
  0.025319	  0.116104	  0.819001	  0.039576	
  0.975707	  0.000228	  0.017108	  0.006957	
  0.000570	  0.005931	  0.000912	  0.992587	
  0.001141	  0.000570	  0.000570	  0.997719	
  0.003307	  0.001141	  0.994526	  0.001026	
  0.001369	  0.007984	  0.990306	  0.000342	
  0.042997	  0.305315	  0.001711	  0.649977	
  0.052464	  0.449703	  0.213618	  0.284215	
  0.175297	  0.476277	  0.253992	  0.094434	
  0.485972	  0.129562	  0.308736	  0.075730	

URL http://cisbp.ccbr.utoronto.ca/TFreport.php?versionNumber=1.02&searchTF=T070421_1.02

MOTIF M1891_1.02 (amel4_ncbi_hmm19137)_(Mus_musculus)_(DBD_0.85)

letter-probability matrix: alength= 4 w= 11 nsites= 1 E= 0
  0.032356	  0.776542	  0.190091	  0.001011	
  0.070779	  0.924166	  0.004044	  0.001011	
  0.000000	  0.000000	  0.998991	  0.001009	
  0.000000	  0.000000	  1.000000	  0.000000	
  0.997986	  0.001007	  0.001007	  0.000000	
  0.995972	  0.002014	  0.000000	  0.002014	
  0.094758	  0.032258	  0.872984	  0.000000	
  0.056509	  0.263370	  0.037336	  0.642785	
  0.155556	  0.138384	  0.609091	  0.096970	
  0.266667	  0.264646	  0.419192	  0.049495	
  0.235354	  0.360606	  0.226263	  0.177778	

URL http://cisbp.ccbr.utoronto.ca/TFreport.php?versionNumber=1.02&searchTF=T077526_1.02

MOTIF M1910_1.02 (amel4_ncbi_hmm1980)_(Homo_sapiens)_(DBD_0.96)

letter-probability matrix: alength= 4 w= 18 nsites= 1 E= 0
  0.187088	  0.357049	  0.123408	  0.332455	
  0.446640	  0.195872	  0.145367	  0.212121	
  0.226175	  0.125165	  0.090470	  0.558191	
  0.118577	  0.112868	  0.439174	  0.329381	
  0.209486	  0.299078	  0.234080	  0.257356	
  0.021520	  0.941590	  0.000000	  0.036891	
  0.000000	  0.924462	  0.000000	  0.075538	
  0.776021	  0.028986	  0.010101	  0.184892	
  0.519982	  0.000000	  0.032060	  0.447958	
  0.977602	  0.000000	  0.007027	  0.015371	
  0.259113	  0.052701	  0.007027	  0.681159	
  0.899429	  0.005270	  0.022398	  0.072903	
  0.637681	  0.004392	  0.038208	  0.319719	
  0.029864	  0.000000	  0.970136	  0.000000	
  0.006588	  0.003074	  0.990338	  0.000000	
  0.267018	  0.379447	  0.193676	  0.159859	
  0.594203	  0.221344	  0.101010	  0.083443	
  0.570487	  0.078173	  0.202020	  0.149319	

URL http://cisbp.ccbr.utoronto.ca/TFreport.php?versionNumber=1.02&searchTF=T111075_1.02

MOTIF M1912_1.02 (amel4_ncbi_hmm27812)_(Drosophila_melanogaster)_(DBD_0.90)

letter-probability matrix: alength= 4 w= 16 nsites= 1 E= 0
  0.100000	  0.300000	  0.300000	  0.300000	
  0.000000	  0.400000	  0.000000	  0.600000	
  0.000000	  0.000000	  1.000000	  0.000000	
  0.000000	  0.000000	  0.000000	  1.000000	
  0.000000	  0.000000	  1.000000	  0.000000	
  0.300000	  0.000000	  0.700000	  0.000000	
  0.000000	  0.000000	  1.000000	  0.000000	
  1.000000	  0.000000	  0.000000	  0.000000	
  1.000000	  0.000000	  0.000000	  0.000000	
  0.500000	  0.500000	  0.000000	  0.000000	
  0.100000	  0.700000	  0.100000	  0.100000	
  0.100000	  0.200000	  0.400000	  0.300000	
  0.400000	  0.200000	  0.200000	  0.200000	
  0.300000	  0.100000	  0.400000	  0.200000	
  0.400000	  0.300000	  0.200000	  0.100000	
  0.200000	  0.100000	  0.200000	  0.500000	

URL http://cisbp.ccbr.utoronto.ca/TFreport.php?versionNumber=1.02&searchTF=T073054_1.02

MOTIF M1915_1.02 (amel4_ncbi_hmm26442)_(Xenopus_laevis)_(DBD_0.71)

letter-probability matrix: alength= 4 w= 20 nsites= 1 E= 0
  0.000000	  0.100000	  0.600000	  0.300000	
  0.100000	  0.700000	  0.100000	  0.100000	
  0.500000	  0.000000	  0.300000	  0.200000	
  0.500000	  0.100000	  0.100000	  0.300000	
  0.100000	  0.000000	  0.500000	  0.400000	
  0.000000	  0.000000	  1.000000	  0.000000	
  0.300000	  0.600000	  0.100000	  0.000000	
  0.900000	  0.100000	  0.000000	  0.000000	
  0.000000	  0.200000	  0.200000	  0.600000	
  0.000000	  0.200000	  0.400000	  0.400000	
  0.500000	  0.400000	  0.100000	  0.000000	
  0.000000	  0.000000	  0.100000	  0.900000	
  0.000000	  0.000000	  1.000000	  0.000000	
  0.000000	  0.000000	  1.000000	  0.000000	
  0.200000	  0.000000	  0.700000	  0.100000	
  0.700000	  0.000000	  0.100000	  0.200000	
  0.500000	  0.200000	  0.300000	  0.000000	
  0.400000	  0.100000	  0.300000	  0.200000	
  0.100000	  0.100000	  0.200000	  0.600000	
  0.300000	  0.400000	  0.300000	  0.000000	

URL http://cisbp.ccbr.utoronto.ca/TFreport.php?versionNumber=1.02&searchTF=T035424_1.02

MOTIF M1917_1.02 (amel4_ncbi_hmm4236)_(Homo_sapiens)_(DBD_0.66)

letter-probability matrix: alength= 4 w= 11 nsites= 1 E= 0
  0.236433	  0.066085	  0.589360	  0.108123	
  0.218264	  0.000000	  0.781736	  0.000000	
  0.041860	  0.081641	  0.000000	  0.876499	
  0.000000	  1.000000	  0.000000	  0.000000	
  1.000000	  0.000000	  0.000000	  0.000000	
  0.000000	  0.869374	  0.035328	  0.095297	
  0.323180	  0.055338	  0.610319	  0.011163	
  0.015972	  0.000000	  0.000000	  0.984028	
  0.000000	  0.000000	  0.997447	  0.002553	
  0.293255	  0.177117	  0.442228	  0.087401	
  0.063532	  0.425246	  0.223489	  0.287733	

URL http://cisbp.ccbr.utoronto.ca/TFreport.php?versionNumber=1.02&searchTF=T012104_1.02

MOTIF M1919_1.02 (amel4_ncbi_hmm38608)_(Homo_sapiens)_(DBD_0.99)

letter-probability matrix: alength= 4 w= 12 nsites= 1 E= 0
  0.157021	  0.639102	  0.111700	  0.092177	
  0.972668	  0.000000	  0.025241	  0.002092	
  0.940036	  0.013806	  0.037373	  0.008785	
  0.349463	  0.155766	  0.457677	  0.037094	
  1.000000	  0.000000	  0.000000	  0.000000	
  0.000000	  0.001673	  0.000000	  0.998327	
  0.001534	  0.000000	  0.998466	  0.000000	
  0.001813	  0.000000	  0.998187	  0.000000	
  0.113234	  0.786083	  0.005299	  0.095384	
  0.120904	  0.234416	  0.385581	  0.259099	
  0.125366	  0.122019	  0.649142	  0.103472	
  0.185748	  0.637010	  0.054525	  0.122716	

URL http://cisbp.ccbr.utoronto.ca/TFreport.php?versionNumber=1.02&searchTF=T035462_1.02

MOTIF M1946_1.02 (amel4_ncbi_hmm10976)_(Drosophila_melanogaster)_(DBD_0.94)

