MEME version 5.5.8 (Fri May 2 15:43:49 2025 -0700)

ALPHABET= ACGT

strands: + -

Background letter frequencies (from uniform background):
A 0.25000 C 0.25000 G 0.25000 T 0.25000 

MOTIF M0178_1.02 (Q4JF73_CIOIN)_(Mus_musculus)_(DBD_0.65)

letter-probability matrix: alength= 4 w= 10 nsites= 1 E= 0
  0.315548	  0.181281	  0.304970	  0.198202	
  0.342567	  0.215650	  0.329097	  0.112687	
  0.036295	  0.956859	  0.000000	  0.006845	
  0.887444	  0.026036	  0.052040	  0.034479	
  0.022313	  0.233167	  0.582932	  0.161589	
  0.161589	  0.582932	  0.233167	  0.022313	
  0.034479	  0.052040	  0.026036	  0.887444	
  0.006845	  0.000000	  0.956859	  0.036295	
  0.112687	  0.329097	  0.215650	  0.342567	
  0.198202	  0.304970	  0.181281	  0.315548	

URL http://cisbp.ccbr.utoronto.ca/TFreport.php?versionNumber=1.02&searchTF=T013441_1.02

MOTIF M0217_1.02 (Q4H354_CIOIN)_(Mus_musculus)_(DBD_0.79)

letter-probability matrix: alength= 4 w= 10 nsites= 1 E= 0
  0.424799	  0.113479	  0.235478	  0.226244	
  0.169637	  0.592091	  0.171342	  0.066931	
  0.271365	  0.687777	  0.026936	  0.013922	
  0.665113	  0.034812	  0.186785	  0.113291	
  0.001368	  0.064301	  0.143105	  0.791225	
  0.793894	  0.140745	  0.056090	  0.009272	
  0.075714	  0.150952	  0.010559	  0.762775	
  0.011683	  0.000903	  0.869711	  0.117703	
  0.038634	  0.150525	  0.421629	  0.389213	
  0.091763	  0.270213	  0.234912	  0.403111	

URL http://cisbp.ccbr.utoronto.ca/TFreport.php?versionNumber=1.02&searchTF=T013422_1.02

MOTIF M0218_1.02 (Q4H371_CIOIN)_(Mus_musculus)_(DBD_0.70)

letter-probability matrix: alength= 4 w= 8 nsites= 1 E= 0
  0.143162	  0.570513	  0.285613	  0.000712	
  0.000499	  0.998503	  0.000499	  0.000499	
  0.998503	  0.000499	  0.000499	  0.000499	
  0.000499	  0.000499	  0.200100	  0.798902	
  0.798902	  0.200100	  0.000499	  0.000499	
  0.000499	  0.000499	  0.000499	  0.998503	
  0.000499	  0.000499	  0.998503	  0.000499	
  0.000767	  0.230828	  0.154141	  0.614264	

URL http://cisbp.ccbr.utoronto.ca/TFreport.php?versionNumber=1.02&searchTF=T013435_1.02

MOTIF M0302_1.02 (Q4H3V9_CIOIN)_(Mus_musculus)_(DBD_0.59)

letter-probability matrix: alength= 4 w= 10 nsites= 1 E= 0
  0.226159	  0.202601	  0.358252	  0.212988	
  0.460836	  0.137420	  0.369830	  0.031914	
  0.004173	  0.013179	  0.001614	  0.981035	
  0.044273	  0.036980	  0.742765	  0.175982	
  0.987799	  0.000325	  0.000224	  0.011652	
  0.041156	  0.637382	  0.123639	  0.197822	
  0.166793	  0.107421	  0.496090	  0.229696	
  0.203168	  0.294133	  0.136187	  0.366512	
  0.366588	  0.277061	  0.220135	  0.136216	
  0.350480	  0.202210	  0.214714	  0.232596	

URL http://cisbp.ccbr.utoronto.ca/TFreport.php?versionNumber=1.02&searchTF=T024742_1.02

MOTIF M0319_1.02 (Q4H3R3_CIOIN)_(Mus_musculus)_(DBD_0.81)

letter-probability matrix: alength= 4 w= 10 nsites= 1 E= 0
  0.183122	  0.183122	  0.270541	  0.363215	
  0.645397	  0.087274	  0.180054	  0.087274	
  0.000184	  0.000184	  0.000184	  0.999448	
  0.000184	  0.000184	  0.724689	  0.274944	
  0.999448	  0.000184	  0.000184	  0.000184	
  0.000184	  0.999448	  0.000184	  0.000184	
  0.000184	  0.000184	  0.999448	  0.000184	
  0.000184	  0.000184	  0.000184	  0.999448	
  0.547966	  0.317911	  0.067062	  0.067062	
  0.511272	  0.162909	  0.162909	  0.162909	

URL http://cisbp.ccbr.utoronto.ca/TFreport.php?versionNumber=1.02&searchTF=T024747_1.02

MOTIF M0322_1.02 (ENSCING00000009285)_(Xenopus_tropicalis)_(DBD_0.80)

letter-probability matrix: alength= 4 w= 9 nsites= 1 E= 0
  0.449347	  0.217469	  0.202071	  0.131113	
  0.190651	  0.000109	  0.000109	  0.809132	
  0.000109	  0.190651	  0.809132	  0.000109	
  0.999674	  0.000109	  0.000109	  0.000109	
  0.000109	  0.999674	  0.000109	  0.000109	
  0.190651	  0.000109	  0.377050	  0.432191	
  0.000109	  0.825140	  0.000109	  0.174643	
  0.901880	  0.097902	  0.000109	  0.000109	
  0.216789	  0.330350	  0.118996	  0.333866	

URL http://cisbp.ccbr.utoronto.ca/TFreport.php?versionNumber=1.02&searchTF=T024752_1.02

MOTIF M0396_1.02 (ENSCING00000006616)_(Mus_musculus)_(DBD_0.94)

letter-probability matrix: alength= 4 w= 10 nsites= 1 E= 0
  0.421366	  0.195525	  0.181878	  0.201232	
  0.443805	  0.205154	  0.147552	  0.203489	
  0.163505	  0.668656	  0.069838	  0.098002	
  0.486448	  0.000004	  0.513153	  0.000396	
  0.006671	  0.000189	  0.993136	  0.000004	
  0.203978	  0.028198	  0.090710	  0.677114	
  0.859283	  0.000001	  0.104554	  0.036161	
  0.044236	  0.000000	  0.942389	  0.013374	
  0.034714	  0.675756	  0.116217	  0.173312	
  0.351094	  0.201449	  0.184650	  0.262806	

URL http://cisbp.ccbr.utoronto.ca/TFreport.php?versionNumber=1.02&searchTF=T040346_1.02

MOTIF M0405_1.02 (ENSCING00000001563)_(Mus_musculus)_(DBD_0.90)

letter-probability matrix: alength= 4 w= 10 nsites= 1 E= 0
  0.322200	  0.077105	  0.258571	  0.342124	
  0.174850	  0.000229	  0.823801	  0.001121	
  0.000272	  0.000173	  0.999363	  0.000191	
  0.000074	  0.000241	  0.999596	  0.000089	
  0.100743	  0.660217	  0.010304	  0.228736	
  0.015211	  0.000320	  0.974574	  0.009895	
  0.042318	  0.089587	  0.352557	  0.515538	
  0.208085	  0.076550	  0.538047	  0.177318	
  0.167365	  0.115605	  0.497789	  0.219242	
  0.170239	  0.414554	  0.180766	  0.234441	

URL http://cisbp.ccbr.utoronto.ca/TFreport.php?versionNumber=1.02&searchTF=T040314_1.02

MOTIF M0443_1.02 (Q4H2J3_CIOIN)_(Mus_musculus)_(DBD_0.85)

letter-probability matrix: alength= 4 w= 10 nsites= 1 E= 0
  0.260102	  0.124098	  0.223872	  0.391927	
  0.187213	  0.000148	  0.790168	  0.022471	
  0.000002	  0.000005	  0.999931	  0.000063	
  0.000374	  0.000026	  0.999566	  0.000034	
  0.076094	  0.621399	  0.000039	  0.302468	
  0.000325	  0.000031	  0.997699	  0.001945	
  0.060231	  0.086331	  0.346604	  0.506834	
  0.189328	  0.102872	  0.514647	  0.193153	
  0.167870	  0.130737	  0.470215	  0.231178	
  0.172456	  0.411638	  0.156045	  0.259860	

URL http://cisbp.ccbr.utoronto.ca/TFreport.php?versionNumber=1.02&searchTF=T040388_1.02

MOTIF M0451_1.02 (ENSCING00000011342)_(Caenorhabditis_elegans)_(DBD_0.75)

letter-probability matrix: alength= 4 w= 10 nsites= 1 E= 0
  0.207715	  0.453123	  0.127251	  0.211911	
  0.291228	  0.294155	  0.161436	  0.253181	
  0.116251	  0.349237	  0.409833	  0.124680	
  0.407697	  0.065400	  0.102568	  0.424335	
  0.019092	  0.030855	  0.924537	  0.025516	
  0.936509	  0.016316	  0.019730	  0.027444	
  0.013438	  0.005197	  0.000868	  0.980498	
  0.063577	  0.005115	  0.004024	  0.927283	
  0.112992	  0.149503	  0.199799	  0.537707	
  0.315187	  0.217711	  0.193092	  0.274010	

URL http://cisbp.ccbr.utoronto.ca/TFreport.php?versionNumber=1.02&searchTF=T040372_1.02

MOTIF M0632_1.02 (Q4H3P8_CIOIN)_(Homo_sapiens)_(DBD_0.98)

letter-probability matrix: alength= 4 w= 10 nsites= 1 E= 0
  0.391936	  0.183295	  0.148576	  0.276193	
  0.378242	  0.182278	  0.150737	  0.288742	
  0.278003	  0.143686	  0.091618	  0.486692	
  0.161592	  0.078655	  0.558398	  0.201355	
  0.131885	  0.106904	  0.107979	  0.653232	
  0.417907	  0.098029	  0.168218	  0.315847	
  0.288677	  0.108344	  0.224822	  0.378157	
  0.189159	  0.451505	  0.137357	  0.221980	
  0.330255	  0.192455	  0.235066	  0.242224	
  0.345463	  0.193424	  0.222491	  0.238623	

URL http://cisbp.ccbr.utoronto.ca/TFreport.php?versionNumber=1.02&searchTF=T075086_1.02

MOTIF M0702_1.02 (Q4H2Y6_CIOIN)_(Mus_musculus)_(DBD_0.60)

letter-probability matrix: alength= 4 w= 10 nsites= 1 E= 0
  0.322340	  0.195509	  0.263909	  0.218242	
  0.433860	  0.124303	  0.159608	  0.282230	
  0.311585	  0.293439	  0.240248	  0.154728	
  0.200253	  0.544344	  0.186715	  0.068688	
  0.284306	  0.645517	  0.054058	  0.016120	
  0.011537	  0.000434	  0.987890	  0.000139	
  0.006865	  0.014532	  0.949918	  0.028685	
  0.874097	  0.008964	  0.059931	  0.057008	
  0.302190	  0.165846	  0.058036	  0.473929	
  0.296924	  0.248012	  0.296924	  0.158139	

URL http://cisbp.ccbr.utoronto.ca/TFreport.php?versionNumber=1.02&searchTF=T077729_1.02

MOTIF M0710_1.02 (Q4H3L2_CIOIN)_(Mus_musculus)_(DBD_0.86)

letter-probability matrix: alength= 4 w= 10 nsites= 1 E= 0
  0.273969	  0.224307	  0.302782	  0.198942	
  0.487672	  0.100448	  0.244604	  0.167276	
  0.092545	  0.704648	  0.163645	  0.039162	
  0.101165	  0.886031	  0.012143	  0.000661	
  0.000629	  0.000385	  0.998745	  0.000241	
  0.003523	  0.004524	  0.991646	  0.000307	
  0.973452	  0.007177	  0.011033	  0.008338	
  0.692543	  0.034137	  0.018548	  0.254772	
  0.273496	  0.101625	  0.596624	  0.028255	
  0.097991	  0.269045	  0.080229	  0.552735	

URL http://cisbp.ccbr.utoronto.ca/TFreport.php?versionNumber=1.02&searchTF=T077728_1.02

MOTIF M0714_1.02 (Q4H3L6_CIOIN)_(Mus_musculus)_(DBD_0.82)

letter-probability matrix: alength= 4 w= 10 nsites= 1 E= 0
  0.317910	  0.196718	  0.242686	  0.242686	
  0.410724	  0.145172	  0.244184	  0.199921	
  0.176615	  0.381448	  0.240802	  0.201135	
  0.268249	  0.562233	  0.109062	  0.060456	
  0.055322	  0.002040	  0.909748	  0.032890	
  0.057867	  0.000001	  0.942131	  0.000001	
  0.950314	  0.000003	  0.014981	  0.034702	
  0.635026	  0.051607	  0.007342	  0.306025	
  0.406386	  0.099216	  0.427222	  0.067175	
  0.152880	  0.289934	  0.102479	  0.454707	

URL http://cisbp.ccbr.utoronto.ca/TFreport.php?versionNumber=1.02&searchTF=T077730_1.02

MOTIF M0716_1.02 Ci-FoxM

letter-probability matrix: alength= 4 w= 9 nsites= 1 E= 0
  0.368242	  0.114290	  0.468127	  0.049340	
  0.308395	  0.076049	  0.024813	  0.590743	
  0.646708	  0.181616	  0.004022	  0.167653	
  0.772964	  0.084795	  0.023109	  0.119132	
  0.851766	  0.032050	  0.072046	  0.044138	
  0.047651	  0.799427	  0.020778	  0.132144	
  0.913005	  0.021906	  0.025965	  0.039124	
  0.603968	  0.130781	  0.103910	  0.161341	
  0.205251	  0.355752	  0.205251	  0.233746	

URL http://cisbp.ccbr.utoronto.ca/TFreport.php?versionNumber=1.02&searchTF=T081266_1.02

MOTIF M0722_1.02 (ENSCING00000016858)_(Mus_musculus)_(DBD_0.41)

letter-probability matrix: alength= 4 w= 8 nsites= 1 E= 0
  0.461214	  0.000384	  0.538018	  0.000384	
  0.050200	  0.025225	  0.000250	  0.924326	
  0.794959	  0.204587	  0.000227	  0.000227	
  0.977131	  0.000222	  0.000222	  0.022425	
  0.999334	  0.000222	  0.000222	  0.000222	
  0.000227	  0.953906	  0.000227	  0.045640	
  0.999319	  0.000227	  0.000227	  0.000227	
  0.593321	  0.125156	  0.125156	  0.156367	

URL http://cisbp.ccbr.utoronto.ca/TFreport.php?versionNumber=1.02&searchTF=T081284_1.02

MOTIF M0723_1.02 (Q4H3I9_CIOIN)_(Mus_musculus)_(DBD_0.83)

letter-probability matrix: alength= 4 w= 10 nsites= 1 E= 0
  0.304424	  0.223279	  0.262020	  0.210276	
  0.213777	  0.233909	  0.245902	  0.306412	
  0.293934	  0.159709	  0.385043	  0.161314	
  0.246234	  0.175262	  0.129837	  0.448667	
  0.528194	  0.286995	  0.062145	  0.122666	
  0.598965	  0.187767	  0.067034	  0.146233	
  0.718961	  0.066540	  0.146615	  0.067884	
  0.033458	  0.590092	  0.077500	  0.298951	
  0.671272	  0.049858	  0.121410	  0.157460	
  0.326891	  0.210530	  0.210530	  0.252050	

URL http://cisbp.ccbr.utoronto.ca/TFreport.php?versionNumber=1.02&searchTF=T081276_1.02

MOTIF M0730_1.02 (ENSCING00000016777)_(Mus_musculus)_(DBD_0.44)

letter-probability matrix: alength= 4 w= 10 nsites= 1 E= 0
  0.272830	  0.216772	  0.234827	  0.275572	
  0.236181	  0.268969	  0.233831	  0.261020	
  0.376099	  0.120284	  0.459368	  0.044250	
  0.301361	  0.116549	  0.054506	  0.527584	
  0.541462	  0.362953	  0.011294	  0.084291	
  0.808871	  0.125919	  0.005133	  0.060078	
  0.912414	  0.013411	  0.041517	  0.032658	
  0.002774	  0.692453	  0.002830	  0.301944	
  0.832856	  0.046752	  0.050646	  0.069746	
  0.333275	  0.225646	  0.206225	  0.234855	

URL http://cisbp.ccbr.utoronto.ca/TFreport.php?versionNumber=1.02&searchTF=T081282_1.02

MOTIF M0736_1.02 (Q4H3I2_CIOIN)_(Mus_musculus)_(DBD_0.90)

letter-probability matrix: alength= 4 w= 8 nsites= 1 E= 0
  0.309467	  0.142959	  0.547336	  0.000238	
  0.295052	  0.000164	  0.000164	  0.704620	
  0.619510	  0.295749	  0.000141	  0.084600	
  0.888534	  0.069545	  0.000139	  0.041782	
  0.999584	  0.000139	  0.000139	  0.000139	
  0.000139	  0.957940	  0.000139	  0.041782	
  0.999572	  0.000143	  0.000143	  0.000143	
  0.660068	  0.132164	  0.056750	  0.151018	

URL http://cisbp.ccbr.utoronto.ca/TFreport.php?versionNumber=1.02&searchTF=T081261_1.02

MOTIF M0737_1.02 (NP_001027695.1)_(Mus_musculus)_(DBD_0.84)

letter-probability matrix: alength= 4 w= 10 nsites= 1 E= 0
  0.329842	  0.082156	  0.060257	  0.527746	
  0.520070	  0.108198	  0.255689	  0.116043	
  0.283345	  0.081996	  0.128595	  0.506065	
  0.209230	  0.033229	  0.701648	  0.055893	
  0.071321	  0.155585	  0.032694	  0.740400	
  0.638753	  0.232646	  0.070072	  0.058529	
  0.729556	  0.133278	  0.066184	  0.070983	
  0.865457	  0.036352	  0.043959	  0.054231	
  0.059316	  0.519509	  0.058726	  0.362449	
  0.777489	  0.053307	  0.067092	  0.102112	

URL http://cisbp.ccbr.utoronto.ca/TFreport.php?versionNumber=1.02&searchTF=T081267_1.02

MOTIF M0738_1.02 (Q4H317_CIOIN)_(Oryzias_latipes)_(DBD_0.44)

letter-probability matrix: alength= 4 w= 8 nsites= 1 E= 0
  0.352700	  0.000587	  0.646127	  0.000587	
  0.000384	  0.000384	  0.000384	  0.998848	
  0.922043	  0.077189	  0.000384	  0.000384	
  0.998848	  0.000384	  0.000384	  0.000384	
  0.998848	  0.000384	  0.000384	  0.000384	
  0.000384	  0.922043	  0.000384	  0.077189	
  0.998848	  0.000384	  0.000384	  0.000384	
  0.499446	  0.222284	  0.055987	  0.222284	

URL http://cisbp.ccbr.utoronto.ca/TFreport.php?versionNumber=1.02&searchTF=T081269_1.02

MOTIF M0747_1.02 (NP_001027769.1)_(Mus_musculus)_(DBD_0.71)

letter-probability matrix: alength= 4 w= 10 nsites= 1 E= 0
  0.366283	  0.166235	  0.164581	  0.302901	
  0.345139	  0.171391	  0.195185	  0.288285	
  0.267836	  0.181340	  0.196443	  0.354381	
  0.346821	  0.108724	  0.419393	  0.125062	
  0.146969	  0.100507	  0.031824	  0.720700	
  0.700016	  0.254959	  0.000720	  0.044305	
  0.906192	  0.053477	  0.000316	  0.040015	
  0.934400	  0.000771	  0.023568	  0.041260	
  0.033048	  0.600627	  0.033381	  0.332944	
  0.853101	  0.047889	  0.045553	  0.053457	

URL http://cisbp.ccbr.utoronto.ca/TFreport.php?versionNumber=1.02&searchTF=T081260_1.02

MOTIF M0879_1.02 Ci-Hox12

letter-probability matrix: alength= 4 w= 8 nsites= 1 E= 0
  0.038786	  0.000384	  0.038786	  0.922043	
  0.000333	  0.000333	  0.000333	  0.999001	
  0.580219	  0.000322	  0.000322	  0.419137	
  0.966817	  0.000322	  0.000322	  0.032539	
  0.000322	  0.258054	  0.000322	  0.741302	
  0.000322	  0.000322	  0.419137	  0.580219	
  0.832557	  0.000333	  0.166778	  0.000333	
  0.000499	  0.699102	  0.050399	  0.250000	

URL http://cisbp.ccbr.utoronto.ca/TFreport.php?versionNumber=1.02&searchTF=T091718_1.02

MOTIF M0880_1.02 Ci-Nkx-B

letter-probability matrix: alength= 4 w= 8 nsites= 1 E= 0
  0.121952	  0.429933	  0.123178	  0.324937	
  0.549965	  0.038086	  0.146915	  0.265033	
  0.183785	  0.514793	  0.133455	  0.167967	
  0.183447	  0.103744	  0.121745	  0.591065	
  0.189890	  0.180629	  0.123525	  0.505955	
  0.447883	  0.174956	  0.169785	  0.207376	
  0.327099	  0.194467	  0.254745	  0.223690	
  0.222243	  0.258210	  0.288234	  0.231313	

URL http://cisbp.ccbr.utoronto.ca/TFreport.php?versionNumber=1.02&searchTF=T091723_1.02

MOTIF M0881_1.02 Ci-Prd-B

letter-probability matrix: alength= 4 w= 9 nsites= 1 E= 0
  0.321534	  0.219884	  0.276747	  0.181835	
  0.166299	  0.306063	  0.338252	  0.189386	
  0.050352	  0.379572	  0.026025	  0.544051	
  0.743783	  0.113494	  0.068153	  0.074571	
  0.927835	  0.038585	  0.020345	  0.013235	
  0.012652	  0.006874	  0.000227	  0.980247	
  0.110935	  0.361025	  0.045556	  0.482484	
  0.742155	  0.032771	  0.072208	  0.152865	
  0.366261	  0.134740	  0.205069	  0.293931	

URL http://cisbp.ccbr.utoronto.ca/TFreport.php?versionNumber=1.02&searchTF=T091742_1.02

MOTIF M0882_1.02 Ci-Prd-A

letter-probability matrix: alength= 4 w= 11 nsites= 1 E= 0
  0.317984	  0.227339	  0.227339	  0.227339	
  0.296310	  0.292359	  0.205665	  0.205665	
  0.071800	  0.302020	  0.071800	  0.554379	
  0.000143	  0.000143	  0.000143	  0.999572	
  0.999572	  0.000143	  0.000143	  0.000143	
  0.999572	  0.000143	  0.000143	  0.000143	
  0.000143	  0.000143	  0.000143	  0.999572	
  0.000143	  0.000143	  0.000143	  0.999572	
  0.572984	  0.022804	  0.381408	  0.022804	
  0.165831	  0.044477	  0.745214	  0.044477	
  0.178342	  0.267148	  0.178342	  0.376167	

URL http://cisbp.ccbr.utoronto.ca/TFreport.php?versionNumber=1.02&searchTF=T091753_1.02

MOTIF M0911_1.02 (Q4H364_CIOIN)_(Mus_musculus)_(DBD_0.95)

letter-probability matrix: alength= 4 w= 10 nsites= 1 E= 0
  0.247073	  0.284202	  0.206373	  0.262352	
  0.149870	  0.075171	  0.040036	  0.734924	
  0.706549	  0.090958	  0.126519	  0.075974	
  0.851645	  0.008910	  0.044131	  0.095313	
  0.070692	  0.091682	  0.096383	  0.741243	
  0.120799	  0.217919	  0.226813	  0.434469	
  0.367812	  0.088905	  0.402450	  0.140833	
  0.215590	  0.296895	  0.274069	  0.213445	
  0.220651	  0.269503	  0.211999	  0.297847	
  0.238452	  0.238452	  0.243269	  0.279826	

URL http://cisbp.ccbr.utoronto.ca/TFreport.php?versionNumber=1.02&searchTF=T091706_1.02

MOTIF M0918_1.02 (Q4H3K7_CIOIN)_(Mus_musculus)_(DBD_0.86)

letter-probability matrix: alength= 4 w= 9 nsites= 1 E= 0
  0.219460	  0.327396	  0.179679	  0.273464	
  0.088570	  0.053186	  0.000936	  0.857308	
  0.857068	  0.032574	  0.099835	  0.010523	
  0.954621	  0.009692	  0.000478	  0.035209	
  0.041206	  0.128843	  0.065930	  0.764020	
  0.111328	  0.194900	  0.327826	  0.365946	
  0.451704	  0.092114	  0.302786	  0.153397	
  0.201062	  0.302963	  0.282481	  0.213494	
  0.202149	  0.292657	  0.221186	  0.284008	

URL http://cisbp.ccbr.utoronto.ca/TFreport.php?versionNumber=1.02&searchTF=T091741_1.02

MOTIF M0929_1.02 (ENSCING00000006964)_(Mus_musculus)_(DBD_0.95)

letter-probability matrix: alength= 4 w= 9 nsites= 1 E= 0
  0.212944	  0.305219	  0.179654	  0.302182	
  0.139237	  0.074156	  0.032014	  0.754592	
  0.749862	  0.028786	  0.146920	  0.074432	
  0.910880	  0.019190	  0.000909	  0.069021	
  0.047994	  0.131772	  0.069482	  0.750751	
  0.077838	  0.112689	  0.370417	  0.439057	
  0.522798	  0.084707	  0.264858	  0.127638	
  0.180205	  0.341756	  0.255723	  0.222315	
  0.212626	  0.301731	  0.212626	  0.273017	

URL http://cisbp.ccbr.utoronto.ca/TFreport.php?versionNumber=1.02&searchTF=T091716_1.02

MOTIF M0954_1.02 (NP_001027683.1)_(Mus_musculus)_(DBD_0.95)

letter-probability matrix: alength= 4 w= 9 nsites= 1 E= 0
  0.269860	  0.244180	  0.310413	  0.175547	
  0.222956	  0.322782	  0.189991	  0.264271	
  0.095770	  0.046616	  0.010402	  0.847212	
  0.799391	  0.056478	  0.097891	  0.046240	
  0.967307	  0.000597	  0.022077	  0.010019	
  0.039713	  0.048993	  0.055795	  0.855498	
  0.112128	  0.104548	  0.131584	  0.651740	
  0.377268	  0.097803	  0.400597	  0.124332	
  0.274391	  0.207380	  0.363054	  0.155175	

URL http://cisbp.ccbr.utoronto.ca/TFreport.php?versionNumber=1.02&searchTF=T091694_1.02

MOTIF M0970_1.02 (NP_001027968.1)_(Mus_musculus)_(DBD_0.75)

letter-probability matrix: alength= 4 w= 9 nsites= 1 E= 0
  0.212858	  0.299055	  0.164125	  0.323962	
  0.153798	  0.038307	  0.030742	  0.777153	
  0.777780	  0.031389	  0.089698	  0.101134	
  0.945835	  0.014470	  0.014615	  0.025080	
  0.045414	  0.028101	  0.156932	  0.769554	
  0.119773	  0.689246	  0.071208	  0.119773	
  0.076693	  0.566686	  0.114412	  0.242210	
  0.157784	  0.314576	  0.287500	  0.240141	
  0.219437	  0.296208	  0.221642	  0.262713	

URL http://cisbp.ccbr.utoronto.ca/TFreport.php?versionNumber=1.02&searchTF=T091717_1.02

MOTIF M0971_1.02 (Q4H2Z0_CIOIN)_(Mus_musculus)_(DBD_0.88)

letter-probability matrix: alength= 4 w= 8 nsites= 1 E= 0
  0.279458	  0.257972	  0.222039	  0.240532	
  0.219119	  0.081420	  0.091800	  0.607661	
  0.710086	  0.064418	  0.097066	  0.128430	
  0.831775	  0.061779	  0.040188	  0.066258	
  0.119257	  0.118071	  0.069497	  0.693175	
  0.114974	  0.318845	  0.176744	  0.389438	
  0.254916	  0.185107	  0.365379	  0.194598	
  0.290358	  0.210843	  0.296223	  0.202576	

URL http://cisbp.ccbr.utoronto.ca/TFreport.php?versionNumber=1.02&searchTF=T104363_1.02

MOTIF M0972_1.02 (Q4H2N3_CIOIN)_(Mus_musculus)_(DBD_0.91)

letter-probability matrix: alength= 4 w= 8 nsites= 1 E= 0
  0.205661	  0.300734	  0.189849	  0.303757	
  0.125034	  0.075837	  0.035114	  0.764015	
  0.752473	  0.068263	  0.113678	  0.065586	
  0.947059	  0.000567	  0.020767	  0.031606	
  0.052681	  0.078591	  0.069010	  0.799717	
  0.162578	  0.134445	  0.157773	  0.545203	
  0.352715	  0.124669	  0.349206	  0.173410	
  0.314813	  0.200734	  0.311680	  0.172773	

URL http://cisbp.ccbr.utoronto.ca/TFreport.php?versionNumber=1.02&searchTF=T091730_1.02

MOTIF M0983_1.02 (Q4H3Q9_CIOIN)_(Mus_musculus)_(DBD_0.91)

letter-probability matrix: alength= 4 w= 8 nsites= 1 E= 0
  0.745050	  0.002475	  0.002475	  0.250000	
  0.200397	  0.001984	  0.001984	  0.795635	
  0.001984	  0.001984	  0.001984	  0.994048	
  0.795635	  0.001984	  0.001984	  0.200397	
  0.994048	  0.001984	  0.001984	  0.001984	
  0.001984	  0.001984	  0.001984	  0.994048	
  0.200397	  0.001984	  0.001984	  0.795635	
  0.992574	  0.002475	  0.002475	  0.002475	

URL http://cisbp.ccbr.utoronto.ca/TFreport.php?versionNumber=1.02&searchTF=T091743_1.02

MOTIF M0994_1.02 (Q4H2T8_CIOIN)_(Mus_musculus)_(DBD_0.76)

letter-probability matrix: alength= 4 w= 9 nsites= 1 E= 0
  0.294249	  0.222388	  0.222388	  0.260975	
  0.183480	  0.221873	  0.178057	  0.416591	
  0.075940	  0.132946	  0.517984	  0.273129	
  0.948766	  0.047711	  0.002423	  0.001100	
  0.114207	  0.261913	  0.146644	  0.477236	
  0.526111	  0.349154	  0.000085	  0.124650	
  0.145740	  0.556586	  0.082419	  0.215255	
  0.169751	  0.417520	  0.211523	  0.201207	
  0.257435	  0.267941	  0.217189	  0.257435	

URL http://cisbp.ccbr.utoronto.ca/TFreport.php?versionNumber=1.02&searchTF=T091701_1.02

MOTIF M0999_1.02 (Q4H341_CIOIN)_(Mus_musculus)_(DBD_0.96)

letter-probability matrix: alength= 4 w= 9 nsites= 1 E= 0
  0.319806	  0.179059	  0.239299	  0.261835	
  0.326964	  0.089108	  0.142572	  0.441355	
  0.104999	  0.140324	  0.052665	  0.702012	
  0.632389	  0.042927	  0.165588	  0.159096	
  0.902412	  0.000373	  0.035342	  0.061872	
  0.062494	  0.001133	  0.033956	  0.902416	
  0.174093	  0.139713	  0.298744	  0.387450	
  0.522018	  0.055573	  0.301178	  0.121231	
  0.164852	  0.331971	  0.291502	  0.211674	

URL http://cisbp.ccbr.utoronto.ca/TFreport.php?versionNumber=1.02&searchTF=T091737_1.02

MOTIF M1000_1.02 (Q4H3W5_CIOIN)_(Mus_musculus)_(DBD_0.93)

letter-probability matrix: alength= 4 w= 8 nsites= 1 E= 0
  0.216987	  0.314139	  0.148389	  0.320485	
  0.078163	  0.026544	  0.007454	  0.887839	
  0.853506	  0.044228	  0.065324	  0.036942	
  0.978482	  0.000211	  0.008551	  0.012756	
  0.002825	  0.026803	  0.027897	  0.942475	
  0.104556	  0.090897	  0.098468	  0.706079	
  0.391058	  0.094524	  0.371986	  0.142431	
  0.297757	  0.193694	  0.374758	  0.133791	

URL http://cisbp.ccbr.utoronto.ca/TFreport.php?versionNumber=1.02&searchTF=T091744_1.02

MOTIF M1002_1.02 (NP_001027663.1)_(Mus_musculus)_(DBD_0.82)

letter-probability matrix: alength= 4 w= 9 nsites= 1 E= 0
  0.180487	  0.322358	  0.168285	  0.328870	
  0.103026	  0.115005	  0.065038	  0.716930	
  0.775551	  0.063661	  0.107080	  0.053709	
  0.897628	  0.006358	  0.000454	  0.095560	
  0.077016	  0.098890	  0.055925	  0.768169	
  0.180572	  0.058917	  0.288913	  0.471598	
  0.490098	  0.081013	  0.288474	  0.140415	
  0.197887	  0.298180	  0.280815	  0.223117	
  0.176121	  0.347641	  0.210855	  0.265382	

URL http://cisbp.ccbr.utoronto.ca/TFreport.php?versionNumber=1.02&searchTF=T091703_1.02

MOTIF M1015_1.02 (Q4H388_CIOIN)_(Mus_musculus)_(DBD_0.91)

letter-probability matrix: alength= 4 w= 7 nsites= 1 E= 0
  0.161249	  0.279486	  0.178208	  0.381058	
  0.074215	  0.310124	  0.003515	  0.612146	
  0.496430	  0.223061	  0.103280	  0.177229	
  0.604375	  0.168039	  0.074010	  0.153576	
  0.151745	  0.140078	  0.000347	  0.707829	
  0.255989	  0.195416	  0.091390	  0.457205	
  0.395010	  0.194204	  0.151246	  0.259540	

URL http://cisbp.ccbr.utoronto.ca/TFreport.php?versionNumber=1.02&searchTF=T091745_1.02

MOTIF M1016_1.02 (Q4H2T9_CIOIN)_(Mus_musculus)_(DBD_0.95)

letter-probability matrix: alength= 4 w= 7 nsites= 1 E= 0
  0.247356	  0.242458	  0.265291	  0.244895	
  0.187686	  0.245862	  0.203318	  0.363134	
  0.206531	  0.145540	  0.437226	  0.210703	
  0.818609	  0.111900	  0.033704	  0.035788	
  0.126658	  0.170970	  0.099632	  0.602740	
  0.539508	  0.337193	  0.043409	  0.079890	
  0.146793	  0.419484	  0.179294	  0.254430	

URL http://cisbp.ccbr.utoronto.ca/TFreport.php?versionNumber=1.02&searchTF=T091707_1.02

MOTIF M1024_1.02 (NP_001027821.1)_(Mus_musculus)_(DBD_0.95)

letter-probability matrix: alength= 4 w= 9 nsites= 1 E= 0
  0.308862	  0.217651	  0.204976	  0.268511	
  0.162560	  0.093789	  0.036637	  0.707014	
  0.804281	  0.032784	  0.144020	  0.018915	
  0.924954	  0.003353	  0.032451	  0.039242	
  0.084100	  0.081615	  0.097711	  0.736574	
  0.173718	  0.152541	  0.191988	  0.481753	
  0.336856	  0.096511	  0.419748	  0.146886	
  0.197434	  0.312750	  0.280172	  0.209643	
  0.224674	  0.282775	  0.231517	  0.261034	

URL http://cisbp.ccbr.utoronto.ca/TFreport.php?versionNumber=1.02&searchTF=T091719_1.02

MOTIF M1030_1.02 (Q4H342_CIOIN)_(Mus_musculus)_(DBD_0.96)

letter-probability matrix: alength= 4 w= 9 nsites= 1 E= 0
  0.280170	  0.222604	  0.274622	  0.222604	
  0.240127	  0.324138	  0.305262	  0.130473	
  0.104035	  0.558205	  0.022081	  0.315679	
  0.565289	  0.175447	  0.053375	  0.205889	
  0.192749	  0.728793	  0.007549	  0.070908	
  0.064783	  0.023360	  0.013079	  0.898778	
  0.114462	  0.267800	  0.027667	  0.590071	
  0.375247	  0.182652	  0.286456	  0.155646	
  0.381415	  0.155072	  0.217868	  0.245645	

URL http://cisbp.ccbr.utoronto.ca/TFreport.php?versionNumber=1.02&searchTF=T091721_1.02

MOTIF M1070_1.02 (NP_001027781.1)_(Mus_musculus)_(DBD_0.93)

letter-probability matrix: alength= 4 w= 9 nsites= 1 E= 0
  0.237025	  0.267245	  0.188324	  0.307405	
  0.190943	  0.097707	  0.058089	  0.653261	
  0.706721	  0.053018	  0.142684	  0.097576	
  0.852823	  0.035822	  0.030832	  0.080524	
  0.049891	  0.154446	  0.096529	  0.699134	
  0.151984	  0.156613	  0.366419	  0.324984	
  0.385943	  0.105182	  0.338894	  0.169981	
  0.241443	  0.272226	  0.227382	  0.258949	
  0.220137	  0.282662	  0.220137	  0.277064	

URL http://cisbp.ccbr.utoronto.ca/TFreport.php?versionNumber=1.02&searchTF=T091714_1.02

MOTIF M1073_1.02 (NP_001027669.1)_(Mus_musculus)_(DBD_0.81)

letter-probability matrix: alength= 4 w= 9 nsites= 1 E= 0
  0.180771	  0.316470	  0.149490	  0.353269	
  0.087724	  0.051635	  0.011521	  0.849119	
  0.903434	  0.012506	  0.065773	  0.018287	
  0.983264	  0.000463	  0.000459	  0.015814	
  0.010033	  0.092380	  0.055474	  0.842112	
  0.094530	  0.082180	  0.432210	  0.391080	
  0.500756	  0.052254	  0.345889	  0.101101	
  0.173376	  0.345662	  0.269201	  0.211761	
  0.208474	  0.298812	  0.208474	  0.284239	

URL http://cisbp.ccbr.utoronto.ca/TFreport.php?versionNumber=1.02&searchTF=T091715_1.02

MOTIF M1079_1.02 (ENSCING00000012310)_(Tetraodon_nigroviridis)_(DBD_0.89)

letter-probability matrix: alength= 4 w= 9 nsites= 1 E= 0
  0.216255	  0.291914	  0.188003	  0.303827	
  0.122741	  0.094640	  0.009777	  0.772842	
  0.761923	  0.034669	  0.124692	  0.078716	
  0.882288	  0.051035	  0.020958	  0.045719	
  0.105084	  0.144714	  0.127072	  0.623131	
  0.137056	  0.221492	  0.314312	  0.327140	
  0.245596	  0.134786	  0.443053	  0.176565	
  0.197276	  0.300247	  0.266295	  0.236182	
  0.162824	  0.308792	  0.206990	  0.321394	

URL http://cisbp.ccbr.utoronto.ca/TFreport.php?versionNumber=1.02&searchTF=T091736_1.02

MOTIF M1088_1.02 (NP_001027820.1)_(Drosophila_melanogaster)_(DBD_0.91)

letter-probability matrix: alength= 4 w= 10 nsites= 1 E= 0
  0.248652	  0.156039	  0.439269	  0.156039	
  0.235559	  0.409426	  0.243856	  0.111159	
  0.000140	  0.000140	  0.000140	  0.999581	
  0.999581	  0.000140	  0.000140	  0.000140	
  0.999581	  0.000140	  0.000140	  0.000140	
  0.000140	  0.000140	  0.000140	  0.999581	
  0.000140	  0.000140	  0.000140	  0.999581	
  0.999581	  0.000140	  0.000140	  0.000140	
  0.270161	  0.309740	  0.212726	  0.207374	
  0.227694	  0.227694	  0.227694	  0.316917	

URL http://cisbp.ccbr.utoronto.ca/TFreport.php?versionNumber=1.02&searchTF=T091699_1.02

MOTIF M1089_1.02 (Q4H3U2_CIOIN)_(Drosophila_melanogaster)_(DBD_0.82)

letter-probability matrix: alength= 4 w= 10 nsites= 1 E= 0
  0.209338	  0.253142	  0.321807	  0.215713	
  0.269176	  0.231682	  0.207548	  0.291594	
  0.108996	  0.124128	  0.038142	  0.728735	
  0.818862	  0.018319	  0.138091	  0.024728	
  0.925508	  0.028799	  0.000527	  0.045166	
  0.090056	  0.159244	  0.124019	  0.626680	
  0.097497	  0.244649	  0.314135	  0.343719	
  0.322285	  0.084389	  0.452794	  0.140532	
  0.204560	  0.257459	  0.351027	  0.186954	
  0.179474	  0.298877	  0.181278	  0.340370	

URL http://cisbp.ccbr.utoronto.ca/TFreport.php?versionNumber=1.02&searchTF=T091746_1.02

MOTIF M1093_1.02 (ENSCING00000004979)_(Drosophila_melanogaster)_(DBD_0.91)

letter-probability matrix: alength= 4 w= 9 nsites= 1 E= 0
  0.144762	  0.222536	  0.161594	  0.471108	
  0.154684	  0.080752	  0.561934	  0.202630	
  0.881466	  0.062903	  0.033838	  0.021793	
  0.038868	  0.179502	  0.060958	  0.720672	
  0.692055	  0.307866	  0.000069	  0.000010	
  0.074677	  0.546305	  0.076186	  0.302832	
  0.143399	  0.405708	  0.241202	  0.209691	
  0.216642	  0.316792	  0.182773	  0.283793	
  0.200709	  0.305472	  0.185278	  0.308542	

URL http://cisbp.ccbr.utoronto.ca/TFreport.php?versionNumber=1.02&searchTF=T091702_1.02

MOTIF M1096_1.02 (Q94432_CIOIN)_(Drosophila_melanogaster)_(DBD_0.86)

letter-probability matrix: alength= 4 w= 8 nsites= 1 E= 0
  0.207448	  0.325343	  0.141866	  0.325343	
  0.070500	  0.046787	  0.081909	  0.800803	
  0.823901	  0.041432	  0.064978	  0.069690	
  0.800902	  0.045410	  0.085263	  0.068425	
  0.078337	  0.041722	  0.098595	  0.781347	
  0.084961	  0.693803	  0.089317	  0.131919	
  0.101356	  0.577459	  0.132772	  0.188413	
  0.148880	  0.348326	  0.299807	  0.202987	

URL http://cisbp.ccbr.utoronto.ca/TFreport.php?versionNumber=1.02&searchTF=T091708_1.02

MOTIF M1110_1.02 (Q4H3E5_CIOIN)_(Caenorhabditis_elegans)_(DBD_0.81)

letter-probability matrix: alength= 4 w= 10 nsites= 1 E= 0
  0.240816	  0.226792	  0.271519	  0.260873	
  0.280565	  0.227422	  0.286233	  0.205780	
  0.235681	  0.250255	  0.341204	  0.172860	
  0.169104	  0.395643	  0.124029	  0.311224	
  0.427182	  0.203814	  0.190035	  0.178968	
  0.688905	  0.115020	  0.173314	  0.022762	
  0.081639	  0.159542	  0.022028	  0.736792	
  0.316472	  0.253975	  0.165213	  0.264340	
  0.234629	  0.269888	  0.289457	  0.206027	
  0.340075	  0.196206	  0.267513	  0.196206	

URL http://cisbp.ccbr.utoronto.ca/TFreport.php?versionNumber=1.02&searchTF=T091690_1.02

MOTIF M1219_1.02 (NP_001027673.1)_(Strongylocentrotus_purpuratus)_(DBD_0.95)

letter-probability matrix: alength= 4 w= 8 nsites= 1 E= 0
  0.129674	  0.037116	  0.166698	  0.666512	
  0.006643	  0.105301	  0.000066	  0.887990	
  0.862129	  0.113805	  0.006046	  0.018020	
  0.993943	  0.005940	  0.000059	  0.000059	
  0.005940	  0.005940	  0.005940	  0.982181	
  0.025214	  0.000063	  0.207558	  0.767165	
  0.745874	  0.000079	  0.246033	  0.008013	
  0.040489	  0.161652	  0.595820	  0.202040	

URL http://cisbp.ccbr.utoronto.ca/TFreport.php?versionNumber=1.02&searchTF=T091688_1.02

MOTIF M1458_1.02 (Q4H2V2_CIOIN)_(Tetraodon_nigroviridis)_(DBD_0.86)

letter-probability matrix: alength= 4 w= 10 nsites= 1 E= 0
  0.305183	  0.287478	  0.203670	  0.203670	
  0.161980	  0.286106	  0.269844	  0.282070	
  0.000150	  0.000150	  0.000150	  0.999549	
  0.000150	  0.000150	  0.999549	  0.000150	
  0.999549	  0.000150	  0.000150	  0.000150	
  0.000150	  0.999549	  0.000150	  0.000150	
  0.000150	  0.999549	  0.000150	  0.000150	
  0.000150	  0.083959	  0.000150	  0.915740	
  0.046481	  0.781776	  0.046481	  0.125262	
  0.252915	  0.170542	  0.313365	  0.263178	

URL http://cisbp.ccbr.utoronto.ca/TFreport.php?versionNumber=1.02&searchTF=T132324_1.02

MOTIF M1470_1.02 (Q4H3G7_CIOIN)_(Drosophila_melanogaster)_(DBD_0.83)

letter-probability matrix: alength= 4 w= 8 nsites= 1 E= 0
  0.374896	  0.104288	  0.291632	  0.229184	
  0.000154	  0.138530	  0.000154	  0.861162	
  0.000143	  0.000143	  0.999572	  0.000143	
  0.985294	  0.000143	  0.014420	  0.000143	
  0.000143	  0.999572	  0.000143	  0.000143	
  0.000143	  0.999572	  0.000143	  0.000143	
  0.000154	  0.307657	  0.000154	  0.692036	
  0.000244	  0.317008	  0.000244	  0.682505	

URL http://cisbp.ccbr.utoronto.ca/TFreport.php?versionNumber=1.02&searchTF=T132327_1.02

MOTIF M1499_1.02 (NP_001027652.1)_(Danio_rerio)_(DBD_0.87)

letter-probability matrix: alength= 4 w= 10 nsites= 1 E= 0
  0.160399	  0.501531	  0.057264	  0.280806	
  0.488862	  0.167684	  0.242761	  0.100693	
  0.231052	  0.247805	  0.305712	  0.215431	
  0.015981	  0.317798	  0.063524	  0.602697	
  0.084598	  0.458476	  0.406631	  0.050295	
  0.622700	  0.008620	  0.258285	  0.110395	
  0.394790	  0.162123	  0.126261	  0.316826	
  0.085544	  0.336647	  0.522715	  0.055094	
  0.064856	  0.751575	  0.036313	  0.147256	
  0.306352	  0.055965	  0.575210	  0.062473	

URL http://cisbp.ccbr.utoronto.ca/TFreport.php?versionNumber=1.02&searchTF=T135826_1.02

MOTIF M1526_1.02 (ENSCING00000013603)_(Cavia_porcellus)_(DBD_0.41)

letter-probability matrix: alength= 4 w= 10 nsites= 1 E= 0
  0.171776	  0.401896	  0.256260	  0.170067	
  0.084066	  0.653013	  0.139994	  0.122928	
  0.244961	  0.340732	  0.159349	  0.254958	
  0.198205	  0.214713	  0.175792	  0.411291	
  0.297979	  0.137968	  0.496222	  0.067831	
  0.218249	  0.083566	  0.636278	  0.061907	
  0.227621	  0.462979	  0.057840	  0.251560	
  0.432530	  0.055682	  0.259732	  0.252056	
  0.742173	  0.119055	  0.084740	  0.054032	
  0.011204	  0.801302	  0.041109	  0.146385	

URL http://cisbp.ccbr.utoronto.ca/TFreport.php?versionNumber=1.02&searchTF=T138699_1.02

MOTIF M1544_1.02 ENSCING00000003435

letter-probability matrix: alength= 4 w= 10 nsites= 1 E= 0
  0.353606	  0.215465	  0.215465	  0.215465	
  0.149774	  0.287915	  0.212480	  0.349830	
  0.063364	  0.314285	  0.251309	  0.371042	
  0.000033	  0.000033	  0.620612	  0.379322	
  0.999902	  0.000033	  0.000033	  0.000033	
  0.000033	  0.999902	  0.000033	  0.000033	
  0.000033	  0.000033	  0.999902	  0.000033	
  0.000033	  0.000033	  0.000033	  0.999902	
  0.275717	  0.655148	  0.034568	  0.034568	
  0.399114	  0.213393	  0.195615	  0.191878	

URL http://cisbp.ccbr.utoronto.ca/TFreport.php?versionNumber=1.02&searchTF=T140087_1.02

MOTIF M1584_1.02 (Q70W02_CIOIN)_(Mus_musculus)_(DBD_0.93)

letter-probability matrix: alength= 4 w= 8 nsites= 1 E= 0
  0.723608	  0.044003	  0.052157	  0.180233	
  0.000202	  0.078370	  0.031232	  0.890196	
  0.011350	  0.000386	  0.016431	  0.971833	
  0.191344	  0.245690	  0.504755	  0.058211	
  0.324337	  0.029719	  0.043025	  0.602919	
  0.191068	  0.217594	  0.166107	  0.425231	
  0.238242	  0.285228	  0.161304	  0.315226	
  0.233622	  0.253079	  0.201080	  0.312219	

URL http://cisbp.ccbr.utoronto.ca/TFreport.php?versionNumber=1.02&searchTF=T143622_1.02

MOTIF M1628_1.02 (NP_001027622.1)_(Mus_musculus)_(DBD_0.79)

letter-probability matrix: alength= 4 w= 11 nsites= 1 E= 0
  0.538889	  0.153704	  0.153704	  0.153704	
  0.235964	  0.059136	  0.571481	  0.133420	
  0.019402	  0.019402	  0.941795	  0.019402	
  0.000143	  0.000143	  0.000143	  0.999572	
  0.000143	  0.000143	  0.999572	  0.000143	
  0.000143	  0.000143	  0.000143	  0.999572	
  0.000143	  0.000143	  0.796563	  0.203152	
  0.999572	  0.000143	  0.000143	  0.000143	
  0.710684	  0.096439	  0.096439	  0.096439	
  0.268043	  0.191007	  0.274907	  0.266044	
  0.307777	  0.230741	  0.230741	  0.230741	

URL http://cisbp.ccbr.utoronto.ca/TFreport.php?versionNumber=1.02&searchTF=T149318_1.02

MOTIF M1631_1.02 (NP_001027590.1)_(Mus_musculus)_(DBD_0.77)

letter-probability matrix: alength= 4 w= 10 nsites= 1 E= 0
  0.353916	  0.145338	  0.298586	  0.202160	
  0.672425	  0.040081	  0.179628	  0.107866	
  0.197985	  0.109748	  0.606795	  0.085472	
  0.020276	  0.028773	  0.924656	  0.026296	
  0.003890	  0.062703	  0.000398	  0.933009	
  0.011365	  0.014304	  0.973157	  0.001174	
  0.090981	  0.133040	  0.018005	  0.757974	
  0.038779	  0.216564	  0.449388	  0.295269	
  0.873100	  0.020533	  0.080002	  0.026365	
  0.522605	  0.163829	  0.139606	  0.173960	

URL http://cisbp.ccbr.utoronto.ca/TFreport.php?versionNumber=1.02&searchTF=T149319_1.02

MOTIF M1867_1.02 (Q4H3F5_CIOIN)_(Mus_musculus)_(DBD_0.94)

letter-probability matrix: alength= 4 w= 11 nsites= 1 E= 0
  0.523475	  0.089000	  0.282484	  0.105040	
  0.144806	  0.372431	  0.343414	  0.139348	
  0.879365	  0.000000	  0.000000	  0.120635	
  0.000000	  0.000000	  1.000000	  0.000000	
  1.000000	  0.000000	  0.000000	  0.000000	
  0.000000	  0.000000	  0.000000	  1.000000	
  1.000000	  0.000000	  0.000000	  0.000000	
  0.961181	  0.000000	  0.038819	  0.000000	
  0.147536	  0.024339	  0.828126	  0.000000	
  0.459538	  0.155500	  0.356781	  0.028182	
  0.505096	  0.140908	  0.240657	  0.113339	

URL http://cisbp.ccbr.utoronto.ca/TFreport.php?versionNumber=1.02&searchTF=T084585_1.02

MOTIF M1884_1.02 (Q4H375_CIOIN)_(Homo_sapiens)_(DBD_0.96)

letter-probability matrix: alength= 4 w= 15 nsites= 1 E= 0
  0.326544	  0.100475	  0.257298	  0.315682	
  0.114732	  0.101154	  0.424304	  0.359810	
  0.078751	  0.800407	  0.021724	  0.099117	
  0.000000	  0.321113	  0.000000	  0.678887	
  0.863544	  0.046164	  0.009504	  0.080788	
  0.684318	  0.000000	  0.080788	  0.234895	
  0.938900	  0.000000	  0.026477	  0.034623	
  0.917855	  0.003394	  0.000000	  0.078751	
  0.943652	  0.000000	  0.000000	  0.056348	
  0.004073	  0.000000	  0.000000	  0.995927	
  0.999321	  0.000000	  0.000000	  0.000679	
  0.156823	  0.033265	  0.787508	  0.022403	
  0.398506	  0.429056	  0.076035	  0.096402	
  0.359810	  0.277665	  0.074678	  0.287848	
  0.234216	  0.304820	  0.137814	  0.323150	

URL http://cisbp.ccbr.utoronto.ca/TFreport.php?versionNumber=1.02&searchTF=T111387_1.02

MOTIF M1890_1.02 (Q4H331_CIOIN)_(Homo_sapiens)_(DBD_0.88)

letter-probability matrix: alength= 4 w= 18 nsites= 1 E= 0
  0.536953	  0.172787	  0.112112	  0.178148	
  0.135379	  0.112568	  0.522354	  0.229699	
  0.404653	  0.257299	  0.247263	  0.090785	
  0.137203	  0.339074	  0.453695	  0.070027	
  0.208257	  0.267336	  0.035698	  0.488709	
  0.021898	  0.095119	  0.546077	  0.336907	
  0.027030	  0.842153	  0.054859	  0.075958	
  0.001825	  0.113253	  0.027600	  0.857322	
  0.025319	  0.116104	  0.819001	  0.039576	
  0.975707	  0.000228	  0.017108	  0.006957	
  0.000570	  0.005931	  0.000912	  0.992587	
  0.001141	  0.000570	  0.000570	  0.997719	
  0.003307	  0.001141	  0.994526	  0.001026	
  0.001369	  0.007984	  0.990306	  0.000342	
  0.042997	  0.305315	  0.001711	  0.649977	
  0.052464	  0.449703	  0.213618	  0.284215	
  0.175297	  0.476277	  0.253992	  0.094434	
  0.485972	  0.129562	  0.308736	  0.075730	

URL http://cisbp.ccbr.utoronto.ca/TFreport.php?versionNumber=1.02&searchTF=T070478_1.02

MOTIF M1891_1.02 (Q4H3F7_CIOIN)_(Mus_musculus)_(DBD_0.83)

letter-probability matrix: alength= 4 w= 11 nsites= 1 E= 0
  0.032356	  0.776542	  0.190091	  0.001011	
  0.070779	  0.924166	  0.004044	  0.001011	
  0.000000	  0.000000	  0.998991	  0.001009	
  0.000000	  0.000000	  1.000000	  0.000000	
  0.997986	  0.001007	  0.001007	  0.000000	
  0.995972	  0.002014	  0.000000	  0.002014	
  0.094758	  0.032258	  0.872984	  0.000000	
  0.056509	  0.263370	  0.037336	  0.642785	
  0.155556	  0.138384	  0.609091	  0.096970	
