MEME version 5.5.8 (Fri May 2 15:43:49 2025 -0700)

ALPHABET= ACGT

strands: + -

Background letter frequencies (from uniform background):
A 0.25000 C 0.25000 G 0.25000 T 0.25000 

MOTIF M0111_1.02 (gw1.45.15.1)_(Drosophila_melanogaster)_(DBD_0.90)

letter-probability matrix: alength= 4 w= 8 nsites= 1 E= 0
  0.228748	  0.221987	  0.148803	  0.400462	
  0.182465	  0.170129	  0.146431	  0.500975	
  0.138322	  0.188592	  0.071492	  0.601595	
  0.336065	  0.060178	  0.422972	  0.180785	
  0.973889	  0.000879	  0.022006	  0.003226	
  0.045194	  0.000361	  0.000150	  0.954295	
  0.278506	  0.244555	  0.112105	  0.364833	
  0.300420	  0.203401	  0.269126	  0.227052	

URL http://cisbp.ccbr.utoronto.ca/TFreport.php?versionNumber=1.02&searchTF=T008125_1.02

MOTIF M0122_1.02 (estExt_fgenesh1_pg.C_360129)_(Aspergillus_nidulans)_(DBD_0.62)

letter-probability matrix: alength= 4 w= 9 nsites= 1 E= 0
  0.245292	  0.273814	  0.242851	  0.238043	
  0.237806	  0.293376	  0.242610	  0.226208	
  0.216345	  0.251357	  0.297935	  0.234364	
  0.258630	  0.241145	  0.263855	  0.236370	
  0.502489	  0.000517	  0.411403	  0.085591	
  0.353817	  0.295533	  0.000353	  0.350297	
  0.360997	  0.114305	  0.184725	  0.339974	
  0.355533	  0.121951	  0.207186	  0.315330	
  0.338774	  0.180428	  0.203432	  0.277365	

URL http://cisbp.ccbr.utoronto.ca/TFreport.php?versionNumber=1.02&searchTF=T008802_1.02

MOTIF M0137_1.02 (NCBI_GNO_3400090)_(Oryza_sativa)_(DBD_0.50)

letter-probability matrix: alength= 4 w= 8 nsites= 1 E= 0
  0.412581	  0.181714	  0.204881	  0.200825	
  0.383860	  0.151453	  0.183145	  0.281541	
  0.411062	  0.042894	  0.192240	  0.353804	
  0.442483	  0.115862	  0.053112	  0.388542	
  0.805888	  0.001826	  0.077629	  0.114657	
  0.508656	  0.001176	  0.069531	  0.420638	
  0.340689	  0.076018	  0.064778	  0.518515	
  0.310543	  0.194090	  0.145231	  0.350136	

URL http://cisbp.ccbr.utoronto.ca/TFreport.php?versionNumber=1.02&searchTF=T008855_1.02

MOTIF M0142_1.02 (SNAP_00032100)_(Saccharomyces_cerevisiae)_(DBD_0.46)

letter-probability matrix: alength= 4 w= 7 nsites= 1 E= 0
  0.282959	  0.248465	  0.245993	  0.222583	
  0.316659	  0.184532	  0.236944	  0.261864	
  0.377778	  0.112652	  0.209413	  0.300157	
  0.616393	  0.068985	  0.111484	  0.203138	
  0.675764	  0.042770	  0.063171	  0.218294	
  0.326032	  0.133887	  0.082023	  0.458058	
  0.321153	  0.137266	  0.112384	  0.429198	

URL http://cisbp.ccbr.utoronto.ca/TFreport.php?versionNumber=1.02&searchTF=T008857_1.02

MOTIF M0175_1.02 (SNAP_00029908)_(Mus_musculus)_(DBD_0.69)

letter-probability matrix: alength= 4 w= 9 nsites= 1 E= 0
  0.237177	  0.246857	  0.223365	  0.292601	
  0.263053	  0.221929	  0.327785	  0.187233	
  0.059666	  0.787422	  0.047407	  0.105506	
  0.799512	  0.000774	  0.059383	  0.140331	
  0.018558	  0.805027	  0.000347	  0.176069	
  0.048592	  0.094015	  0.857013	  0.000380	
  0.032567	  0.226622	  0.003298	  0.737513	
  0.075226	  0.001633	  0.788785	  0.134356	
  0.183543	  0.327814	  0.217554	  0.271089	

URL http://cisbp.ccbr.utoronto.ca/TFreport.php?versionNumber=1.02&searchTF=T020375_1.02

MOTIF M0214_1.02 (gw1.147.45.1)_(Mus_musculus)_(DBD_0.81)

letter-probability matrix: alength= 4 w= 9 nsites= 1 E= 0
  0.745050	  0.002475	  0.250000	  0.002475	
  0.747512	  0.250000	  0.001244	  0.001244	
  0.001244	  0.996269	  0.001244	  0.001244	
  0.996269	  0.001244	  0.001244	  0.001244	
  0.001244	  0.001244	  0.374378	  0.623134	
  0.623134	  0.374378	  0.001244	  0.001244	
  0.001244	  0.001244	  0.001244	  0.996269	
  0.001244	  0.001244	  0.996269	  0.001244	
  0.002475	  0.002475	  0.497525	  0.497525	

URL http://cisbp.ccbr.utoronto.ca/TFreport.php?versionNumber=1.02&searchTF=T020093_1.02

MOTIF M0216_1.02 (e_gw1.571.8.1)_(Mus_musculus)_(DBD_0.91)

letter-probability matrix: alength= 4 w= 10 nsites= 1 E= 0
  0.282767	  0.305521	  0.171954	  0.239759	
  0.037628	  0.037628	  0.674128	  0.250617	
  0.000178	  0.862732	  0.000178	  0.136912	
  0.930537	  0.000178	  0.069106	  0.000178	
  0.071132	  0.077413	  0.714543	  0.136912	
  0.145218	  0.714543	  0.069106	  0.071132	
  0.000178	  0.067984	  0.000178	  0.931660	
  0.077413	  0.000178	  0.922231	  0.000178	
  0.152455	  0.301874	  0.078225	  0.467447	
  0.281479	  0.212551	  0.293420	  0.212551	

URL http://cisbp.ccbr.utoronto.ca/TFreport.php?versionNumber=1.02&searchTF=T019052_1.02

MOTIF M0217_1.02 (e_gw1.15.448.1)_(Mus_musculus)_(DBD_0.83)

letter-probability matrix: alength= 4 w= 10 nsites= 1 E= 0
  0.424799	  0.113479	  0.235478	  0.226244	
  0.169637	  0.592091	  0.171342	  0.066931	
  0.271365	  0.687777	  0.026936	  0.013922	
  0.665113	  0.034812	  0.186785	  0.113291	
  0.001368	  0.064301	  0.143105	  0.791225	
  0.793894	  0.140745	  0.056090	  0.009272	
  0.075714	  0.150952	  0.010559	  0.762775	
  0.011683	  0.000903	  0.869711	  0.117703	
  0.038634	  0.150525	  0.421629	  0.389213	
  0.091763	  0.270213	  0.234912	  0.403111	

URL http://cisbp.ccbr.utoronto.ca/TFreport.php?versionNumber=1.02&searchTF=T019005_1.02

MOTIF M0300_1.02 (NCBI_GNO_6100053)_(Mus_musculus)_(DBD_0.62)

letter-probability matrix: alength= 4 w= 10 nsites= 1 E= 0
  0.291870	  0.184253	  0.277636	  0.246241	
  0.530199	  0.133387	  0.274034	  0.062380	
  0.035631	  0.062379	  0.001238	  0.900752	
  0.073796	  0.082377	  0.556301	  0.287525	
  0.757933	  0.025806	  0.125285	  0.090976	
  0.084682	  0.638364	  0.084682	  0.192271	
  0.156906	  0.065082	  0.710273	  0.067738	
  0.117142	  0.166233	  0.068950	  0.647675	
  0.368627	  0.407396	  0.102492	  0.121484	
  0.489340	  0.124345	  0.187365	  0.198951	

URL http://cisbp.ccbr.utoronto.ca/TFreport.php?versionNumber=1.02&searchTF=T029963_1.02

MOTIF M0319_1.02 (NCBI_GNO_13800029)_(Mus_musculus)_(DBD_0.77)

letter-probability matrix: alength= 4 w= 10 nsites= 1 E= 0
  0.183122	  0.183122	  0.270541	  0.363215	
  0.645397	  0.087274	  0.180054	  0.087274	
  0.000184	  0.000184	  0.000184	  0.999448	
  0.000184	  0.000184	  0.724689	  0.274944	
  0.999448	  0.000184	  0.000184	  0.000184	
  0.000184	  0.999448	  0.000184	  0.000184	
  0.000184	  0.000184	  0.999448	  0.000184	
  0.000184	  0.000184	  0.000184	  0.999448	
  0.547966	  0.317911	  0.067062	  0.067062	
  0.511272	  0.162909	  0.162909	  0.162909	

URL http://cisbp.ccbr.utoronto.ca/TFreport.php?versionNumber=1.02&searchTF=T029960_1.02

MOTIF M0323_1.02 (estExt_fgenesh1_pg.C_130162)_(Caenorhabditis_elegans)_(DBD_0.68)

letter-probability matrix: alength= 4 w= 13 nsites= 1 E= 0
  0.230644	  0.230644	  0.230644	  0.308069	
  0.230644	  0.230644	  0.308069	  0.230644	
  0.195361	  0.042431	  0.042431	  0.719777	
  0.105121	  0.022865	  0.128036	  0.743978	
  0.853680	  0.022865	  0.100590	  0.022865	
  0.000176	  0.673192	  0.000176	  0.326456	
  0.236202	  0.000176	  0.687605	  0.076018	
  0.076018	  0.420964	  0.077601	  0.425417	
  0.790056	  0.095374	  0.019532	  0.095037	
  0.780883	  0.097796	  0.019532	  0.101789	
  0.376765	  0.207745	  0.207745	  0.207745	
  0.227311	  0.227311	  0.227311	  0.318067	
  0.318067	  0.227311	  0.227311	  0.227311	

URL http://cisbp.ccbr.utoronto.ca/TFreport.php?versionNumber=1.02&searchTF=T028830_1.02

MOTIF M0348_1.02 (gw1.92.33.1)_(Mus_musculus)_(DBD_0.59)

letter-probability matrix: alength= 4 w= 8 nsites= 1 E= 0
  0.222386	  0.197239	  0.238511	  0.341865	
  0.377499	  0.156580	  0.302950	  0.162970	
  0.103759	  0.102726	  0.113530	  0.679984	
  0.105814	  0.091990	  0.129241	  0.672955	
  0.561616	  0.097594	  0.221588	  0.119202	
  0.111970	  0.414979	  0.108660	  0.364391	
  0.252024	  0.210508	  0.368531	  0.168937	
  0.210188	  0.223185	  0.236986	  0.329640	

URL http://cisbp.ccbr.utoronto.ca/TFreport.php?versionNumber=1.02&searchTF=T029863_1.02

MOTIF M0447_1.02 (gw1.57.47.1)_(Caenorhabditis_elegans)_(DBD_0.70)

letter-probability matrix: alength= 4 w= 10 nsites= 1 E= 0
  0.391273	  0.146849	  0.267577	  0.194301	
  0.236558	  0.241337	  0.322529	  0.199576	
  0.063325	  0.269963	  0.106515	  0.560196	
  0.004417	  0.002260	  0.968160	  0.025164	
  0.019015	  0.007208	  0.958364	  0.015413	
  0.150280	  0.035251	  0.000029	  0.814440	
  0.000025	  0.973874	  0.003426	  0.022675	
  0.905030	  0.032719	  0.031436	  0.030814	
  0.261983	  0.246726	  0.254240	  0.237052	
  0.139579	  0.281078	  0.155809	  0.423533	

URL http://cisbp.ccbr.utoronto.ca/TFreport.php?versionNumber=1.02&searchTF=T066148_1.02

MOTIF M0585_1.02 (e_gw1.5.213.1)_(Bombyx_mori)_(DBD_0.87)

letter-probability matrix: alength= 4 w= 8 nsites= 1 E= 0
  0.323441	  0.204183	  0.227925	  0.244451	
  0.124915	  0.390580	  0.177263	  0.307242	
  0.183240	  0.469092	  0.121608	  0.226060	
  0.416853	  0.062348	  0.421042	  0.099757	
  0.885618	  0.004935	  0.057185	  0.052263	
  0.095238	  0.001659	  0.017398	  0.885704	
  0.230967	  0.597213	  0.047573	  0.124247	
  0.438839	  0.136201	  0.263521	  0.161440	

URL http://cisbp.ccbr.utoronto.ca/TFreport.php?versionNumber=1.02&searchTF=T073371_1.02

MOTIF M0618_1.02 PASA_GEN_2600044

letter-probability matrix: alength= 4 w= 7 nsites= 1 E= 0
  0.277926	  0.197820	  0.188172	  0.336082	
  0.188237	  0.234557	  0.182674	  0.394532	
  0.309613	  0.274602	  0.103061	  0.312724	
  0.210425	  0.076641	  0.379605	  0.333329	
  0.000086	  0.975538	  0.000015	  0.024361	
  0.001366	  0.062276	  0.935971	  0.000387	
  0.122174	  0.123402	  0.599111	  0.155314	

URL http://cisbp.ccbr.utoronto.ca/TFreport.php?versionNumber=1.02&searchTF=T074919_1.02

MOTIF M0632_1.02 (JAA_fgenesh1_pg.C_scaffold_3000207)_(Homo_sapiens)_(DBD_0.85)

letter-probability matrix: alength= 4 w= 10 nsites= 1 E= 0
  0.391936	  0.183295	  0.148576	  0.276193	
  0.378242	  0.182278	  0.150737	  0.288742	
  0.278003	  0.143686	  0.091618	  0.486692	
  0.161592	  0.078655	  0.558398	  0.201355	
  0.131885	  0.106904	  0.107979	  0.653232	
  0.417907	  0.098029	  0.168218	  0.315847	
  0.288677	  0.108344	  0.224822	  0.378157	
  0.189159	  0.451505	  0.137357	  0.221980	
  0.330255	  0.192455	  0.235066	  0.242224	
  0.345463	  0.193424	  0.222491	  0.238623	

URL http://cisbp.ccbr.utoronto.ca/TFreport.php?versionNumber=1.02&searchTF=T075407_1.02

MOTIF M0633_1.02 (JAA_fgenesh1_pg.C_scaffold_58000063)_(Homo_sapiens)_(DBD_0.89)

letter-probability matrix: alength= 4 w= 10 nsites= 1 E= 0
  0.152291	  0.152291	  0.246263	  0.449154	
  0.765274	  0.048025	  0.048025	  0.138675	
  0.999536	  0.000155	  0.000155	  0.000155	
  0.000155	  0.000155	  0.000155	  0.999536	
  0.129788	  0.000155	  0.489012	  0.381045	
  0.000155	  0.000155	  0.000155	  0.999536	
  0.908886	  0.000155	  0.000155	  0.090805	
  0.091796	  0.000155	  0.000155	  0.907895	
  0.279387	  0.195482	  0.097864	  0.427268	
  0.393611	  0.202130	  0.202130	  0.202130	

URL http://cisbp.ccbr.utoronto.ca/TFreport.php?versionNumber=1.02&searchTF=T075408_1.02

MOTIF M0641_1.02 (JAA_fgenesh1_pg.C_scaffold_11000159)_(Drosophila_melanogaster)_(DBD_0.98)

letter-probability matrix: alength= 4 w= 10 nsites= 1 E= 0
  0.264213	  0.114063	  0.073461	  0.548263	
  0.146979	  0.076730	  0.639248	  0.137043	
  0.091624	  0.122448	  0.030195	  0.755733	
  0.530776	  0.071833	  0.106096	  0.291296	
  0.340580	  0.064758	  0.186914	  0.407748	
  0.130860	  0.648156	  0.077799	  0.143184	
  0.378005	  0.205389	  0.180351	  0.236254	
  0.412383	  0.112387	  0.172768	  0.302461	
  0.281282	  0.131546	  0.159072	  0.428100	
  0.236410	  0.182284	  0.128453	  0.452853	

URL http://cisbp.ccbr.utoronto.ca/TFreport.php?versionNumber=1.02&searchTF=T075406_1.02

MOTIF M0711_1.02 (gw1.84.8.1)_(Tetraodon_nigroviridis)_(DBD_0.79)

letter-probability matrix: alength= 4 w= 8 nsites= 1 E= 0
  0.001420	  0.995739	  0.001420	  0.001420	
  0.001106	  0.996681	  0.001106	  0.001106	
  0.001106	  0.001106	  0.996681	  0.001106	
  0.001106	  0.001106	  0.996681	  0.001106	
  0.996681	  0.001106	  0.001106	  0.001106	
  0.886062	  0.001106	  0.001106	  0.111726	
  0.222345	  0.001106	  0.775442	  0.001106	
  0.001656	  0.167219	  0.001656	  0.829470	

URL http://cisbp.ccbr.utoronto.ca/TFreport.php?versionNumber=1.02&searchTF=T079052_1.02

MOTIF M0722_1.02 (gw1.173.35.1)_(Mus_musculus)_(DBD_0.44)

letter-probability matrix: alength= 4 w= 8 nsites= 1 E= 0
  0.461214	  0.000384	  0.538018	  0.000384	
  0.050200	  0.025225	  0.000250	  0.924326	
  0.794959	  0.204587	  0.000227	  0.000227	
  0.977131	  0.000222	  0.000222	  0.022425	
  0.999334	  0.000222	  0.000222	  0.000222	
  0.000227	  0.953906	  0.000227	  0.045640	
  0.999319	  0.000227	  0.000227	  0.000227	
  0.593321	  0.125156	  0.125156	  0.156367	

URL http://cisbp.ccbr.utoronto.ca/TFreport.php?versionNumber=1.02&searchTF=T083272_1.02

MOTIF M0723_1.02 (gw1.89.28.1)_(Mus_musculus)_(DBD_0.97)

letter-probability matrix: alength= 4 w= 10 nsites= 1 E= 0
  0.304424	  0.223279	  0.262020	  0.210276	
  0.213777	  0.233909	  0.245902	  0.306412	
  0.293934	  0.159709	  0.385043	  0.161314	
  0.246234	  0.175262	  0.129837	  0.448667	
  0.528194	  0.286995	  0.062145	  0.122666	
  0.598965	  0.187767	  0.067034	  0.146233	
  0.718961	  0.066540	  0.146615	  0.067884	
  0.033458	  0.590092	  0.077500	  0.298951	
  0.671272	  0.049858	  0.121410	  0.157460	
  0.326891	  0.210530	  0.210530	  0.252050	

URL http://cisbp.ccbr.utoronto.ca/TFreport.php?versionNumber=1.02&searchTF=T083311_1.02

MOTIF M0728_1.02 (gw1.46.60.1)_(Mus_musculus)_(DBD_0.68)

letter-probability matrix: alength= 4 w= 12 nsites= 1 E= 0
  0.394926	  0.201691	  0.201691	  0.201691	
  0.357836	  0.147163	  0.347838	  0.147163	
  0.159006	  0.172368	  0.068783	  0.599842	
  0.841382	  0.113021	  0.022798	  0.022798	
  0.999531	  0.000156	  0.000156	  0.000156	
  0.999531	  0.000156	  0.000156	  0.000156	
  0.000156	  0.999531	  0.000156	  0.000156	
  0.999531	  0.000156	  0.000156	  0.000156	
  0.854605	  0.048465	  0.048465	  0.048465	
  0.691020	  0.102993	  0.102993	  0.102993	
  0.181373	  0.360053	  0.181373	  0.277201	
  0.317926	  0.227358	  0.227358	  0.227358	

URL http://cisbp.ccbr.utoronto.ca/TFreport.php?versionNumber=1.02&searchTF=T083294_1.02

MOTIF M0742_1.02 (gw1.74.24.1)_(Caenorhabditis_elegans)_(DBD_0.78)

letter-probability matrix: alength= 4 w= 11 nsites= 1 E= 0
  0.290290	  0.211015	  0.287681	  0.211015	
  0.243370	  0.086173	  0.086173	  0.584284	
  0.215478	  0.060026	  0.664470	  0.060026	
  0.151281	  0.076299	  0.000121	  0.772299	
  0.919668	  0.080090	  0.000121	  0.000121	
  0.922970	  0.076788	  0.000121	  0.000121	
  0.999637	  0.000121	  0.000121	  0.000121	
  0.000121	  0.668017	  0.000121	  0.331741	
  0.882680	  0.039107	  0.039107	  0.039107	
  0.508155	  0.163948	  0.163948	  0.163948	
  0.429714	  0.190095	  0.190095	  0.190095	

URL http://cisbp.ccbr.utoronto.ca/TFreport.php?versionNumber=1.02&searchTF=T083305_1.02

MOTIF M0747_1.02 (gw1.3.941.1)_(Mus_musculus)_(DBD_0.61)

letter-probability matrix: alength= 4 w= 10 nsites= 1 E= 0
  0.366283	  0.166235	  0.164581	  0.302901	
  0.345139	  0.171391	  0.195185	  0.288285	
  0.267836	  0.181340	  0.196443	  0.354381	
  0.346821	  0.108724	  0.419393	  0.125062	
  0.146969	  0.100507	  0.031824	  0.720700	
  0.700016	  0.254959	  0.000720	  0.044305	
  0.906192	  0.053477	  0.000316	  0.040015	
  0.934400	  0.000771	  0.023568	  0.041260	
  0.033048	  0.600627	  0.033381	  0.332944	
  0.853101	  0.047889	  0.045553	  0.053457	

URL http://cisbp.ccbr.utoronto.ca/TFreport.php?versionNumber=1.02&searchTF=T083288_1.02

MOTIF M0757_1.02 (NCBI_GNO_21100026)_(Strongylocentrotus_purpuratus)_(DBD_0.89)

letter-probability matrix: alength= 4 w= 10 nsites= 1 E= 0
  0.321884	  0.201178	  0.236085	  0.240854	
  0.216367	  0.234387	  0.239122	  0.310124	
  0.297171	  0.182055	  0.409243	  0.111532	
  0.279854	  0.144643	  0.132194	  0.443309	
  0.472247	  0.313407	  0.069235	  0.145111	
  0.572460	  0.196359	  0.062174	  0.169007	
  0.751021	  0.048981	  0.135834	  0.064163	
  0.037542	  0.655546	  0.026722	  0.280190	
  0.680835	  0.057015	  0.121915	  0.140235	
  0.359328	  0.213628	  0.193298	  0.233746	

URL http://cisbp.ccbr.utoronto.ca/TFreport.php?versionNumber=1.02&searchTF=T083332_1.02

MOTIF M0817_1.02 (gw1.3.653.1)_(Drosophila_melanogaster)_(DBD_0.65)

letter-probability matrix: alength= 4 w= 8 nsites= 1 E= 0
  0.729854	  0.111199	  0.158788	  0.000159	
  0.000118	  0.011877	  0.000118	  0.987888	
  0.235301	  0.023636	  0.740945	  0.000118	
  0.047154	  0.799741	  0.141228	  0.011877	
  0.070673	  0.000118	  0.752705	  0.176505	
  0.000118	  0.000118	  0.999647	  0.000118	
  0.000118	  0.000118	  0.999647	  0.000118	
  0.055699	  0.351776	  0.092709	  0.499815	

URL http://cisbp.ccbr.utoronto.ca/TFreport.php?versionNumber=1.02&searchTF=T086846_1.02

MOTIF M0894_1.02 (e_gw1.7.440.1)_(Homo_sapiens)_(DBD_0.93)

letter-probability matrix: alength= 4 w= 8 nsites= 1 E= 0
  0.217448	  0.130642	  0.174045	  0.477865	
  0.000244	  0.048977	  0.000244	  0.950536	
  0.999286	  0.000238	  0.000238	  0.000238	
  0.999286	  0.000238	  0.000238	  0.000238	
  0.000238	  0.261893	  0.000238	  0.737631	
  0.142959	  0.000238	  0.119172	  0.737631	
  0.731238	  0.000244	  0.268275	  0.000244	
  0.028824	  0.114441	  0.799372	  0.057363	

URL http://cisbp.ccbr.utoronto.ca/TFreport.php?versionNumber=1.02&searchTF=T101028_1.02

MOTIF M0911_1.02 (gw1.25.116.1)_(Mus_musculus)_(DBD_0.95)

letter-probability matrix: alength= 4 w= 10 nsites= 1 E= 0
  0.247073	  0.284202	  0.206373	  0.262352	
  0.149870	  0.075171	  0.040036	  0.734924	
  0.706549	  0.090958	  0.126519	  0.075974	
  0.851645	  0.008910	  0.044131	  0.095313	
  0.070692	  0.091682	  0.096383	  0.741243	
  0.120799	  0.217919	  0.226813	  0.434469	
  0.367812	  0.088905	  0.402450	  0.140833	
  0.215590	  0.296895	  0.274069	  0.213445	
  0.220651	  0.269503	  0.211999	  0.297847	
  0.238452	  0.238452	  0.243269	  0.279826	

URL http://cisbp.ccbr.utoronto.ca/TFreport.php?versionNumber=1.02&searchTF=T102038_1.02

MOTIF M0927_1.02 (gw1.145.33.1)_(Mus_musculus)_(DBD_0.89)

letter-probability matrix: alength= 4 w= 8 nsites= 1 E= 0
  0.239075	  0.258987	  0.292007	  0.209931	
  0.193409	  0.338596	  0.209518	  0.258477	
  0.196306	  0.190504	  0.105601	  0.507589	
  0.649964	  0.079592	  0.135222	  0.135222	
  0.927406	  0.055834	  0.000602	  0.016158	
  0.131551	  0.181162	  0.073655	  0.613631	
  0.187274	  0.215416	  0.200852	  0.396458	
  0.315394	  0.201104	  0.274190	  0.209311	

URL http://cisbp.ccbr.utoronto.ca/TFreport.php?versionNumber=1.02&searchTF=T101986_1.02

MOTIF M0928_1.02 (e_gw1.74.78.1)_(Mus_musculus)_(DBD_0.74)

letter-probability matrix: alength= 4 w= 7 nsites= 1 E= 0
  0.144397	  0.120611	  0.119411	  0.615582	
  0.644210	  0.107557	  0.134025	  0.114208	
  0.733858	  0.022383	  0.092602	  0.151156	
  0.080543	  0.104458	  0.116604	  0.698395	
  0.170686	  0.157563	  0.174135	  0.497616	
  0.375164	  0.124881	  0.304102	  0.195853	
  0.313095	  0.175301	  0.329148	  0.182456	

URL http://cisbp.ccbr.utoronto.ca/TFreport.php?versionNumber=1.02&searchTF=T101030_1.02

MOTIF M0967_1.02 (gw1.19.348.1)_(Mus_musculus)_(DBD_0.95)

letter-probability matrix: alength= 4 w= 8 nsites= 1 E= 0
  0.222888	  0.280526	  0.201677	  0.294909	
  0.135819	  0.056902	  0.017838	  0.789441	
  0.749166	  0.066617	  0.112052	  0.072165	
  0.950512	  0.000309	  0.023975	  0.025204	
  0.033254	  0.061201	  0.073271	  0.832275	
  0.170087	  0.110643	  0.160182	  0.559089	
  0.345558	  0.104080	  0.393532	  0.156830	
  0.274902	  0.209855	  0.329118	  0.186125	

URL http://cisbp.ccbr.utoronto.ca/TFreport.php?versionNumber=1.02&searchTF=T102008_1.02

MOTIF M0971_1.02 (gw1.237.8.1)_(Mus_musculus)_(DBD_0.88)

letter-probability matrix: alength= 4 w= 8 nsites= 1 E= 0
  0.279458	  0.257972	  0.222039	  0.240532	
  0.219119	  0.081420	  0.091800	  0.607661	
  0.710086	  0.064418	  0.097066	  0.128430	
  0.831775	  0.061779	  0.040188	  0.066258	
  0.119257	  0.118071	  0.069497	  0.693175	
  0.114974	  0.318845	  0.176744	  0.389438	
  0.254916	  0.185107	  0.365379	  0.194598	
  0.290358	  0.210843	  0.296223	  0.202576	

URL http://cisbp.ccbr.utoronto.ca/TFreport.php?versionNumber=1.02&searchTF=T102032_1.02

MOTIF M1000_1.02 (gw1.9.154.1)_(Mus_musculus)_(DBD_0.79)

letter-probability matrix: alength= 4 w= 8 nsites= 1 E= 0
  0.216987	  0.314139	  0.148389	  0.320485	
  0.078163	  0.026544	  0.007454	  0.887839	
  0.853506	  0.044228	  0.065324	  0.036942	
  0.978482	  0.000211	  0.008551	  0.012756	
  0.002825	  0.026803	  0.027897	  0.942475	
  0.104556	  0.090897	  0.098468	  0.706079	
  0.391058	  0.094524	  0.371986	  0.142431	
  0.297757	  0.193694	  0.374758	  0.133791	

URL http://cisbp.ccbr.utoronto.ca/TFreport.php?versionNumber=1.02&searchTF=T102164_1.02

MOTIF M1016_1.02 (fgenesh1_pg.C_scaffold_49000081)_(Mus_musculus)_(DBD_0.98)

letter-probability matrix: alength= 4 w= 7 nsites= 1 E= 0
  0.247356	  0.242458	  0.265291	  0.244895	
  0.187686	  0.245862	  0.203318	  0.363134	
  0.206531	  0.145540	  0.437226	  0.210703	
  0.818609	  0.111900	  0.033704	  0.035788	
  0.126658	  0.170970	  0.099632	  0.602740	
  0.539508	  0.337193	  0.043409	  0.079890	
  0.146793	  0.419484	  0.179294	  0.254430	

URL http://cisbp.ccbr.utoronto.ca/TFreport.php?versionNumber=1.02&searchTF=T101472_1.02

MOTIF M1018_1.02 (e_gw1.35.162.1)_(Mus_musculus)_(DBD_0.84)

letter-probability matrix: alength= 4 w= 7 nsites= 1 E= 0
  0.166165	  0.321495	  0.042224	  0.470117	
  0.399981	  0.230769	  0.126649	  0.242601	
  0.594697	  0.152635	  0.003519	  0.249149	
  0.073485	  0.207904	  0.000173	  0.718437	
  0.290140	  0.244781	  0.169078	  0.296001	
  0.318793	  0.229188	  0.201249	  0.250771	
  0.293737	  0.247815	  0.271153	  0.187295	

URL http://cisbp.ccbr.utoronto.ca/TFreport.php?versionNumber=1.02&searchTF=T100971_1.02

MOTIF M1073_1.02 (gw1.7.157.1)_(Mus_musculus)_(DBD_0.95)

letter-probability matrix: alength= 4 w= 9 nsites= 1 E= 0
  0.180771	  0.316470	  0.149490	  0.353269	
  0.087724	  0.051635	  0.011521	  0.849119	
  0.903434	  0.012506	  0.065773	  0.018287	
  0.983264	  0.000463	  0.000459	  0.015814	
  0.010033	  0.092380	  0.055474	  0.842112	
  0.094530	  0.082180	  0.432210	  0.391080	
  0.500756	  0.052254	  0.345889	  0.101101	
  0.173376	  0.345662	  0.269201	  0.211761	
  0.208474	  0.298812	  0.208474	  0.284239	

URL http://cisbp.ccbr.utoronto.ca/TFreport.php?versionNumber=1.02&searchTF=T102134_1.02

MOTIF M1088_1.02 (gw1.121.39.1)_(Drosophila_melanogaster)_(DBD_1.00)

letter-probability matrix: alength= 4 w= 10 nsites= 1 E= 0
  0.248652	  0.156039	  0.439269	  0.156039	
  0.235559	  0.409426	  0.243856	  0.111159	
  0.000140	  0.000140	  0.000140	  0.999581	
  0.999581	  0.000140	  0.000140	  0.000140	
  0.999581	  0.000140	  0.000140	  0.000140	
  0.000140	  0.000140	  0.000140	  0.999581	
  0.000140	  0.000140	  0.000140	  0.999581	
  0.999581	  0.000140	  0.000140	  0.000140	
  0.270161	  0.309740	  0.212726	  0.207374	
  0.227694	  0.227694	  0.227694	  0.316917	

URL http://cisbp.ccbr.utoronto.ca/TFreport.php?versionNumber=1.02&searchTF=T101960_1.02

MOTIF M1089_1.02 (gw1.38.129.1)_(Drosophila_melanogaster)_(DBD_0.89)

letter-probability matrix: alength= 4 w= 10 nsites= 1 E= 0
  0.209338	  0.253142	  0.321807	  0.215713	
  0.269176	  0.231682	  0.207548	  0.291594	
  0.108996	  0.124128	  0.038142	  0.728735	
  0.818862	  0.018319	  0.138091	  0.024728	
  0.925508	  0.028799	  0.000527	  0.045166	
  0.090056	  0.159244	  0.124019	  0.626680	
  0.097497	  0.244649	  0.314135	  0.343719	
  0.322285	  0.084389	  0.452794	  0.140532	
  0.204560	  0.257459	  0.351027	  0.186954	
  0.179474	  0.298877	  0.181278	  0.340370	

URL http://cisbp.ccbr.utoronto.ca/TFreport.php?versionNumber=1.02&searchTF=T102076_1.02

MOTIF M1091_1.02 (fgenesh1_pg.C_scaffold_29000062)_(Drosophila_melanogaster)_(DBD_0.88)

letter-probability matrix: alength= 4 w= 9 nsites= 1 E= 0
  0.195086	  0.348431	  0.193145	  0.263338	
  0.106150	  0.078638	  0.022985	  0.792228	
  0.745347	  0.066944	  0.120765	  0.066944	
  0.803281	  0.077378	  0.027625	  0.091717	
  0.084325	  0.168120	  0.072579	  0.674976	
  0.130553	  0.189007	  0.314751	  0.365689	
  0.403315	  0.108823	  0.304819	  0.183043	
  0.228660	  0.290684	  0.273756	  0.206900	
  0.186386	  0.283672	  0.249092	  0.280850	

URL http://cisbp.ccbr.utoronto.ca/TFreport.php?versionNumber=1.02&searchTF=T101463_1.02

MOTIF M1092_1.02 (NCBI_GNO_5500088)_(Drosophila_melanogaster)_(DBD_0.96)

letter-probability matrix: alength= 4 w= 10 nsites= 1 E= 0
  0.216697	  0.313720	  0.239487	  0.230097	
  0.095574	  0.372375	  0.044252	  0.487798	
  0.513306	  0.185096	  0.192650	  0.108948	
  0.650499	  0.143702	  0.075773	  0.130027	
  0.056092	  0.142164	  0.007822	  0.793922	
  0.205435	  0.280095	  0.158401	  0.356070	
  0.340270	  0.184886	  0.184886	  0.289959	
  0.267116	  0.272512	  0.264458	  0.195915	
  0.194734	  0.260248	  0.302365	  0.242653	
  0.228970	  0.279665	  0.238314	  0.253051	

URL http://cisbp.ccbr.utoronto.ca/TFreport.php?versionNumber=1.02&searchTF=T102329_1.02

MOTIF M1093_1.02 (gw1.275.18.1)_(Drosophila_melanogaster)_(DBD_0.96)

letter-probability matrix: alength= 4 w= 9 nsites= 1 E= 0
  0.144762	  0.222536	  0.161594	  0.471108	
  0.154684	  0.080752	  0.561934	  0.202630	
  0.881466	  0.062903	  0.033838	  0.021793	
  0.038868	  0.179502	  0.060958	  0.720672	
  0.692055	  0.307866	  0.000069	  0.000010	
  0.074677	  0.546305	  0.076186	  0.302832	
  0.143399	  0.405708	  0.241202	  0.209691	
  0.216642	  0.316792	  0.182773	  0.283793	
  0.200709	  0.305472	  0.185278	  0.308542	

URL http://cisbp.ccbr.utoronto.ca/TFreport.php?versionNumber=1.02&searchTF=T102049_1.02

MOTIF M1096_1.02 (gw1.93.55.1)_(Drosophila_melanogaster)_(DBD_0.91)

letter-probability matrix: alength= 4 w= 8 nsites= 1 E= 0
  0.207448	  0.325343	  0.141866	  0.325343	
  0.070500	  0.046787	  0.081909	  0.800803	
  0.823901	  0.041432	  0.064978	  0.069690	
  0.800902	  0.045410	  0.085263	  0.068425	
  0.078337	  0.041722	  0.098595	  0.781347	
  0.084961	  0.693803	  0.089317	  0.131919	
  0.101356	  0.577459	  0.132772	  0.188413	
  0.148880	  0.348326	  0.299807	  0.202987	

URL http://cisbp.ccbr.utoronto.ca/TFreport.php?versionNumber=1.02&searchTF=T102171_1.02

MOTIF M1097_1.02 (gw1.3.113.1)_(Drosophila_melanogaster)_(DBD_0.88)

letter-probability matrix: alength= 4 w= 10 nsites= 1 E= 0
  0.292329	  0.229079	  0.288644	  0.189949	
  0.136427	  0.336877	  0.156525	  0.370171	
  0.034513	  0.118059	  0.009674	  0.837754	
  0.801571	  0.072692	  0.093201	  0.032536	
  0.970781	  0.007894	  0.008025	  0.013300	
  0.013300	  0.008025	  0.007894	  0.970781	
  0.032536	  0.093201	  0.072692	  0.801571	
  0.837754	  0.009674	  0.118059	  0.034513	
  0.370171	  0.156525	  0.336877	  0.136427	
  0.189949	  0.288644	  0.229079	  0.292329	

URL http://cisbp.ccbr.utoronto.ca/TFreport.php?versionNumber=1.02&searchTF=T102063_1.02

MOTIF M1104_1.02 (gw1.7.454.1)_(Drosophila_melanogaster)_(DBD_0.75)

letter-probability matrix: alength= 4 w= 8 nsites= 1 E= 0
  0.172390	  0.270362	  0.216970	  0.340277	
  0.175398	  0.147977	  0.175398	  0.501227	
  0.437799	  0.142845	  0.145731	  0.273625	
  0.559761	  0.114150	  0.154086	  0.172003	
  0.276316	  0.165927	  0.137215	  0.420543	
  0.209315	  0.226748	  0.174835	  0.389102	
  0.299659	  0.080854	  0.524604	  0.094883	
  0.166927	  0.313424	  0.241666	  0.277982	

URL http://cisbp.ccbr.utoronto.ca/TFreport.php?versionNumber=1.02&searchTF=T102146_1.02

MOTIF M1106_1.02 (gw1.6.783.1)_(Drosophila_melanogaster)_(DBD_0.88)

letter-probability matrix: alength= 4 w= 8 nsites= 1 E= 0
  0.699401	  0.033622	  0.033622	  0.233356	
  0.152259	  0.065378	  0.043658	  0.738705	
  0.053712	  0.018023	  0.000178	  0.928087	
  0.821021	  0.000178	  0.000178	  0.178622	
  0.963776	  0.000178	  0.000178	  0.035867	
  0.071556	  0.000178	  0.000178	  0.928087	
  0.109193	  0.000182	  0.036519	  0.854106	
  0.871811	  0.000213	  0.085247	  0.042730	

URL http://cisbp.ccbr.utoronto.ca/TFreport.php?versionNumber=1.02&searchTF=T102125_1.02

MOTIF M1125_1.02 (gw1.186.19.1)_(Mus_musculus)_(DBD_0.96)

letter-probability matrix: alength= 4 w= 10 nsites= 1 E= 0
  0.232947	  0.273366	  0.293187	  0.200499	
  0.212847	  0.340554	  0.181376	  0.265223	
  0.136717	  0.049300	  0.011335	  0.802648	
  0.797526	  0.087489	  0.088368	  0.026616	
  0.889584	  0.000658	  0.045639	  0.064120	
  0.150641	  0.058844	  0.122107	  0.668408	
  0.186789	  0.142591	  0.242253	  0.428367	
  0.315574	  0.091322	  0.456867	  0.136237	
  0.212950	  0.281760	  0.314523	  0.190768	
  0.193573	  0.288776	  0.231748	  0.285903	

URL http://cisbp.ccbr.utoronto.ca/TFreport.php?versionNumber=1.02&searchTF=T102007_1.02

MOTIF M1228_1.02 (gw1.27.24.1)_(Nasonia_vitripennis)_(DBD_0.95)

letter-probability matrix: alength= 4 w= 10 nsites= 1 E= 0
  0.232784	  0.232784	  0.217047	  0.317384	
  0.265736	  0.233342	  0.240448	  0.260474	
  0.179342	  0.281264	  0.155912	  0.383482	
  0.218461	  0.109575	  0.346058	  0.325906	
  0.364656	  0.387205	  0.149748	  0.098391	
  0.676773	  0.072772	  0.140799	  0.109655	
  0.037261	  0.094439	  0.041180	  0.827120	
  0.381566	  0.096959	  0.128289	  0.393187	
  0.443618	  0.127099	  0.168168	  0.261116	
  0.230117	  0.225560	  0.251788	  0.292536	

URL http://cisbp.ccbr.utoronto.ca/TFreport.php?versionNumber=1.02&searchTF=T105335_1.02

MOTIF M1423_1.02 (FPO_gw1.43.164.1)_(Anopheles_gambiae)_(DBD_0.90)

letter-probability matrix: alength= 4 w= 9 nsites= 1 E= 0
  0.268421	  0.231032	  0.250274	  0.250274	
  0.233375	  0.233375	  0.287910	  0.245340	
  0.057487	  0.255077	  0.000962	  0.686473	
  0.168946	  0.001803	  0.803982	  0.025269	
  0.514234	  0.273877	  0.124298	  0.087591	
  0.210810	  0.441844	  0.029694	  0.317652	
  0.194071	  0.726489	  0.000537	  0.078903	
  0.087004	  0.294700	  0.132417	  0.485878	
  0.237598	  0.270584	  0.287316	  0.204503	

URL http://cisbp.ccbr.utoronto.ca/TFreport.php?versionNumber=1.02&searchTF=T135001_1.02

MOTIF M1469_1.02 (NCBI_GNO_0500123)_(Drosophila_melanogaster)_(DBD_0.96)

letter-probability matrix: alength= 4 w= 8 nsites= 1 E= 0
  0.221383	  0.221383	  0.290064	  0.267170	
  0.000059	  0.100627	  0.000059	  0.899255	
  0.000054	  0.005429	  0.994464	  0.000054	
  0.994464	  0.000054	  0.005429	  0.000054	
  0.005429	  0.994464	  0.000054	  0.000054	
  0.000054	  0.999839	  0.000054	  0.000054	
  0.000077	  0.407644	  0.000077	  0.592202	
  0.202148	  0.361655	  0.244683	  0.191514	

URL http://cisbp.ccbr.utoronto.ca/TFreport.php?versionNumber=1.02&searchTF=T135027_1.02

MOTIF M1470_1.02 (PASA_GEN_3900053)_(Drosophila_melanogaster)_(DBD_0.94)

letter-probability matrix: alength= 4 w= 8 nsites= 1 E= 0
  0.374896	  0.104288	  0.291632	  0.229184	
  0.000154	  0.138530	  0.000154	  0.861162	
  0.000143	  0.000143	  0.999572	  0.000143	
  0.985294	  0.000143	  0.014420	  0.000143	
  0.000143	  0.999572	  0.000143	  0.000143	
  0.000143	  0.999572	  0.000143	  0.000143	
  0.000154	  0.307657	  0.000154	  0.692036	
  0.000244	  0.317008	  0.000244	  0.682505	

URL http://cisbp.ccbr.utoronto.ca/TFreport.php?versionNumber=1.02&searchTF=T135032_1.02

MOTIF M1471_1.02 (SPA_e_gw1.2.577.1)_(Drosophila_melanogaster)_(DBD_0.83)

letter-probability matrix: alength= 4 w= 12 nsites= 1 E= 0
  0.317705	  0.227432	  0.227432	  0.227432	
  0.317705	  0.227432	  0.227432	  0.227432	
  0.402784	  0.230661	  0.140388	  0.226166	
  0.049370	  0.144869	  0.049370	  0.756390	
  0.000202	  0.000202	  0.000202	  0.999393	
  0.000202	  0.000202	  0.999393	  0.000202	
  0.999393	  0.000202	  0.000202	  0.000202	
  0.000202	  0.999393	  0.000202	  0.000202	
  0.022771	  0.541218	  0.329688	  0.106323	
  0.022771	  0.022771	  0.194141	  0.760318	
  0.109814	  0.581401	  0.109814	  0.198971	
  0.397504	  0.200832	  0.200832	  0.200832	

URL http://cisbp.ccbr.utoronto.ca/TFreport.php?versionNumber=1.02&searchTF=T135037_1.02

MOTIF M1499_1.02 (fgenesh1_pg.C_scaffold_5518000001)_(Danio_rerio)_(DBD_0.74)

letter-probability matrix: alength= 4 w= 10 nsites= 1 E= 0
  0.160399	  0.501531	  0.057264	  0.280806	
  0.488862	  0.167684	  0.242761	  0.100693	
  0.231052	  0.247805	  0.305712	  0.215431	
  0.015981	  0.317798	  0.063524	  0.602697	
  0.084598	  0.458476	  0.406631	  0.050295	
  0.622700	  0.008620	  0.258285	  0.110395	
  0.394790	  0.162123	  0.126261	  0.316826	
  0.085544	  0.336647	  0.522715	  0.055094	
  0.064856	  0.751575	  0.036313	  0.147256	
  0.306352	  0.055965	  0.575210	  0.062473	

URL http://cisbp.ccbr.utoronto.ca/TFreport.php?versionNumber=1.02&searchTF=T136141_1.02

MOTIF M1528_1.02 (e_gw1.5.153.1)_(Mus_musculus)_(DBD_0.78)

letter-probability matrix: alength= 4 w= 10 nsites= 1 E= 0
  0.197054	  0.369991	  0.263349	  0.169606	
  0.065864	  0.656936	  0.168610	  0.108591	
  0.308958	  0.265923	  0.156524	  0.268595	
  0.134548	  0.150193	  0.135900	  0.579359	
  0.429537	  0.091168	  0.451560	  0.027735	
  0.273736	  0.064210	  0.621518	  0.040535	
  0.195662	  0.476462	  0.050219	  0.277657	
  0.505373	  0.035350	  0.195449	  0.263828	
  0.811192	  0.082972	  0.062085	  0.043751	
  0.023718	  0.876757	  0.027556	  0.071969	

URL http://cisbp.ccbr.utoronto.ca/TFreport.php?versionNumber=1.02&searchTF=T139099_1.02

MOTIF M1530_1.02 (e_gw1.163.93.1)_(Mus_musculus)_(DBD_0.59)

letter-probability matrix: alength= 4 w= 10 nsites= 1 E= 0
  0.135068	  0.476170	  0.211828	  0.176934	
  0.279911	  0.277126	  0.176703	  0.266260	
  0.133759	  0.266677	  0.083600	  0.515965	
  0.436252	  0.113094	  0.379259	  0.071394	
  0.214062	  0.060720	  0.656069	  0.069149	
  0.180816	  0.486617	  0.028431	  0.304137	
  0.572267	  0.014008	  0.221319	  0.192406	
  0.827255	  0.059627	  0.070677	  0.042441	
  0.050302	  0.843917	  0.000349	  0.105431	
  0.220508	  0.306719	  0.359938	  0.112836	

URL http://cisbp.ccbr.utoronto.ca/TFreport.php?versionNumber=1.02&searchTF=T139094_1.02

MOTIF M1623_1.02 (gw1.5.167.1)_(Nasonia_vitripennis)_(DBD_0.94)

letter-probability matrix: alength= 4 w= 8 nsites= 1 E= 0
  0.040335	  0.080272	  0.000399	  0.878994	
  0.200057	  0.485445	  0.314212	  0.000285	
  0.977131	  0.000222	  0.022425	  0.000222	
  0.000217	  0.999348	  0.000217	  0.000217	
  0.999334	  0.000222	  0.000222	  0.000222	
  0.000222	  0.999334	  0.000222	  0.000222	
  0.000250	  0.924326	  0.000250	  0.075175	
  0.062734	  0.062734	  0.000312	  0.874220	

URL http://cisbp.ccbr.utoronto.ca/TFreport.php?versionNumber=1.02&searchTF=T150242_1.02

MOTIF M1628_1.02 (gw1.11.80.1)_(Mus_musculus)_(DBD_0.79)

letter-probability matrix: alength= 4 w= 11 nsites= 1 E= 0
  0.538889	  0.153704	  0.153704	  0.153704	
  0.235964	  0.059136	  0.571481	  0.133420	
  0.019402	  0.019402	  0.941795	  0.019402	
  0.000143	  0.000143	  0.000143	  0.999572	
  0.000143	  0.000143	  0.999572	  0.000143	
  0.000143	  0.000143	  0.000143	  0.999572	
  0.000143	  0.000143	  0.796563	  0.203152	
  0.999572	  0.000143	  0.000143	  0.000143	
  0.710684	  0.096439	  0.096439	  0.096439	
  0.268043	  0.191007	  0.274907	  0.266044	
  0.307777	  0.230741	  0.230741	  0.230741	

URL http://cisbp.ccbr.utoronto.ca/TFreport.php?versionNumber=1.02&searchTF=T150238_1.02

MOTIF M1631_1.02 (e_gw1.80.27.1)_(Mus_musculus)_(DBD_0.74)

letter-probability matrix: alength= 4 w= 10 nsites= 1 E= 0
  0.353916	  0.145338	  0.298586	  0.202160	
  0.672425	  0.040081	  0.179628	  0.107866	
  0.197985	  0.109748	  0.606795	  0.085472	
  0.020276	  0.028773	  0.924656	  0.026296	
  0.003890	  0.062703	  0.000398	  0.933009	
  0.011365	  0.014304	  0.973157	  0.001174	
  0.090981	  0.133040	  0.018005	  0.757974	
  0.038779	  0.216564	  0.449388	  0.295269	
  0.873100	  0.020533	  0.080002	  0.026365	
  0.522605	  0.163829	  0.139606	  0.173960	

URL http://cisbp.ccbr.utoronto.ca/TFreport.php?versionNumber=1.02&searchTF=T150193_1.02

MOTIF M1850_1.02 (estExt_Genewise1.C_3280011)_(Drosophila_melanogaster)_(DBD_0.93)

letter-probability matrix: alength= 4 w= 10 nsites= 1 E= 0
  0.157895	  0.421053	  0.263158	  0.157895	
  0.078947	  0.578947	  0.210526	  0.131579	
  0.131579	  0.078947	  0.657895	  0.131579	
  0.000000	  0.078947	  0.000000	  0.921053	
  0.026316	  0.026316	  0.947368	  0.000000	
  1.000000	  0.000000	  0.000000	  0.000000	
  0.000000	  1.000000	  0.000000	  0.000000	
  0.000000	  1.000000	  0.000000	  0.000000	
  0.026316	  0.947368	  0.000000	  0.026316	
  0.000000	  0.973684	  0.026316	  0.000000	

URL http://cisbp.ccbr.utoronto.ca/TFreport.php?versionNumber=1.02&searchTF=T134957_1.02

MOTIF M1855_1.02 (e_gw1.32.130.1)_(Drosophila_melanogaster)_(DBD_0.77)

letter-probability matrix: alength= 4 w= 10 nsites= 1 E= 0
  0.000000	  0.111111	  0.777778	  0.111111	
  0.000000	  0.000000	  0.777778	  0.222222	
  0.000000	  0.000000	  1.000000	  0.000000	
  0.000000	  0.000000	  0.888889	  0.111111	
  0.444444	  0.111111	  0.000000	  0.444444	
  0.222222	  0.111111	  0.000000	  0.666667	
  0.000000	  0.000000	  0.000000	  1.000000	
  0.000000	  0.111111	  0.000000	  0.888889	
  0.000000	  1.000000	  0.000000	  0.000000	
  0.111111	  0.888889	  0.000000	  0.000000	

URL http://cisbp.ccbr.utoronto.ca/TFreport.php?versionNumber=1.02&searchTF=T138526_1.02

MOTIF M1858_1.02 (estExt_Genewise1Plus.C_20266)_(Drosophila_melanogaster)_(DBD_0.94)

letter-probability matrix: alength= 4 w= 7 nsites= 1 E= 0
  0.117647	  0.705882	  0.117647	  0.058824	
  0.294118	  0.705882	  0.000000	  0.000000	
  0.000000	  0.000000	  1.000000	  0.000000	
  0.000000	  0.000000	  1.000000	  0.000000	
  1.000000	  0.000000	  0.000000	  0.000000	
  1.000000	  0.000000	  0.000000	  0.000000	
  0.294118	  0.058824	  0.588235	  0.058824	

URL http://cisbp.ccbr.utoronto.ca/TFreport.php?versionNumber=1.02&searchTF=T079028_1.02

MOTIF M1869_1.02 (gw1.35.98.1)_(Homo_sapiens)_(DBD_0.91)

letter-probability matrix: alength= 4 w= 8 nsites= 1 E= 0
  1.000000	  0.000000	  0.000000	  0.000000	
  0.000000	  0.000000	  1.000000	  0.000000	
  1.000000	  0.000000	  0.000000	  0.000000	
  0.000000	  0.000000	  0.000000	  1.000000	
  1.000000	  0.000000	  0.000000	  0.000000	
  1.000000	  0.000000	  0.000000	  0.000000	
  0.278738	  0.000000	  0.721262	  0.000000	
  0.604149	  0.153846	  0.242005	  0.000000	

URL http://cisbp.ccbr.utoronto.ca/TFreport.php?versionNumber=1.02&searchTF=T085804_1.02

MOTIF M1889_1.02 (estExt_fgenesh1_kg.C_170013)_(Homo_sapiens)_(DBD_0.75)

letter-probability matrix: alength= 4 w= 10 nsites= 1 E= 0
  0.511174	  0.030165	  0.335559	  0.123102	
  0.551883	  0.045268	  0.276043	  0.126806	
  0.204112	  0.146021	  0.511744	  0.138123	
  0.000000	  1.000000	  0.000000	  0.000000	
  1.000000	  0.000000	  0.000000	  0.000000	
  0.000000	  1.000000	  0.000000	  0.000000	
  0.798616	  0.000000	  0.201384	  0.000000	
  0.000000	  0.000000	  0.000000	  1.000000	
  0.000000	  0.000000	  1.000000	  0.000000	
  0.004966	  0.117606	  0.577814	  0.299613	

URL http://cisbp.ccbr.utoronto.ca/TFreport.php?versionNumber=1.02&searchTF=T011295_1.02

MOTIF M1890_1.02 (PASA_GEN_10700008)_(Homo_sapiens)_(DBD_0.95)

letter-probability matrix: alength= 4 w= 18 nsites= 1 E= 0
  0.536953	  0.172787	  0.112112	  0.178148	
  0.135379	  0.112568	  0.522354	  0.229699	
  0.404653	  0.257299	  0.247263	  0.090785	
  0.137203	  0.339074	  0.453695	  0.070027	
  0.208257	  0.267336	  0.035698	  0.488709	
  0.021898	  0.095119	  0.546077	  0.336907	
  0.027030	  0.842153	  0.054859	  0.075958	
  0.001825	  0.113253	  0.027600	  0.857322	
  0.025319	  0.116104	  0.819001	  0.039576	
  0.975707	  0.000228	  0.017108	  0.006957	
  0.000570	  0.005931	  0.000912	  0.992587	
  0.001141	  0.000570	  0.000570	  0.997719	
  0.003307	  0.001141	  0.994526	  0.001026	
  0.001369	  0.007984	  0.990306	  0.000342	
  0.042997	  0.305315	  0.001711	  0.649977	
  0.052464	  0.449703	  0.213618	  0.284215	
  0.175297	  0.476277	  0.253992	  0.094434	
  0.485972	  0.129562	  0.308736	  0.075730	

