MEME version 5.5.8 (Fri May 2 15:43:49 2025 -0700)

ALPHABET= ACGT

strands: + -

Background letter frequencies (from uniform background):
A 0.25000 C 0.25000 G 0.25000 T 0.25000 

MOTIF M0111_1.02 (GH20664)_(Drosophila_melanogaster)_(DBD_1.00)

letter-probability matrix: alength= 4 w= 8 nsites= 1 E= 0
  0.228748	  0.221987	  0.148803	  0.400462	
  0.182465	  0.170129	  0.146431	  0.500975	
  0.138322	  0.188592	  0.071492	  0.601595	
  0.336065	  0.060178	  0.422972	  0.180785	
  0.973889	  0.000879	  0.022006	  0.003226	
  0.045194	  0.000361	  0.000150	  0.954295	
  0.278506	  0.244555	  0.112105	  0.364833	
  0.300420	  0.203401	  0.269126	  0.227052	

URL http://cisbp.ccbr.utoronto.ca/TFreport.php?versionNumber=1.02&searchTF=T007816_1.02

MOTIF M0576_1.02 (GH18050)_(Drosophila_melanogaster)_(DBD_1.00)

letter-probability matrix: alength= 4 w= 9 nsites= 1 E= 0
  0.141636	  0.366229	  0.180055	  0.312080	
  0.077029	  0.824008	  0.016349	  0.082614	
  0.127679	  0.000644	  0.870891	  0.000786	
  0.037419	  0.822366	  0.000138	  0.140076	
  0.080267	  0.137738	  0.629771	  0.152224	
  0.334894	  0.141714	  0.348561	  0.174830	
  0.318833	  0.183951	  0.211594	  0.285622	
  0.271555	  0.220118	  0.176649	  0.331678	
  0.253487	  0.229365	  0.207538	  0.309610	

URL http://cisbp.ccbr.utoronto.ca/TFreport.php?versionNumber=1.02&searchTF=T071220_1.02

MOTIF M0580_1.02 (GH18053)_(Bombyx_mori)_(DBD_0.85)

letter-probability matrix: alength= 4 w= 10 nsites= 1 E= 0
  0.234003	  0.269167	  0.213862	  0.282968	
  0.165030	  0.378465	  0.117463	  0.339042	
  0.161689	  0.623702	  0.107305	  0.107305	
  0.189188	  0.117066	  0.634438	  0.059308	
  0.000295	  0.880381	  0.000177	  0.119147	
  0.110357	  0.107095	  0.694866	  0.087682	
  0.291421	  0.222465	  0.300296	  0.185818	
  0.262292	  0.257099	  0.223511	  0.257099	
  0.235549	  0.255168	  0.200722	  0.308561	
  0.248131	  0.238401	  0.222284	  0.291184	

URL http://cisbp.ccbr.utoronto.ca/TFreport.php?versionNumber=1.02&searchTF=T071221_1.02

MOTIF M0713_1.02 (GH10509)_(Drosophila_melanogaster)_(DBD_0.93)

letter-probability matrix: alength= 4 w= 8 nsites= 1 E= 0
  0.001244	  0.996269	  0.001244	  0.001244	
  0.000996	  0.997012	  0.000996	  0.000996	
  0.000996	  0.000996	  0.997012	  0.000996	
  0.000996	  0.000996	  0.997012	  0.000996	
  0.997012	  0.000996	  0.000996	  0.000996	
  0.897410	  0.000996	  0.000996	  0.100598	
  0.332965	  0.001106	  0.664823	  0.001106	
  0.001420	  0.285511	  0.001420	  0.711648	

URL http://cisbp.ccbr.utoronto.ca/TFreport.php?versionNumber=1.02&searchTF=T078829_1.02

MOTIF M0723_1.02 (GH12162)_(Mus_musculus)_(DBD_0.65)

letter-probability matrix: alength= 4 w= 10 nsites= 1 E= 0
  0.304424	  0.223279	  0.262020	  0.210276	
  0.213777	  0.233909	  0.245902	  0.306412	
  0.293934	  0.159709	  0.385043	  0.161314	
  0.246234	  0.175262	  0.129837	  0.448667	
  0.528194	  0.286995	  0.062145	  0.122666	
  0.598965	  0.187767	  0.067034	  0.146233	
  0.718961	  0.066540	  0.146615	  0.067884	
  0.033458	  0.590092	  0.077500	  0.298951	
  0.671272	  0.049858	  0.121410	  0.157460	
  0.326891	  0.210530	  0.210530	  0.252050	

URL http://cisbp.ccbr.utoronto.ca/TFreport.php?versionNumber=1.02&searchTF=T082730_1.02

MOTIF M0737_1.02 (GH18035)_(Mus_musculus)_(DBD_0.88)

letter-probability matrix: alength= 4 w= 10 nsites= 1 E= 0
  0.329842	  0.082156	  0.060257	  0.527746	
  0.520070	  0.108198	  0.255689	  0.116043	
  0.283345	  0.081996	  0.128595	  0.506065	
  0.209230	  0.033229	  0.701648	  0.055893	
  0.071321	  0.155585	  0.032694	  0.740400	
  0.638753	  0.232646	  0.070072	  0.058529	
  0.729556	  0.133278	  0.066184	  0.070983	
  0.865457	  0.036352	  0.043959	  0.054231	
  0.059316	  0.519509	  0.058726	  0.362449	
  0.777489	  0.053307	  0.067092	  0.102112	

URL http://cisbp.ccbr.utoronto.ca/TFreport.php?versionNumber=1.02&searchTF=T082737_1.02

MOTIF M0740_1.02 (GH11193)_(Drosophila_melanogaster)_(DBD_0.99)

letter-probability matrix: alength= 4 w= 10 nsites= 1 E= 0
  0.148384	  0.253629	  0.148384	  0.449602	
  0.343159	  0.027768	  0.517643	  0.111431	
  0.083876	  0.000213	  0.000213	  0.915697	
  0.999360	  0.000213	  0.000213	  0.000213	
  0.915697	  0.000213	  0.000213	  0.083876	
  0.999360	  0.000213	  0.000213	  0.000213	
  0.000213	  0.912223	  0.000213	  0.087351	
  0.999360	  0.000213	  0.000213	  0.000213	
  0.437060	  0.186478	  0.185492	  0.190970	
  0.332663	  0.222446	  0.222446	  0.222446	

URL http://cisbp.ccbr.utoronto.ca/TFreport.php?versionNumber=1.02&searchTF=T082728_1.02

MOTIF M0757_1.02 (GH14639)_(Strongylocentrotus_purpuratus)_(DBD_0.79)

letter-probability matrix: alength= 4 w= 10 nsites= 1 E= 0
  0.321884	  0.201178	  0.236085	  0.240854	
  0.216367	  0.234387	  0.239122	  0.310124	
  0.297171	  0.182055	  0.409243	  0.111532	
  0.279854	  0.144643	  0.132194	  0.443309	
  0.472247	  0.313407	  0.069235	  0.145111	
  0.572460	  0.196359	  0.062174	  0.169007	
  0.751021	  0.048981	  0.135834	  0.064163	
  0.037542	  0.655546	  0.026722	  0.280190	
  0.680835	  0.057015	  0.121915	  0.140235	
  0.359328	  0.213628	  0.193298	  0.233746	

URL http://cisbp.ccbr.utoronto.ca/TFreport.php?versionNumber=1.02&searchTF=T082732_1.02

MOTIF M0817_1.02 (GH11056)_(Drosophila_melanogaster)_(DBD_0.72)

letter-probability matrix: alength= 4 w= 8 nsites= 1 E= 0
  0.729854	  0.111199	  0.158788	  0.000159	
  0.000118	  0.011877	  0.000118	  0.987888	
  0.235301	  0.023636	  0.740945	  0.000118	
  0.047154	  0.799741	  0.141228	  0.011877	
  0.070673	  0.000118	  0.752705	  0.176505	
  0.000118	  0.000118	  0.999647	  0.000118	
  0.000118	  0.000118	  0.999647	  0.000118	
  0.055699	  0.351776	  0.092709	  0.499815	

URL http://cisbp.ccbr.utoronto.ca/TFreport.php?versionNumber=1.02&searchTF=T086814_1.02

MOTIF M0967_1.02 (GH13518)_(Mus_musculus)_(DBD_0.81)

letter-probability matrix: alength= 4 w= 8 nsites= 1 E= 0
  0.222888	  0.280526	  0.201677	  0.294909	
  0.135819	  0.056902	  0.017838	  0.789441	
  0.749166	  0.066617	  0.112052	  0.072165	
  0.950512	  0.000309	  0.023975	  0.025204	
  0.033254	  0.061201	  0.073271	  0.832275	
  0.170087	  0.110643	  0.160182	  0.559089	
  0.345558	  0.104080	  0.393532	  0.156830	
  0.274902	  0.209855	  0.329118	  0.186125	

URL http://cisbp.ccbr.utoronto.ca/TFreport.php?versionNumber=1.02&searchTF=T098822_1.02

MOTIF M1088_1.02 (GH20363)_(Drosophila_melanogaster)_(DBD_1.00)

letter-probability matrix: alength= 4 w= 10 nsites= 1 E= 0
  0.248652	  0.156039	  0.439269	  0.156039	
  0.235559	  0.409426	  0.243856	  0.111159	
  0.000140	  0.000140	  0.000140	  0.999581	
  0.999581	  0.000140	  0.000140	  0.000140	
  0.999581	  0.000140	  0.000140	  0.000140	
  0.000140	  0.000140	  0.000140	  0.999581	
  0.000140	  0.000140	  0.000140	  0.999581	
  0.999581	  0.000140	  0.000140	  0.000140	
  0.270161	  0.309740	  0.212726	  0.207374	
  0.227694	  0.227694	  0.227694	  0.316917	

URL http://cisbp.ccbr.utoronto.ca/TFreport.php?versionNumber=1.02&searchTF=T098868_1.02

MOTIF M1089_1.02 (GH13044)_(Drosophila_melanogaster)_(DBD_0.98)

letter-probability matrix: alength= 4 w= 10 nsites= 1 E= 0
  0.209338	  0.253142	  0.321807	  0.215713	
  0.269176	  0.231682	  0.207548	  0.291594	
  0.108996	  0.124128	  0.038142	  0.728735	
  0.818862	  0.018319	  0.138091	  0.024728	
  0.925508	  0.028799	  0.000527	  0.045166	
  0.090056	  0.159244	  0.124019	  0.626680	
  0.097497	  0.244649	  0.314135	  0.343719	
  0.322285	  0.084389	  0.452794	  0.140532	
  0.204560	  0.257459	  0.351027	  0.186954	
  0.179474	  0.298877	  0.181278	  0.340370	

URL http://cisbp.ccbr.utoronto.ca/TFreport.php?versionNumber=1.02&searchTF=T098820_1.02

MOTIF M1090_1.02 (GH14408)_(Drosophila_melanogaster)_(DBD_0.98)

letter-probability matrix: alength= 4 w= 9 nsites= 1 E= 0
  0.134584	  0.408378	  0.129307	  0.327731	
  0.081007	  0.082644	  0.003760	  0.832588	
  0.917579	  0.035224	  0.037403	  0.009794	
  0.976827	  0.001575	  0.006199	  0.015399	
  0.023296	  0.008071	  0.016916	  0.951717	
  0.078443	  0.045258	  0.284968	  0.591331	
  0.706465	  0.016950	  0.244759	  0.031826	
  0.168184	  0.356045	  0.318957	  0.156814	
  0.118714	  0.360221	  0.248817	  0.272249	

URL http://cisbp.ccbr.utoronto.ca/TFreport.php?versionNumber=1.02&searchTF=T098827_1.02

MOTIF M1091_1.02 (eve)_(Drosophila_melanogaster)_(DBD_1.00)

letter-probability matrix: alength= 4 w= 9 nsites= 1 E= 0
  0.195086	  0.348431	  0.193145	  0.263338	
  0.106150	  0.078638	  0.022985	  0.792228	
  0.745347	  0.066944	  0.120765	  0.066944	
  0.803281	  0.077378	  0.027625	  0.091717	
  0.084325	  0.168120	  0.072579	  0.674976	
  0.130553	  0.189007	  0.314751	  0.365689	
  0.403315	  0.108823	  0.304819	  0.183043	
  0.228660	  0.290684	  0.273756	  0.206900	
  0.186386	  0.283672	  0.249092	  0.280850	

URL http://cisbp.ccbr.utoronto.ca/TFreport.php?versionNumber=1.02&searchTF=T098526_1.02

MOTIF M1092_1.02 (GH13485)_(Drosophila_melanogaster)_(DBD_1.00)

letter-probability matrix: alength= 4 w= 10 nsites= 1 E= 0
  0.216697	  0.313720	  0.239487	  0.230097	
  0.095574	  0.372375	  0.044252	  0.487798	
  0.513306	  0.185096	  0.192650	  0.108948	
  0.650499	  0.143702	  0.075773	  0.130027	
  0.056092	  0.142164	  0.007822	  0.793922	
  0.205435	  0.280095	  0.158401	  0.356070	
  0.340270	  0.184886	  0.184886	  0.289959	
  0.267116	  0.272512	  0.264458	  0.195915	
  0.194734	  0.260248	  0.302365	  0.242653	
  0.228970	  0.279665	  0.238314	  0.253051	

URL http://cisbp.ccbr.utoronto.ca/TFreport.php?versionNumber=1.02&searchTF=T098821_1.02

MOTIF M1093_1.02 (GH21164)_(Drosophila_melanogaster)_(DBD_0.98)

letter-probability matrix: alength= 4 w= 9 nsites= 1 E= 0
  0.144762	  0.222536	  0.161594	  0.471108	
  0.154684	  0.080752	  0.561934	  0.202630	
  0.881466	  0.062903	  0.033838	  0.021793	
  0.038868	  0.179502	  0.060958	  0.720672	
  0.692055	  0.307866	  0.000069	  0.000010	
  0.074677	  0.546305	  0.076186	  0.302832	
  0.143399	  0.405708	  0.241202	  0.209691	
  0.216642	  0.316792	  0.182773	  0.283793	
  0.200709	  0.305472	  0.185278	  0.308542	

URL http://cisbp.ccbr.utoronto.ca/TFreport.php?versionNumber=1.02&searchTF=T098873_1.02

MOTIF M1094_1.02 (GH18130)_(Drosophila_melanogaster)_(DBD_0.82)

letter-probability matrix: alength= 4 w= 10 nsites= 1 E= 0
  0.268157	  0.302346	  0.276323	  0.153174	
  0.155819	  0.326586	  0.163808	  0.353787	
  0.106375	  0.063878	  0.027854	  0.801893	
  0.865700	  0.012853	  0.068275	  0.053172	
  0.908282	  0.035218	  0.013485	  0.043015	
  0.042920	  0.081397	  0.022183	  0.853499	
  0.067850	  0.074240	  0.390453	  0.467457	
  0.616195	  0.031931	  0.274119	  0.077755	
  0.180282	  0.374099	  0.236162	  0.209457	
  0.188518	  0.323499	  0.192327	  0.295656	

URL http://cisbp.ccbr.utoronto.ca/TFreport.php?versionNumber=1.02&searchTF=T098847_1.02

MOTIF M1095_1.02 (GH22032)_(Drosophila_melanogaster)_(DBD_0.98)

letter-probability matrix: alength= 4 w= 11 nsites= 1 E= 0
  0.220082	  0.339754	  0.220082	  0.220082	
  0.121199	  0.210045	  0.121199	  0.547557	
  0.023880	  0.023880	  0.023880	  0.928359	
  0.999808	  0.000064	  0.000064	  0.000064	
  0.999808	  0.000064	  0.000064	  0.000064	
  0.000064	  0.000064	  0.999808	  0.000064	
  0.000064	  0.000064	  0.000064	  0.999808	
  0.271023	  0.000064	  0.728849	  0.000064	
  0.029982	  0.382541	  0.557495	  0.029982	
  0.219228	  0.312556	  0.128865	  0.339351	
  0.226184	  0.226184	  0.226184	  0.321449	

URL http://cisbp.ccbr.utoronto.ca/TFreport.php?versionNumber=1.02&searchTF=T098879_1.02

MOTIF M1096_1.02 (GH10501)_(Drosophila_melanogaster)_(DBD_1.00)

letter-probability matrix: alength= 4 w= 8 nsites= 1 E= 0
  0.207448	  0.325343	  0.141866	  0.325343	
  0.070500	  0.046787	  0.081909	  0.800803	
  0.823901	  0.041432	  0.064978	  0.069690	
  0.800902	  0.045410	  0.085263	  0.068425	
  0.078337	  0.041722	  0.098595	  0.781347	
  0.084961	  0.693803	  0.089317	  0.131919	
  0.101356	  0.577459	  0.132772	  0.188413	
  0.148880	  0.348326	  0.299807	  0.202987	

URL http://cisbp.ccbr.utoronto.ca/TFreport.php?versionNumber=1.02&searchTF=T098812_1.02

MOTIF M1097_1.02 (GH16430)_(Drosophila_melanogaster)_(DBD_1.00)

letter-probability matrix: alength= 4 w= 10 nsites= 1 E= 0
  0.292329	  0.229079	  0.288644	  0.189949	
  0.136427	  0.336877	  0.156525	  0.370171	
  0.034513	  0.118059	  0.009674	  0.837754	
  0.801571	  0.072692	  0.093201	  0.032536	
  0.970781	  0.007894	  0.008025	  0.013300	
  0.013300	  0.008025	  0.007894	  0.970781	
  0.032536	  0.093201	  0.072692	  0.801571	
  0.837754	  0.009674	  0.118059	  0.034513	
  0.370171	  0.156525	  0.336877	  0.136427	
  0.189949	  0.288644	  0.229079	  0.292329	

URL http://cisbp.ccbr.utoronto.ca/TFreport.php?versionNumber=1.02&searchTF=T098837_1.02

MOTIF M1099_1.02 (GH14222)_(Drosophila_melanogaster)_(DBD_1.00)

letter-probability matrix: alength= 4 w= 9 nsites= 1 E= 0
  0.191780	  0.272148	  0.142074	  0.393998	
  0.173245	  0.054856	  0.025912	  0.745987	
  0.740236	  0.048278	  0.096252	  0.115234	
  0.897022	  0.008750	  0.032107	  0.062121	
  0.048310	  0.033704	  0.177262	  0.740724	
  0.140466	  0.702726	  0.053784	  0.103024	
  0.087353	  0.626382	  0.079835	  0.206430	
  0.206494	  0.343873	  0.223692	  0.225941	
  0.208138	  0.289514	  0.204017	  0.298331	

URL http://cisbp.ccbr.utoronto.ca/TFreport.php?versionNumber=1.02&searchTF=T098826_1.02

MOTIF M1100_1.02 (GH21899)_(Drosophila_melanogaster)_(DBD_1.00)

letter-probability matrix: alength= 4 w= 10 nsites= 1 E= 0
  0.242321	  0.223690	  0.225939	  0.308050	
  0.316659	  0.218727	  0.272551	  0.192063	
  0.250815	  0.136280	  0.401302	  0.211603	
  0.221772	  0.208857	  0.400074	  0.169296	
  0.316946	  0.132785	  0.339927	  0.210341	
  0.162016	  0.080455	  0.565491	  0.192038	
  0.797439	  0.000347	  0.148622	  0.053592	
  0.013593	  0.128969	  0.069378	  0.788059	
  0.565158	  0.248913	  0.091570	  0.094359	
  0.266128	  0.224522	  0.243222	  0.266128	

URL http://cisbp.ccbr.utoronto.ca/TFreport.php?versionNumber=1.02&searchTF=T098876_1.02

MOTIF M1102_1.02 (GH15916)_(Drosophila_melanogaster)_(DBD_0.95)

letter-probability matrix: alength= 4 w= 9 nsites= 1 E= 0
  0.263676	  0.236210	  0.288508	  0.211605	
  0.166180	  0.344836	  0.200953	  0.288031	
  0.099773	  0.489263	  0.095861	  0.315103	
  0.603177	  0.129310	  0.092964	  0.174550	
  0.795539	  0.078966	  0.083015	  0.042479	
  0.075531	  0.099937	  0.055955	  0.768577	
  0.259932	  0.281581	  0.100526	  0.357960	
  0.467314	  0.147969	  0.147969	  0.236749	
  0.319988	  0.210247	  0.244272	  0.225492	

URL http://cisbp.ccbr.utoronto.ca/TFreport.php?versionNumber=1.02&searchTF=T098834_1.02

MOTIF M1103_1.02 (GH24051)_(Drosophila_melanogaster)_(DBD_1.00)

letter-probability matrix: alength= 4 w= 8 nsites= 1 E= 0
  0.227314	  0.499546	  0.181942	  0.091198	
  0.000344	  0.103650	  0.000344	  0.895661	
  0.999092	  0.000303	  0.000303	  0.000303	
  0.999092	  0.000303	  0.000303	  0.000303	
  0.000303	  0.000303	  0.000303	  0.999092	
  0.000303	  0.000303	  0.000303	  0.999092	
  0.934601	  0.000322	  0.064755	  0.000322	
  0.760932	  0.048004	  0.048004	  0.143061	

URL http://cisbp.ccbr.utoronto.ca/TFreport.php?versionNumber=1.02&searchTF=T098884_1.02

MOTIF M1106_1.02 (GH16166)_(Drosophila_melanogaster)_(DBD_1.00)

letter-probability matrix: alength= 4 w= 8 nsites= 1 E= 0
  0.699401	  0.033622	  0.033622	  0.233356	
  0.152259	  0.065378	  0.043658	  0.738705	
  0.053712	  0.018023	  0.000178	  0.928087	
  0.821021	  0.000178	  0.000178	  0.178622	
  0.963776	  0.000178	  0.000178	  0.035867	
  0.071556	  0.000178	  0.000178	  0.928087	
  0.109193	  0.000182	  0.036519	  0.854106	
  0.871811	  0.000213	  0.085247	  0.042730	

URL http://cisbp.ccbr.utoronto.ca/TFreport.php?versionNumber=1.02&searchTF=T098836_1.02

MOTIF M1469_1.02 (GH20117)_(Drosophila_melanogaster)_(DBD_1.00)

letter-probability matrix: alength= 4 w= 8 nsites= 1 E= 0
  0.221383	  0.221383	  0.290064	  0.267170	
  0.000059	  0.100627	  0.000059	  0.899255	
  0.000054	  0.005429	  0.994464	  0.000054	
  0.994464	  0.000054	  0.005429	  0.000054	
  0.005429	  0.994464	  0.000054	  0.000054	
  0.000054	  0.999839	  0.000054	  0.000054	
  0.000077	  0.407644	  0.000077	  0.592202	
  0.202148	  0.361655	  0.244683	  0.191514	

URL http://cisbp.ccbr.utoronto.ca/TFreport.php?versionNumber=1.02&searchTF=T134307_1.02

MOTIF M1470_1.02 (GH17194)_(Drosophila_melanogaster)_(DBD_1.00)

letter-probability matrix: alength= 4 w= 8 nsites= 1 E= 0
  0.374896	  0.104288	  0.291632	  0.229184	
  0.000154	  0.138530	  0.000154	  0.861162	
  0.000143	  0.000143	  0.999572	  0.000143	
  0.985294	  0.000143	  0.014420	  0.000143	
  0.000143	  0.999572	  0.000143	  0.000143	
  0.000143	  0.999572	  0.000143	  0.000143	
  0.000154	  0.307657	  0.000154	  0.692036	
  0.000244	  0.317008	  0.000244	  0.682505	

URL http://cisbp.ccbr.utoronto.ca/TFreport.php?versionNumber=1.02&searchTF=T134304_1.02

MOTIF M1471_1.02 (GH14219)_(Drosophila_melanogaster)_(DBD_1.00)

letter-probability matrix: alength= 4 w= 12 nsites= 1 E= 0
  0.317705	  0.227432	  0.227432	  0.227432	
  0.317705	  0.227432	  0.227432	  0.227432	
  0.402784	  0.230661	  0.140388	  0.226166	
  0.049370	  0.144869	  0.049370	  0.756390	
  0.000202	  0.000202	  0.000202	  0.999393	
  0.000202	  0.000202	  0.999393	  0.000202	
  0.999393	  0.000202	  0.000202	  0.000202	
  0.000202	  0.999393	  0.000202	  0.000202	
  0.022771	  0.541218	  0.329688	  0.106323	
  0.022771	  0.022771	  0.194141	  0.760318	
  0.109814	  0.581401	  0.109814	  0.198971	
  0.397504	  0.200832	  0.200832	  0.200832	

URL http://cisbp.ccbr.utoronto.ca/TFreport.php?versionNumber=1.02&searchTF=T134296_1.02

MOTIF M1472_1.02 (GH20426)_(Drosophila_pseudoobscura)_(DBD_0.99)

letter-probability matrix: alength= 4 w= 8 nsites= 1 E= 0
  0.143466	  0.001420	  0.285511	  0.569602	
  0.000906	  0.000906	  0.000906	  0.997283	
  0.000906	  0.091486	  0.906703	  0.000906	
  0.997283	  0.000906	  0.000906	  0.000906	
  0.000906	  0.000906	  0.000906	  0.997283	
  0.000906	  0.906703	  0.091486	  0.000906	
  0.091486	  0.091486	  0.000906	  0.816123	
  0.000996	  0.598606	  0.000996	  0.399402	

URL http://cisbp.ccbr.utoronto.ca/TFreport.php?versionNumber=1.02&searchTF=T134308_1.02

MOTIF M1519_1.02 (GH12805)_(Gallus_gallus)_(DBD_0.59)

letter-probability matrix: alength= 4 w= 10 nsites= 1 E= 0
  0.371475	  0.209508	  0.209508	  0.209508	
  0.176057	  0.087532	  0.087532	  0.648879	
  0.000121	  0.000121	  0.000121	  0.999637	
  0.000121	  0.000121	  0.000121	  0.999637	
  0.088646	  0.083984	  0.000121	  0.827249	
  0.000121	  0.914778	  0.000121	  0.084980	
  0.000121	  0.826253	  0.084980	  0.088646	
  0.830915	  0.083984	  0.000121	  0.084980	
  0.124475	  0.287055	  0.040613	  0.547857	
  0.267517	  0.162589	  0.248110	  0.321785	

URL http://cisbp.ccbr.utoronto.ca/TFreport.php?versionNumber=1.02&searchTF=T138488_1.02

MOTIF M1530_1.02 (GH18082)_(Mus_musculus)_(DBD_0.51)

letter-probability matrix: alength= 4 w= 10 nsites= 1 E= 0
  0.135068	  0.476170	  0.211828	  0.176934	
  0.279911	  0.277126	  0.176703	  0.266260	
  0.133759	  0.266677	  0.083600	  0.515965	
  0.436252	  0.113094	  0.379259	  0.071394	
  0.214062	  0.060720	  0.656069	  0.069149	
  0.180816	  0.486617	  0.028431	  0.304137	
  0.572267	  0.014008	  0.221319	  0.192406	
  0.827255	  0.059627	  0.070677	  0.042441	
  0.050302	  0.843917	  0.000349	  0.105431	
  0.220508	  0.306719	  0.359938	  0.112836	

URL http://cisbp.ccbr.utoronto.ca/TFreport.php?versionNumber=1.02&searchTF=T139000_1.02

MOTIF M1599_1.02 (GH16347)_(Mus_musculus)_(DBD_0.94)

letter-probability matrix: alength= 4 w= 9 nsites= 1 E= 0
  0.610507	  0.080181	  0.080181	  0.229130	
  0.027959	  0.087421	  0.055188	  0.829432	
  0.077434	  0.030859	  0.020893	  0.870814	
  0.237747	  0.206688	  0.478765	  0.076800	
  0.240465	  0.078459	  0.077678	  0.603397	
  0.222149	  0.224382	  0.205070	  0.348399	
  0.230661	  0.273404	  0.181445	  0.314490	
  0.236240	  0.248352	  0.218077	  0.297331	
  0.240132	  0.254981	  0.252444	  0.252444	

URL http://cisbp.ccbr.utoronto.ca/TFreport.php?versionNumber=1.02&searchTF=T145750_1.02

MOTIF M1623_1.02 (GH12075)_(Nasonia_vitripennis)_(DBD_0.77)

letter-probability matrix: alength= 4 w= 8 nsites= 1 E= 0
  0.040335	  0.080272	  0.000399	  0.878994	
  0.200057	  0.485445	  0.314212	  0.000285	
  0.977131	  0.000222	  0.022425	  0.000222	
  0.000217	  0.999348	  0.000217	  0.000217	
  0.999334	  0.000222	  0.000222	  0.000222	
  0.000222	  0.999334	  0.000222	  0.000222	
  0.000250	  0.924326	  0.000250	  0.075175	
  0.062734	  0.062734	  0.000312	  0.874220	

URL http://cisbp.ccbr.utoronto.ca/TFreport.php?versionNumber=1.02&searchTF=T150028_1.02

MOTIF M1628_1.02 (GH12234)_(Mus_musculus)_(DBD_0.71)

letter-probability matrix: alength= 4 w= 11 nsites= 1 E= 0
  0.538889	  0.153704	  0.153704	  0.153704	
  0.235964	  0.059136	  0.571481	  0.133420	
  0.019402	  0.019402	  0.941795	  0.019402	
  0.000143	  0.000143	  0.000143	  0.999572	
  0.000143	  0.000143	  0.999572	  0.000143	
  0.000143	  0.000143	  0.000143	  0.999572	
  0.000143	  0.000143	  0.796563	  0.203152	
  0.999572	  0.000143	  0.000143	  0.000143	
  0.710684	  0.096439	  0.096439	  0.096439	
  0.268043	  0.191007	  0.274907	  0.266044	
  0.307777	  0.230741	  0.230741	  0.230741	

URL http://cisbp.ccbr.utoronto.ca/TFreport.php?versionNumber=1.02&searchTF=T150029_1.02

MOTIF M1850_1.02 (GH24408)_(Drosophila_melanogaster)_(DBD_0.99)

letter-probability matrix: alength= 4 w= 10 nsites= 1 E= 0
  0.157895	  0.421053	  0.263158	  0.157895	
  0.078947	  0.578947	  0.210526	  0.131579	
  0.131579	  0.078947	  0.657895	  0.131579	
  0.000000	  0.078947	  0.000000	  0.921053	
  0.026316	  0.026316	  0.947368	  0.000000	
  1.000000	  0.000000	  0.000000	  0.000000	
  0.000000	  1.000000	  0.000000	  0.000000	
  0.000000	  1.000000	  0.000000	  0.000000	
  0.026316	  0.947368	  0.000000	  0.026316	
  0.000000	  0.973684	  0.026316	  0.000000	

URL http://cisbp.ccbr.utoronto.ca/TFreport.php?versionNumber=1.02&searchTF=T134311_1.02

MOTIF M1855_1.02 (GH10077)_(Drosophila_melanogaster)_(DBD_0.99)

letter-probability matrix: alength= 4 w= 10 nsites= 1 E= 0
  0.000000	  0.111111	  0.777778	  0.111111	
  0.000000	  0.000000	  0.777778	  0.222222	
  0.000000	  0.000000	  1.000000	  0.000000	
  0.000000	  0.000000	  0.888889	  0.111111	
  0.444444	  0.111111	  0.000000	  0.444444	
  0.222222	  0.111111	  0.000000	  0.666667	
  0.000000	  0.000000	  0.000000	  1.000000	
  0.000000	  0.111111	  0.000000	  0.888889	
  0.000000	  1.000000	  0.000000	  0.000000	
  0.111111	  0.888889	  0.000000	  0.000000	

URL http://cisbp.ccbr.utoronto.ca/TFreport.php?versionNumber=1.02&searchTF=T138486_1.02

MOTIF M1858_1.02 (GH15352)_(Drosophila_melanogaster)_(DBD_1.00)

letter-probability matrix: alength= 4 w= 7 nsites= 1 E= 0
  0.117647	  0.705882	  0.117647	  0.058824	
  0.294118	  0.705882	  0.000000	  0.000000	
  0.000000	  0.000000	  1.000000	  0.000000	
  0.000000	  0.000000	  1.000000	  0.000000	
  1.000000	  0.000000	  0.000000	  0.000000	
  1.000000	  0.000000	  0.000000	  0.000000	
  0.294118	  0.058824	  0.588235	  0.058824	

URL http://cisbp.ccbr.utoronto.ca/TFreport.php?versionNumber=1.02&searchTF=T078832_1.02

MOTIF M1869_1.02 (GH19248)_(Homo_sapiens)_(DBD_0.93)

letter-probability matrix: alength= 4 w= 8 nsites= 1 E= 0
  1.000000	  0.000000	  0.000000	  0.000000	
  0.000000	  0.000000	  1.000000	  0.000000	
  1.000000	  0.000000	  0.000000	  0.000000	
  0.000000	  0.000000	  0.000000	  1.000000	
  1.000000	  0.000000	  0.000000	  0.000000	
  1.000000	  0.000000	  0.000000	  0.000000	
  0.278738	  0.000000	  0.721262	  0.000000	
  0.604149	  0.153846	  0.242005	  0.000000	

URL http://cisbp.ccbr.utoronto.ca/TFreport.php?versionNumber=1.02&searchTF=T085014_1.02

MOTIF M1890_1.02 (GH15528)_(Homo_sapiens)_(DBD_0.84)

letter-probability matrix: alength= 4 w= 18 nsites= 1 E= 0
  0.536953	  0.172787	  0.112112	  0.178148	
  0.135379	  0.112568	  0.522354	  0.229699	
  0.404653	  0.257299	  0.247263	  0.090785	
  0.137203	  0.339074	  0.453695	  0.070027	
  0.208257	  0.267336	  0.035698	  0.488709	
  0.021898	  0.095119	  0.546077	  0.336907	
  0.027030	  0.842153	  0.054859	  0.075958	
  0.001825	  0.113253	  0.027600	  0.857322	
  0.025319	  0.116104	  0.819001	  0.039576	
  0.975707	  0.000228	  0.017108	  0.006957	
  0.000570	  0.005931	  0.000912	  0.992587	
  0.001141	  0.000570	  0.000570	  0.997719	
  0.003307	  0.001141	  0.994526	  0.001026	
  0.001369	  0.007984	  0.990306	  0.000342	
  0.042997	  0.305315	  0.001711	  0.649977	
  0.052464	  0.449703	  0.213618	  0.284215	
  0.175297	  0.476277	  0.253992	  0.094434	
  0.485972	  0.129562	  0.308736	  0.075730	

URL http://cisbp.ccbr.utoronto.ca/TFreport.php?versionNumber=1.02&searchTF=T070527_1.02

MOTIF M1910_1.02 (GH20989)_(Homo_sapiens)_(DBD_0.96)

letter-probability matrix: alength= 4 w= 18 nsites= 1 E= 0
  0.187088	  0.357049	  0.123408	  0.332455	
  0.446640	  0.195872	  0.145367	  0.212121	
  0.226175	  0.125165	  0.090470	  0.558191	
  0.118577	  0.112868	  0.439174	  0.329381	
  0.209486	  0.299078	  0.234080	  0.257356	
  0.021520	  0.941590	  0.000000	  0.036891	
  0.000000	  0.924462	  0.000000	  0.075538	
  0.776021	  0.028986	  0.010101	  0.184892	
  0.519982	  0.000000	  0.032060	  0.447958	
  0.977602	  0.000000	  0.007027	  0.015371	
  0.259113	  0.052701	  0.007027	  0.681159	
  0.899429	  0.005270	  0.022398	  0.072903	
  0.637681	  0.004392	  0.038208	  0.319719	
  0.029864	  0.000000	  0.970136	  0.000000	
  0.006588	  0.003074	  0.990338	  0.000000	
  0.267018	  0.379447	  0.193676	  0.159859	
  0.594203	  0.221344	  0.101010	  0.083443	
  0.570487	  0.078173	  0.202020	  0.149319	

URL http://cisbp.ccbr.utoronto.ca/TFreport.php?versionNumber=1.02&searchTF=T111595_1.02

MOTIF M1912_1.02 (GH10915)_(Drosophila_melanogaster)_(DBD_1.00)

letter-probability matrix: alength= 4 w= 16 nsites= 1 E= 0
  0.100000	  0.300000	  0.300000	  0.300000	
  0.000000	  0.400000	  0.000000	  0.600000	
  0.000000	  0.000000	  1.000000	  0.000000	
  0.000000	  0.000000	  0.000000	  1.000000	
  0.000000	  0.000000	  1.000000	  0.000000	
  0.300000	  0.000000	  0.700000	  0.000000	
  0.000000	  0.000000	  1.000000	  0.000000	
  1.000000	  0.000000	  0.000000	  0.000000	
  1.000000	  0.000000	  0.000000	  0.000000	
  0.500000	  0.500000	  0.000000	  0.000000	
  0.100000	  0.700000	  0.100000	  0.100000	
  0.100000	  0.200000	  0.400000	  0.300000	
  0.400000	  0.200000	  0.200000	  0.200000	
  0.300000	  0.100000	  0.400000	  0.200000	
  0.400000	  0.300000	  0.200000	  0.100000	
  0.200000	  0.100000	  0.200000	  0.500000	

URL http://cisbp.ccbr.utoronto.ca/TFreport.php?versionNumber=1.02&searchTF=T073171_1.02

MOTIF M1913_1.02 (GH13116)_(Drosophila_melanogaster)_(DBD_0.97)

letter-probability matrix: alength= 4 w= 6 nsites= 1 E= 0
  0.000000	  0.975000	  0.025000	  0.000000	
  0.975000	  0.000000	  0.000000	  0.025000	
  0.075000	  0.000000	  0.925000	  0.000000	
  0.050000	  0.000000	  0.950000	  0.000000	
  0.000000	  0.000000	  0.000000	  1.000000	
  0.000000	  0.000000	  0.950000	  0.050000	

URL http://cisbp.ccbr.utoronto.ca/TFreport.php?versionNumber=1.02&searchTF=T058577_1.02

MOTIF M1946_1.02 (GH24684)_(Drosophila_melanogaster)_(DBD_1.00)

letter-probability matrix: alength= 4 w= 9 nsites= 1 E= 0
  0.476190	  0.190476	  0.000000	  0.333333	
  0.047619	  0.190476	  0.666667	  0.095238	
  0.190476	  0.095238	  0.095238	  0.619048	
  0.952381	  0.000000	  0.000000	  0.047619	
  1.000000	  0.000000	  0.000000	  0.000000	
  0.000000	  1.000000	  0.000000	  0.000000	
  0.333333	  0.238095	  0.142857	  0.285714	
  0.000000	  0.000000	  1.000000	  0.000000	
  0.238095	  0.190476	  0.095238	  0.476190	

URL http://cisbp.ccbr.utoronto.ca/TFreport.php?versionNumber=1.02&searchTF=T058773_1.02

MOTIF M1977_1.02 (GH24903)_(Drosophila_melanogaster)_(DBD_0.98)

letter-probability matrix: alength= 4 w= 7 nsites= 1 E= 0
  0.190476	  0.190476	  0.000000	  0.619048	
  0.000000	  0.000000	  0.000000	  1.000000	
  1.000000	  0.000000	  0.000000	  0.000000	
  1.000000	  0.000000	  0.000000	  0.000000	
  0.380952	  0.000000	  0.000000	  0.619048	
  0.047619	  0.333333	  0.000000	  0.619048	
  0.047619	  0.000000	  0.952381	  0.000000	

URL http://cisbp.ccbr.utoronto.ca/TFreport.php?versionNumber=1.02&searchTF=T098894_1.02

MOTIF M1978_1.02 (GH24902)_(Drosophila_melanogaster)_(DBD_1.00)

letter-probability matrix: alength= 4 w= 7 nsites= 1 E= 0
  0.285714	  0.095238	  0.047619	  0.571429	
  0.000000	  0.000000	  0.000000	  1.000000	
  1.000000	  0.000000	  0.000000	  0.000000	
  1.000000	  0.000000	  0.000000	  0.000000	
  0.238095	  0.000000	  0.000000	  0.761905	
  0.142857	  0.047619	  0.095238	  0.714286	
  0.000000	  0.000000	  1.000000	  0.000000	

URL http://cisbp.ccbr.utoronto.ca/TFreport.php?versionNumber=1.02&searchTF=T098893_1.02

MOTIF M2043_1.02 (GH24019)_(Drosophila_melanogaster)_(DBD_0.96)

letter-probability matrix: alength= 4 w= 7 nsites= 1 E= 0
  0.066667	  0.133333	  0.000000	  0.800000	
  0.000000	  0.000000	  0.000000	  1.000000	
  0.000000	  0.000000	  1.000000	  0.000000	
  1.000000	  0.000000	  0.000000	  0.000000	
  0.000000	  0.000000	  0.000000	  1.000000	
  0.000000	  0.000000	  0.000000	  1.000000	
  0.333333	  0.000000	  0.266667	  0.400000	

URL http://cisbp.ccbr.utoronto.ca/TFreport.php?versionNumber=1.02&searchTF=T073727_1.02

MOTIF M2057_1.02 (GH24785)_(Drosophila_melanogaster)_(DBD_1.00)

letter-probability matrix: alength= 4 w= 7 nsites= 1 E= 0
  0.047619	  0.238095	  0.095238	  0.619048	
  0.000000	  0.000000	  0.000000	  1.000000	
  1.000000	  0.000000	  0.000000	  0.000000	
  1.000000	  0.000000	  0.000000	  0.000000	
  0.000000	  0.000000	  0.000000	  1.000000	
  0.047619	  0.000000	  0.000000	  0.952381	
  0.285714	  0.047619	  0.666667	  0.000000	

URL http://cisbp.ccbr.utoronto.ca/TFreport.php?versionNumber=1.02&searchTF=T098890_1.02

MOTIF M2061_1.02 (GH15364)_(Drosophila_melanogaster)_(DBD_1.00)

letter-probability matrix: alength= 4 w= 6 nsites= 1 E= 0
  0.000000	  0.000000	  0.000000	  1.000000	
  0.000000	  0.000000	  0.727273	  0.272727	
  0.454545	  0.545455	  0.000000	  0.000000	
  0.636364	  0.000000	  0.181818	  0.181818	
  0.000000	  0.000000	  0.000000	  1.000000	
  0.818182	  0.000000	  0.181818	  0.000000	

URL http://cisbp.ccbr.utoronto.ca/TFreport.php?versionNumber=1.02&searchTF=T105245_1.02

MOTIF M2257_1.02 (GH10114)_(Drosophila_melanogaster)_(DBD_0.98)

letter-probability matrix: alength= 4 w= 12 nsites= 1 E= 0
  0.241379	  0.517241	  0.103448	  0.137931	
  0.137931	  0.034483	  0.172414	  0.655172	
  0.344828	  0.275862	  0.172414	  0.206897	
  0.827586	  0.000000	  0.034483	  0.137931	
  0.034483	  0.000000	  0.000000	  0.965517	
  0.000000	  0.034483	  0.000000	  0.965517	
  0.172414	  0.000000	  0.000000	  0.827586	
  0.310345	  0.034483	  0.655172	  0.000000	
  0.137931	  0.862069	  0.000000	  0.000000	
  1.000000	  0.000000	  0.000000	  0.000000	
  0.000000	  0.000000	  0.000000	  1.000000	
  0.862069	  0.034483	  0.034483	  0.068966	

URL http://cisbp.ccbr.utoronto.ca/TFreport.php?versionNumber=1.02&searchTF=T105243_1.02

MOTIF M2308_1.02 (GH18452)_(Mus_musculus)_(DBD_0.77)

letter-probability matrix: alength= 4 w= 14 nsites= 1 E= 0
  0.135641	  0.073433	  0.716558	  0.074369	
  0.027128	  0.103835	  0.176333	  0.692703	
  0.067820	  0.389616	  0.061272	  0.481291	
  0.196913	  0.202526	  0.356408	  0.244153	
  0.017306	  0.817587	  0.044902	  0.120206	
  0.000000	  0.957905	  0.000000	  0.042095	
  0.586529	  0.188026	  0.034144	  0.191300	
  0.064546	  0.053789	  0.044902	  0.836763	
  0.282507	  0.000000	  0.717493	  0.000000	
  0.086997	  0.000000	  0.913003	  0.000000	
  0.134238	  0.799813	  0.005613	  0.060337	
  0.838634	  0.000000	  0.114125	  0.047240	
  0.973807	  0.000000	  0.026193	  0.000000	
  0.000000	  1.000000	  0.000000	  0.000000	

URL http://cisbp.ccbr.utoronto.ca/TFreport.php?versionNumber=1.02&searchTF=T139001_1.02

MOTIF M2327_1.02 (GH14167)_(Drosophila_melanogaster)_(DBD_0.83)

letter-probability matrix: alength= 4 w= 15 nsites= 1 E= 0
  0.305085	  0.084746	  0.076271	  0.533898	
  0.000000	  0.000000	  0.000000	  1.000000	
  0.025424	  0.016949	  0.000000	  0.957627	
  0.000000	  0.991525	  0.008475	  0.000000	
  0.042373	  0.593220	  0.016949	  0.347458	
  0.245763	  0.254237	  0.177966	  0.322034	
  0.313559	  0.118644	  0.567797	  0.000000	
  0.101695	  0.000000	  0.898305	  0.000000	
  0.949153	  0.000000	  0.050847	  0.000000	
  0.983051	  0.008475	  0.008475	  0.000000	
  0.372881	  0.228814	  0.000000	  0.398305	
  0.076271	  0.144068	  0.008475	  0.771186	
  0.127119	  0.347458	  0.296610	  0.228814	
  0.110169	  0.500000	  0.186441	  0.203390	
  0.245763	  0.203390	  0.423729	  0.127119	

URL http://cisbp.ccbr.utoronto.ca/TFreport.php?versionNumber=1.02&searchTF=T148633_1.02

MOTIF M2387_1.02 (GH14653)_(Homo_sapiens)_(DBD_0.80)

letter-probability matrix: alength= 4 w= 10 nsites= 1 E= 0
  0.431034	  0.120690	  0.448276	  0.000000	
  0.000000	  0.000000	  0.000000	  1.000000	
  0.000000	  0.189655	  0.775862	  0.034483	
  0.241379	  0.000000	  0.758621	  0.000000	
  0.017241	  0.224138	  0.655172	  0.103448	
  0.000000	  0.120690	  0.879310	  0.000000	
  0.000000	  0.000000	  0.000000	  1.000000	
  0.000000	  0.000000	  1.000000	  0.000000	
  1.000000	  0.000000	  0.000000	  0.000000	
  0.000000	  0.275862	  0.241379	  0.482759	

URL http://cisbp.ccbr.utoronto.ca/TFreport.php?versionNumber=1.02&searchTF=T017122_1.02

MOTIF M4669_1.02 (GH21438)_(Drosophila_melanogaster)_(DBD_0.92)

letter-probability matrix: alength= 4 w= 10 nsites= 1 E= 0
  0.059322	  0.084746	  0.067797	  0.788135	
  0.042373	  0.050847	  0.805085	  0.101695	
  0.059322	  0.745763	  0.076271	  0.118644	
  0.152542	  0.584746	  0.093220	  0.169492	
  0.186441	  0.135593	  0.567797	  0.110169	
  0.754237	  0.118644	  0.042373	  0.084746	
  0.161017	  0.110169	  0.627119	  0.101695	
  0.059322	  0.067797	  0.093220	  0.779661	
  0.084746	  0.711864	  0.118644	  0.084746	
  0.889831	  0.016949	  0.042373	  0.050847	

URL http://cisbp.ccbr.utoronto.ca/TFreport.php?versionNumber=1.02&searchTF=T027260_1.02

MOTIF M4671_1.02 (GH16089)_(Drosophila_melanogaster)_(DBD_0.84)

letter-probability matrix: alength= 4 w= 11 nsites= 1 E= 0
  0.031746	  0.198413	  0.603174	  0.166667	
  0.007937	  0.015873	  0.039683	  0.936507	
  0.000000	  0.000000	  1.000000	  0.000000	
  0.000000	  0.000000	  1.000000	  0.000000	
  0.000000	  1.000000	  0.000000	  0.000000	
  0.158730	  0.000000	  0.833333	  0.007937	
  0.000000	  0.658730	  0.341270	  0.000000	
  0.007937	  0.817460	  0.158730	  0.015873	
  0.603175	  0.285714	  0.111111	  0.000000	
  0.150794	  0.309524	  0.150794	  0.388889	
  0.206349	  0.492063	  0.055556	  0.246032	

URL http://cisbp.ccbr.utoronto.ca/TFreport.php?versionNumber=1.02&searchTF=T058620_1.02

MOTIF M4672_1.02 (GH19495)_(Drosophila_melanogaster)_(DBD_0.92)

letter-probability matrix: alength= 4 w= 13 nsites= 1 E= 0
  0.837210	  0.069767	  0.093023	  0.000000	
  0.930232	  0.046512	  0.000000	  0.023256	
  0.581396	  0.023256	  0.069767	  0.325581	
  0.348837	  0.069767	  0.000000	  0.581396	
  0.093023	  0.162791	  0.372093	  0.372093	
  0.116279	  0.465116	  0.418605	  0.000000	
  0.023256	  0.325581	  0.651163	  0.000000	
  0.000000	  1.000000	  0.000000	  0.000000	
  0.139535	  0.000000	  0.837209	  0.023256	
  0.000000	  0.720930	  0.255814	  0.023256	
  0.046512	  0.813953	  0.139535	  0.000000	
  0.767442	  0.139535	  0.000000	  0.093023	
  0.767442	  0.023256	  0.000000	  0.209302	

URL http://cisbp.ccbr.utoronto.ca/TFreport.php?versionNumber=1.02&searchTF=T076934_1.02

MOTIF M4673_1.02 (GH18716)_(Drosophila_melanogaster)_(DBD_1.00)

letter-probability matrix: alength= 4 w= 11 nsites= 1 E= 0
  0.148148	  0.148148	  0.148148	  0.555556	
  0.111111	  0.037037	  0.000000	  0.851852	
  0.518519	  0.074074	  0.407407	  0.000000	
  0.407407	  0.111111	  0.259259	  0.222222	
  0.296296	  0.074074	  0.481481	  0.148148	
  0.000000	  0.518519	  0.000000	  0.481481	
  0.962963	  0.037037	  0.000000	  0.000000	
  1.000000	  0.000000	  0.000000	  0.000000	
  1.000000	  0.000000	  0.000000	  0.000000	
  0.000000	  0.814815	  0.000000	  0.185185	
  0.888889	  0.000000	  0.000000	  0.111111	

URL http://cisbp.ccbr.utoronto.ca/TFreport.php?versionNumber=1.02&searchTF=T082739_1.02

MOTIF M4674_1.02 (GH18759)_(Drosophila_melanogaster)_(DBD_0.99)

letter-probability matrix: alength= 4 w= 18 nsites= 1 E= 0
  1.000000	  0.000000	  0.000000	  0.000000	
  0.200000	  0.200000	  0.200000	  0.400000	
  0.333333	  0.252525	  0.080808	  0.333333	
  0.202020	  0.131313	  0.333333	  0.333333	
  0.200000	  0.130000	  0.270000	  0.400000	
  0.111111	  0.333333	  0.333333	  0.222222	
  0.260000	  0.320000	  0.000000	  0.420000	
  0.000000	  0.000000	  1.000000	  0.000000	
  1.000000	  0.000000	  0.000000	  0.000000	
  0.000000	  0.000000	  0.000000	  1.000000	
  1.000000	  0.000000	  0.000000	  0.000000	
  0.702970	  0.099010	  0.099010	  0.099010	
  0.000000	  0.210000	  0.630000	  0.160000	
  0.130000	  0.310000	  0.500000	  0.060000	
  0.330000	  0.070000	  0.400000	  0.200000	
  0.230000	  0.230000	  0.310000	  0.230000	
  0.250000	  0.250000	  0.330000	  0.170000	
  0.080000	  0.250000	  0.250000	  0.420000	

URL http://cisbp.ccbr.utoronto.ca/TFreport.php?versionNumber=1.02&searchTF=T085013_1.02

MOTIF M4675_1.02 (GH21641)_(Drosophila_melanogaster)_(DBD_1.00)

letter-probability matrix: alength= 4 w= 10 nsites= 1 E= 0
  0.000000	  0.500000	  0.000000	  0.500000	
  0.000000	  0.000000	  0.000000	  1.000000	
  1.000000	  0.000000	  0.000000	  0.000000	
  0.500000	  0.000000	  0.000000	  0.500000	
  0.500000	  0.000000	  0.000000	  0.500000	
  0.500000	  0.000000	  0.000000	  0.500000	
  0.500000	  0.000000	  0.000000	  0.500000	
  0.000000	  0.000000	  0.000000	  1.000000	
  1.000000	  0.000000	  0.000000	  0.000000	
  0.500000	  0.000000	  0.500000	  0.000000	

URL http://cisbp.ccbr.utoronto.ca/TFreport.php?versionNumber=1.02&searchTF=T111596_1.02

MOTIF M4677_1.02 (GH16981)_(Drosophila_melanogaster)_(DBD_0.99)

letter-probability matrix: alength= 4 w= 10 nsites= 1 E= 0
  0.000000	  0.706897	  0.000000	  0.293103	
  1.000000	  0.000000	  0.000000	  0.000000	
  0.000000	  0.000000	  1.000000	  0.000000	
  0.172414	  0.155172	  0.534483	  0.137931	
  0.000000	  0.000000	  1.000000	  0.000000	
  0.000000	  0.379310	  0.000000	  0.620690	
  0.000000	  0.000000	  0.000000	  1.000000	
  0.000000	  0.000000	  1.000000	  0.000000	
  0.000000	  0.603448	  0.000000	  0.396552	
  0.189655	  0.810345	  0.000000	  0.000000	

URL http://cisbp.ccbr.utoronto.ca/TFreport.php?versionNumber=1.02&searchTF=T134302_1.02

MOTIF M4708_1.02 (GH23121)_(Homo_sapiens)_(DBD_0.90)

letter-probability matrix: alength= 4 w= 10 nsites= 1 E= 0
  0.161765	  0.161765	  0.058824	  0.617646	
  1.000000	  0.000000	  0.000000	  0.000000	
  0.014706	  0.000000	  0.029412	  0.955882	
  0.191176	  0.000000	  0.691177	  0.117647	
  0.000000	  0.779412	  0.000000	  0.220588	
  0.779412	  0.000000	  0.000000	  0.220588	
  0.838235	  0.000000	  0.161765	  0.000000	
  0.808824	  0.088235	  0.000000	  0.102941	
  0.117647	  0.044118	  0.029412	  0.808823	
  0.632353	  0.044118	  0.205882	  0.117647	

URL http://cisbp.ccbr.utoronto.ca/TFreport.php?versionNumber=1.02&searchTF=T150669_1.02

MOTIF M4720_1.02 (GH18074)_(Drosophila_melanogaster)_(DBD_1.00)

letter-probability matrix: alength= 4 w= 8 nsites= 1 E= 0
  0.351351	  0.108108	  0.054054	  0.486486	
  0.081081	  0.000000	  0.027027	  0.891892	
  0.648649	  0.000000	  0.054054	  0.297297	
  1.000000	  0.000000	  0.000000	  0.000000	
  0.027027	  0.000000	  0.000000	  0.972973	
