MEME version 5.5.8 (Fri May 2 15:43:49 2025 -0700)

ALPHABET= ACGT

strands: + -

Background letter frequencies (from uniform background):
A 0.25000 C 0.25000 G 0.25000 T 0.25000 

MOTIF M0104_1.02 (XP_002160328.1)_(Mus_musculus)_(DBD_0.73)

letter-probability matrix: alength= 4 w= 11 nsites= 1 E= 0
  0.467943	  0.177352	  0.177352	  0.177352	
  0.273411	  0.080067	  0.080067	  0.566454	
  0.609177	  0.119174	  0.033749	  0.237901	
  0.104443	  0.000141	  0.000141	  0.895276	
  0.000141	  0.000141	  0.000141	  0.999578	
  0.999578	  0.000141	  0.000141	  0.000141	
  0.910941	  0.000141	  0.000141	  0.088778	
  0.088778	  0.000141	  0.000141	  0.910941	
  0.261793	  0.167866	  0.072788	  0.497552	
  0.489780	  0.170073	  0.170073	  0.170073	
  0.350824	  0.216392	  0.216392	  0.216392	

URL http://cisbp.ccbr.utoronto.ca/TFreport.php?versionNumber=1.02&searchTF=T008356_1.02

MOTIF M0300_1.02 (XP_002159178.1)_(Mus_musculus)_(DBD_0.71)

letter-probability matrix: alength= 4 w= 10 nsites= 1 E= 0
  0.291870	  0.184253	  0.277636	  0.246241	
  0.530199	  0.133387	  0.274034	  0.062380	
  0.035631	  0.062379	  0.001238	  0.900752	
  0.073796	  0.082377	  0.556301	  0.287525	
  0.757933	  0.025806	  0.125285	  0.090976	
  0.084682	  0.638364	  0.084682	  0.192271	
  0.156906	  0.065082	  0.710273	  0.067738	
  0.117142	  0.166233	  0.068950	  0.647675	
  0.368627	  0.407396	  0.102492	  0.121484	
  0.489340	  0.124345	  0.187365	  0.198951	

URL http://cisbp.ccbr.utoronto.ca/TFreport.php?versionNumber=1.02&searchTF=T031499_1.02

MOTIF M0304_1.02 (XP_002164910.1)_(Mus_musculus)_(DBD_0.56)

letter-probability matrix: alength= 4 w= 10 nsites= 1 E= 0
  0.417594	  0.193373	  0.289850	  0.099182	
  0.070926	  0.105761	  0.069103	  0.754210	
  0.075979	  0.046003	  0.228470	  0.649548	
  0.348495	  0.037506	  0.334666	  0.279334	
  0.126578	  0.520621	  0.107184	  0.245617	
  0.245617	  0.107184	  0.520621	  0.126578	
  0.279334	  0.334666	  0.037506	  0.348495	
  0.649548	  0.228470	  0.046003	  0.075979	
  0.754210	  0.069103	  0.105761	  0.070926	
  0.099182	  0.289850	  0.193373	  0.417594	

URL http://cisbp.ccbr.utoronto.ca/TFreport.php?versionNumber=1.02&searchTF=T031510_1.02

MOTIF M0305_1.02 (XP_002160519.1)_(Mus_musculus)_(DBD_0.61)

letter-probability matrix: alength= 4 w= 9 nsites= 1 E= 0
  0.002475	  0.002475	  0.745050	  0.250000	
  0.250000	  0.623134	  0.001244	  0.125622	
  0.001244	  0.871891	  0.125622	  0.001244	
  0.996269	  0.001244	  0.001244	  0.001244	
  0.001244	  0.996269	  0.001244	  0.001244	
  0.001244	  0.001244	  0.996269	  0.001244	
  0.001244	  0.001244	  0.001244	  0.996269	
  0.001420	  0.143466	  0.853693	  0.001420	
  0.250000	  0.002475	  0.250000	  0.497525	

URL http://cisbp.ccbr.utoronto.ca/TFreport.php?versionNumber=1.02&searchTF=T031503_1.02

MOTIF M0319_1.02 (XP_002162729.1)_(Mus_musculus)_(DBD_0.90)

letter-probability matrix: alength= 4 w= 10 nsites= 1 E= 0
  0.183122	  0.183122	  0.270541	  0.363215	
  0.645397	  0.087274	  0.180054	  0.087274	
  0.000184	  0.000184	  0.000184	  0.999448	
  0.000184	  0.000184	  0.724689	  0.274944	
  0.999448	  0.000184	  0.000184	  0.000184	
  0.000184	  0.999448	  0.000184	  0.000184	
  0.000184	  0.000184	  0.999448	  0.000184	
  0.000184	  0.000184	  0.000184	  0.999448	
  0.547966	  0.317911	  0.067062	  0.067062	
  0.511272	  0.162909	  0.162909	  0.162909	

URL http://cisbp.ccbr.utoronto.ca/TFreport.php?versionNumber=1.02&searchTF=T031506_1.02

MOTIF M0402_1.02 (XP_002166590.1)_(Mus_musculus)_(DBD_0.85)

letter-probability matrix: alength= 4 w= 10 nsites= 1 E= 0
  0.345672	  0.149230	  0.297523	  0.207575	
  0.236315	  0.119721	  0.541945	  0.102020	
  0.126852	  0.013504	  0.562855	  0.296789	
  0.166514	  0.000013	  0.833039	  0.000434	
  0.000036	  0.000030	  0.999670	  0.000264	
  0.011649	  0.000039	  0.987545	  0.000767	
  0.160079	  0.668920	  0.014093	  0.156909	
  0.035629	  0.024858	  0.909753	  0.029760	
  0.045986	  0.028741	  0.501866	  0.423407	
  0.212327	  0.118882	  0.458577	  0.210214	

URL http://cisbp.ccbr.utoronto.ca/TFreport.php?versionNumber=1.02&searchTF=T069270_1.02

MOTIF M0405_1.02 (XP_002170242.1)_(Mus_musculus)_(DBD_0.90)

letter-probability matrix: alength= 4 w= 10 nsites= 1 E= 0
  0.322200	  0.077105	  0.258571	  0.342124	
  0.174850	  0.000229	  0.823801	  0.001121	
  0.000272	  0.000173	  0.999363	  0.000191	
  0.000074	  0.000241	  0.999596	  0.000089	
  0.100743	  0.660217	  0.010304	  0.228736	
  0.015211	  0.000320	  0.974574	  0.009895	
  0.042318	  0.089587	  0.352557	  0.515538	
  0.208085	  0.076550	  0.538047	  0.177318	
  0.167365	  0.115605	  0.497789	  0.219242	
  0.170239	  0.414554	  0.180766	  0.234441	

URL http://cisbp.ccbr.utoronto.ca/TFreport.php?versionNumber=1.02&searchTF=T069282_1.02

MOTIF M0424_1.02 (XP_002162096.1)_(Mus_musculus)_(DBD_0.71)

letter-probability matrix: alength= 4 w= 10 nsites= 1 E= 0
  0.277274	  0.205410	  0.231599	  0.285718	
  0.260772	  0.211378	  0.215648	  0.312201	
  0.119201	  0.079108	  0.058605	  0.743086	
  0.006837	  0.028857	  0.918136	  0.046171	
  0.862086	  0.000771	  0.084720	  0.052423	
  0.039362	  0.891405	  0.009326	  0.059907	
  0.762638	  0.017936	  0.180690	  0.038737	
  0.164638	  0.133453	  0.461162	  0.240748	
  0.190999	  0.293614	  0.282101	  0.233286	
  0.218148	  0.236317	  0.178604	  0.366931	

URL http://cisbp.ccbr.utoronto.ca/TFreport.php?versionNumber=1.02&searchTF=T069253_1.02

MOTIF M0641_1.02 (XP_002158720.1)_(Drosophila_melanogaster)_(DBD_0.85)

letter-probability matrix: alength= 4 w= 10 nsites= 1 E= 0
  0.264213	  0.114063	  0.073461	  0.548263	
  0.146979	  0.076730	  0.639248	  0.137043	
  0.091624	  0.122448	  0.030195	  0.755733	
  0.530776	  0.071833	  0.106096	  0.291296	
  0.340580	  0.064758	  0.186914	  0.407748	
  0.130860	  0.648156	  0.077799	  0.143184	
  0.378005	  0.205389	  0.180351	  0.236254	
  0.412383	  0.112387	  0.172768	  0.302461	
  0.281282	  0.131546	  0.159072	  0.428100	
  0.236410	  0.182284	  0.128453	  0.452853	

URL http://cisbp.ccbr.utoronto.ca/TFreport.php?versionNumber=1.02&searchTF=T075442_1.02

MOTIF M0711_1.02 (XP_002153910.1)_(Tetraodon_nigroviridis)_(DBD_0.51)

letter-probability matrix: alength= 4 w= 8 nsites= 1 E= 0
  0.001420	  0.995739	  0.001420	  0.001420	
  0.001106	  0.996681	  0.001106	  0.001106	
  0.001106	  0.001106	  0.996681	  0.001106	
  0.001106	  0.001106	  0.996681	  0.001106	
  0.996681	  0.001106	  0.001106	  0.001106	
  0.886062	  0.001106	  0.001106	  0.111726	
  0.222345	  0.001106	  0.775442	  0.001106	
  0.001656	  0.167219	  0.001656	  0.829470	

URL http://cisbp.ccbr.utoronto.ca/TFreport.php?versionNumber=1.02&searchTF=T079138_1.02

MOTIF M0728_1.02 (XP_002158068.1)_(Mus_musculus)_(DBD_0.59)

letter-probability matrix: alength= 4 w= 12 nsites= 1 E= 0
  0.394926	  0.201691	  0.201691	  0.201691	
  0.357836	  0.147163	  0.347838	  0.147163	
  0.159006	  0.172368	  0.068783	  0.599842	
  0.841382	  0.113021	  0.022798	  0.022798	
  0.999531	  0.000156	  0.000156	  0.000156	
  0.999531	  0.000156	  0.000156	  0.000156	
  0.000156	  0.999531	  0.000156	  0.000156	
  0.999531	  0.000156	  0.000156	  0.000156	
  0.854605	  0.048465	  0.048465	  0.048465	
  0.691020	  0.102993	  0.102993	  0.102993	
  0.181373	  0.360053	  0.181373	  0.277201	
  0.317926	  0.227358	  0.227358	  0.227358	

URL http://cisbp.ccbr.utoronto.ca/TFreport.php?versionNumber=1.02&searchTF=T083582_1.02

MOTIF M0733_1.02 (XP_002167754.1)_(Mus_musculus)_(DBD_0.66)

letter-probability matrix: alength= 4 w= 8 nsites= 1 E= 0
  0.346154	  0.076923	  0.557692	  0.019231	
  0.181818	  0.038961	  0.012987	  0.766234	
  0.650602	  0.277108	  0.024096	  0.048193	
  0.916667	  0.035714	  0.011905	  0.035714	
  0.952381	  0.011905	  0.011905	  0.023810	
  0.011905	  0.845238	  0.011905	  0.130952	
  0.964286	  0.011905	  0.011905	  0.011905	
  0.571429	  0.142857	  0.126984	  0.158730	

URL http://cisbp.ccbr.utoronto.ca/TFreport.php?versionNumber=1.02&searchTF=T083589_1.02

MOTIF M0736_1.02 (XP_002157478.1)_(Mus_musculus)_(DBD_0.81)

letter-probability matrix: alength= 4 w= 8 nsites= 1 E= 0
  0.309467	  0.142959	  0.547336	  0.000238	
  0.295052	  0.000164	  0.000164	  0.704620	
  0.619510	  0.295749	  0.000141	  0.084600	
  0.888534	  0.069545	  0.000139	  0.041782	
  0.999584	  0.000139	  0.000139	  0.000139	
  0.000139	  0.957940	  0.000139	  0.041782	
  0.999572	  0.000143	  0.000143	  0.000143	
  0.660068	  0.132164	  0.056750	  0.151018	

URL http://cisbp.ccbr.utoronto.ca/TFreport.php?versionNumber=1.02&searchTF=T083581_1.02

MOTIF M0737_1.02 (XP_002166230.1)_(Mus_musculus)_(DBD_0.62)

letter-probability matrix: alength= 4 w= 10 nsites= 1 E= 0
  0.329842	  0.082156	  0.060257	  0.527746	
  0.520070	  0.108198	  0.255689	  0.116043	
  0.283345	  0.081996	  0.128595	  0.506065	
  0.209230	  0.033229	  0.701648	  0.055893	
  0.071321	  0.155585	  0.032694	  0.740400	
  0.638753	  0.232646	  0.070072	  0.058529	
  0.729556	  0.133278	  0.066184	  0.070983	
  0.865457	  0.036352	  0.043959	  0.054231	
  0.059316	  0.519509	  0.058726	  0.362449	
  0.777489	  0.053307	  0.067092	  0.102112	

URL http://cisbp.ccbr.utoronto.ca/TFreport.php?versionNumber=1.02&searchTF=T083586_1.02

MOTIF M0756_1.02 (XP_002156863.1)_(Strongylocentrotus_purpuratus)_(DBD_0.65)

letter-probability matrix: alength= 4 w= 9 nsites= 1 E= 0
  0.233668	  0.224506	  0.348592	  0.193234	
  0.280037	  0.209542	  0.191507	  0.318914	
  0.404308	  0.290666	  0.110187	  0.194839	
  0.447462	  0.238314	  0.104961	  0.209263	
  0.768976	  0.018266	  0.173306	  0.039451	
  0.016176	  0.708777	  0.031930	  0.243117	
  0.578790	  0.107871	  0.169176	  0.144162	
  0.340778	  0.228430	  0.226157	  0.204635	
  0.301280	  0.239377	  0.210196	  0.249146	

URL http://cisbp.ccbr.utoronto.ca/TFreport.php?versionNumber=1.02&searchTF=T083580_1.02

MOTIF M0907_1.02 (XP_002159502.1)_(Mus_musculus)_(DBD_0.82)

letter-probability matrix: alength= 4 w= 9 nsites= 1 E= 0
  0.260011	  0.244869	  0.186928	  0.308192	
  0.121246	  0.118845	  0.033711	  0.726198	
  0.700489	  0.000333	  0.270908	  0.028269	
  0.962122	  0.009292	  0.000107	  0.028478	
  0.024775	  0.111032	  0.068021	  0.796173	
  0.075798	  0.088950	  0.394680	  0.440572	
  0.541591	  0.066321	  0.277137	  0.114952	
  0.183583	  0.341268	  0.255359	  0.219789	
  0.201776	  0.326086	  0.199769	  0.272370	

URL http://cisbp.ccbr.utoronto.ca/TFreport.php?versionNumber=1.02&searchTF=T103738_1.02

MOTIF M0928_1.02 (XP_002162903.1)_(Mus_musculus)_(DBD_0.72)

letter-probability matrix: alength= 4 w= 7 nsites= 1 E= 0
  0.144397	  0.120611	  0.119411	  0.615582	
  0.644210	  0.107557	  0.134025	  0.114208	
  0.733858	  0.022383	  0.092602	  0.151156	
  0.080543	  0.104458	  0.116604	  0.698395	
  0.170686	  0.157563	  0.174135	  0.497616	
  0.375164	  0.124881	  0.304102	  0.195853	
  0.313095	  0.175301	  0.329148	  0.182456	

URL http://cisbp.ccbr.utoronto.ca/TFreport.php?versionNumber=1.02&searchTF=T103746_1.02

MOTIF M0943_1.02 (XP_002163599.1)_(Mus_musculus)_(DBD_0.91)

letter-probability matrix: alength= 4 w= 8 nsites= 1 E= 0
  0.281218	  0.216834	  0.307701	  0.194247	
  0.129122	  0.376440	  0.129122	  0.365315	
  0.165282	  0.184501	  0.049782	  0.600435	
  0.689510	  0.110607	  0.091467	  0.108417	
  0.925332	  0.042528	  0.028507	  0.003633	
  0.103670	  0.106828	  0.082370	  0.707132	
  0.155855	  0.155855	  0.181078	  0.507211	
  0.479837	  0.103902	  0.258126	  0.158135	

URL http://cisbp.ccbr.utoronto.ca/TFreport.php?versionNumber=1.02&searchTF=T103750_1.02

MOTIF M0970_1.02 (XP_002158205.1)_(Mus_musculus)_(DBD_0.70)

letter-probability matrix: alength= 4 w= 9 nsites= 1 E= 0
  0.212858	  0.299055	  0.164125	  0.323962	
  0.153798	  0.038307	  0.030742	  0.777153	
  0.777780	  0.031389	  0.089698	  0.101134	
  0.945835	  0.014470	  0.014615	  0.025080	
  0.045414	  0.028101	  0.156932	  0.769554	
  0.119773	  0.689246	  0.071208	  0.119773	
  0.076693	  0.566686	  0.114412	  0.242210	
  0.157784	  0.314576	  0.287500	  0.240141	
  0.219437	  0.296208	  0.221642	  0.262713	

URL http://cisbp.ccbr.utoronto.ca/TFreport.php?versionNumber=1.02&searchTF=T103734_1.02

MOTIF M1000_1.02 (XP_002160816.1)_(Mus_musculus)_(DBD_0.86)

letter-probability matrix: alength= 4 w= 8 nsites= 1 E= 0
  0.216987	  0.314139	  0.148389	  0.320485	
  0.078163	  0.026544	  0.007454	  0.887839	
  0.853506	  0.044228	  0.065324	  0.036942	
  0.978482	  0.000211	  0.008551	  0.012756	
  0.002825	  0.026803	  0.027897	  0.942475	
  0.104556	  0.090897	  0.098468	  0.706079	
  0.391058	  0.094524	  0.371986	  0.142431	
  0.297757	  0.193694	  0.374758	  0.133791	

URL http://cisbp.ccbr.utoronto.ca/TFreport.php?versionNumber=1.02&searchTF=T103741_1.02

MOTIF M1016_1.02 (XP_002162399.1)_(Mus_musculus)_(DBD_0.86)

letter-probability matrix: alength= 4 w= 7 nsites= 1 E= 0
  0.247356	  0.242458	  0.265291	  0.244895	
  0.187686	  0.245862	  0.203318	  0.363134	
  0.206531	  0.145540	  0.437226	  0.210703	
  0.818609	  0.111900	  0.033704	  0.035788	
  0.126658	  0.170970	  0.099632	  0.602740	
  0.539508	  0.337193	  0.043409	  0.079890	
  0.146793	  0.419484	  0.179294	  0.254430	

URL http://cisbp.ccbr.utoronto.ca/TFreport.php?versionNumber=1.02&searchTF=T103745_1.02

MOTIF M1024_1.02 (XP_002153848.1)_(Mus_musculus)_(DBD_0.81)

letter-probability matrix: alength= 4 w= 9 nsites= 1 E= 0
  0.308862	  0.217651	  0.204976	  0.268511	
  0.162560	  0.093789	  0.036637	  0.707014	
  0.804281	  0.032784	  0.144020	  0.018915	
  0.924954	  0.003353	  0.032451	  0.039242	
  0.084100	  0.081615	  0.097711	  0.736574	
  0.173718	  0.152541	  0.191988	  0.481753	
  0.336856	  0.096511	  0.419748	  0.146886	
  0.197434	  0.312750	  0.280172	  0.209643	
  0.224674	  0.282775	  0.231517	  0.261034	

URL http://cisbp.ccbr.utoronto.ca/TFreport.php?versionNumber=1.02&searchTF=T103722_1.02

MOTIF M1083_1.02 (XP_002156720.1)_(Tetraodon_nigroviridis)_(DBD_0.70)

letter-probability matrix: alength= 4 w= 9 nsites= 1 E= 0
  0.287146	  0.275887	  0.290032	  0.146935	
  0.125413	  0.302359	  0.151656	  0.420572	
  0.056927	  0.051510	  0.069531	  0.822031	
  0.852717	  0.054512	  0.053970	  0.038800	
  0.956803	  0.007490	  0.016340	  0.019368	
  0.013395	  0.013262	  0.034291	  0.939053	
  0.061449	  0.043303	  0.067912	  0.827336	
  0.554996	  0.007456	  0.364658	  0.072891	
  0.347071	  0.159099	  0.364866	  0.128964	

URL http://cisbp.ccbr.utoronto.ca/TFreport.php?versionNumber=1.02&searchTF=T103729_1.02

MOTIF M1097_1.02 (XP_002156835.1)_(Drosophila_melanogaster)_(DBD_0.72)

letter-probability matrix: alength= 4 w= 10 nsites= 1 E= 0
  0.292329	  0.229079	  0.288644	  0.189949	
  0.136427	  0.336877	  0.156525	  0.370171	
  0.034513	  0.118059	  0.009674	  0.837754	
  0.801571	  0.072692	  0.093201	  0.032536	
  0.970781	  0.007894	  0.008025	  0.013300	
  0.013300	  0.008025	  0.007894	  0.970781	
  0.032536	  0.093201	  0.072692	  0.801571	
  0.837754	  0.009674	  0.118059	  0.034513	
  0.370171	  0.156525	  0.336877	  0.136427	
  0.189949	  0.288644	  0.229079	  0.292329	

URL http://cisbp.ccbr.utoronto.ca/TFreport.php?versionNumber=1.02&searchTF=T103731_1.02

MOTIF M1205_1.02 (XP_002164563.1)_(Nematostella_vectensis)_(DBD_0.79)

letter-probability matrix: alength= 4 w= 8 nsites= 1 E= 0
  0.200033	  0.533145	  0.050133	  0.216689	
  0.000128	  0.064198	  0.000128	  0.935546	
  0.843088	  0.156671	  0.000120	  0.000120	
  0.987596	  0.000120	  0.000120	  0.012163	
  0.000120	  0.036248	  0.000120	  0.963512	
  0.012163	  0.000120	  0.325265	  0.662452	
  0.768965	  0.000128	  0.230779	  0.000128	
  0.100120	  0.759592	  0.060152	  0.080136	

URL http://cisbp.ccbr.utoronto.ca/TFreport.php?versionNumber=1.02&searchTF=T103755_1.02

MOTIF M1499_1.02 (XP_002155904.1)_(Danio_rerio)_(DBD_0.78)

letter-probability matrix: alength= 4 w= 10 nsites= 1 E= 0
  0.160399	  0.501531	  0.057264	  0.280806	
  0.488862	  0.167684	  0.242761	  0.100693	
  0.231052	  0.247805	  0.305712	  0.215431	
  0.015981	  0.317798	  0.063524	  0.602697	
  0.084598	  0.458476	  0.406631	  0.050295	
  0.622700	  0.008620	  0.258285	  0.110395	
  0.394790	  0.162123	  0.126261	  0.316826	
  0.085544	  0.336647	  0.522715	  0.055094	
  0.064856	  0.751575	  0.036313	  0.147256	
  0.306352	  0.055965	  0.575210	  0.062473	

URL http://cisbp.ccbr.utoronto.ca/TFreport.php?versionNumber=1.02&searchTF=T136215_1.02

MOTIF M1528_1.02 (XP_002167174.1)_(Mus_musculus)_(DBD_0.58)

letter-probability matrix: alength= 4 w= 10 nsites= 1 E= 0
  0.197054	  0.369991	  0.263349	  0.169606	
  0.065864	  0.656936	  0.168610	  0.108591	
  0.308958	  0.265923	  0.156524	  0.268595	
  0.134548	  0.150193	  0.135900	  0.579359	
  0.429537	  0.091168	  0.451560	  0.027735	
  0.273736	  0.064210	  0.621518	  0.040535	
  0.195662	  0.476462	  0.050219	  0.277657	
  0.505373	  0.035350	  0.195449	  0.263828	
  0.811192	  0.082972	  0.062085	  0.043751	
  0.023718	  0.876757	  0.027556	  0.071969	

URL http://cisbp.ccbr.utoronto.ca/TFreport.php?versionNumber=1.02&searchTF=T139192_1.02

MOTIF M1530_1.02 (XP_002167798.1)_(Mus_musculus)_(DBD_0.55)

letter-probability matrix: alength= 4 w= 10 nsites= 1 E= 0
  0.135068	  0.476170	  0.211828	  0.176934	
  0.279911	  0.277126	  0.176703	  0.266260	
  0.133759	  0.266677	  0.083600	  0.515965	
  0.436252	  0.113094	  0.379259	  0.071394	
  0.214062	  0.060720	  0.656069	  0.069149	
  0.180816	  0.486617	  0.028431	  0.304137	
  0.572267	  0.014008	  0.221319	  0.192406	
  0.827255	  0.059627	  0.070677	  0.042441	
  0.050302	  0.843917	  0.000349	  0.105431	
  0.220508	  0.306719	  0.359938	  0.112836	

URL http://cisbp.ccbr.utoronto.ca/TFreport.php?versionNumber=1.02&searchTF=T139193_1.02

MOTIF M1539_1.02 XP_002157607.1

letter-probability matrix: alength= 4 w= 10 nsites= 1 E= 0
  0.208665	  0.347489	  0.247332	  0.196514	
  0.120215	  0.533404	  0.175788	  0.170593	
  0.302492	  0.260357	  0.157915	  0.279236	
  0.183894	  0.141792	  0.105042	  0.569272	
  0.352835	  0.131105	  0.439659	  0.076401	
  0.221844	  0.105845	  0.573623	  0.098689	
  0.223753	  0.450583	  0.070848	  0.254816	
  0.448053	  0.052716	  0.248368	  0.250864	
  0.808478	  0.073343	  0.070468	  0.047711	
  0.048938	  0.773214	  0.000066	  0.177782	

URL http://cisbp.ccbr.utoronto.ca/TFreport.php?versionNumber=1.02&searchTF=T139190_1.02

MOTIF M1884_1.02 (XP_002156532.1)_(Homo_sapiens)_(DBD_0.92)

letter-probability matrix: alength= 4 w= 15 nsites= 1 E= 0
  0.326544	  0.100475	  0.257298	  0.315682	
  0.114732	  0.101154	  0.424304	  0.359810	
  0.078751	  0.800407	  0.021724	  0.099117	
  0.000000	  0.321113	  0.000000	  0.678887	
  0.863544	  0.046164	  0.009504	  0.080788	
  0.684318	  0.000000	  0.080788	  0.234895	
  0.938900	  0.000000	  0.026477	  0.034623	
  0.917855	  0.003394	  0.000000	  0.078751	
  0.943652	  0.000000	  0.000000	  0.056348	
  0.004073	  0.000000	  0.000000	  0.995927	
  0.999321	  0.000000	  0.000000	  0.000679	
  0.156823	  0.033265	  0.787508	  0.022403	
  0.398506	  0.429056	  0.076035	  0.096402	
  0.359810	  0.277665	  0.074678	  0.287848	
  0.234216	  0.304820	  0.137814	  0.323150	

URL http://cisbp.ccbr.utoronto.ca/TFreport.php?versionNumber=1.02&searchTF=T113249_1.02

MOTIF M1910_1.02 (XP_002156545.1)_(Homo_sapiens)_(DBD_0.96)

letter-probability matrix: alength= 4 w= 18 nsites= 1 E= 0
  0.187088	  0.357049	  0.123408	  0.332455	
  0.446640	  0.195872	  0.145367	  0.212121	
  0.226175	  0.125165	  0.090470	  0.558191	
  0.118577	  0.112868	  0.439174	  0.329381	
  0.209486	  0.299078	  0.234080	  0.257356	
  0.021520	  0.941590	  0.000000	  0.036891	
  0.000000	  0.924462	  0.000000	  0.075538	
  0.776021	  0.028986	  0.010101	  0.184892	
  0.519982	  0.000000	  0.032060	  0.447958	
  0.977602	  0.000000	  0.007027	  0.015371	
  0.259113	  0.052701	  0.007027	  0.681159	
  0.899429	  0.005270	  0.022398	  0.072903	
  0.637681	  0.004392	  0.038208	  0.319719	
  0.029864	  0.000000	  0.970136	  0.000000	
  0.006588	  0.003074	  0.990338	  0.000000	
  0.267018	  0.379447	  0.193676	  0.159859	
  0.594203	  0.221344	  0.101010	  0.083443	
  0.570487	  0.078173	  0.202020	  0.149319	

URL http://cisbp.ccbr.utoronto.ca/TFreport.php?versionNumber=1.02&searchTF=T113250_1.02

MOTIF M1971_1.02 (XP_002155290.1)_(Homo_sapiens)_(DBD_0.89)

letter-probability matrix: alength= 4 w= 14 nsites= 1 E= 0
  0.140503	  0.156087	  0.456511	  0.246899	
  0.080532	  0.115862	  0.803606	  0.000000	
  0.268358	  0.538430	  0.000000	  0.193211	
  0.024804	  0.000000	  0.975196	  0.000000	
  0.019827	  0.000000	  0.682196	  0.297977	
  0.121655	  0.049853	  0.828492	  0.000000	
  0.032963	  0.000000	  0.967037	  0.000000	
  0.000000	  0.000000	  1.000000	  0.000000	
  0.204390	  0.558094	  0.000000	  0.237516	
  0.036635	  0.000000	  0.944354	  0.019011	
  0.039980	  0.000000	  0.851093	  0.108926	
  0.228215	  0.183584	  0.493554	  0.094648	
  0.207572	  0.110884	  0.558665	  0.122879	
  0.191498	  0.251550	  0.467363	  0.089589	

URL http://cisbp.ccbr.utoronto.ca/TFreport.php?versionNumber=1.02&searchTF=T069220_1.02

MOTIF M2269_1.02 (XP_002159031.1)_(Mus_musculus)_(DBD_0.74)

letter-probability matrix: alength= 4 w= 11 nsites= 1 E= 0
  0.083453	  0.632332	  0.024797	  0.259418	
  0.048641	  0.000000	  0.000000	  0.951359	
  0.986171	  0.000000	  0.013829	  0.000000	
  1.000000	  0.000000	  0.000000	  0.000000	
  0.000000	  0.000000	  0.221745	  0.778255	
  0.000000	  1.000000	  0.000000	  0.000000	
  0.003815	  0.750596	  0.000000	  0.245589	
  0.051979	  0.392465	  0.105866	  0.449690	
  0.107296	  0.701001	  0.026228	  0.165474	
  0.087268	  0.198856	  0.020505	  0.693371	
  0.064378	  0.218407	  0.141631	  0.575584	

URL http://cisbp.ccbr.utoronto.ca/TFreport.php?versionNumber=1.02&searchTF=T103736_1.02

MOTIF M2272_1.02 (XP_002154174.1)_(Homo_sapiens)_(DBD_0.94)

letter-probability matrix: alength= 4 w= 11 nsites= 1 E= 0
  0.144835	  0.197018	  0.451544	  0.206603	
  0.082535	  0.271565	  0.645900	  0.000000	
  0.000000	  0.005857	  0.994143	  0.000000	
  0.000000	  1.000000	  0.000000	  0.000000	
  0.000000	  0.000000	  1.000000	  0.000000	
  0.014377	  0.116081	  0.869542	  0.000000	
  0.007987	  0.021832	  0.970181	  0.000000	
  0.960064	  0.000000	  0.039936	  0.000000	
  0.667199	  0.000000	  0.332801	  0.000000	
  0.379127	  0.185836	  0.383387	  0.051651	
  0.267838	  0.209265	  0.328009	  0.194888	

URL http://cisbp.ccbr.utoronto.ca/TFreport.php?versionNumber=1.02&searchTF=T077280_1.02

MOTIF M2276_1.02 (XP_002170865.1)_(Mus_musculus)_(DBD_0.68)

letter-probability matrix: alength= 4 w= 11 nsites= 1 E= 0
  0.563759	  0.013810	  0.351169	  0.071262	
  0.088061	  0.626711	  0.283135	  0.002092	
  0.956956	  0.041430	  0.001614	  0.000000	
  0.000000	  0.000000	  1.000000	  0.000000	
  0.000000	  0.000000	  1.000000	  0.000000	
  1.000000	  0.000000	  0.000000	  0.000000	
  0.991212	  0.000000	  0.000000	  0.008788	
  0.193938	  0.000000	  0.806062	  0.000000	
  0.093860	  0.241406	  0.128296	  0.536438	
  0.296108	  0.089556	  0.490465	  0.123872	
  0.272494	  0.147905	  0.480780	  0.098822	

URL http://cisbp.ccbr.utoronto.ca/TFreport.php?versionNumber=1.02&searchTF=T079145_1.02

MOTIF M2283_1.02 (XP_002164110.1)_(Homo_sapiens)_(DBD_0.69)

letter-probability matrix: alength= 4 w= 15 nsites= 1 E= 0
  0.331190	  0.347267	  0.154341	  0.167203	
  0.421222	  0.183280	  0.176849	  0.218650	
  0.498392	  0.125402	  0.128617	  0.247588	
  0.578778	  0.135048	  0.170418	  0.115756	
  0.443730	  0.019293	  0.282958	  0.254019	
  0.254019	  0.035370	  0.710611	  0.000000	
  0.228296	  0.012862	  0.000000	  0.758842	
  1.000000	  0.000000	  0.000000	  0.000000	
  1.000000	  0.000000	  0.000000	  0.000000	
  1.000000	  0.000000	  0.000000	  0.000000	
  0.051447	  0.893891	  0.032154	  0.022508	
  1.000000	  0.000000	  0.000000	  0.000000	
  0.565916	  0.247588	  0.183280	  0.003215	
  0.781350	  0.057878	  0.073955	  0.086817	
  0.327974	  0.135048	  0.414791	  0.122186	

URL http://cisbp.ccbr.utoronto.ca/TFreport.php?versionNumber=1.02&searchTF=T083584_1.02

MOTIF M2302_1.02 (XP_002156512.1)_(Mus_musculus)_(DBD_0.72)

letter-probability matrix: alength= 4 w= 11 nsites= 1 E= 0
  0.522018	  0.095363	  0.239428	  0.143190	
  0.373870	  0.055993	  0.427822	  0.142316	
  0.100321	  0.518227	  0.376786	  0.004666	
  0.000000	  1.000000	  0.000000	  0.000000	
  0.719452	  0.001750	  0.000000	  0.278798	
  0.000000	  1.000000	  0.000000	  0.000000	
  0.000000	  0.000000	  0.000000	  1.000000	
  0.000000	  0.988918	  0.000000	  0.011082	
  0.833479	  0.125693	  0.000000	  0.040828	
  0.660542	  0.000875	  0.240595	  0.097988	
  0.146398	  0.278798	  0.523476	  0.051327	

URL http://cisbp.ccbr.utoronto.ca/TFreport.php?versionNumber=1.02&searchTF=T103728_1.02

MOTIF M2310_1.02 (XP_002165633.1)_(Homo_sapiens)_(DBD_0.75)

letter-probability matrix: alength= 4 w= 15 nsites= 1 E= 0
  0.327684	  0.435028	  0.118644	  0.118644	
  0.614878	  0.134652	  0.007533	  0.242938	
  0.632768	  0.148776	  0.178908	  0.039548	
  0.790960	  0.084746	  0.124294	  0.000000	
  0.001883	  0.998117	  0.000000	  0.000000	
  0.000000	  1.000000	  0.000000	  0.000000	
  0.983051	  0.000000	  0.002825	  0.014124	
  0.029190	  0.969868	  0.000942	  0.000000	
  0.977401	  0.010358	  0.003766	  0.008475	
  0.435028	  0.125235	  0.369115	  0.070621	
  0.506591	  0.230697	  0.145951	  0.116761	
  0.274953	  0.449153	  0.161959	  0.113936	
  0.382298	  0.401130	  0.074388	  0.142185	
  0.314501	  0.418079	  0.112053	  0.155367	
  0.364407	  0.417137	  0.125235	  0.093220	

URL http://cisbp.ccbr.utoronto.ca/TFreport.php?versionNumber=1.02&searchTF=T139474_1.02

MOTIF M4513_1.02 (XP_002153906.1)_(Homo_sapiens)_(DBD_0.81)

letter-probability matrix: alength= 4 w= 8 nsites= 1 E= 0
  0.195804	  0.501166	  0.279720	  0.023310	
  0.000000	  1.000000	  0.000000	  0.000000	
  0.948718	  0.000000	  0.000000	  0.051282	
  0.000000	  0.000000	  1.000000	  0.000000	
  0.081585	  0.219114	  0.699301	  0.000000	
  0.000000	  0.000000	  0.000000	  1.000000	
  0.000000	  0.000000	  1.000000	  0.000000	
  0.027972	  0.342657	  0.186480	  0.442890	

URL http://cisbp.ccbr.utoronto.ca/TFreport.php?versionNumber=1.02&searchTF=T021751_1.02

MOTIF M4570_1.02 (XP_002157179.1)_(Homo_sapiens)_(DBD_0.59)

letter-probability matrix: alength= 4 w= 13 nsites= 1 E= 0
  0.287305	  0.269488	  0.309577	  0.133630	
  0.356347	  0.124722	  0.345212	  0.173719	
  0.189310	  0.106904	  0.561247	  0.142539	
  0.265033	  0.135857	  0.565702	  0.033408	
  0.550111	  0.084633	  0.349666	  0.015590	
  0.000000	  0.000000	  0.000000	  1.000000	
  0.000000	  0.000000	  1.000000	  0.000000	
  1.000000	  0.000000	  0.000000	  0.000000	
  0.044543	  0.438753	  0.512250	  0.004454	
  0.000000	  0.000000	  0.000000	  1.000000	
  0.026726	  0.973274	  0.000000	  0.000000	
  1.000000	  0.000000	  0.000000	  0.000000	
  0.011136	  0.412027	  0.169265	  0.407572	

URL http://cisbp.ccbr.utoronto.ca/TFreport.php?versionNumber=1.02&searchTF=T031497_1.02

MOTIF M4638_1.02 (XP_002162281.1)_(Homo_sapiens)_(DBD_0.68)

letter-probability matrix: alength= 4 w= 13 nsites= 1 E= 0
  0.291837	  0.097959	  0.514286	  0.095918	
  0.130612	  0.016327	  0.853061	  0.000000	
  0.000000	  0.024490	  0.046939	  0.928571	
  0.000000	  1.000000	  0.000000	  0.000000	
  0.997959	  0.002041	  0.000000	  0.000000	
  0.000000	  0.955102	  0.008163	  0.036735	
  0.200000	  0.000000	  0.800000	  0.000000	
  0.002041	  0.002041	  0.002041	  0.993877	
  0.000000	  0.000000	  1.000000	  0.000000	
  0.434694	  0.114286	  0.393878	  0.057143	
  0.038776	  0.548979	  0.244898	  0.167347	
  0.085714	  0.548980	  0.320408	  0.044898	
  0.287755	  0.365306	  0.293878	  0.053061	

URL http://cisbp.ccbr.utoronto.ca/TFreport.php?versionNumber=1.02&searchTF=T021759_1.02

MOTIF M4674_1.02 (XP_002159183.1)_(Drosophila_melanogaster)_(DBD_0.83)

letter-probability matrix: alength= 4 w= 18 nsites= 1 E= 0
  1.000000	  0.000000	  0.000000	  0.000000	
  0.200000	  0.200000	  0.200000	  0.400000	
  0.333333	  0.252525	  0.080808	  0.333333	
  0.202020	  0.131313	  0.333333	  0.333333	
  0.200000	  0.130000	  0.270000	  0.400000	
  0.111111	  0.333333	  0.333333	  0.222222	
  0.260000	  0.320000	  0.000000	  0.420000	
  0.000000	  0.000000	  1.000000	  0.000000	
  1.000000	  0.000000	  0.000000	  0.000000	
  0.000000	  0.000000	  0.000000	  1.000000	
  1.000000	  0.000000	  0.000000	  0.000000	
  0.702970	  0.099010	  0.099010	  0.099010	
  0.000000	  0.210000	  0.630000	  0.160000	
  0.130000	  0.310000	  0.500000	  0.060000	
  0.330000	  0.070000	  0.400000	  0.200000	
  0.230000	  0.230000	  0.310000	  0.230000	
  0.250000	  0.250000	  0.330000	  0.170000	
  0.080000	  0.250000	  0.250000	  0.420000	

URL http://cisbp.ccbr.utoronto.ca/TFreport.php?versionNumber=1.02&searchTF=T086441_1.02

MOTIF M4698_1.02 (XP_002159483.1)_(Homo_sapiens)_(DBD_0.74)

letter-probability matrix: alength= 4 w= 15 nsites= 1 E= 0
  0.160000	  0.385000	  0.225000	  0.230000	
  0.140000	  0.065000	  0.065000	  0.730000	
  0.080000	  0.010000	  0.905000	  0.005000	
  0.380000	  0.100000	  0.500000	  0.020000	
  0.650000	  0.340000	  0.005000	  0.005000	
  0.020000	  0.970000	  0.010000	  0.000000	
  0.005000	  0.060000	  0.005000	  0.930000	
  0.000000	  0.135000	  0.000000	  0.865000	
  0.000000	  0.035000	  0.015000	  0.950000	
  0.085000	  0.005000	  0.900000	  0.010000	
  0.220000	  0.235000	  0.430000	  0.115000	
  0.375000	  0.370000	  0.080000	  0.175000	
  0.065000	  0.795000	  0.045000	  0.095000	
  0.140000	  0.385000	  0.005000	  0.470000	
  0.125000	  0.330000	  0.245000	  0.300000	

URL http://cisbp.ccbr.utoronto.ca/TFreport.php?versionNumber=1.02&searchTF=T135294_1.02

MOTIF M4702_1.02 (XP_002159396.1)_(Homo_sapiens)_(DBD_0.86)

letter-probability matrix: alength= 4 w= 8 nsites= 1 E= 0
  0.058099	  0.035211	  0.056338	  0.850352	
  0.066901	  0.075704	  0.785212	  0.072183	
  0.720071	  0.109155	  0.088028	  0.082746	
  0.086268	  0.794013	  0.073944	  0.045775	
  0.051056	  0.876760	  0.014085	  0.058099	
  0.029930	  0.102113	  0.015845	  0.852112	
  0.029930	  0.195423	  0.075704	  0.698943	
  0.080986	  0.091549	  0.128521	  0.698944	

URL http://cisbp.ccbr.utoronto.ca/TFreport.php?versionNumber=1.02&searchTF=T135293_1.02

MOTIF M4708_1.02 (XP_002160884.1)_(Homo_sapiens)_(DBD_0.92)

letter-probability matrix: alength= 4 w= 10 nsites= 1 E= 0
  0.161765	  0.161765	  0.058824	  0.617646	
  1.000000	  0.000000	  0.000000	  0.000000	
  0.014706	  0.000000	  0.029412	  0.955882	
  0.191176	  0.000000	  0.691177	  0.117647	
  0.000000	  0.779412	  0.000000	  0.220588	
  0.779412	  0.000000	  0.000000	  0.220588	
  0.838235	  0.000000	  0.161765	  0.000000	
  0.808824	  0.088235	  0.000000	  0.102941	
  0.117647	  0.044118	  0.029412	  0.808823	
  0.632353	  0.044118	  0.205882	  0.117647	

URL http://cisbp.ccbr.utoronto.ca/TFreport.php?versionNumber=1.02&searchTF=T151007_1.02

MOTIF M4733_1.02 (XP_002168027.1)_(Drosophila_melanogaster)_(DBD_0.81)

letter-probability matrix: alength= 4 w= 9 nsites= 1 E= 0
  0.189655	  0.351724	  0.148276	  0.310345	
  0.208443	  0.263852	  0.321900	  0.205805	
  0.080645	  0.500000	  0.020737	  0.398618	
  0.004608	  0.000000	  0.000000	  0.995392	
  0.976959	  0.023041	  0.000000	  0.000000	
  0.972350	  0.027650	  0.000000	  0.000000	
  0.000000	  0.000000	  0.023041	  0.976959	
  0.011521	  0.006912	  0.055300	  0.926267	
  0.627273	  0.015152	  0.327273	  0.030303	

URL http://cisbp.ccbr.utoronto.ca/TFreport.php?versionNumber=1.02&searchTF=T103760_1.02

MOTIF M4951_1.02 (XP_002163608.1)_(Drosophila_melanogaster)_(DBD_0.89)

letter-probability matrix: alength= 4 w= 8 nsites= 1 E= 0
  0.105263	  0.894737	  0.000000	  0.000000	
  0.000000	  1.000000	  0.000000	  0.000000	
  0.000000	  0.000000	  1.000000	  0.000000	
  0.000000	  0.000000	  1.000000	  0.000000	
  1.000000	  0.000000	  0.000000	  0.000000	
  1.000000	  0.000000	  0.000000	  0.000000	
  0.631579	  0.000000	  0.368421	  0.000000	
  0.000000	  0.421053	  0.000000	  0.578947	

URL http://cisbp.ccbr.utoronto.ca/TFreport.php?versionNumber=1.02&searchTF=T079142_1.02

MOTIF M4952_1.02 (XP_002166140.1)_(Drosophila_melanogaster)_(DBD_0.80)

letter-probability matrix: alength= 4 w= 11 nsites= 1 E= 0
  0.619048	  0.047619	  0.190476	  0.142857	
  0.000000	  1.000000	  0.000000	  0.000000	
  0.000000	  1.000000	  0.000000	  0.000000	
  0.000000	  0.000000	  1.000000	  0.000000	
  0.000000	  0.000000	  1.000000	  0.000000	
  1.000000	  0.000000	  0.000000	  0.000000	
  1.000000	  0.000000	  0.000000	  0.000000	
  0.181818	  0.000000	  0.818182	  0.000000	
  0.045455	  0.318182	  0.000000	  0.636364	
  0.363636	  0.227273	  0.363636	  0.045455	
  0.285714	  0.428571	  0.285714	  0.000000	

URL http://cisbp.ccbr.utoronto.ca/TFreport.php?versionNumber=1.02&searchTF=T079143_1.02

MOTIF M5000_1.02 (XP_002163595.1)_(Drosophila_melanogaster)_(DBD_0.88)

letter-probability matrix: alength= 4 w= 8 nsites= 1 E= 0
  0.183833	  0.248370	  0.308344	  0.259452	
  0.144720	  0.318774	  0.121904	  0.414602	
  0.033246	  0.044980	  0.074967	  0.846806	
  0.952412	  0.038462	  0.005215	  0.003911	
  0.966754	  0.033246	  0.000000	  0.000000	
  0.000000	  0.000000	  0.138201	  0.861799	
  0.028683	  0.028031	  0.162973	  0.780313	
  0.660365	  0.009126	  0.279009	  0.051499	

URL http://cisbp.ccbr.utoronto.ca/TFreport.php?versionNumber=1.02&searchTF=T103749_1.02

MOTIF M5043_1.02 (XP_002155451.1)_(Drosophila_melanogaster)_(DBD_0.79)

letter-probability matrix: alength= 4 w= 9 nsites= 1 E= 0
  0.047619	  0.428571	  0.095238	  0.428571	
  0.428571	  0.190476	  0.285714	  0.095238	
  0.000000	  0.571429	  0.000000	  0.428571	
  0.000000	  0.000000	  0.000000	  1.000000	
  1.000000	  0.000000	  0.000000	  0.000000	
  1.000000	  0.000000	  0.000000	  0.000000	
  0.000000	  0.000000	  0.047619	  0.952381	
  0.000000	  0.000000	  0.380952	  0.619048	
  0.904762	  0.000000	  0.095238	  0.000000	

URL http://cisbp.ccbr.utoronto.ca/TFreport.php?versionNumber=1.02&searchTF=T103726_1.02

MOTIF M5076_1.02 (XP_002155267.1)_(Drosophila_melanogaster)_(DBD_0.70)

letter-probability matrix: alength= 4 w= 7 nsites= 1 E= 0
  0.147940	  0.258427	  0.092697	  0.500936	
  0.044007	  0.051498	  0.000000	  0.904494	
  0.957865	  0.000000	  0.028090	  0.014045	
  1.000000	  0.000000	  0.000000	  0.000000	
  0.004682	  0.007491	  0.000000	  0.987828	
  0.029026	  0.012172	  0.078652	  0.880150	
  0.731273	  0.001873	  0.249064	  0.017790	

URL http://cisbp.ccbr.utoronto.ca/TFreport.php?versionNumber=1.02&searchTF=T103725_1.02

MOTIF M5110_1.02 (XP_002166749.1)_(Drosophila_melanogaster)_(DBD_0.85)

letter-probability matrix: alength= 4 w= 6 nsites= 1 E= 0
  0.388693	  0.111661	  0.231095	  0.268551	
  0.289753	  0.065724	  0.199293	  0.445230	
  0.552650	  0.000000	  0.144170	  0.303180	
  1.000000	  0.000000	  0.000000	  0.000000	
  0.000000	  1.000000	  0.000000	  0.000000	
  1.000000	  0.000000	  0.000000	  0.000000	

URL http://cisbp.ccbr.utoronto.ca/TFreport.php?versionNumber=1.02&searchTF=T103759_1.02

MOTIF M5120_1.02 (XP_002157088.1)_(Drosophila_melanogaster)_(DBD_0.82)

letter-probability matrix: alength= 4 w= 8 nsites= 1 E= 0
  0.179487	  0.313187	  0.141026	  0.366300	
  0.021978	  0.000000	  0.043956	  0.934066	
  0.941392	  0.047619	  0.000000	  0.010989	
  0.904762	  0.095238	  0.000000	  0.000000	
  0.000000	  0.000000	  0.093407	  0.906593	
  0.005495	  0.930403	  0.000000	  0.064103	
  0.048832	  0.709130	  0.038217	  0.203822	
  0.121212	  0.390572	  0.299663	  0.188552	

URL http://cisbp.ccbr.utoronto.ca/TFreport.php?versionNumber=1.02&searchTF=T103733_1.02

MOTIF M5134_1.02 (XP_002153782.1)_(Drosophila_melanogaster)_(DBD_0.77)

letter-probability matrix: alength= 4 w= 13 nsites= 1 E= 0
  0.000000	  0.750000	  0.000000	  0.250000	
  0.333333	  0.000000	  0.666667	  0.000000	
  0.000000	  0.083333	  0.916667	  0.000000	
  0.000000	  0.083333	  0.250000	  0.666667	
  0.000000	  0.000000	  1.000000	  0.000000	
  0.000000	  0.083333	  0.916667	  0.000000	
  0.000000	  0.000000	  1.000000	  0.000000	
  0.000000	  0.166667	  0.750000	  0.083333	
  0.000000	  0.000000	  0.750000	  0.250000	
  0.000000	  0.083333	  0.583333	  0.333333	
  0.083333	  0.166667	  0.416667	  0.333333	
  0.416667	  0.416667	  0.000000	  0.166667	
  0.083333	  0.083333	  0.250000	  0.583333	

URL http://cisbp.ccbr.utoronto.ca/TFreport.php?versionNumber=1.02&searchTF=T069215_1.02

MOTIF M5193_1.02 (XP_002156969.1)_(Drosophila_melanogaster)_(DBD_0.70)

letter-probability matrix: alength= 4 w= 8 nsites= 1 E= 0
  0.387755	  0.145997	  0.182104	  0.284144	
  0.408163	  0.142857	  0.130298	  0.318681	
  0.301413	  0.131868	  0.262166	  0.304553	
  0.000000	  0.059655	  0.000000	  0.940345	
  0.067504	  0.000000	  0.872841	  0.059655	
  1.000000	  0.000000	  0.000000	  0.000000	
  0.000000	  0.200942	  0.197802	  0.601256	
  0.937206	  0.062794	  0.000000	  0.000000	

URL http://cisbp.ccbr.utoronto.ca/TFreport.php?versionNumber=1.02&searchTF=T103732_1.02

MOTIF M5743_1.02 (XP_002158636.1)_(Homo_sapiens)_(DBD_0.88)

letter-probability matrix: alength= 4 w= 16 nsites= 1 E= 0
  0.423586	  0.161742	  0.220835	  0.193836	
  0.057822	  0.063564	  0.060000	  0.818614	
  0.147559	  0.051722	  0.653160	  0.147559	
  0.469937	  0.506667	  0.006038	  0.017358	
  0.939551	  0.012090	  0.010363	  0.037997	
  0.023155	  0.005065	  0.006030	  0.965750	
  0.623283	  0.025825	  0.027260	  0.323632	
  0.774370	  0.030167	  0.031414	  0.164049	
  0.096115	  0.022420	  0.036848	  0.844617	
  0.107231	  0.014775	  0.043430	  0.834565	
  0.573225	  0.120377	  0.145895	  0.160503	
  0.981213	  0.005408	  0.007116	  0.006262	
  0.046892	  0.078522	  0.039814	  0.834771	
  0.131353	  0.111415	  0.528799	  0.228434	
  0.485646	  0.216653	  0.142109	  0.155591	
  0.238963	  0.195281	  0.403878	  0.161878	

URL http://cisbp.ccbr.utoronto.ca/TFreport.php?versionNumber=1.02&searchTF=T105380_1.02

MOTIF M6139_1.02 (XP_002161735.1)_(Homo_sapiens)_(DBD_0.76)

letter-probability matrix: alength= 4 w= 9 nsites= 1 E= 0
  0.180854	  0.104962	  0.434373	  0.279810	
  0.000000	  1.000000	  0.000000	  0.000000	
  0.973087	  0.004563	  0.022350	  0.000000	
  0.002281	  0.970235	  0.005133	  0.022350	
  0.013688	  0.009696	  0.976616	  0.000000	
  0.027484	  0.947421	  0.008555	  0.016540	
  0.439419	  0.134495	  0.285031	  0.141055	
  0.627098	  0.225146	  0.077104	  0.070652	
  0.251844	  0.366413	  0.118597	  0.263145	

URL http://cisbp.ccbr.utoronto.ca/TFreport.php?versionNumber=1.02&searchTF=T021757_1.02

MOTIF M6164_1.02 (XP_002164912.1)_(Homo_sapiens)_(DBD_0.76)

letter-probability matrix: alength= 4 w= 25 nsites= 1 E= 0
  0.490385	  0.105769	  0.336538	  0.067308	
  0.153846	  0.500000	  0.307692	  0.038462	
  0.807692	  0.038462	  0.038462	  0.115385	
  0.346154	  0.038462	  0.038462	  0.576923	
  0.576923	  0.000000	  0.000000	  0.423077	
  0.307692	  0.000000	  0.653846	  0.038462	
  0.000000	  0.000000	  0.000000	  1.000000	
  0.115385	  0.192308	  0.692308	  0.000000	
  1.000000	  0.000000	  0.000000	  0.000000	
  0.000000	  1.000000	  0.000000	  0.000000	
  1.000000	  0.000000	  0.000000	  0.000000	
  0.000000	  0.961538	  0.000000	  0.038462	
  0.000000	  0.923077	  0.038462	  0.038462	
  0.000000	  0.000000	  0.000000	  1.000000	
  1.000000	  0.000000	  0.000000	  0.000000	
  0.000000	  0.076923	  0.923077	  0.000000	
  0.000000	  0.038462	  0.961538	  0.000000	
  0.000000	  0.038462	  0.000000	  0.961538	
  0.000000	  0.000000	  1.000000	  0.000000	
  0.038462	  0.038462	  0.000000	  0.923077	
  0.000000	  0.269231	  0.653846	  0.076923	
  0.961538	  0.000000	  0.000000	  0.038462	
  0.846154	  0.076923	  0.038462	  0.038462	
  0.846154	  0.000000	  0.115385	  0.038462	
  0.250000	  0.096154	  0.096154	  0.557692	

