MEME version 5.5.8 (Fri May 2 15:43:49 2025 -0700)

ALPHABET= ACGT

strands: + -

Background letter frequencies (from uniform background):
A 0.25000 C 0.25000 G 0.25000 T 0.25000 

MOTIF M0792_1.02 (SAKL0B01826g)_(Neurospora_crassa)_(DBD_0.86)

letter-probability matrix: alength= 4 w= 8 nsites= 1 E= 0
  0.246114	  0.263959	  0.251086	  0.238840	
  0.289615	  0.264688	  0.175661	  0.270036	
  0.101067	  0.108395	  0.696303	  0.094234	
  0.794489	  0.034733	  0.044598	  0.126179	
  0.025614	  0.062373	  0.046671	  0.865343	
  0.449630	  0.160521	  0.097361	  0.292488	
  0.295846	  0.232721	  0.265029	  0.206405	
  0.224078	  0.276441	  0.282025	  0.217456	

URL http://cisbp.ccbr.utoronto.ca/TFreport.php?versionNumber=1.02&searchTF=T086425_1.02

MOTIF M1218_1.02 (SAKL0E06402g)_(Kluyveromyces_lactis)_(DBD_0.84)

letter-probability matrix: alength= 4 w= 10 nsites= 1 E= 0
  0.231822	  0.269534	  0.267283	  0.231361	
  0.200699	  0.319573	  0.182522	  0.297206	
  0.339925	  0.217030	  0.204019	  0.239025	
  0.449614	  0.196016	  0.137032	  0.217338	
  0.233803	  0.072202	  0.130307	  0.563688	
  0.563688	  0.130307	  0.072202	  0.233803	
  0.217338	  0.137032	  0.196016	  0.449614	
  0.239025	  0.204019	  0.217030	  0.339925	
  0.297206	  0.182522	  0.319573	  0.200699	
  0.231361	  0.267283	  0.269534	  0.231822	

URL http://cisbp.ccbr.utoronto.ca/TFreport.php?versionNumber=1.02&searchTF=T103549_1.02

MOTIF M2118_1.02 (SAKL0F00990g)_(Saccharomyces_cerevisiae)_(DBD_0.93)

letter-probability matrix: alength= 4 w= 5 nsites= 1 E= 0
  0.000000	  0.000000	  0.000000	  1.000000	
  0.000000	  0.000000	  0.010160	  0.989840	
  0.005578	  0.000000	  0.994422	  0.000000	
  0.000000	  0.000000	  0.998223	  0.001777	
  0.158006	  0.378979	  0.030665	  0.432350	

URL http://cisbp.ccbr.utoronto.ca/TFreport.php?versionNumber=1.02&searchTF=T070804_1.02

MOTIF M4201_1.02 (SAKL0F13563g)_(Saccharomyces_cerevisiae)_(DBD_0.80)

letter-probability matrix: alength= 4 w= 20 nsites= 1 E= 0
  0.245952	  0.108359	  0.396648	  0.249042	
  0.477218	  0.033764	  0.165379	  0.323639	
  0.171259	  0.296041	  0.257555	  0.275145	
  0.202060	  0.276993	  0.122013	  0.398934	
  0.430386	  0.187901	  0.270709	  0.111003	
  0.358634	  0.156669	  0.332231	  0.152466	
  0.034001	  0.027571	  0.662820	  0.275608	
  0.019867	  0.953310	  0.019438	  0.007385	
  0.905021	  0.005616	  0.081679	  0.007684	
  0.005900	  0.949249	  0.016790	  0.028061	
  0.028061	  0.016790	  0.949249	  0.005900	
  0.007684	  0.081679	  0.005616	  0.905021	
  0.007385	  0.019438	  0.953310	  0.019867	
  0.275608	  0.662820	  0.027571	  0.034001	
  0.148242	  0.203597	  0.113359	  0.534802	
  0.472712	  0.250012	  0.121155	  0.156121	
  0.363163	  0.295664	  0.176216	  0.164957	
  0.112302	  0.207476	  0.322579	  0.357643	
  0.364021	  0.267664	  0.147729	  0.220585	
  0.130303	  0.330883	  0.145302	  0.393512	

URL http://cisbp.ccbr.utoronto.ca/TFreport.php?versionNumber=1.02&searchTF=T021667_1.02

MOTIF M4208_1.02 (SAKL0H09416g)_(Saccharomyces_cerevisiae)_(DBD_0.85)

letter-probability matrix: alength= 4 w= 21 nsites= 1 E= 0
  0.261529	  0.229270	  0.172952	  0.336249	
  0.168474	  0.201074	  0.381034	  0.249418	
  0.097684	  0.455860	  0.290116	  0.156340	
  0.269202	  0.101553	  0.104155	  0.525089	
  0.279409	  0.271500	  0.275034	  0.174056	
  0.393314	  0.146775	  0.262911	  0.196999	
  0.130193	  0.147261	  0.085376	  0.637170	
  0.402545	  0.060597	  0.041016	  0.495841	
  0.097427	  0.234068	  0.033912	  0.634593	
  0.750868	  0.125165	  0.046003	  0.077965	
  0.865617	  0.018378	  0.018798	  0.097207	
  0.097207	  0.018798	  0.018378	  0.865617	
  0.077965	  0.046003	  0.125165	  0.750868	
  0.634593	  0.033912	  0.234068	  0.097427	
  0.350237	  0.112232	  0.128639	  0.408892	
  0.637170	  0.085376	  0.147261	  0.130193	
  0.149412	  0.047445	  0.623403	  0.179740	
  0.201987	  0.158587	  0.554009	  0.085417	
  0.196195	  0.137159	  0.097629	  0.569017	
  0.356039	  0.265821	  0.188299	  0.189841	
  0.409458	  0.235182	  0.244325	  0.111035	

URL http://cisbp.ccbr.utoronto.ca/TFreport.php?versionNumber=1.02&searchTF=T113242_1.02

MOTIF M4210_1.02 (SAKL0A06072g)_(Saccharomyces_cerevisiae)_(DBD_0.87)

letter-probability matrix: alength= 4 w= 20 nsites= 1 E= 0
  0.178000	  0.276000	  0.381000	  0.165000	
  0.164000	  0.659000	  0.046000	  0.131000	
  0.146853	  0.153846	  0.568432	  0.130869	
  0.071000	  0.135000	  0.613000	  0.181000	
  0.321321	  0.160160	  0.359359	  0.159159	
  0.180000	  0.222000	  0.148000	  0.450000	
  0.155000	  0.233000	  0.276000	  0.336000	
  0.111000	  0.185000	  0.298000	  0.406000	
  0.188000	  0.213000	  0.188000	  0.411000	
  0.160000	  0.200000	  0.265000	  0.375000	
  0.106106	  0.224224	  0.198198	  0.471471	
  0.092092	  0.144144	  0.496496	  0.267267	
  0.241241	  0.243243	  0.311311	  0.204204	
  0.370000	  0.184000	  0.291000	  0.155000	
  0.149000	  0.465000	  0.167000	  0.219000	
  0.242000	  0.208000	  0.300000	  0.250000	
  0.121000	  0.747000	  0.058000	  0.074000	
  0.089089	  0.726727	  0.076076	  0.108108	
  0.014000	  0.042000	  0.878000	  0.066000	
  0.205000	  0.242000	  0.098000	  0.455000	

URL http://cisbp.ccbr.utoronto.ca/TFreport.php?versionNumber=1.02&searchTF=T166862_1.02

MOTIF M4217_1.02 (SAKL0A01496g)_(Saccharomyces_cerevisiae)_(DBD_0.62)

letter-probability matrix: alength= 4 w= 8 nsites= 1 E= 0
  0.513075	  0.160895	  0.248858	  0.077172	
  0.272549	  0.076780	  0.041351	  0.609320	
  0.670106	  0.315845	  0.006581	  0.007468	
  0.946809	  0.053191	  0.000000	  0.000000	
  1.000000	  0.000000	  0.000000	  0.000000	
  0.007021	  0.855953	  0.004388	  0.132638	
  0.950104	  0.017114	  0.015356	  0.017426	
  0.580308	  0.170674	  0.108697	  0.140321	

URL http://cisbp.ccbr.utoronto.ca/TFreport.php?versionNumber=1.02&searchTF=T083530_1.02

MOTIF M4229_1.02 (SAKL0D03586g)_(Saccharomyces_cerevisiae)_(DBD_0.82)

letter-probability matrix: alength= 4 w= 20 nsites= 1 E= 0
  0.239171	  0.284857	  0.202525	  0.273447	
  0.281868	  0.185570	  0.235043	  0.297519	
  0.159420	  0.394624	  0.231615	  0.214341	
  0.127468	  0.316935	  0.240597	  0.315000	
  0.297010	  0.477759	  0.102238	  0.122992	
  0.394222	  0.196582	  0.254131	  0.155065	
  0.784606	  0.010891	  0.049761	  0.154743	
  0.948476	  0.001131	  0.011064	  0.039328	
  0.939614	  0.000680	  0.001706	  0.057999	
  0.006429	  0.001563	  0.001118	  0.990891	
  0.001199	  0.046453	  0.001000	  0.951348	
  0.001727	  0.987756	  0.009526	  0.000992	
  0.002539	  0.993488	  0.001757	  0.002216	
  0.004557	  0.005862	  0.984993	  0.004588	
  0.017400	  0.181527	  0.414314	  0.386759	
  0.182202	  0.100863	  0.457774	  0.259161	
  0.115046	  0.411512	  0.241236	  0.232206	
  0.189130	  0.133173	  0.375783	  0.301915	
  0.262402	  0.353183	  0.125675	  0.258740	
  0.161723	  0.272419	  0.102503	  0.463355	

URL http://cisbp.ccbr.utoronto.ca/TFreport.php?versionNumber=1.02&searchTF=T166884_1.02

MOTIF M4231_1.02 (SAKL0D03146g)_(Saccharomyces_cerevisiae)_(DBD_0.85)

letter-probability matrix: alength= 4 w= 7 nsites= 1 E= 0
  0.992001	  0.002200	  0.002200	  0.003600	
  0.111711	  0.079408	  0.805281	  0.003600	
  0.003600	  0.063906	  0.847785	  0.084708	
  0.111700	  0.766600	  0.040800	  0.080900	
  0.992001	  0.002200	  0.002200	  0.003600	
  0.107889	  0.820618	  0.002200	  0.069293	
  0.853100	  0.036900	  0.063900	  0.046100	

URL http://cisbp.ccbr.utoronto.ca/TFreport.php?versionNumber=1.02&searchTF=T068958_1.02

MOTIF M4237_1.02 (SAKL0H13266g)_(Saccharomyces_cerevisiae)_(DBD_0.76)

letter-probability matrix: alength= 4 w= 9 nsites= 1 E= 0
  0.125000	  0.187500	  0.125000	  0.562500	
  0.421875	  0.046875	  0.109375	  0.421875	
  0.390625	  0.078125	  0.515625	  0.015625	
  0.000000	  0.812500	  0.187500	  0.000000	
  0.000000	  1.000000	  0.000000	  0.000000	
  0.000000	  0.000000	  1.000000	  0.000000	
  0.000000	  1.000000	  0.000000	  0.000000	
  0.031250	  0.218750	  0.656250	  0.093750	
  0.187500	  0.187500	  0.437500	  0.187500	

URL http://cisbp.ccbr.utoronto.ca/TFreport.php?versionNumber=1.02&searchTF=T166918_1.02

MOTIF M4238_1.02 (SAKL0H13024g)_(Saccharomyces_cerevisiae)_(DBD_0.82)

letter-probability matrix: alength= 4 w= 7 nsites= 1 E= 0
  0.156931	  0.252915	  0.194150	  0.396005	
  0.593216	  0.027584	  0.289317	  0.089883	
  0.378413	  0.003065	  0.002980	  0.615542	
  1.000000	  0.000000	  0.000000	  0.000000	
  0.000000	  1.000000	  0.000000	  0.000000	
  0.005119	  0.004597	  0.985720	  0.004564	
  0.828454	  0.049279	  0.085756	  0.036511	

URL http://cisbp.ccbr.utoronto.ca/TFreport.php?versionNumber=1.02&searchTF=T166917_1.02

MOTIF M4239_1.02 (SAKL0H12958g)_(Saccharomyces_cerevisiae)_(DBD_0.74)

letter-probability matrix: alength= 4 w= 7 nsites= 1 E= 0
  0.093123	  0.059999	  0.505577	  0.341301	
  0.095242	  0.202811	  0.059809	  0.642138	
  0.000000	  0.000000	  1.000000	  0.000000	
  0.000000	  0.000000	  1.000000	  0.000000	
  0.146597	  0.000000	  0.853403	  0.000000	
  0.001114	  0.001304	  0.996309	  0.001273	
  0.221005	  0.130670	  0.241650	  0.406675	

URL http://cisbp.ccbr.utoronto.ca/TFreport.php?versionNumber=1.02&searchTF=T068973_1.02

MOTIF M4240_1.02 (SAKL0H11440g)_(Saccharomyces_cerevisiae)_(DBD_0.79)

letter-probability matrix: alength= 4 w= 8 nsites= 1 E= 0
  0.149579	  0.113163	  0.070576	  0.666681	
  0.084934	  0.000888	  0.887596	  0.026582	
  0.045697	  0.041194	  0.013738	  0.899371	
  0.000997	  0.000997	  0.997009	  0.000997	
  0.000793	  0.101753	  0.792847	  0.104608	
  0.187352	  0.603413	  0.093865	  0.115371	
  0.440019	  0.021210	  0.348251	  0.190519	
  0.080985	  0.408432	  0.236464	  0.274119	

URL http://cisbp.ccbr.utoronto.ca/TFreport.php?versionNumber=1.02&searchTF=T068972_1.02

MOTIF M4243_1.02 (SAKL0G09768g)_(Saccharomyces_cerevisiae)_(DBD_0.78)

letter-probability matrix: alength= 4 w= 7 nsites= 1 E= 0
  0.176573	  0.337413	  0.260490	  0.225524	
  0.141608	  0.365385	  0.302448	  0.190559	
  0.204545	  0.183566	  0.547203	  0.064685	
  0.001748	  0.994755	  0.001748	  0.001748	
  0.001748	  0.001748	  0.994755	  0.001748	
  0.001748	  0.994755	  0.001748	  0.001748	
  0.036713	  0.050699	  0.910839	  0.001748	

URL http://cisbp.ccbr.utoronto.ca/TFreport.php?versionNumber=1.02&searchTF=T166906_1.02

MOTIF M4255_1.02 (SAKL0F05082g)_(Saccharomyces_cerevisiae)_(DBD_0.76)

letter-probability matrix: alength= 4 w= 8 nsites= 1 E= 0
  0.538827	  0.103527	  0.357108	  0.000539	
  0.000997	  0.000997	  0.000997	  0.997009	
  0.000972	  0.000972	  0.972361	  0.025695	
  0.997009	  0.000997	  0.000997	  0.000997	
  0.000719	  0.719011	  0.275700	  0.004570	
  0.091972	  0.022445	  0.000885	  0.884699	
  0.105908	  0.888764	  0.000889	  0.004440	
  0.810068	  0.023153	  0.106526	  0.060253	

URL http://cisbp.ccbr.utoronto.ca/TFreport.php?versionNumber=1.02&searchTF=T031433_1.02

MOTIF M4256_1.02 (SAKL0F01980g)_(Saccharomyces_cerevisiae)_(DBD_0.73)

letter-probability matrix: alength= 4 w= 7 nsites= 1 E= 0
  0.142406	  0.230826	  0.221607	  0.405160	
  0.090188	  0.165111	  0.690994	  0.053707	
  0.013951	  0.552753	  0.020831	  0.412465	
  0.000000	  0.000000	  1.000000	  0.000000	
  0.000000	  0.000000	  1.000000	  0.000000	
  0.060345	  0.000000	  0.939655	  0.000000	
  0.006976	  0.009135	  0.975932	  0.007957	

URL http://cisbp.ccbr.utoronto.ca/TFreport.php?versionNumber=1.02&searchTF=T068964_1.02

MOTIF M4257_1.02 (SAKL0F01496g)_(Saccharomyces_cerevisiae)_(DBD_0.94)

letter-probability matrix: alength= 4 w= 5 nsites= 1 E= 0
  0.000454	  0.000454	  0.998639	  0.000454	
  0.998639	  0.000454	  0.000454	  0.000454	
  0.000454	  0.000454	  0.000454	  0.998639	
  0.742740	  0.000454	  0.000454	  0.256352	
  0.613884	  0.000454	  0.269056	  0.116606	

URL http://cisbp.ccbr.utoronto.ca/TFreport.php?versionNumber=1.02&searchTF=T086429_1.02

MOTIF M4265_1.02 (SAKL0H24816g)_(Saccharomyces_cerevisiae)_(DBD_0.87)

letter-probability matrix: alength= 4 w= 9 nsites= 1 E= 0
  0.336788	  0.051813	  0.290155	  0.321244	
  0.751296	  0.036269	  0.000000	  0.212435	
  0.316062	  0.082902	  0.000000	  0.601036	
  1.000000	  0.000000	  0.000000	  0.000000	
  0.000000	  0.000000	  1.000000	  0.000000	
  0.000000	  0.000000	  1.000000	  0.000000	
  0.088083	  0.000000	  0.911917	  0.000000	
  0.020725	  0.005181	  0.974094	  0.000000	
  0.129534	  0.233161	  0.290155	  0.347150	

URL http://cisbp.ccbr.utoronto.ca/TFreport.php?versionNumber=1.02&searchTF=T068980_1.02

MOTIF M4266_1.02 (SAKL0H18788g)_(Saccharomyces_cerevisiae)_(DBD_0.99)

letter-probability matrix: alength= 4 w= 21 nsites= 1 E= 0
  0.277896	  0.250994	  0.386874	  0.084236	
  0.337701	  0.191203	  0.147499	  0.323596	
  0.253161	  0.345476	  0.088062	  0.313301	
  0.160289	  0.200315	  0.154575	  0.484821	
  0.545495	  0.139664	  0.154641	  0.160199	
  0.115326	  0.098646	  0.701617	  0.084410	
  0.287085	  0.198825	  0.266325	  0.247765	
  0.332186	  0.110816	  0.027332	  0.529666	
  0.907072	  0.007916	  0.025927	  0.059085	
  0.012689	  0.007855	  0.023849	  0.955608	
  0.981186	  0.002417	  0.004390	  0.012006	
  0.038291	  0.001865	  0.005177	  0.954667	
  0.970929	  0.002253	  0.006019	  0.020798	
  0.044741	  0.004462	  0.003313	  0.947483	
  0.883835	  0.010075	  0.024913	  0.081177	
  0.186324	  0.062165	  0.094376	  0.657135	
  0.264806	  0.122748	  0.129197	  0.483248	
  0.137280	  0.380802	  0.369687	  0.112231	
  0.266096	  0.228247	  0.383999	  0.121658	
  0.350006	  0.176397	  0.172576	  0.301021	
  0.248908	  0.193837	  0.270884	  0.286371	

URL http://cisbp.ccbr.utoronto.ca/TFreport.php?versionNumber=1.02&searchTF=T150990_1.02

MOTIF M4268_1.02 (SAKL0H17842g)_(Saccharomyces_cerevisiae)_(DBD_0.90)

letter-probability matrix: alength= 4 w= 8 nsites= 1 E= 0
  0.125000	  0.069444	  0.069444	  0.736111	
  0.291667	  0.069444	  0.013889	  0.625000	
  1.000000	  0.000000	  0.000000	  0.000000	
  0.000000	  0.000000	  1.000000	  0.000000	
  0.000000	  0.000000	  1.000000	  0.000000	
  0.000000	  0.000000	  1.000000	  0.000000	
  0.000000	  0.000000	  1.000000	  0.000000	
  0.194444	  0.138889	  0.138889	  0.527778	

URL http://cisbp.ccbr.utoronto.ca/TFreport.php?versionNumber=1.02&searchTF=T068975_1.02

MOTIF M4277_1.02 (SAKL0H20988g)_(Saccharomyces_cerevisiae)_(DBD_0.83)

letter-probability matrix: alength= 4 w= 10 nsites= 1 E= 0
  0.488091	  0.011909	  0.011909	  0.488091	
  0.488091	  0.011909	  0.011909	  0.488091	
  0.488091	  0.011909	  0.011909	  0.488091	
  0.488091	  0.011909	  0.011909	  0.488091	
  0.011909	  0.488091	  0.488091	  0.011909	
  0.011909	  0.488091	  0.011909	  0.488091	
  0.011904	  0.011904	  0.964289	  0.011904	
  0.011904	  0.011904	  0.964289	  0.011904	
  0.011904	  0.011904	  0.964289	  0.011904	
  0.011904	  0.011904	  0.964289	  0.011904	

URL http://cisbp.ccbr.utoronto.ca/TFreport.php?versionNumber=1.02&searchTF=T068978_1.02

MOTIF M4282_1.02 (SAKL0A04576g)_(Saccharomyces_cerevisiae)_(DBD_0.77)

letter-probability matrix: alength= 4 w= 14 nsites= 1 E= 0
  0.022819	  0.009006	  0.009317	  0.958858	
  0.009490	  0.000575	  0.026930	  0.963005	
  0.026178	  0.949481	  0.000119	  0.024222	
  0.009254	  0.243331	  0.047497	  0.699918	
  0.813924	  0.038975	  0.091550	  0.055551	
  0.051983	  0.044685	  0.724435	  0.178897	
  0.774126	  0.051666	  0.164524	  0.009683	
  0.834274	  0.064316	  0.068932	  0.032478	
  0.230717	  0.294415	  0.235684	  0.239184	
  0.378541	  0.209388	  0.306775	  0.105296	
  0.063074	  0.078941	  0.015229	  0.842757	
  0.018950	  0.009612	  0.000593	  0.970846	
  0.035805	  0.814537	  0.000147	  0.149511	
  0.021236	  0.371480	  0.088349	  0.518935	

URL http://cisbp.ccbr.utoronto.ca/TFreport.php?versionNumber=1.02&searchTF=T107306_1.02

MOTIF M4294_1.02 (SAKL0H04070g)_(Saccharomyces_cerevisiae)_(DBD_0.85)

letter-probability matrix: alength= 4 w= 14 nsites= 1 E= 0
  0.246377	  0.258799	  0.238095	  0.256729	
  0.262940	  0.256729	  0.260870	  0.219462	
  0.265010	  0.260870	  0.219462	  0.254658	
  0.256729	  0.252588	  0.238095	  0.252588	
  0.298137	  0.202899	  0.258799	  0.240166	
  0.310559	  0.202899	  0.256729	  0.229814	
  0.308489	  0.165631	  0.260870	  0.265010	
  0.010352	  0.008282	  0.981366	  0.000000	
  0.279503	  0.308489	  0.004141	  0.407867	
  0.000000	  0.000000	  0.993789	  0.006211	
  0.000000	  0.000000	  1.000000	  0.000000	
  0.012422	  0.000000	  0.987578	  0.000000	
  0.000000	  0.000000	  1.000000	  0.000000	
  0.136646	  0.269151	  0.236025	  0.358178	

URL http://cisbp.ccbr.utoronto.ca/TFreport.php?versionNumber=1.02&searchTF=T068970_1.02

MOTIF M4297_1.02 (SAKL0E02420g)_(Saccharomyces_cerevisiae)_(DBD_0.67)

letter-probability matrix: alength= 4 w= 7 nsites= 1 E= 0
  0.011904	  0.011904	  0.011904	  0.964289	
  0.011904	  0.011904	  0.011904	  0.964289	
  0.964289	  0.011904	  0.011904	  0.011904	
  0.011904	  0.964289	  0.011904	  0.011904	
  0.011904	  0.011904	  0.011904	  0.964289	
  0.964289	  0.011904	  0.011904	  0.011904	
  0.964289	  0.011904	  0.011904	  0.011904	

URL http://cisbp.ccbr.utoronto.ca/TFreport.php?versionNumber=1.02&searchTF=T031430_1.02

MOTIF M4298_1.02 (SAKL0H25674g)_(Saccharomyces_cerevisiae)_(DBD_0.77)

letter-probability matrix: alength= 4 w= 7 nsites= 1 E= 0
  0.011904	  0.964289	  0.011904	  0.011904	
  0.011904	  0.011904	  0.011904	  0.964289	
  0.011904	  0.011904	  0.011904	  0.964289	
  0.011904	  0.011904	  0.964289	  0.011904	
  0.011904	  0.011904	  0.964289	  0.011904	
  0.011904	  0.964289	  0.011904	  0.011904	
  0.964289	  0.011904	  0.011904	  0.011904	

URL http://cisbp.ccbr.utoronto.ca/TFreport.php?versionNumber=1.02&searchTF=T068981_1.02

MOTIF M4306_1.02 (SAKL0B12408g)_(Saccharomyces_cerevisiae)_(DBD_0.71)

letter-probability matrix: alength= 4 w= 6 nsites= 1 E= 0
  0.320192	  0.293269	  0.177885	  0.208654	
  0.000962	  0.366346	  0.147115	  0.485577	
  0.000962	  0.162500	  0.835577	  0.000962	
  0.000962	  0.000962	  0.997115	  0.000962	
  0.000962	  0.997115	  0.000962	  0.000962	
  0.000962	  0.997115	  0.000962	  0.000962	

URL http://cisbp.ccbr.utoronto.ca/TFreport.php?versionNumber=1.02&searchTF=T107307_1.02

MOTIF M4307_1.02 (SAKL0F07898g)_(Saccharomyces_cerevisiae)_(DBD_0.72)

letter-probability matrix: alength= 4 w= 9 nsites= 1 E= 0
  0.473684	  0.105263	  0.315789	  0.105263	
  0.013158	  0.013158	  0.013158	  0.960526	
  0.013158	  0.013158	  0.907895	  0.065789	
  1.000000	  0.000000	  0.000000	  0.000000	
  0.000000	  1.000000	  0.000000	  0.000000	
  0.052632	  0.000000	  0.947368	  0.000000	
  0.000000	  0.000000	  0.000000	  1.000000	
  0.447368	  0.289474	  0.078947	  0.184211	
  0.460526	  0.144737	  0.197368	  0.197368	

URL http://cisbp.ccbr.utoronto.ca/TFreport.php?versionNumber=1.02&searchTF=T031435_1.02

MOTIF M4308_1.02 (SAKL0F08734g)_(Saccharomyces_cerevisiae)_(DBD_0.77)

letter-probability matrix: alength= 4 w= 16 nsites= 1 E= 0
  1.000000	  0.000000	  0.000000	  0.000000	
  1.000000	  0.000000	  0.000000	  0.000000	
  0.000000	  0.000000	  0.000000	  1.000000	
  0.000000	  1.000000	  0.000000	  0.000000	
  1.000000	  0.000000	  0.000000	  0.000000	
  0.250000	  0.250000	  0.250000	  0.250000	
  0.250000	  0.250000	  0.250000	  0.250000	
  0.250000	  0.250000	  0.250000	  0.250000	
  0.250000	  0.250000	  0.250000	  0.250000	
  0.250000	  0.250000	  0.250000	  0.250000	
  0.250000	  0.250000	  0.250000	  0.250000	
  0.250000	  0.250000	  0.250000	  0.250000	
  0.250000	  0.250000	  0.250000	  0.250000	
  0.000000	  0.000000	  0.000000	  1.000000	
  0.000000	  0.000000	  1.000000	  0.000000	
  1.000000	  0.000000	  0.000000	  0.000000	

URL http://cisbp.ccbr.utoronto.ca/TFreport.php?versionNumber=1.02&searchTF=T153827_1.02

MOTIF M4311_1.02 (SAKL0E08998g)_(Saccharomyces_cerevisiae)_(DBD_0.92)

letter-probability matrix: alength= 4 w= 16 nsites= 1 E= 0
  0.221284	  0.363578	  0.065787	  0.349352	
  0.052073	  0.852478	  0.024273	  0.071176	
  0.018956	  0.891457	  0.082034	  0.007553	
  0.007898	  0.096054	  0.876526	  0.019522	
  0.048109	  0.073123	  0.838409	  0.040359	
  0.234061	  0.419944	  0.284864	  0.061131	
  0.264166	  0.503851	  0.062335	  0.169648	
  0.040371	  0.062298	  0.651438	  0.245893	
  0.483151	  0.065966	  0.217921	  0.232962	
  0.058533	  0.073067	  0.645495	  0.222904	
  0.351128	  0.055650	  0.083332	  0.509890	
  0.108841	  0.317551	  0.143915	  0.429692	
  0.040359	  0.838409	  0.073123	  0.048109	
  0.019522	  0.876526	  0.096054	  0.007898	
  0.007553	  0.082034	  0.891457	  0.018956	
  0.071176	  0.024273	  0.852478	  0.052073	

URL http://cisbp.ccbr.utoronto.ca/TFreport.php?versionNumber=1.02&searchTF=T166895_1.02

MOTIF M4318_1.02 (SAKL0D05654g)_(Saccharomyces_cerevisiae)_(DBD_0.78)

letter-probability matrix: alength= 4 w= 7 nsites= 1 E= 0
  0.075949	  0.481013	  0.126582	  0.316456	
  0.000000	  0.265823	  0.000000	  0.734177	
  0.000000	  0.987342	  0.000000	  0.012658	
  0.000000	  1.000000	  0.000000	  0.000000	
  0.000000	  0.000000	  1.000000	  0.000000	
  0.227848	  0.000000	  0.632911	  0.139241	
  0.582278	  0.164557	  0.253165	  0.000000	

URL http://cisbp.ccbr.utoronto.ca/TFreport.php?versionNumber=1.02&searchTF=T166886_1.02

MOTIF M4320_1.02 (SAKL0D04928g)_(Saccharomyces_cerevisiae)_(DBD_0.89)

letter-probability matrix: alength= 4 w= 6 nsites= 1 E= 0
  0.011904	  0.011904	  0.964289	  0.011904	
  0.964289	  0.011904	  0.011904	  0.011904	
  0.011904	  0.011904	  0.011904	  0.964289	
  0.964289	  0.011904	  0.011904	  0.011904	
  0.964289	  0.011904	  0.011904	  0.011904	
  0.011904	  0.011904	  0.964289	  0.011904	

URL http://cisbp.ccbr.utoronto.ca/TFreport.php?versionNumber=1.02&searchTF=T086426_1.02

MOTIF M4322_1.02 (SAKL0D12650g)_(Saccharomyces_cerevisiae)_(DBD_0.90)

letter-probability matrix: alength= 4 w= 8 nsites= 1 E= 0
  0.158101	  0.347706	  0.234064	  0.260129	
  0.054198	  0.943914	  0.000944	  0.000944	
  0.851276	  0.039799	  0.041101	  0.067825	
  0.008522	  0.707117	  0.049200	  0.235161	
  0.177276	  0.148503	  0.666920	  0.007302	
  0.144402	  0.101783	  0.043273	  0.710542	
  0.025363	  0.069058	  0.748548	  0.157031	
  0.394569	  0.153235	  0.157514	  0.294683	

URL http://cisbp.ccbr.utoronto.ca/TFreport.php?versionNumber=1.02&searchTF=T021665_1.02

MOTIF M4330_1.02 (SAKL0B11330g)_(Saccharomyces_cerevisiae)_(DBD_0.85)

letter-probability matrix: alength= 4 w= 5 nsites= 1 E= 0
  0.831197	  0.002137	  0.164530	  0.002137	
  0.002137	  0.002137	  0.993590	  0.002137	
  0.002137	  0.002137	  0.993590	  0.002137	
  0.002137	  0.002137	  0.993590	  0.002137	
  0.002137	  0.002137	  0.985043	  0.010684	

URL http://cisbp.ccbr.utoronto.ca/TFreport.php?versionNumber=1.02&searchTF=T068954_1.02

MOTIF M4340_1.02 (SAKL0G11902g)_(Saccharomyces_cerevisiae)_(DBD_0.75)

letter-probability matrix: alength= 4 w= 14 nsites= 1 E= 0
  0.020000	  0.249000	  0.185000	  0.546000	
  0.012987	  0.864136	  0.109890	  0.012987	
  0.053000	  0.021000	  0.872000	  0.054000	
  0.013000	  0.029000	  0.877000	  0.081000	
  0.129000	  0.377000	  0.250000	  0.244000	
  0.548000	  0.294000	  0.145000	  0.013000	
  0.116000	  0.013000	  0.061000	  0.810000	
  0.029000	  0.123000	  0.101000	  0.747000	
  0.030000	  0.468000	  0.247000	  0.255000	
  0.021000	  0.065000	  0.407000	  0.507000	
  0.029000	  0.897000	  0.031000	  0.043000	
  0.206793	  0.739261	  0.022977	  0.030969	
  0.012987	  0.038961	  0.935065	  0.012987	
  0.851000	  0.021000	  0.115000	  0.013000	

URL http://cisbp.ccbr.utoronto.ca/TFreport.php?versionNumber=1.02&searchTF=T166907_1.02

MOTIF M4342_1.02 (SAKL0H15488g)_(Saccharomyces_cerevisiae)_(DBD_0.79)

letter-probability matrix: alength= 4 w= 8 nsites= 1 E= 0
  0.230709	  0.200411	  0.176385	  0.392495	
  0.023082	  0.001118	  0.956554	  0.019246	
  0.001067	  0.974762	  0.016990	  0.007181	
  0.000923	  0.000923	  0.075039	  0.923115	
  0.039001	  0.000909	  0.909061	  0.051029	
  0.000870	  0.070845	  0.869761	  0.058524	
  0.001422	  0.245949	  0.258048	  0.494582	
  0.159384	  0.411978	  0.102421	  0.326216	

URL http://cisbp.ccbr.utoronto.ca/TFreport.php?versionNumber=1.02&searchTF=T068974_1.02

MOTIF M4344_1.02 (SAKL0D08734g)_(Saccharomyces_cerevisiae)_(DBD_0.81)

letter-probability matrix: alength= 4 w= 8 nsites= 1 E= 0
  0.115385	  0.269231	  0.423077	  0.192308	
  0.000000	  0.000000	  1.000000	  0.000000	
  0.000000	  0.000000	  0.000000	  1.000000	
  0.000000	  0.000000	  0.000000	  1.000000	
  0.307692	  0.000000	  0.692308	  0.000000	
  0.000000	  1.000000	  0.000000	  0.000000	
  0.019231	  0.480769	  0.019231	  0.480769	
  0.884615	  0.038462	  0.038462	  0.038462	

URL http://cisbp.ccbr.utoronto.ca/TFreport.php?versionNumber=1.02&searchTF=T139181_1.02

MOTIF M4346_1.02 (SAKL0D07898g)_(Saccharomyces_cerevisiae)_(DBD_0.95)

letter-probability matrix: alength= 4 w= 11 nsites= 1 E= 0
  0.035964	  0.615385	  0.328671	  0.019980	
  0.008000	  0.960000	  0.007000	  0.025000	
  0.007000	  0.004000	  0.973000	  0.016000	
  0.499000	  0.103000	  0.172000	  0.226000	
  0.107107	  0.009009	  0.012012	  0.871872	
  0.832000	  0.040000	  0.062000	  0.066000	
  0.292000	  0.012000	  0.033000	  0.663000	
  0.111000	  0.242000	  0.064000	  0.583000	
  0.091908	  0.075924	  0.252747	  0.579421	
  0.007000	  0.948000	  0.021000	  0.024000	
  0.017000	  0.955000	  0.019000	  0.009000	

URL http://cisbp.ccbr.utoronto.ca/TFreport.php?versionNumber=1.02&searchTF=T166887_1.02

MOTIF M4352_1.02 (SAKL0F15444g)_(Saccharomyces_cerevisiae)_(DBD_0.81)

letter-probability matrix: alength= 4 w= 10 nsites= 1 E= 0
  0.022314	  0.657563	  0.295462	  0.024661	
  0.006604	  0.980187	  0.006604	  0.006604	
  0.022796	  0.004452	  0.660673	  0.312080	
  0.172038	  0.232227	  0.395855	  0.199880	
  0.224192	  0.166086	  0.142951	  0.466771	
  0.466771	  0.142951	  0.166086	  0.224192	
  0.199880	  0.395855	  0.232227	  0.172038	
  0.312080	  0.660673	  0.004452	  0.022796	
  0.006604	  0.006604	  0.980187	  0.006604	
  0.024661	  0.295462	  0.657563	  0.022314	

URL http://cisbp.ccbr.utoronto.ca/TFreport.php?versionNumber=1.02&searchTF=T166900_1.02

MOTIF M4354_1.02 (SAKL0G04950g)_(Saccharomyces_cerevisiae)_(DBD_0.70)

letter-probability matrix: alength= 4 w= 12 nsites= 1 E= 0
  0.011301	  0.030803	  0.681468	  0.276428	
  0.372837	  0.609161	  0.006701	  0.011301	
  0.011301	  0.006701	  0.006701	  0.975298	
  0.011301	  0.006701	  0.356136	  0.625863	
  0.975298	  0.006701	  0.006701	  0.011301	
  0.119800	  0.681400	  0.151300	  0.047500	
  0.119800	  0.091100	  0.006700	  0.782400	
  0.975298	  0.006701	  0.006701	  0.011301	
  0.927093	  0.006701	  0.006701	  0.059506	
  0.083608	  0.006701	  0.151315	  0.758376	
  0.433000	  0.175400	  0.247700	  0.143900	
  0.179982	  0.187481	  0.368163	  0.264374	

URL http://cisbp.ccbr.utoronto.ca/TFreport.php?versionNumber=1.02&searchTF=T031436_1.02

MOTIF M4355_1.02 (SAKL0G05896g)_(Saccharomyces_cerevisiae)_(DBD_0.75)

letter-probability matrix: alength= 4 w= 8 nsites= 1 E= 0
  0.014706	  0.250000	  0.073529	  0.661765	
  0.000000	  0.000000	  0.000000	  1.000000	
  1.000000	  0.000000	  0.000000	  0.000000	
  1.000000	  0.000000	  0.000000	  0.000000	
  0.000000	  0.000000	  0.000000	  1.000000	
  0.000000	  0.000000	  0.000000	  1.000000	
  0.617647	  0.029412	  0.147059	  0.205882	
  0.544118	  0.132353	  0.132353	  0.191176	

URL http://cisbp.ccbr.utoronto.ca/TFreport.php?versionNumber=1.02&searchTF=T103550_1.02

MOTIF M4358_1.02 (SAKL0G18062g)_(Saccharomyces_cerevisiae)_(DBD_0.89)

letter-probability matrix: alength= 4 w= 21 nsites= 1 E= 0
  0.238137	  0.351012	  0.318876	  0.091974	
  0.304244	  0.218676	  0.268163	  0.208917	
  0.183252	  0.334601	  0.161611	  0.320536	
  0.380384	  0.205961	  0.136230	  0.277425	
  0.361194	  0.083363	  0.272196	  0.283247	
  0.314341	  0.158488	  0.325605	  0.201566	
  0.223861	  0.008509	  0.078272	  0.689359	
  0.001687	  0.002580	  0.991893	  0.003841	
  0.081869	  0.803549	  0.002038	  0.112544	
  0.002807	  0.003670	  0.992575	  0.000947	
  0.001829	  0.002616	  0.993720	  0.001835	
  0.028000	  0.000382	  0.970390	  0.001228	
  0.001832	  0.000673	  0.957292	  0.040203	
  0.055743	  0.069990	  0.081078	  0.793189	
  0.692062	  0.073178	  0.107723	  0.127037	
  0.311437	  0.113318	  0.345056	  0.230189	
  0.091252	  0.320491	  0.122052	  0.466205	
  0.368966	  0.155747	  0.180509	  0.294778	
  0.144665	  0.505633	  0.101710	  0.247992	
  0.391596	  0.070070	  0.375890	  0.162444	
  0.233430	  0.281348	  0.171032	  0.314191	

URL http://cisbp.ccbr.utoronto.ca/TFreport.php?versionNumber=1.02&searchTF=T068968_1.02

MOTIF M4359_1.02 (SAKL0D00264g)_(Saccharomyces_cerevisiae)_(DBD_0.78)

letter-probability matrix: alength= 4 w= 9 nsites= 1 E= 0
  0.172172	  0.679680	  0.129129	  0.019019	
  0.126873	  0.689311	  0.120879	  0.062937	
  0.055000	  0.153000	  0.754000	  0.038000	
  0.571000	  0.314000	  0.034000	  0.081000	
  0.075000	  0.149000	  0.167000	  0.609000	
  0.648000	  0.023000	  0.270000	  0.059000	
  0.039000	  0.761000	  0.175000	  0.025000	
  0.022000	  0.870000	  0.095000	  0.013000	
  0.015000	  0.034000	  0.856000	  0.095000	

URL http://cisbp.ccbr.utoronto.ca/TFreport.php?versionNumber=1.02&searchTF=T166880_1.02

MOTIF M4361_1.02 (SAKL0D13442g)_(Saccharomyces_cerevisiae)_(DBD_0.87)

letter-probability matrix: alength= 4 w= 8 nsites= 1 E= 0
  0.163000	  0.157000	  0.122000	  0.558000	
  0.182000	  0.198000	  0.213000	  0.407000	
  0.110889	  0.503497	  0.232767	  0.152847	
  0.139860	  0.743257	  0.079920	  0.036963	
  0.008000	  0.134000	  0.005000	  0.853000	
  0.008000	  0.005000	  0.947000	  0.040000	
  0.014000	  0.946000	  0.005000	  0.035000	
  0.619000	  0.108000	  0.190000	  0.083000	

URL http://cisbp.ccbr.utoronto.ca/TFreport.php?versionNumber=1.02&searchTF=T006953_1.02

MOTIF M4363_1.02 (SAKL0D13530g)_(Saccharomyces_cerevisiae)_(DBD_0.80)

letter-probability matrix: alength= 4 w= 8 nsites= 1 E= 0
  0.066010	  0.379270	  0.000000	  0.554719	
  0.000000	  0.000000	  1.000000	  0.000000	
  1.000000	  0.000000	  0.000000	  0.000000	
  0.000000	  0.000000	  1.000000	  0.000000	
  0.000000	  0.932362	  0.000000	  0.067638	
  1.000000	  0.000000	  0.000000	  0.000000	
  0.824901	  0.124503	  0.000000	  0.050597	
  0.937967	  0.000000	  0.000000	  0.062033	

URL http://cisbp.ccbr.utoronto.ca/TFreport.php?versionNumber=1.02&searchTF=T072006_1.02

MOTIF M4366_1.02 (SAKL0B11704g)_(Saccharomyces_cerevisiae)_(DBD_0.86)

letter-probability matrix: alength= 4 w= 20 nsites= 1 E= 0
  0.247387	  0.159698	  0.111426	  0.481488	
  0.167380	  0.275851	  0.314154	  0.242614	
  0.169124	  0.204936	  0.102300	  0.523640	
  0.089436	  0.084552	  0.161973	  0.664039	
  0.170372	  0.033669	  0.129287	  0.666672	
  0.130139	  0.808174	  0.009383	  0.052304	
  0.011105	  0.812592	  0.007233	  0.169071	
  0.121686	  0.405354	  0.243077	  0.229883	
  0.601855	  0.076270	  0.171089	  0.150786	
  0.663071	  0.007104	  0.035697	  0.294128	
  0.294128	  0.035697	  0.007104	  0.663071	
  0.150786	  0.171089	  0.076270	  0.601855	
  0.169982	  0.443223	  0.270397	  0.116398	
  0.169071	  0.007233	  0.812592	  0.011105	
  0.052304	  0.009383	  0.808174	  0.130139	
  0.721932	  0.093347	  0.103155	  0.081565	
  0.479693	  0.291824	  0.080904	  0.147579	
  0.547301	  0.066068	  0.216109	  0.170522	
  0.176817	  0.317440	  0.108132	  0.397611	
  0.247463	  0.235867	  0.262819	  0.253851	

URL http://cisbp.ccbr.utoronto.ca/TFreport.php?versionNumber=1.02&searchTF=T113241_1.02

MOTIF M4368_1.02 (SAKL0A09482g)_(Saccharomyces_cerevisiae)_(DBD_0.87)

letter-probability matrix: alength= 4 w= 6 nsites= 1 E= 0
  0.329357	  0.329357	  0.011930	  0.329357	
  0.964289	  0.011904	  0.011904	  0.011904	
  0.011904	  0.011904	  0.964289	  0.011904	
  0.011904	  0.011904	  0.964289	  0.011904	
  0.011909	  0.488091	  0.011909	  0.488091	
  0.964289	  0.011904	  0.011904	  0.011904	

URL http://cisbp.ccbr.utoronto.ca/TFreport.php?versionNumber=1.02&searchTF=T068950_1.02

MOTIF M4374_1.02 (SAKL0D01342g)_(Saccharomyces_cerevisiae)_(DBD_0.90)

letter-probability matrix: alength= 4 w= 14 nsites= 1 E= 0
  0.224066	  0.244813	  0.228216	  0.302905	
  0.141414	  0.308081	  0.181818	  0.368687	
  0.054348	  0.793478	  0.108696	  0.043478	
  0.024691	  0.901235	  0.037037	  0.037037	
  0.270370	  0.174074	  0.344444	  0.211111	
  0.078313	  0.319277	  0.162651	  0.439759	
  0.220000	  0.200000	  0.093333	  0.486667	
  0.200913	  0.333333	  0.255708	  0.210046	
  0.347619	  0.142857	  0.352381	  0.157143	
  0.179487	  0.184615	  0.261538	  0.374359	
  0.023529	  0.858824	  0.105882	  0.011765	
  0.013158	  0.960526	  0.013158	  0.013158	
  0.066667	  0.055556	  0.811111	  0.066667	
  0.300412	  0.218107	  0.292181	  0.189300	

URL http://cisbp.ccbr.utoronto.ca/TFreport.php?versionNumber=1.02&searchTF=T166882_1.02

MOTIF M4375_1.02 (SAKL0E07216g)_(Saccharomyces_cerevisiae)_(DBD_0.86)

letter-probability matrix: alength= 4 w= 9 nsites= 1 E= 0
  0.079001	  0.082062	  0.764130	  0.074807	
  0.212205	  0.071026	  0.295015	  0.421755	
  0.002743	  0.003419	  0.990721	  0.003117	
  0.000000	  0.000000	  1.000000	  0.000000	
  0.000000	  1.000000	  0.000000	  0.000000	
  0.005487	  0.006838	  0.356441	  0.631234	
  0.109965	  0.221151	  0.302010	  0.366874	
  0.324101	  0.172824	  0.217040	  0.286035	
  0.142660	  0.177801	  0.477983	  0.201556	

URL http://cisbp.ccbr.utoronto.ca/TFreport.php?versionNumber=1.02&searchTF=T068961_1.02

MOTIF M4376_1.02 (SAKL0E09020g)_(Saccharomyces_cerevisiae)_(DBD_0.84)

letter-probability matrix: alength= 4 w= 20 nsites= 1 E= 0
  0.240122	  0.196861	  0.220816	  0.342201	
  0.277890	  0.146179	  0.267804	  0.308128	
  0.341839	  0.174534	  0.219739	  0.263888	
  0.571702	  0.146030	  0.143912	  0.138356	
  0.495698	  0.110596	  0.176615	  0.217091	
  0.379266	  0.157960	  0.126669	  0.336105	
  0.179551	  0.004748	  0.813593	  0.002108	
  0.014558	  0.004260	  0.000952	  0.980230	
  0.950367	  0.047308	  0.000771	  0.001554	
  0.979678	  0.011390	  0.000976	  0.007956	
  0.986667	  0.001016	  0.002691	  0.009625	
  0.001767	  0.797833	  0.001297	  0.199103	
  0.989636	  0.001249	  0.003667	  0.005447	
  0.823954	  0.069661	  0.032500	  0.073884	
  0.684172	  0.025110	  0.106580	  0.184138	
  0.212491	  0.210952	  0.446148	  0.130410	
  0.353169	  0.173423	  0.321436	  0.151971	
  0.208011	  0.239547	  0.274318	  0.278123	
  0.315164	  0.071640	  0.432442	  0.180754	
  0.338566	  0.263541	  0.274442	  0.123450	

URL http://cisbp.ccbr.utoronto.ca/TFreport.php?versionNumber=1.02&searchTF=T083532_1.02

MOTIF M4385_1.02 (SAKL0C08624g)_(Saccharomyces_cerevisiae)_(DBD_0.63)

letter-probability matrix: alength= 4 w= 8 nsites= 1 E= 0
  0.371000	  0.150000	  0.234000	  0.245000	
  0.069000	  0.118000	  0.731000	  0.082000	
  0.055000	  0.111000	  0.078000	  0.756000	
  0.047000	  0.119000	  0.678000	  0.156000	
  0.689690	  0.122122	  0.039039	  0.149149	
  0.074000	  0.810000	  0.053000	  0.063000	
  0.102000	  0.714000	  0.090000	  0.094000	
  0.174174	  0.226226	  0.395395	  0.204204	

URL http://cisbp.ccbr.utoronto.ca/TFreport.php?versionNumber=1.02&searchTF=T021663_1.02

MOTIF M4391_1.02 (SAKL0G07282g)_(Saccharomyces_cerevisiae)_(DBD_0.68)

letter-probability matrix: alength= 4 w= 8 nsites= 1 E= 0
  0.107000	  0.381000	  0.269000	  0.243000	
  0.066000	  0.120000	  0.379000	  0.435000	
  0.718719	  0.055055	  0.170170	  0.056056	
  0.028000	  0.881000	  0.069000	  0.022000	
  0.073073	  0.158158	  0.737738	  0.031031	
  0.046000	  0.151000	  0.056000	  0.747000	
  0.130000	  0.077000	  0.725000	  0.068000	
  0.297000	  0.094000	  0.277000	  0.332000	

URL http://cisbp.ccbr.utoronto.ca/TFreport.php?versionNumber=1.02&searchTF=T021668_1.02

MOTIF M4392_1.02 (SAKL0E10714g)_(Saccharomyces_cerevisiae)_(DBD_0.79)

letter-probability matrix: alength= 4 w= 9 nsites= 1 E= 0
  0.625000	  0.125000	  0.125000	  0.125000	
  1.000000	  0.000000	  0.000000	  0.000000	
  1.000000	  0.000000	  0.000000	  0.000000	
  0.875000	  0.125000	  0.000000	  0.000000	
  0.750000	  0.000000	  0.250000	  0.000000	
  0.000000	  0.000000	  1.000000	  0.000000	
  0.781250	  0.156250	  0.031250	  0.031250	
  0.812500	  0.062500	  0.062500	  0.062500	
  0.625000	  0.125000	  0.125000	  0.125000	

URL http://cisbp.ccbr.utoronto.ca/TFreport.php?versionNumber=1.02&searchTF=T068962_1.02

MOTIF M4399_1.02 (SAKL0B10868g)_(Saccharomyces_cerevisiae)_(DBD_0.69)

letter-probability matrix: alength= 4 w= 9 nsites= 1 E= 0
  0.562563	  0.078078	  0.251251	  0.108108	
  0.046000	  0.106000	  0.026000	  0.822000	
  0.036963	  0.904096	  0.022977	  0.035964	
  0.903000	  0.003000	  0.033000	  0.061000	
  0.010000	  0.839000	  0.122000	  0.029000	
  0.046046	  0.112112	  0.837838	  0.004004	
  0.054054	  0.058058	  0.007007	  0.880881	
  0.004000	  0.008000	  0.979000	  0.009000	
  0.745000	  0.034000	  0.172000	  0.049000	

URL http://cisbp.ccbr.utoronto.ca/TFreport.php?versionNumber=1.02&searchTF=T021662_1.02

MOTIF M4404_1.02 (SAKL0H10010g)_(Saccharomyces_cerevisiae)_(DBD_0.74)

letter-probability matrix: alength= 4 w= 7 nsites= 1 E= 0
  0.213048	  0.131122	  0.541105	  0.114725	
  0.000000	  1.000000	  0.000000	  0.000000	
  0.081990	  0.000000	  0.016394	  0.901616	
  0.000000	  0.000000	  0.000000	  1.000000	
  0.000000	  0.934419	  0.000000	  0.065581	
  0.000000	  0.967218	  0.016389	  0.016393	
  0.376968	  0.196724	  0.032786	  0.393521	

URL http://cisbp.ccbr.utoronto.ca/TFreport.php?versionNumber=1.02&searchTF=T087102_1.02

MOTIF M4410_1.02 (SAKL0A05610g)_(Saccharomyces_cerevisiae)_(DBD_0.79)

letter-probability matrix: alength= 4 w= 9 nsites= 1 E= 0
  0.447761	  0.029851	  0.134328	  0.388060	
  0.597015	  0.000000	  0.000000	  0.402985	
  0.104478	  0.000000	  0.149254	  0.746268	
  0.268657	  0.089552	  0.641791	  0.000000	
  0.000000	  0.089552	  0.000000	  0.910448	
  0.000000	  0.000000	  0.985075	  0.014925	
  0.074627	  0.089552	  0.000000	  0.835821	
  0.000000	  1.000000	  0.000000	  0.000000	
  0.791044	  0.029851	  0.104478	  0.074627	

URL http://cisbp.ccbr.utoronto.ca/TFreport.php?versionNumber=1.02&searchTF=T103547_1.02

MOTIF M4412_1.02 (SAKL0A03476g)_(Saccharomyces_cerevisiae)_(DBD_0.80)

letter-probability matrix: alength= 4 w= 5 nsites= 1 E= 0
  0.996835	  0.001055	  0.001055	  0.001055	
  0.203586	  0.001055	  0.794304	  0.001055	
  0.001055	  0.001055	  0.996835	  0.001055	
  0.001055	  0.001055	  0.996835	  0.001055	
  0.001055	  0.001055	  0.996835	  0.001055	

URL http://cisbp.ccbr.utoronto.ca/TFreport.php?versionNumber=1.02&searchTF=T068948_1.02

MOTIF M4414_1.02 (SAKL0B03344g)_(Saccharomyces_cerevisiae)_(DBD_0.97)

letter-probability matrix: alength= 4 w= 6 nsites= 1 E= 0
  0.000000	  0.500000	  0.500000	  0.000000	
  0.500000	  0.500000	  0.000000	  0.000000	
  0.000000	  0.000000	  1.000000	  0.000000	
  0.000000	  0.000000	  1.000000	  0.000000	
  0.000000	  0.500000	  0.500000	  0.000000	
  0.000000	  0.000000	  1.000000	  0.000000	

URL http://cisbp.ccbr.utoronto.ca/TFreport.php?versionNumber=1.02&searchTF=T072005_1.02

MOTIF M4416_1.02 (SAKL0H20416g)_(Saccharomyces_cerevisiae)_(DBD_0.81)

letter-probability matrix: alength= 4 w= 20 nsites= 1 E= 0
  0.230119	  0.165741	  0.272440	  0.331700	
  0.213224	  0.196056	  0.262178	  0.328543	
  0.295929	  0.150737	  0.298603	  0.254732	
  0.547582	  0.083206	  0.242689	  0.126523	
  0.444194	  0.213396	  0.225691	  0.116719	
  0.014544	  0.522445	  0.010421	  0.452590	
  0.002233	  0.002338	  0.991993	  0.003436	
  0.003270	  0.015731	  0.002205	  0.978793	
  0.971017	  0.022408	  0.000913	  0.005662	
  0.712594	  0.002284	  0.276839	  0.008283	
  0.989940	  0.000929	  0.006574	  0.002557	
  0.002020	  0.002514	  0.002948	  0.992518	
  0.002239	  0.991439	  0.002219	  0.004103	
  0.643542	  0.296993	  0.021642	  0.037823	
  0.132430	  0.468986	  0.090050	  0.308534	
  0.358144	  0.123391	  0.127104	  0.391361	
  0.256462	  0.154053	  0.127921	  0.461564	
