MEME version 5.5.8 (Fri May 2 15:43:49 2025 -0700)

ALPHABET= ACGT

strands: + -

Background letter frequencies (from uniform background):
A 0.25000 C 0.25000 G 0.25000 T 0.25000 

MOTIF M0114_1.02 (Minc13730)_(Caenorhabditis_elegans)_(DBD_0.88)

letter-probability matrix: alength= 4 w= 8 nsites= 1 E= 0
  0.198827	  0.235670	  0.148775	  0.416728	
  0.162360	  0.175883	  0.159145	  0.502612	
  0.174479	  0.162683	  0.100666	  0.562171	
  0.409838	  0.088745	  0.309749	  0.191668	
  0.912942	  0.000248	  0.035046	  0.051763	
  0.057276	  0.000593	  0.000249	  0.941882	
  0.240120	  0.254968	  0.196593	  0.308320	
  0.268348	  0.215355	  0.271045	  0.245252	

URL http://cisbp.ccbr.utoronto.ca/TFreport.php?versionNumber=1.02&searchTF=T008312_1.02

MOTIF M0131_1.02 (Minc01688)_(Mus_musculus)_(DBD_0.69)

letter-probability matrix: alength= 4 w= 8 nsites= 1 E= 0
  0.750000	  0.083333	  0.083333	  0.083333	
  0.800000	  0.066667	  0.066667	  0.066667	
  0.733333	  0.066667	  0.066667	  0.133333	
  0.266667	  0.066667	  0.066667	  0.600000	
  0.733333	  0.066667	  0.066667	  0.133333	
  0.666667	  0.066667	  0.066667	  0.200000	
  0.692308	  0.076923	  0.076923	  0.153846	
  0.166667	  0.083333	  0.083333	  0.666667	

URL http://cisbp.ccbr.utoronto.ca/TFreport.php?versionNumber=1.02&searchTF=T008911_1.02

MOTIF M0194_1.02 (Minc13369)_(Mus_musculus)_(DBD_0.73)

letter-probability matrix: alength= 4 w= 10 nsites= 1 E= 0
  0.361199	  0.183013	  0.272775	  0.183013	
  0.138914	  0.651658	  0.134874	  0.074555	
  0.000046	  0.999862	  0.000046	  0.000046	
  0.999862	  0.000046	  0.000046	  0.000046	
  0.000046	  0.000046	  0.000046	  0.999862	
  0.999862	  0.000046	  0.000046	  0.000046	
  0.000046	  0.000046	  0.000046	  0.999862	
  0.000046	  0.000046	  0.999862	  0.000046	
  0.067033	  0.298563	  0.220536	  0.413869	
  0.175491	  0.236272	  0.175491	  0.412746	

URL http://cisbp.ccbr.utoronto.ca/TFreport.php?versionNumber=1.02&searchTF=T021420_1.02

MOTIF M0228_1.02 (Minc15230)_(Caenorhabditis_elegans)_(DBD_0.73)

letter-probability matrix: alength= 4 w= 9 nsites= 1 E= 0
  1.000000	  0.000000	  0.000000	  0.000000	
  0.000000	  0.000000	  0.000000	  1.000000	
  0.000000	  1.000000	  0.000000	  0.000000	
  1.000000	  0.000000	  0.000000	  0.000000	
  0.000000	  0.000000	  1.000000	  0.000000	
  0.000000	  1.000000	  0.000000	  0.000000	
  0.000000	  0.000000	  0.000000	  1.000000	
  0.000000	  0.000000	  1.000000	  0.000000	
  1.000000	  0.000000	  0.000000	  0.000000	

URL http://cisbp.ccbr.utoronto.ca/TFreport.php?versionNumber=1.02&searchTF=T021424_1.02

MOTIF M0240_1.02 (Minc08733)_(Caenorhabditis_elegans)_(DBD_0.91)

letter-probability matrix: alength= 4 w= 8 nsites= 1 E= 0
  0.000000	  0.000000	  0.000000	  1.000000	
  0.000000	  1.000000	  0.000000	  0.000000	
  1.000000	  0.000000	  0.000000	  0.000000	
  0.000000	  1.000000	  0.000000	  0.000000	
  0.000000	  0.000000	  1.000000	  0.000000	
  0.000000	  0.000000	  0.000000	  1.000000	
  0.000000	  0.000000	  1.000000	  0.000000	
  0.666667	  0.000000	  0.000000	  0.333333	

URL http://cisbp.ccbr.utoronto.ca/TFreport.php?versionNumber=1.02&searchTF=T021415_1.02

MOTIF M0276_1.02 (Minc04806)_(Caenorhabditis_elegans)_(DBD_0.61)

letter-probability matrix: alength= 4 w= 10 nsites= 1 E= 0
  0.175570	  0.261504	  0.175570	  0.387356	
  0.095404	  0.095404	  0.639645	  0.169546	
  0.160935	  0.838902	  0.000082	  0.000082	
  0.000082	  0.999755	  0.000082	  0.000082	
  0.999755	  0.000082	  0.000082	  0.000082	
  0.000082	  0.999755	  0.000082	  0.000082	
  0.000082	  0.000082	  0.999755	  0.000082	
  0.000082	  0.000082	  0.000082	  0.999755	
  0.165231	  0.153373	  0.606884	  0.074512	
  0.233539	  0.154677	  0.277113	  0.334671	

URL http://cisbp.ccbr.utoronto.ca/TFreport.php?versionNumber=1.02&searchTF=T031202_1.02

MOTIF M0323_1.02 (Minc09793)_(Caenorhabditis_elegans)_(DBD_0.63)

letter-probability matrix: alength= 4 w= 13 nsites= 1 E= 0
  0.230644	  0.230644	  0.230644	  0.308069	
  0.230644	  0.230644	  0.308069	  0.230644	
  0.195361	  0.042431	  0.042431	  0.719777	
  0.105121	  0.022865	  0.128036	  0.743978	
  0.853680	  0.022865	  0.100590	  0.022865	
  0.000176	  0.673192	  0.000176	  0.326456	
  0.236202	  0.000176	  0.687605	  0.076018	
  0.076018	  0.420964	  0.077601	  0.425417	
  0.790056	  0.095374	  0.019532	  0.095037	
  0.780883	  0.097796	  0.019532	  0.101789	
  0.376765	  0.207745	  0.207745	  0.207745	
  0.227311	  0.227311	  0.227311	  0.318067	
  0.318067	  0.227311	  0.227311	  0.227311	

URL http://cisbp.ccbr.utoronto.ca/TFreport.php?versionNumber=1.02&searchTF=T031212_1.02

MOTIF M0379_1.02 (Minc12888)_(Caenorhabditis_elegans)_(DBD_0.77)

letter-probability matrix: alength= 4 w= 10 nsites= 1 E= 0
  0.247865	  0.181796	  0.279467	  0.290872	
  0.091444	  0.152280	  0.180498	  0.575778	
  0.026116	  0.000305	  0.965392	  0.008187	
  0.985734	  0.001382	  0.002468	  0.010416	
  0.011232	  0.014714	  0.971445	  0.002609	
  0.019671	  0.000076	  0.756818	  0.223435	
  0.231469	  0.134888	  0.255813	  0.377830	
  0.454899	  0.172444	  0.099492	  0.273165	
  0.304260	  0.264511	  0.223158	  0.208071	
  0.353339	  0.190077	  0.246516	  0.210067	

URL http://cisbp.ccbr.utoronto.ca/TFreport.php?versionNumber=1.02&searchTF=T068690_1.02

MOTIF M0380_1.02 (Minc09873)_(Caenorhabditis_elegans)_(DBD_0.83)

letter-probability matrix: alength= 4 w= 9 nsites= 1 E= 0
  0.282456	  0.222188	  0.226676	  0.268680	
  0.308881	  0.169518	  0.271227	  0.250374	
  0.246241	  0.231901	  0.205678	  0.316180	
  0.464399	  0.055188	  0.080701	  0.399712	
  0.885184	  0.009932	  0.000738	  0.104146	
  0.071967	  0.036097	  0.850828	  0.041108	
  0.052085	  0.856516	  0.023170	  0.068229	
  0.274969	  0.283343	  0.212015	  0.229673	
  0.233287	  0.221909	  0.271040	  0.273764	

URL http://cisbp.ccbr.utoronto.ca/TFreport.php?versionNumber=1.02&searchTF=T068679_1.02

MOTIF M0388_1.02 (Minc12570)_(Caenorhabditis_elegans)_(DBD_0.80)

letter-probability matrix: alength= 4 w= 10 nsites= 1 E= 0
  0.254183	  0.160462	  0.131375	  0.453981	
  0.474945	  0.136074	  0.217718	  0.171263	
  0.228171	  0.117931	  0.411618	  0.242280	
  0.076824	  0.025066	  0.773957	  0.124153	
  0.089088	  0.000088	  0.772496	  0.138328	
  0.145768	  0.640352	  0.024829	  0.189051	
  0.030520	  0.007992	  0.000100	  0.961389	
  0.007282	  0.000136	  0.043614	  0.948968	
  0.021474	  0.868567	  0.029572	  0.080386	
  0.285277	  0.334776	  0.141664	  0.238283	

URL http://cisbp.ccbr.utoronto.ca/TFreport.php?versionNumber=1.02&searchTF=T068688_1.02

MOTIF M0447_1.02 (Minc07594)_(Caenorhabditis_elegans)_(DBD_0.86)

letter-probability matrix: alength= 4 w= 10 nsites= 1 E= 0
  0.391273	  0.146849	  0.267577	  0.194301	
  0.236558	  0.241337	  0.322529	  0.199576	
  0.063325	  0.269963	  0.106515	  0.560196	
  0.004417	  0.002260	  0.968160	  0.025164	
  0.019015	  0.007208	  0.958364	  0.015413	
  0.150280	  0.035251	  0.000029	  0.814440	
  0.000025	  0.973874	  0.003426	  0.022675	
  0.905030	  0.032719	  0.031436	  0.030814	
  0.261983	  0.246726	  0.254240	  0.237052	
  0.139579	  0.281078	  0.155809	  0.423533	

URL http://cisbp.ccbr.utoronto.ca/TFreport.php?versionNumber=1.02&searchTF=T068675_1.02

MOTIF M0493_1.02 (Minc15972)_(Caenorhabditis_elegans)_(DBD_0.83)

letter-probability matrix: alength= 4 w= 8 nsites= 1 E= 0
  0.242861	  0.157196	  0.428469	  0.171473	
  0.777565	  0.090973	  0.030392	  0.101070	
  0.838146	  0.060683	  0.020295	  0.080876	
  0.989600	  0.000101	  0.000101	  0.010198	
  0.989600	  0.000101	  0.000101	  0.010198	
  0.918922	  0.030392	  0.010198	  0.040489	
  0.718555	  0.156289	  0.083403	  0.041753	
  0.569619	  0.127964	  0.104719	  0.197699	

URL http://cisbp.ccbr.utoronto.ca/TFreport.php?versionNumber=1.02&searchTF=T068707_1.02

MOTIF M0574_1.02 (Minc05804)_(Caenorhabditis_elegans)_(DBD_0.84)

letter-probability matrix: alength= 4 w= 8 nsites= 1 E= 0
  0.491059	  0.157959	  0.263149	  0.087833	
  0.986454	  0.000132	  0.000132	  0.013282	
  0.947002	  0.000132	  0.052735	  0.000132	
  0.013282	  0.000132	  0.933851	  0.052735	
  0.000132	  0.013282	  0.000132	  0.986454	
  0.026433	  0.013282	  0.013282	  0.947002	
  0.034631	  0.155238	  0.120779	  0.689352	
  0.200050	  0.200050	  0.449800	  0.150100	

URL http://cisbp.ccbr.utoronto.ca/TFreport.php?versionNumber=1.02&searchTF=T070348_1.02

MOTIF M0711_1.02 (Minc14087)_(Tetraodon_nigroviridis)_(DBD_0.77)

letter-probability matrix: alength= 4 w= 8 nsites= 1 E= 0
  0.001420	  0.995739	  0.001420	  0.001420	
  0.001106	  0.996681	  0.001106	  0.001106	
  0.001106	  0.001106	  0.996681	  0.001106	
  0.001106	  0.001106	  0.996681	  0.001106	
  0.996681	  0.001106	  0.001106	  0.001106	
  0.886062	  0.001106	  0.001106	  0.111726	
  0.222345	  0.001106	  0.775442	  0.001106	
  0.001656	  0.167219	  0.001656	  0.829470	

URL http://cisbp.ccbr.utoronto.ca/TFreport.php?versionNumber=1.02&searchTF=T079109_1.02

MOTIF M0723_1.02 (Minc01693)_(Mus_musculus)_(DBD_0.74)

letter-probability matrix: alength= 4 w= 10 nsites= 1 E= 0
  0.304424	  0.223279	  0.262020	  0.210276	
  0.213777	  0.233909	  0.245902	  0.306412	
  0.293934	  0.159709	  0.385043	  0.161314	
  0.246234	  0.175262	  0.129837	  0.448667	
  0.528194	  0.286995	  0.062145	  0.122666	
  0.598965	  0.187767	  0.067034	  0.146233	
  0.718961	  0.066540	  0.146615	  0.067884	
  0.033458	  0.590092	  0.077500	  0.298951	
  0.671272	  0.049858	  0.121410	  0.157460	
  0.326891	  0.210530	  0.210530	  0.252050	

URL http://cisbp.ccbr.utoronto.ca/TFreport.php?versionNumber=1.02&searchTF=T083507_1.02

MOTIF M0741_1.02 (Minc17526)_(Caenorhabditis_elegans)_(DBD_0.65)

letter-probability matrix: alength= 4 w= 10 nsites= 1 E= 0
  0.276144	  0.176077	  0.290303	  0.257475	
  0.186748	  0.262372	  0.252084	  0.298796	
  0.373966	  0.282637	  0.291245	  0.052152	
  0.588176	  0.074219	  0.083682	  0.253922	
  0.480999	  0.201515	  0.037184	  0.280302	
  0.750693	  0.088323	  0.038130	  0.122854	
  0.838999	  0.034199	  0.101718	  0.025083	
  0.001060	  0.712202	  0.027340	  0.259398	
  0.848067	  0.033885	  0.053142	  0.064907	
  0.441409	  0.184929	  0.154466	  0.219197	

URL http://cisbp.ccbr.utoronto.ca/TFreport.php?versionNumber=1.02&searchTF=T083514_1.02

MOTIF M0786_1.02 (Minc08374)_(Caenorhabditis_elegans)_(DBD_0.77)

letter-probability matrix: alength= 4 w= 8 nsites= 1 E= 0
  0.172616	  0.351100	  0.330653	  0.145630	
  0.052556	  0.021799	  0.007940	  0.917705	
  0.004769	  0.000129	  0.994298	  0.000804	
  0.937849	  0.008114	  0.005439	  0.048598	
  0.002817	  0.007969	  0.001385	  0.987830	
  0.774879	  0.051045	  0.009609	  0.164467	
  0.706920	  0.043420	  0.111154	  0.138506	
  0.210338	  0.292573	  0.326593	  0.170496	

URL http://cisbp.ccbr.utoronto.ca/TFreport.php?versionNumber=1.02&searchTF=T086299_1.02

MOTIF M0927_1.02 (Minc10063)_(Mus_musculus)_(DBD_0.84)

letter-probability matrix: alength= 4 w= 8 nsites= 1 E= 0
  0.239075	  0.258987	  0.292007	  0.209931	
  0.193409	  0.338596	  0.209518	  0.258477	
  0.196306	  0.190504	  0.105601	  0.507589	
  0.649964	  0.079592	  0.135222	  0.135222	
  0.927406	  0.055834	  0.000602	  0.016158	
  0.131551	  0.181162	  0.073655	  0.613631	
  0.187274	  0.215416	  0.200852	  0.396458	
  0.315394	  0.201104	  0.274190	  0.209311	

URL http://cisbp.ccbr.utoronto.ca/TFreport.php?versionNumber=1.02&searchTF=T103360_1.02

MOTIF M1024_1.02 (Minc04397)_(Mus_musculus)_(DBD_0.79)

letter-probability matrix: alength= 4 w= 9 nsites= 1 E= 0
  0.308862	  0.217651	  0.204976	  0.268511	
  0.162560	  0.093789	  0.036637	  0.707014	
  0.804281	  0.032784	  0.144020	  0.018915	
  0.924954	  0.003353	  0.032451	  0.039242	
  0.084100	  0.081615	  0.097711	  0.736574	
  0.173718	  0.152541	  0.191988	  0.481753	
  0.336856	  0.096511	  0.419748	  0.146886	
  0.197434	  0.312750	  0.280172	  0.209643	
  0.224674	  0.282775	  0.231517	  0.261034	

URL http://cisbp.ccbr.utoronto.ca/TFreport.php?versionNumber=1.02&searchTF=T103345_1.02

MOTIF M1028_1.02 (Minc04053)_(Mus_musculus)_(DBD_0.77)

letter-probability matrix: alength= 4 w= 9 nsites= 1 E= 0
  0.184447	  0.364076	  0.184447	  0.267030	
  0.116544	  0.046445	  0.001308	  0.835703	
  0.822965	  0.097799	  0.078485	  0.000750	
  0.891592	  0.011056	  0.021179	  0.076173	
  0.116988	  0.045699	  0.100693	  0.736620	
  0.189372	  0.123188	  0.282510	  0.404930	
  0.430266	  0.105047	  0.303203	  0.161484	
  0.227412	  0.274998	  0.297901	  0.199689	
  0.184723	  0.307617	  0.234829	  0.272832	

URL http://cisbp.ccbr.utoronto.ca/TFreport.php?versionNumber=1.02&searchTF=T103342_1.02

MOTIF M1049_1.02 (Minc12220)_(Mus_musculus)_(DBD_0.75)

letter-probability matrix: alength= 4 w= 10 nsites= 1 E= 0
  0.289634	  0.216722	  0.244354	  0.249290	
  0.166573	  0.211756	  0.182260	  0.439411	
  0.165752	  0.090967	  0.544840	  0.198441	
  0.929154	  0.059996	  0.000107	  0.010743	
  0.054059	  0.154483	  0.048915	  0.742543	
  0.658419	  0.278618	  0.000170	  0.062793	
  0.069036	  0.541653	  0.109358	  0.279954	
  0.180538	  0.374631	  0.241276	  0.203556	
  0.212494	  0.310727	  0.214630	  0.262149	
  0.221051	  0.289569	  0.216674	  0.272706	

URL http://cisbp.ccbr.utoronto.ca/TFreport.php?versionNumber=1.02&searchTF=T103370_1.02

MOTIF M1058_1.02 (Minc03202)_(Mus_musculus)_(DBD_0.81)

letter-probability matrix: alength= 4 w= 7 nsites= 1 E= 0
  0.196336	  0.301820	  0.257194	  0.244650	
  0.153106	  0.324125	  0.160956	  0.361814	
  0.475416	  0.147553	  0.169727	  0.207305	
  0.663215	  0.126103	  0.128651	  0.082031	
  0.244429	  0.116621	  0.100376	  0.538574	
  0.162290	  0.264909	  0.165569	  0.407233	
  0.507267	  0.098400	  0.196181	  0.198153	

URL http://cisbp.ccbr.utoronto.ca/TFreport.php?versionNumber=1.02&searchTF=T103340_1.02

MOTIF M1063_1.02 (Minc12706)_(Mus_musculus)_(DBD_0.72)

letter-probability matrix: alength= 4 w= 10 nsites= 1 E= 0
  0.221818	  0.204764	  0.161073	  0.412344	
  0.207435	  0.166471	  0.084337	  0.541758	
  0.621586	  0.036682	  0.185355	  0.156378	
  0.910510	  0.013383	  0.034261	  0.041846	
  0.138801	  0.083349	  0.268550	  0.509300	
  0.088820	  0.300850	  0.045450	  0.564880	
  0.170729	  0.062808	  0.652021	  0.114443	
  0.204093	  0.304470	  0.254315	  0.237122	
  0.175698	  0.304530	  0.186563	  0.333209	
  0.196959	  0.273964	  0.238173	  0.290905	

URL http://cisbp.ccbr.utoronto.ca/TFreport.php?versionNumber=1.02&searchTF=T103372_1.02

MOTIF M1097_1.02 (Minc18725)_(Drosophila_melanogaster)_(DBD_0.75)

letter-probability matrix: alength= 4 w= 10 nsites= 1 E= 0
  0.292329	  0.229079	  0.288644	  0.189949	
  0.136427	  0.336877	  0.156525	  0.370171	
  0.034513	  0.118059	  0.009674	  0.837754	
  0.801571	  0.072692	  0.093201	  0.032536	
  0.970781	  0.007894	  0.008025	  0.013300	
  0.013300	  0.008025	  0.007894	  0.970781	
  0.032536	  0.093201	  0.072692	  0.801571	
  0.837754	  0.009674	  0.118059	  0.034513	
  0.370171	  0.156525	  0.336877	  0.136427	
  0.189949	  0.288644	  0.229079	  0.292329	

URL http://cisbp.ccbr.utoronto.ca/TFreport.php?versionNumber=1.02&searchTF=T103395_1.02

MOTIF M1100_1.02 (Minc12153)_(Drosophila_melanogaster)_(DBD_0.79)

letter-probability matrix: alength= 4 w= 10 nsites= 1 E= 0
  0.242321	  0.223690	  0.225939	  0.308050	
  0.316659	  0.218727	  0.272551	  0.192063	
  0.250815	  0.136280	  0.401302	  0.211603	
  0.221772	  0.208857	  0.400074	  0.169296	
  0.316946	  0.132785	  0.339927	  0.210341	
  0.162016	  0.080455	  0.565491	  0.192038	
  0.797439	  0.000347	  0.148622	  0.053592	
  0.013593	  0.128969	  0.069378	  0.788059	
  0.565158	  0.248913	  0.091570	  0.094359	
  0.266128	  0.224522	  0.243222	  0.266128	

URL http://cisbp.ccbr.utoronto.ca/TFreport.php?versionNumber=1.02&searchTF=T103369_1.02

MOTIF M1469_1.02 (Minc18013)_(Drosophila_melanogaster)_(DBD_0.70)

letter-probability matrix: alength= 4 w= 8 nsites= 1 E= 0
  0.221383	  0.221383	  0.290064	  0.267170	
  0.000059	  0.100627	  0.000059	  0.899255	
  0.000054	  0.005429	  0.994464	  0.000054	
  0.994464	  0.000054	  0.005429	  0.000054	
  0.005429	  0.994464	  0.000054	  0.000054	
  0.000054	  0.999839	  0.000054	  0.000054	
  0.000077	  0.407644	  0.000077	  0.592202	
  0.202148	  0.361655	  0.244683	  0.191514	

URL http://cisbp.ccbr.utoronto.ca/TFreport.php?versionNumber=1.02&searchTF=T135232_1.02

MOTIF M1471_1.02 (Minc11620)_(Drosophila_melanogaster)_(DBD_0.74)

letter-probability matrix: alength= 4 w= 12 nsites= 1 E= 0
  0.317705	  0.227432	  0.227432	  0.227432	
  0.317705	  0.227432	  0.227432	  0.227432	
  0.402784	  0.230661	  0.140388	  0.226166	
  0.049370	  0.144869	  0.049370	  0.756390	
  0.000202	  0.000202	  0.000202	  0.999393	
  0.000202	  0.000202	  0.999393	  0.000202	
  0.999393	  0.000202	  0.000202	  0.000202	
  0.000202	  0.999393	  0.000202	  0.000202	
  0.022771	  0.541218	  0.329688	  0.106323	
  0.022771	  0.022771	  0.194141	  0.760318	
  0.109814	  0.581401	  0.109814	  0.198971	
  0.397504	  0.200832	  0.200832	  0.200832	

URL http://cisbp.ccbr.utoronto.ca/TFreport.php?versionNumber=1.02&searchTF=T135198_1.02

MOTIF M1473_1.02 (Minc01725)_(Caenorhabditis_elegans)_(DBD_0.76)

letter-probability matrix: alength= 4 w= 10 nsites= 1 E= 0
  0.287404	  0.206622	  0.235307	  0.270667	
  0.217614	  0.235738	  0.215448	  0.331200	
  0.030812	  0.190165	  0.000116	  0.778907	
  0.169077	  0.086518	  0.620395	  0.124009	
  0.480182	  0.102942	  0.238451	  0.178424	
  0.247104	  0.247104	  0.032454	  0.473338	
  0.115008	  0.661826	  0.096063	  0.127104	
  0.125570	  0.123084	  0.129394	  0.621952	
  0.237052	  0.230046	  0.138142	  0.394760	
  0.226196	  0.181526	  0.167570	  0.424708	

URL http://cisbp.ccbr.utoronto.ca/TFreport.php?versionNumber=1.02&searchTF=T135131_1.02

MOTIF M1513_1.02 Minc10479

letter-probability matrix: alength= 4 w= 10 nsites= 1 E= 0
  0.325754	  0.224749	  0.224749	  0.224749	
  0.851330	  0.022244	  0.022244	  0.104182	
  0.825873	  0.000094	  0.000094	  0.173939	
  0.386254	  0.000094	  0.000094	  0.613558	
  0.000094	  0.000094	  0.000094	  0.999718	
  0.000094	  0.000094	  0.000094	  0.999718	
  0.094742	  0.523896	  0.295303	  0.086058	
  0.000094	  0.000094	  0.999718	  0.000094	
  0.025345	  0.025345	  0.923964	  0.025345	
  0.227850	  0.316450	  0.227850	  0.227850	

URL http://cisbp.ccbr.utoronto.ca/TFreport.php?versionNumber=1.02&searchTF=T137200_1.02

MOTIF M1869_1.02 (Minc18695)_(Homo_sapiens)_(DBD_0.72)

letter-probability matrix: alength= 4 w= 8 nsites= 1 E= 0
  1.000000	  0.000000	  0.000000	  0.000000	
  0.000000	  0.000000	  1.000000	  0.000000	
  1.000000	  0.000000	  0.000000	  0.000000	
  0.000000	  0.000000	  0.000000	  1.000000	
  1.000000	  0.000000	  0.000000	  0.000000	
  1.000000	  0.000000	  0.000000	  0.000000	
  0.278738	  0.000000	  0.721262	  0.000000	
  0.604149	  0.153846	  0.242005	  0.000000	

URL http://cisbp.ccbr.utoronto.ca/TFreport.php?versionNumber=1.02&searchTF=T086362_1.02

MOTIF M1884_1.02 (Minc16073)_(Homo_sapiens)_(DBD_0.96)

letter-probability matrix: alength= 4 w= 15 nsites= 1 E= 0
  0.326544	  0.100475	  0.257298	  0.315682	
  0.114732	  0.101154	  0.424304	  0.359810	
  0.078751	  0.800407	  0.021724	  0.099117	
  0.000000	  0.321113	  0.000000	  0.678887	
  0.863544	  0.046164	  0.009504	  0.080788	
  0.684318	  0.000000	  0.080788	  0.234895	
  0.938900	  0.000000	  0.026477	  0.034623	
  0.917855	  0.003394	  0.000000	  0.078751	
  0.943652	  0.000000	  0.000000	  0.056348	
  0.004073	  0.000000	  0.000000	  0.995927	
  0.999321	  0.000000	  0.000000	  0.000679	
  0.156823	  0.033265	  0.787508	  0.022403	
  0.398506	  0.429056	  0.076035	  0.096402	
  0.359810	  0.277665	  0.074678	  0.287848	
  0.234216	  0.304820	  0.137814	  0.323150	

URL http://cisbp.ccbr.utoronto.ca/TFreport.php?versionNumber=1.02&searchTF=T113114_1.02

MOTIF M1968_1.02 (Minc04914)_(Homo_sapiens)_(DBD_0.62)

letter-probability matrix: alength= 4 w= 11 nsites= 1 E= 0
  0.047999	  0.213115	  0.085394	  0.653493	
  0.000000	  1.000000	  0.000000	  0.000000	
  0.003958	  0.747127	  0.000000	  0.248914	
  0.000000	  0.967952	  0.000000	  0.032048	
  0.368897	  0.000000	  0.000000	  0.631103	
  0.069325	  0.000000	  0.659194	  0.271481	
  0.002186	  0.000000	  0.997814	  0.000000	
  0.301078	  0.000000	  0.672751	  0.026170	
  0.000000	  0.000000	  1.000000	  0.000000	
  0.618668	  0.078068	  0.303264	  0.000000	
  0.285453	  0.371614	  0.209629	  0.133304	

URL http://cisbp.ccbr.utoronto.ca/TFreport.php?versionNumber=1.02&searchTF=T021407_1.02

MOTIF M2069_1.02 (Minc03144)_(Caenorhabditis_elegans)_(DBD_0.75)

letter-probability matrix: alength= 4 w= 11 nsites= 1 E= 0
  0.336735	  0.153061	  0.316327	  0.193878	
  0.081633	  0.724490	  0.193878	  0.000000	
  0.000000	  0.908163	  0.000000	  0.091837	
  0.939394	  0.010101	  0.000000	  0.050505	
  0.010204	  0.989796	  0.000000	  0.000000	
  0.000000	  0.000000	  0.000000	  1.000000	
  0.000000	  0.161616	  0.000000	  0.838384	
  0.071429	  0.275510	  0.642857	  0.010204	
  0.959596	  0.000000	  0.000000	  0.040404	
  0.469388	  0.295918	  0.204082	  0.030612	
  0.520408	  0.204082	  0.153061	  0.122449	

URL http://cisbp.ccbr.utoronto.ca/TFreport.php?versionNumber=1.02&searchTF=T103338_1.02

MOTIF M2269_1.02 (Minc06536)_(Mus_musculus)_(DBD_0.70)

letter-probability matrix: alength= 4 w= 11 nsites= 1 E= 0
  0.083453	  0.632332	  0.024797	  0.259418	
  0.048641	  0.000000	  0.000000	  0.951359	
  0.986171	  0.000000	  0.013829	  0.000000	
  1.000000	  0.000000	  0.000000	  0.000000	
  0.000000	  0.000000	  0.221745	  0.778255	
  0.000000	  1.000000	  0.000000	  0.000000	
  0.003815	  0.750596	  0.000000	  0.245589	
  0.051979	  0.392465	  0.105866	  0.449690	
  0.107296	  0.701001	  0.026228	  0.165474	
  0.087268	  0.198856	  0.020505	  0.693371	
  0.064378	  0.218407	  0.141631	  0.575584	

URL http://cisbp.ccbr.utoronto.ca/TFreport.php?versionNumber=1.02&searchTF=T103352_1.02

MOTIF M2276_1.02 (Minc07757)_(Mus_musculus)_(DBD_0.80)

letter-probability matrix: alength= 4 w= 11 nsites= 1 E= 0
  0.563759	  0.013810	  0.351169	  0.071262	
  0.088061	  0.626711	  0.283135	  0.002092	
  0.956956	  0.041430	  0.001614	  0.000000	
  0.000000	  0.000000	  1.000000	  0.000000	
  0.000000	  0.000000	  1.000000	  0.000000	
  1.000000	  0.000000	  0.000000	  0.000000	
  0.991212	  0.000000	  0.000000	  0.008788	
  0.193938	  0.000000	  0.806062	  0.000000	
  0.093860	  0.241406	  0.128296	  0.536438	
  0.296108	  0.089556	  0.490465	  0.123872	
  0.272494	  0.147905	  0.480780	  0.098822	

URL http://cisbp.ccbr.utoronto.ca/TFreport.php?versionNumber=1.02&searchTF=T079105_1.02

MOTIF M2332_1.02 (Minc13296)_(Caenorhabditis_elegans)_(DBD_0.76)

letter-probability matrix: alength= 4 w= 15 nsites= 1 E= 0
  0.141026	  0.128205	  0.724359	  0.006410	
  0.455128	  0.000000	  0.083333	  0.461538	
  0.211538	  0.000000	  0.788462	  0.000000	
  0.147436	  0.333333	  0.038462	  0.480769	
  0.000000	  0.000000	  1.000000	  0.000000	
  0.000000	  0.333333	  0.000000	  0.666667	
  0.000000	  0.000000	  1.000000	  0.000000	
  0.096154	  0.160256	  0.089744	  0.653846	
  0.000000	  0.128205	  0.621795	  0.250000	
  0.006410	  0.000000	  0.000000	  0.993590	
  0.000000	  0.006410	  0.987179	  0.006410	
  0.000000	  0.506410	  0.102564	  0.391026	
  0.205128	  0.000000	  0.538462	  0.256410	
  0.108974	  0.128205	  0.179487	  0.583333	
  0.108974	  0.275641	  0.358974	  0.256410	

URL http://cisbp.ccbr.utoronto.ca/TFreport.php?versionNumber=1.02&searchTF=T135203_1.02

MOTIF M2338_1.02 (Minc05405)_(Caenorhabditis_elegans)_(DBD_0.65)

letter-probability matrix: alength= 4 w= 11 nsites= 1 E= 0
  0.257218	  0.057743	  0.685039	  0.000000	
  0.346457	  0.202100	  0.196850	  0.254593	
  0.000000	  1.000000	  0.000000	  0.000000	
  0.992126	  0.000000	  0.007874	  0.000000	
  0.215223	  0.031496	  0.692913	  0.060367	
  0.007874	  0.779528	  0.034121	  0.178478	
  0.000000	  0.000000	  0.000000	  1.000000	
  0.000000	  0.000000	  1.000000	  0.000000	
  0.013123	  0.188976	  0.039370	  0.758530	
  0.000000	  0.139108	  0.057743	  0.803150	
  0.060367	  0.388451	  0.364829	  0.186352	

URL http://cisbp.ccbr.utoronto.ca/TFreport.php?versionNumber=1.02&searchTF=T021409_1.02

MOTIF M2390_1.02 (Minc14198)_(Homo_sapiens)_(DBD_0.57)

letter-probability matrix: alength= 4 w= 8 nsites= 1 E= 0
  0.000000	  0.504555	  0.495445	  0.000000	
  1.000000	  0.000000	  0.000000	  0.000000	
  0.000000	  0.000000	  1.000000	  0.000000	
  0.000000	  0.000000	  1.000000	  0.000000	
  1.000000	  0.000000	  0.000000	  0.000000	
  1.000000	  0.000000	  0.000000	  0.000000	
  0.000000	  0.000000	  1.000000	  0.000000	
  0.000000	  0.000000	  0.507358	  0.492642	

URL http://cisbp.ccbr.utoronto.ca/TFreport.php?versionNumber=1.02&searchTF=T079110_1.02

MOTIF M4709_1.02 (Minc02504)_(Caenorhabditis_elegans)_(DBD_0.64)

letter-probability matrix: alength= 4 w= 8 nsites= 1 E= 0
  0.155786	  0.115727	  0.603858	  0.124629	
  0.143917	  0.106825	  0.103858	  0.645400	
  0.029674	  0.897625	  0.047478	  0.025223	
  0.851632	  0.019288	  0.043027	  0.086053	
  0.057864	  0.787833	  0.051929	  0.102374	
  0.105341	  0.043027	  0.762611	  0.089021	
  0.063798	  0.040059	  0.017804	  0.878339	
  0.028190	  0.057864	  0.830860	  0.083086	

URL http://cisbp.ccbr.utoronto.ca/TFreport.php?versionNumber=1.02&searchTF=T021402_1.02

MOTIF M4721_1.02 (Minc07879)_(Drosophila_melanogaster)_(DBD_0.74)

letter-probability matrix: alength= 4 w= 8 nsites= 1 E= 0
  0.142857	  0.285714	  0.000000	  0.571429	
  0.142857	  0.714286	  0.142857	  0.000000	
  0.857143	  0.000000	  0.142857	  0.000000	
  0.000000	  0.000000	  0.000000	  1.000000	
  1.000000	  0.000000	  0.000000	  0.000000	
  1.000000	  0.000000	  0.000000	  0.000000	
  0.857143	  0.000000	  0.000000	  0.142857	
  0.714286	  0.000000	  0.142857	  0.142857	

URL http://cisbp.ccbr.utoronto.ca/TFreport.php?versionNumber=1.02&searchTF=T103354_1.02

MOTIF M4742_1.02 (Minc04295)_(Drosophila_melanogaster)_(DBD_0.72)

letter-probability matrix: alength= 4 w= 7 nsites= 1 E= 0
  0.145419	  0.323117	  0.115096	  0.416368	
  0.043039	  0.023476	  0.000000	  0.933485	
  0.949136	  0.000000	  0.016629	  0.034235	
  0.987284	  0.000000	  0.012716	  0.000000	
  0.007825	  0.110205	  0.000000	  0.881969	
  0.115748	  0.058037	  0.295729	  0.530486	
  0.680470	  0.023150	  0.275840	  0.020541	

URL http://cisbp.ccbr.utoronto.ca/TFreport.php?versionNumber=1.02&searchTF=T103344_1.02

MOTIF M4754_1.02 (Minc02644)_(Drosophila_melanogaster)_(DBD_0.65)

letter-probability matrix: alength= 4 w= 9 nsites= 1 E= 0
  0.052632	  0.052632	  0.736842	  0.157895	
  0.157895	  0.157895	  0.368421	  0.315789	
  0.000000	  1.000000	  0.000000	  0.000000	
  0.947368	  0.000000	  0.000000	  0.052632	
  0.000000	  0.000000	  0.631579	  0.368421	
  0.421053	  0.052632	  0.526316	  0.000000	
  0.000000	  0.052632	  0.000000	  0.947368	
  0.000000	  0.000000	  1.000000	  0.000000	
  0.000000	  0.157895	  0.473684	  0.368421	

URL http://cisbp.ccbr.utoronto.ca/TFreport.php?versionNumber=1.02&searchTF=T021403_1.02

MOTIF M4768_1.02 (Minc14190)_(Drosophila_melanogaster)_(DBD_0.71)

letter-probability matrix: alength= 4 w= 12 nsites= 1 E= 0
  0.222222	  0.111111	  0.666667	  0.000000	
  0.777778	  0.000000	  0.000000	  0.222222	
  1.000000	  0.000000	  0.000000	  0.000000	
  1.000000	  0.000000	  0.000000	  0.000000	
  0.000000	  0.000000	  0.888889	  0.111111	
  0.111111	  0.111111	  0.444444	  0.333333	
  0.000000	  0.000000	  1.000000	  0.000000	
  1.000000	  0.000000	  0.000000	  0.000000	
  1.000000	  0.000000	  0.000000	  0.000000	
  1.000000	  0.000000	  0.000000	  0.000000	
  0.111111	  0.000000	  0.777778	  0.111111	
  0.000000	  0.750000	  0.000000	  0.250000	

URL http://cisbp.ccbr.utoronto.ca/TFreport.php?versionNumber=1.02&searchTF=T068696_1.02

MOTIF M4836_1.02 (Minc12416)_(Drosophila_melanogaster)_(DBD_0.76)

letter-probability matrix: alength= 4 w= 15 nsites= 1 E= 0
  0.337066	  0.278835	  0.248600	  0.135498	
  0.336656	  0.322259	  0.190476	  0.150609	
  0.322296	  0.264901	  0.209713	  0.203091	
  0.315673	  0.278146	  0.203091	  0.203091	
  0.421634	  0.210817	  0.150110	  0.217439	
  0.493377	  0.059603	  0.317881	  0.129139	
  0.960265	  0.000000	  0.009934	  0.029801	
  0.995585	  0.000000	  0.000000	  0.004415	
  1.000000	  0.000000	  0.000000	  0.000000	
  0.991170	  0.000000	  0.008830	  0.000000	
  1.000000	  0.000000	  0.000000	  0.000000	
  0.986755	  0.009934	  0.003311	  0.000000	
  0.449227	  0.072848	  0.033113	  0.444812	
  0.127920	  0.373749	  0.342603	  0.155729	
  0.292035	  0.384324	  0.154235	  0.169406	

URL http://cisbp.ccbr.utoronto.ca/TFreport.php?versionNumber=1.02&searchTF=T083511_1.02

MOTIF M4846_1.02 (Minc10357)_(Drosophila_melanogaster)_(DBD_0.79)

letter-probability matrix: alength= 4 w= 7 nsites= 1 E= 0
  0.155385	  0.310769	  0.104615	  0.429231	
  0.016923	  0.000000	  0.000000	  0.983077	
  0.970769	  0.015385	  0.013846	  0.000000	
  0.983077	  0.016923	  0.000000	  0.000000	
  0.000000	  0.004615	  0.024615	  0.970769	
  0.056923	  0.015385	  0.096923	  0.830769	
  0.566154	  0.029231	  0.360000	  0.044615	

URL http://cisbp.ccbr.utoronto.ca/TFreport.php?versionNumber=1.02&searchTF=T103361_1.02

MOTIF M4961_1.02 (Minc13623)_(Drosophila_melanogaster)_(DBD_0.70)

letter-probability matrix: alength= 4 w= 8 nsites= 1 E= 0
  0.292186	  0.172140	  0.234428	  0.301246	
  0.181200	  0.194790	  0.161948	  0.462061	
  0.151755	  0.045300	  0.190260	  0.612684	
  0.000000	  0.000000	  0.000000	  1.000000	
  0.000000	  0.000000	  1.000000	  0.000000	
  1.000000	  0.000000	  0.000000	  0.000000	
  0.062288	  0.571914	  0.000000	  0.365798	
  0.590034	  0.029445	  0.293318	  0.087203	

URL http://cisbp.ccbr.utoronto.ca/TFreport.php?versionNumber=1.02&searchTF=T103375_1.02

MOTIF M5197_1.02 (Minc01292)_(Drosophila_melanogaster)_(DBD_0.70)

letter-probability matrix: alength= 4 w= 7 nsites= 1 E= 0
  0.184652	  0.277378	  0.101519	  0.436451	
  0.025580	  0.020783	  0.000000	  0.953637	
  0.982414	  0.000000	  0.007194	  0.010392	
  0.988010	  0.000000	  0.011990	  0.000000	
  0.038369	  0.001599	  0.007994	  0.952038	
  0.106315	  0.087130	  0.219025	  0.587530	
  0.524380	  0.019984	  0.426859	  0.028777	

URL http://cisbp.ccbr.utoronto.ca/TFreport.php?versionNumber=1.02&searchTF=T103333_1.02

MOTIF M5254_1.02 (Minc16020)_(Drosophila_melanogaster)_(DBD_0.70)

letter-probability matrix: alength= 4 w= 7 nsites= 1 E= 0
  0.081365	  0.370079	  0.047244	  0.501312	
  0.028871	  0.000000	  0.000000	  0.971129	
  1.000000	  0.000000	  0.000000	  0.000000	
  1.000000	  0.000000	  0.000000	  0.000000	
  0.000000	  0.000000	  0.094488	  0.905512	
  0.034121	  0.000000	  0.430446	  0.535433	
  0.335958	  0.018373	  0.595801	  0.049869	

URL http://cisbp.ccbr.utoronto.ca/TFreport.php?versionNumber=1.02&searchTF=T103384_1.02

MOTIF M5862_1.02 (Minc12522)_(Homo_sapiens)_(DBD_0.64)

letter-probability matrix: alength= 4 w= 16 nsites= 1 E= 0
  0.211316	  0.143163	  0.609944	  0.035577	
  0.052079	  0.849011	  0.073880	  0.025030	
  0.876301	  0.073259	  0.034428	  0.016013	
  0.028430	  0.014833	  0.938607	  0.018129	
  0.355060	  0.103345	  0.228130	  0.313465	
  0.995725	  0.003420	  0.000000	  0.000855	
  0.980219	  0.005892	  0.013889	  0.000000	
  0.237268	  0.014956	  0.742926	  0.004850	
  0.843592	  0.003794	  0.140388	  0.012226	
  0.535745	  0.432340	  0.006383	  0.025532	
  0.000000	  0.034739	  0.965261	  0.000000	
  0.002032	  0.000000	  0.091020	  0.906948	
  0.951429	  0.000000	  0.006939	  0.041633	
  0.689433	  0.000000	  0.000000	  0.310567	
  0.369384	  0.458819	  0.001664	  0.170133	
  0.602613	  0.368732	  0.006321	  0.022335	

URL http://cisbp.ccbr.utoronto.ca/TFreport.php?versionNumber=1.02&searchTF=T079107_1.02

MOTIF M6076_1.02 (Minc08233)_(Mus_musculus)_(DBD_0.62)

letter-probability matrix: alength= 4 w= 15 nsites= 1 E= 0
  0.072618	  0.445370	  0.309793	  0.172219	
  0.034972	  0.025623	  0.908241	  0.031163	
  0.012153	  0.052951	  0.040799	  0.894097	
  0.065378	  0.098273	  0.016036	  0.820312	
  0.101505	  0.055075	  0.808517	  0.034902	
  0.002825	  0.987641	  0.004944	  0.004590	
  0.053510	  0.572296	  0.052372	  0.321822	
  0.000000	  0.010062	  0.008146	  0.981792	
  0.881166	  0.003587	  0.114350	  0.000897	
  0.005729	  0.000000	  0.993913	  0.000358	
  0.008287	  0.914710	  0.012086	  0.064917	
  0.937527	  0.001302	  0.034707	  0.026464	
  0.992796	  0.000000	  0.004052	  0.003152	
  0.005091	  0.988000	  0.001818	  0.005091	
  0.143583	  0.341348	  0.456146	  0.058923	

URL http://cisbp.ccbr.utoronto.ca/TFreport.php?versionNumber=1.02&searchTF=T139177_1.02

MOTIF M6151_1.02 (Minc05207)_(Homo_sapiens)_(DBD_0.87)

letter-probability matrix: alength= 4 w= 8 nsites= 1 E= 0
  0.102878	  0.246461	  0.236648	  0.414013	
  0.047053	  0.519386	  0.061613	  0.371948	
  0.543562	  0.000000	  0.456438	  0.000000	
  0.000000	  1.000000	  0.000000	  0.000000	
  0.000000	  0.000000	  1.000000	  0.000000	
  0.000000	  0.000000	  0.000000	  1.000000	
  0.000000	  0.000000	  1.000000	  0.000000	
  0.187799	  0.553092	  0.053383	  0.205726	

URL http://cisbp.ccbr.utoronto.ca/TFreport.php?versionNumber=1.02&searchTF=T021408_1.02

MOTIF M6180_1.02 (Minc09689)_(Homo_sapiens)_(DBD_0.81)

letter-probability matrix: alength= 4 w= 9 nsites= 1 E= 0
  0.241435	  0.200608	  0.465143	  0.092814	
  0.000000	  0.002764	  0.002150	  0.995086	
  0.002457	  0.000000	  0.982188	  0.015355	
  0.992015	  0.002457	  0.005528	  0.000000	
  0.000000	  0.881082	  0.067017	  0.051901	
  0.018119	  0.007063	  0.962226	  0.012591	
  0.048216	  0.258018	  0.021190	  0.672575	
  0.277913	  0.522707	  0.138573	  0.060807	
  0.578687	  0.125828	  0.153467	  0.142018	

URL http://cisbp.ccbr.utoronto.ca/TFreport.php?versionNumber=1.02&searchTF=T031211_1.02

MOTIF M6204_1.02 (Minc06986)_(Homo_sapiens)_(DBD_0.77)

letter-probability matrix: alength= 4 w= 15 nsites= 1 E= 0
  0.027778	  0.250000	  0.138889	  0.583333	
  0.444444	  0.000000	  0.333333	  0.222222	
  0.222222	  0.222222	  0.333333	  0.222222	
  0.000000	  0.777778	  0.222222	  0.000000	
  0.777778	  0.111111	  0.111111	  0.000000	
  0.000000	  0.000000	  1.000000	  0.000000	
  0.000000	  0.000000	  1.000000	  0.000000	
  1.000000	  0.000000	  0.000000	  0.000000	
  1.000000	  0.000000	  0.000000	  0.000000	
  0.111111	  0.000000	  0.888889	  0.000000	
  0.000000	  0.222222	  0.222222	  0.555556	
  0.444444	  0.000000	  0.555556	  0.000000	
  0.444444	  0.111111	  0.333333	  0.111111	
  0.222222	  0.333333	  0.333333	  0.111111	
  0.111111	  0.111111	  0.222222	  0.555556	

URL http://cisbp.ccbr.utoronto.ca/TFreport.php?versionNumber=1.02&searchTF=T079104_1.02

MOTIF M6226_1.02 (Minc09222)_(Homo_sapiens)_(DBD_0.79)

letter-probability matrix: alength= 4 w= 10 nsites= 1 E= 0
  0.153846	  0.692308	  0.076923	  0.076923	
  0.692308	  0.230769	  0.076923	  0.000000	
  0.000000	  0.000000	  1.000000	  0.000000	
  0.000000	  0.000000	  1.000000	  0.000000	
  1.000000	  0.000000	  0.000000	  0.000000	
  0.923077	  0.000000	  0.000000	  0.076923	
  0.538462	  0.000000	  0.461538	  0.000000	
  0.000000	  0.000000	  0.000000	  1.000000	
  0.384615	  0.000000	  0.307692	  0.307692	
  0.423077	  0.192308	  0.192308	  0.192308	

URL http://cisbp.ccbr.utoronto.ca/TFreport.php?versionNumber=1.02&searchTF=T079106_1.02

MOTIF M6298_1.02 (Minc13209)_(Homo_sapiens)_(DBD_0.81)

letter-probability matrix: alength= 4 w= 11 nsites= 1 E= 0
  0.102273	  0.242424	  0.363636	  0.291667	
  0.310606	  0.518939	  0.068182	  0.102273	
  0.962121	  0.000000	  0.000000	  0.037879	
  0.000000	  0.000000	  0.000000	  1.000000	
  0.189394	  0.253788	  0.000000	  0.556818	
  1.000000	  0.000000	  0.000000	  0.000000	
  1.000000	  0.000000	  0.000000	  0.000000	
  0.000000	  0.000000	  0.000000	  1.000000	
  0.000000	  0.924242	  0.000000	  0.075758	
  0.962121	  0.000000	  0.037879	  0.000000	
  0.785038	  0.008523	  0.008523	  0.197917	

URL http://cisbp.ccbr.utoronto.ca/TFreport.php?versionNumber=1.02&searchTF=T103374_1.02

MOTIF M6329_1.02 (Minc17568)_(Homo_sapiens)_(DBD_0.82)

letter-probability matrix: alength= 4 w= 13 nsites= 1 E= 0
  0.544703	  0.072241	  0.181872	  0.201185	
  0.521115	  0.041014	  0.213359	  0.224513	
  0.794844	  0.094961	  0.101992	  0.008203	
  0.587389	  0.021093	  0.156504	  0.235015	
  0.010546	  0.007031	  0.021093	  0.961330	
  0.000000	  0.000000	  0.010546	  0.989454	
  1.000000	  0.000000	  0.000000	  0.000000	
  0.989454	  0.000000	  0.010546	  0.000000	
  0.000000	  0.000000	  0.000000	  1.000000	
  0.021701	  0.010546	  0.017577	  0.950176	
  0.943753	  0.000000	  0.021093	  0.035154	
  0.468947	  0.094353	  0.330021	  0.106679	
  0.167050	  0.257932	  0.158847	  0.416171	

URL http://cisbp.ccbr.utoronto.ca/TFreport.php?versionNumber=1.02&searchTF=T103390_1.02

MOTIF M6401_1.02 (Minc04280)_(Homo_sapiens)_(DBD_0.74)

letter-probability matrix: alength= 4 w= 15 nsites= 1 E= 0
  0.330472	  0.343348	  0.158798	  0.167382	
  0.128755	  0.240343	  0.158798	  0.472103	
  0.077253	  0.347639	  0.085837	  0.489270	
  0.000000	  0.000000	  0.000000	  1.000000	
  0.961373	  0.000000	  0.000000	  0.038627	
  1.000000	  0.000000	  0.000000	  0.000000	
  0.000000	  0.000000	  0.042918	  0.957082	
  0.000000	  0.879828	  0.000000	  0.120172	
  0.042918	  0.721030	  0.158798	  0.077253	
  0.081545	  0.399142	  0.240343	  0.278970	
  0.287554	  0.120172	  0.158798	  0.433476	
  0.000000	  0.158798	  0.283262	  0.557940	
  0.364807	  0.317597	  0.081545	  0.236052	
  0.369099	  0.120172	  0.201717	  0.309013	
  0.312232	  0.440987	  0.101931	  0.144850	

URL http://cisbp.ccbr.utoronto.ca/TFreport.php?versionNumber=1.02&searchTF=T103343_1.02

MOTIF M6498_1.02 (Minc15574)_(Homo_sapiens)_(DBD_0.73)

letter-probability matrix: alength= 4 w= 9 nsites= 1 E= 0
  0.079486	  0.123275	  0.080438	  0.716802	
  0.251309	  0.054260	  0.652546	  0.041885	
  0.502618	  0.055688	  0.331747	  0.109948	
  0.026654	  0.965731	  0.007615	  0.000000	
  0.020942	  0.979058	  0.000000	  0.000000	
  0.044741	  0.040933	  0.007615	  0.906711	
  0.008567	  0.081866	  0.000000	  0.909567	
  0.036173	  0.113755	  0.785340	  0.064731	
  0.456211	  0.082104	  0.333889	  0.127796	

URL http://cisbp.ccbr.utoronto.ca/TFreport.php?versionNumber=1.02&searchTF=T135221_1.02

MOTIF M6537_1.02 (Minc12652)_(Homo_sapiens)_(DBD_0.72)

letter-probability matrix: alength= 4 w= 11 nsites= 1 E= 0
  0.134842	  0.189140	  0.358371	  0.317647	
  0.061538	  0.331222	  0.529412	  0.077828	
  0.090498	  0.124887	  0.420814	  0.363801	
  0.108597	  0.200905	  0.674208	  0.016290	
  0.739367	  0.162896	  0.032579	  0.065158	
  0.000000	  0.118552	  0.000000	  0.881448	
  0.000000	  0.048869	  0.117647	  0.833484	
  0.000000	  0.336652	  0.539367	  0.123982	
  0.014480	  0.340271	  0.539367	  0.105882	
  0.115837	  0.714027	  0.016290	  0.153846	
  0.081448	  0.491403	  0.047059	  0.380090	

URL http://cisbp.ccbr.utoronto.ca/TFreport.php?versionNumber=1.02&searchTF=T072969_1.02

