MEME version 5.5.8 (Fri May 2 15:43:49 2025 -0700)

ALPHABET= ACGT

strands: + -

Background letter frequencies (from uniform background):
A 0.25000 C 0.25000 G 0.25000 T 0.25000 

MOTIF M0223_1.02 (fgenesh2_pg.scaffold_14000013)_(Mus_musculus)_(DBD_0.78)

letter-probability matrix: alength= 4 w= 9 nsites= 1 E= 0
  0.289595	  0.241890	  0.283861	  0.184654	
  0.208936	  0.392300	  0.215299	  0.183466	
  0.190230	  0.670642	  0.084626	  0.054502	
  0.482082	  0.088953	  0.313598	  0.115366	
  0.015362	  0.797825	  0.067484	  0.119330	
  0.289914	  0.047446	  0.658249	  0.004391	
  0.052344	  0.021495	  0.012156	  0.914005	
  0.000116	  0.000018	  0.999784	  0.000082	
  0.174078	  0.304753	  0.326850	  0.194319	

URL http://cisbp.ccbr.utoronto.ca/TFreport.php?versionNumber=1.02&searchTF=T019629_1.02

MOTIF M0728_1.02 (gw1.3.684.1)_(Mus_musculus)_(DBD_0.53)

letter-probability matrix: alength= 4 w= 12 nsites= 1 E= 0
  0.394926	  0.201691	  0.201691	  0.201691	
  0.357836	  0.147163	  0.347838	  0.147163	
  0.159006	  0.172368	  0.068783	  0.599842	
  0.841382	  0.113021	  0.022798	  0.022798	
  0.999531	  0.000156	  0.000156	  0.000156	
  0.999531	  0.000156	  0.000156	  0.000156	
  0.000156	  0.999531	  0.000156	  0.000156	
  0.999531	  0.000156	  0.000156	  0.000156	
  0.854605	  0.048465	  0.048465	  0.048465	
  0.691020	  0.102993	  0.102993	  0.102993	
  0.181373	  0.360053	  0.181373	  0.277201	
  0.317926	  0.227358	  0.227358	  0.227358	

URL http://cisbp.ccbr.utoronto.ca/TFreport.php?versionNumber=1.02&searchTF=T083286_1.02

MOTIF M0738_1.02 (gw1.5.447.1)_(Oryzias_latipes)_(DBD_0.43)

letter-probability matrix: alength= 4 w= 8 nsites= 1 E= 0
  0.352700	  0.000587	  0.646127	  0.000587	
  0.000384	  0.000384	  0.000384	  0.998848	
  0.922043	  0.077189	  0.000384	  0.000384	
  0.998848	  0.000384	  0.000384	  0.000384	
  0.998848	  0.000384	  0.000384	  0.000384	
  0.000384	  0.922043	  0.000384	  0.077189	
  0.998848	  0.000384	  0.000384	  0.000384	
  0.499446	  0.222284	  0.055987	  0.222284	

URL http://cisbp.ccbr.utoronto.ca/TFreport.php?versionNumber=1.02&searchTF=T083297_1.02

MOTIF M1528_1.02 (fgenesh2_pg.scaffold_3000303)_(Mus_musculus)_(DBD_0.57)

letter-probability matrix: alength= 4 w= 10 nsites= 1 E= 0
  0.197054	  0.369991	  0.263349	  0.169606	
  0.065864	  0.656936	  0.168610	  0.108591	
  0.308958	  0.265923	  0.156524	  0.268595	
  0.134548	  0.150193	  0.135900	  0.579359	
  0.429537	  0.091168	  0.451560	  0.027735	
  0.273736	  0.064210	  0.621518	  0.040535	
  0.195662	  0.476462	  0.050219	  0.277657	
  0.505373	  0.035350	  0.195449	  0.263828	
  0.811192	  0.082972	  0.062085	  0.043751	
  0.023718	  0.876757	  0.027556	  0.071969	

URL http://cisbp.ccbr.utoronto.ca/TFreport.php?versionNumber=1.02&searchTF=T139129_1.02

MOTIF M1534_1.02 (estExt_fgenesh2_pg.C_390014)_(Caenorhabditis_elegans)_(DBD_0.64)

letter-probability matrix: alength= 4 w= 10 nsites= 1 E= 0
  0.025375	  0.883392	  0.084248	  0.006985	
  0.324584	  0.308754	  0.111335	  0.255327	
  0.007219	  0.023966	  0.009085	  0.959730	
  0.777114	  0.029241	  0.189727	  0.003918	
  0.163732	  0.002939	  0.827350	  0.005979	
  0.059305	  0.701133	  0.003829	  0.235732	
  0.669900	  0.001255	  0.168532	  0.160313	
  0.998653	  0.000227	  0.000452	  0.000668	
  0.002016	  0.993346	  0.003099	  0.001539	
  0.141587	  0.489270	  0.344783	  0.024359	

URL http://cisbp.ccbr.utoronto.ca/TFreport.php?versionNumber=1.02&searchTF=T139114_1.02

MOTIF M6243_1.02 (fgenesh2_pg.scaffold_15000022)_(Homo_sapiens)_(DBD_0.47)

letter-probability matrix: alength= 4 w= 13 nsites= 1 E= 0
  0.432642	  0.138458	  0.070379	  0.358521	
  0.967191	  0.016808	  0.010135	  0.005866	
  0.918097	  0.029121	  0.000000	  0.052782	
  0.630299	  0.325679	  0.000000	  0.044022	
  0.456508	  0.430210	  0.000000	  0.113282	
  0.928887	  0.000000	  0.071113	  0.000000	
  0.144831	  0.036927	  0.000000	  0.818242	
  0.815473	  0.175693	  0.000000	  0.008834	
  1.000000	  0.000000	  0.000000	  0.000000	
  0.998926	  0.000000	  0.000000	  0.001074	
  0.002685	  0.914380	  0.000000	  0.082935	
  1.000000	  0.000000	  0.000000	  0.000000	
  0.494743	  0.164690	  0.146471	  0.194096	

URL http://cisbp.ccbr.utoronto.ca/TFreport.php?versionNumber=1.02&searchTF=T083229_1.02

