MEME version 5.5.8 (Fri May 2 15:43:49 2025 -0700)

ALPHABET= ACGT

strands: + -

Background letter frequencies (from uniform background):
A 0.25000 C 0.25000 G 0.25000 T 0.25000 

MOTIF M0177_1.02 (Sjc_0042560)_(Mus_musculus)_(DBD_0.88)

letter-probability matrix: alength= 4 w= 10 nsites= 1 E= 0
  0.301828	  0.199871	  0.298430	  0.199871	
  0.282456	  0.579511	  0.069016	  0.069016	
  0.000139	  0.999582	  0.000139	  0.000139	
  0.999582	  0.000139	  0.000139	  0.000139	
  0.000139	  0.217001	  0.000139	  0.782721	
  0.789108	  0.000139	  0.210614	  0.000139	
  0.000139	  0.000139	  0.000139	  0.999582	
  0.000139	  0.000139	  0.999582	  0.000139	
  0.050268	  0.050268	  0.154736	  0.744728	
  0.181123	  0.181123	  0.272271	  0.365483	

URL http://cisbp.ccbr.utoronto.ca/TFreport.php?versionNumber=1.02&searchTF=T020708_1.02

MOTIF M0213_1.02 (Sjc_0052450)_(Mus_musculus)_(DBD_0.82)

letter-probability matrix: alength= 4 w= 11 nsites= 1 E= 0
  0.201784	  0.295980	  0.300452	  0.201784	
  0.274925	  0.079923	  0.079923	  0.565228	
  0.731885	  0.120705	  0.024371	  0.123039	
  0.189822	  0.517890	  0.000302	  0.291985	
  0.195173	  0.614669	  0.000302	  0.189856	
  0.809704	  0.000302	  0.000302	  0.189691	
  0.000302	  0.194479	  0.093488	  0.711731	
  0.905907	  0.000302	  0.000302	  0.093488	
  0.243671	  0.144721	  0.237061	  0.374546	
  0.170379	  0.170379	  0.392660	  0.266582	
  0.225931	  0.225931	  0.322206	  0.225931	

URL http://cisbp.ccbr.utoronto.ca/TFreport.php?versionNumber=1.02&searchTF=T020710_1.02

MOTIF M0214_1.02 (Sjc_0073180)_(Mus_musculus)_(DBD_0.77)

letter-probability matrix: alength= 4 w= 9 nsites= 1 E= 0
  0.745050	  0.002475	  0.250000	  0.002475	
  0.747512	  0.250000	  0.001244	  0.001244	
  0.001244	  0.996269	  0.001244	  0.001244	
  0.996269	  0.001244	  0.001244	  0.001244	
  0.001244	  0.001244	  0.374378	  0.623134	
  0.623134	  0.374378	  0.001244	  0.001244	
  0.001244	  0.001244	  0.001244	  0.996269	
  0.001244	  0.001244	  0.996269	  0.001244	
  0.002475	  0.002475	  0.497525	  0.497525	

URL http://cisbp.ccbr.utoronto.ca/TFreport.php?versionNumber=1.02&searchTF=T020714_1.02

MOTIF M0396_1.02 (Sjc_0053270)_(Mus_musculus)_(DBD_0.77)

letter-probability matrix: alength= 4 w= 10 nsites= 1 E= 0
  0.421366	  0.195525	  0.181878	  0.201232	
  0.443805	  0.205154	  0.147552	  0.203489	
  0.163505	  0.668656	  0.069838	  0.098002	
  0.486448	  0.000004	  0.513153	  0.000396	
  0.006671	  0.000189	  0.993136	  0.000004	
  0.203978	  0.028198	  0.090710	  0.677114	
  0.859283	  0.000001	  0.104554	  0.036161	
  0.044236	  0.000000	  0.942389	  0.013374	
  0.034714	  0.675756	  0.116217	  0.173312	
  0.351094	  0.201449	  0.184650	  0.262806	

URL http://cisbp.ccbr.utoronto.ca/TFreport.php?versionNumber=1.02&searchTF=T066833_1.02

MOTIF M0723_1.02 (Sjc_0079230)_(Mus_musculus)_(DBD_0.89)

letter-probability matrix: alength= 4 w= 10 nsites= 1 E= 0
  0.304424	  0.223279	  0.262020	  0.210276	
  0.213777	  0.233909	  0.245902	  0.306412	
  0.293934	  0.159709	  0.385043	  0.161314	
  0.246234	  0.175262	  0.129837	  0.448667	
  0.528194	  0.286995	  0.062145	  0.122666	
  0.598965	  0.187767	  0.067034	  0.146233	
  0.718961	  0.066540	  0.146615	  0.067884	
  0.033458	  0.590092	  0.077500	  0.298951	
  0.671272	  0.049858	  0.121410	  0.157460	
  0.326891	  0.210530	  0.210530	  0.252050	

URL http://cisbp.ccbr.utoronto.ca/TFreport.php?versionNumber=1.02&searchTF=T083362_1.02

MOTIF M0736_1.02 (Sjc_0033990)_(Mus_musculus)_(DBD_0.69)

letter-probability matrix: alength= 4 w= 8 nsites= 1 E= 0
  0.309467	  0.142959	  0.547336	  0.000238	
  0.295052	  0.000164	  0.000164	  0.704620	
  0.619510	  0.295749	  0.000141	  0.084600	
  0.888534	  0.069545	  0.000139	  0.041782	
  0.999584	  0.000139	  0.000139	  0.000139	
  0.000139	  0.957940	  0.000139	  0.041782	
  0.999572	  0.000143	  0.000143	  0.000143	
  0.660068	  0.132164	  0.056750	  0.151018	

URL http://cisbp.ccbr.utoronto.ca/TFreport.php?versionNumber=1.02&searchTF=T083356_1.02

MOTIF M0738_1.02 (Sjc_0032620)_(Oryzias_latipes)_(DBD_0.46)

letter-probability matrix: alength= 4 w= 8 nsites= 1 E= 0
  0.352700	  0.000587	  0.646127	  0.000587	
  0.000384	  0.000384	  0.000384	  0.998848	
  0.922043	  0.077189	  0.000384	  0.000384	
  0.998848	  0.000384	  0.000384	  0.000384	
  0.998848	  0.000384	  0.000384	  0.000384	
  0.000384	  0.922043	  0.000384	  0.077189	
  0.998848	  0.000384	  0.000384	  0.000384	
  0.499446	  0.222284	  0.055987	  0.222284	

URL http://cisbp.ccbr.utoronto.ca/TFreport.php?versionNumber=1.02&searchTF=T083355_1.02

MOTIF M0742_1.02 (Sjc_0030530)_(Caenorhabditis_elegans)_(DBD_0.49)

letter-probability matrix: alength= 4 w= 11 nsites= 1 E= 0
  0.290290	  0.211015	  0.287681	  0.211015	
  0.243370	  0.086173	  0.086173	  0.584284	
  0.215478	  0.060026	  0.664470	  0.060026	
  0.151281	  0.076299	  0.000121	  0.772299	
  0.919668	  0.080090	  0.000121	  0.000121	
  0.922970	  0.076788	  0.000121	  0.000121	
  0.999637	  0.000121	  0.000121	  0.000121	
  0.000121	  0.668017	  0.000121	  0.331741	
  0.882680	  0.039107	  0.039107	  0.039107	
  0.508155	  0.163948	  0.163948	  0.163948	
  0.429714	  0.190095	  0.190095	  0.190095	

URL http://cisbp.ccbr.utoronto.ca/TFreport.php?versionNumber=1.02&searchTF=T083353_1.02

MOTIF M0817_1.02 (Sjc_0024710)_(Drosophila_melanogaster)_(DBD_0.53)

letter-probability matrix: alength= 4 w= 8 nsites= 1 E= 0
  0.729854	  0.111199	  0.158788	  0.000159	
  0.000118	  0.011877	  0.000118	  0.987888	
  0.235301	  0.023636	  0.740945	  0.000118	
  0.047154	  0.799741	  0.141228	  0.011877	
  0.070673	  0.000118	  0.752705	  0.176505	
  0.000118	  0.000118	  0.999647	  0.000118	
  0.000118	  0.000118	  0.999647	  0.000118	
  0.055699	  0.351776	  0.092709	  0.499815	

URL http://cisbp.ccbr.utoronto.ca/TFreport.php?versionNumber=1.02&searchTF=T086849_1.02

MOTIF M0927_1.02 (Sjc_0031280)_(Mus_musculus)_(DBD_0.89)

letter-probability matrix: alength= 4 w= 8 nsites= 1 E= 0
  0.239075	  0.258987	  0.292007	  0.209931	
  0.193409	  0.338596	  0.209518	  0.258477	
  0.196306	  0.190504	  0.105601	  0.507589	
  0.649964	  0.079592	  0.135222	  0.135222	
  0.927406	  0.055834	  0.000602	  0.016158	
  0.131551	  0.181162	  0.073655	  0.613631	
  0.187274	  0.215416	  0.200852	  0.396458	
  0.315394	  0.201104	  0.274190	  0.209311	

URL http://cisbp.ccbr.utoronto.ca/TFreport.php?versionNumber=1.02&searchTF=T102589_1.02

MOTIF M0942_1.02 (Sjc_0111220)_(Mus_musculus)_(DBD_0.93)

letter-probability matrix: alength= 4 w= 8 nsites= 1 E= 0
  0.320789	  0.120396	  0.221580	  0.337236	
  0.142028	  0.088768	  0.093319	  0.675885	
  0.117073	  0.115908	  0.597527	  0.169491	
  0.123128	  0.124365	  0.043957	  0.708550	
  0.334290	  0.242744	  0.111276	  0.311690	
  0.297216	  0.266256	  0.229168	  0.207360	
  0.227950	  0.251924	  0.244478	  0.275648	
  0.232873	  0.249759	  0.254804	  0.262564	

URL http://cisbp.ccbr.utoronto.ca/TFreport.php?versionNumber=1.02&searchTF=T102637_1.02

MOTIF M0943_1.02 (Sjc_0082880)_(Mus_musculus)_(DBD_0.74)

letter-probability matrix: alength= 4 w= 8 nsites= 1 E= 0
  0.281218	  0.216834	  0.307701	  0.194247	
  0.129122	  0.376440	  0.129122	  0.365315	
  0.165282	  0.184501	  0.049782	  0.600435	
  0.689510	  0.110607	  0.091467	  0.108417	
  0.925332	  0.042528	  0.028507	  0.003633	
  0.103670	  0.106828	  0.082370	  0.707132	
  0.155855	  0.155855	  0.181078	  0.507211	
  0.479837	  0.103902	  0.258126	  0.158135	

URL http://cisbp.ccbr.utoronto.ca/TFreport.php?versionNumber=1.02&searchTF=T102624_1.02

MOTIF M0954_1.02 (Sjc_0083190)_(Mus_musculus)_(DBD_0.86)

letter-probability matrix: alength= 4 w= 9 nsites= 1 E= 0
  0.269860	  0.244180	  0.310413	  0.175547	
  0.222956	  0.322782	  0.189991	  0.264271	
  0.095770	  0.046616	  0.010402	  0.847212	
  0.799391	  0.056478	  0.097891	  0.046240	
  0.967307	  0.000597	  0.022077	  0.010019	
  0.039713	  0.048993	  0.055795	  0.855498	
  0.112128	  0.104548	  0.131584	  0.651740	
  0.377268	  0.097803	  0.400597	  0.124332	
  0.274391	  0.207380	  0.363054	  0.155175	

URL http://cisbp.ccbr.utoronto.ca/TFreport.php?versionNumber=1.02&searchTF=T102626_1.02

MOTIF M0975_1.02 (Sjc_0087270)_(Mus_musculus)_(DBD_0.89)

letter-probability matrix: alength= 4 w= 9 nsites= 1 E= 0
  0.152081	  0.091324	  0.047201	  0.709395	
  0.690458	  0.086259	  0.135281	  0.088002	
  0.886062	  0.013024	  0.035758	  0.065156	
  0.031077	  0.036836	  0.028403	  0.903684	
  0.110911	  0.101365	  0.155824	  0.631899	
  0.491062	  0.048743	  0.349523	  0.110672	
  0.367221	  0.191706	  0.269337	  0.171737	
  0.287641	  0.235500	  0.183408	  0.293451	
  0.278534	  0.200244	  0.177601	  0.343621	

URL http://cisbp.ccbr.utoronto.ca/TFreport.php?versionNumber=1.02&searchTF=T102629_1.02

MOTIF M0988_1.02 (Sjc_0031820)_(Mus_musculus)_(DBD_0.88)

letter-probability matrix: alength= 4 w= 7 nsites= 1 E= 0
  0.303161	  0.134864	  0.255767	  0.306208	
  0.145417	  0.099445	  0.122683	  0.632454	
  0.137917	  0.118706	  0.599832	  0.143545	
  0.159578	  0.125529	  0.048064	  0.666829	
  0.335860	  0.248811	  0.102176	  0.313154	
  0.280605	  0.275048	  0.234381	  0.209966	
  0.229254	  0.248348	  0.253365	  0.269032	

URL http://cisbp.ccbr.utoronto.ca/TFreport.php?versionNumber=1.02&searchTF=T102590_1.02

MOTIF M0999_1.02 (Sjc_0111830)_(Mus_musculus)_(DBD_0.77)

letter-probability matrix: alength= 4 w= 9 nsites= 1 E= 0
  0.319806	  0.179059	  0.239299	  0.261835	
  0.326964	  0.089108	  0.142572	  0.441355	
  0.104999	  0.140324	  0.052665	  0.702012	
  0.632389	  0.042927	  0.165588	  0.159096	
  0.902412	  0.000373	  0.035342	  0.061872	
  0.062494	  0.001133	  0.033956	  0.902416	
  0.174093	  0.139713	  0.298744	  0.387450	
  0.522018	  0.055573	  0.301178	  0.121231	
  0.164852	  0.331971	  0.291502	  0.211674	

URL http://cisbp.ccbr.utoronto.ca/TFreport.php?versionNumber=1.02&searchTF=T102638_1.02

MOTIF M1015_1.02 (Sjc_0021320)_(Mus_musculus)_(DBD_0.75)

letter-probability matrix: alength= 4 w= 7 nsites= 1 E= 0
  0.161249	  0.279486	  0.178208	  0.381058	
  0.074215	  0.310124	  0.003515	  0.612146	
  0.496430	  0.223061	  0.103280	  0.177229	
  0.604375	  0.168039	  0.074010	  0.153576	
  0.151745	  0.140078	  0.000347	  0.707829	
  0.255989	  0.195416	  0.091390	  0.457205	
  0.395010	  0.194204	  0.151246	  0.259540	

URL http://cisbp.ccbr.utoronto.ca/TFreport.php?versionNumber=1.02&searchTF=T102583_1.02

MOTIF M1017_1.02 (Sjc_0016310)_(Mus_musculus)_(DBD_0.70)

letter-probability matrix: alength= 4 w= 8 nsites= 1 E= 0
  0.260569	  0.255410	  0.285108	  0.198913	
  0.177845	  0.320830	  0.230652	  0.270673	
  0.114497	  0.403649	  0.048938	  0.432917	
  0.580843	  0.152091	  0.107177	  0.159889	
  0.790662	  0.111371	  0.053137	  0.044830	
  0.121087	  0.104221	  0.012262	  0.762430	
  0.136206	  0.248183	  0.120804	  0.494807	
  0.509367	  0.130735	  0.162905	  0.196993	

URL http://cisbp.ccbr.utoronto.ca/TFreport.php?versionNumber=1.02&searchTF=T102581_1.02

MOTIF M1049_1.02 (Sjc_0071630)_(Mus_musculus)_(DBD_0.85)

letter-probability matrix: alength= 4 w= 10 nsites= 1 E= 0
  0.289634	  0.216722	  0.244354	  0.249290	
  0.166573	  0.211756	  0.182260	  0.439411	
  0.165752	  0.090967	  0.544840	  0.198441	
  0.929154	  0.059996	  0.000107	  0.010743	
  0.054059	  0.154483	  0.048915	  0.742543	
  0.658419	  0.278618	  0.000170	  0.062793	
  0.069036	  0.541653	  0.109358	  0.279954	
  0.180538	  0.374631	  0.241276	  0.203556	
  0.212494	  0.310727	  0.214630	  0.262149	
  0.221051	  0.289569	  0.216674	  0.272706	

URL http://cisbp.ccbr.utoronto.ca/TFreport.php?versionNumber=1.02&searchTF=T102615_1.02

MOTIF M1063_1.02 (Sjc_0048780)_(Mus_musculus)_(DBD_0.86)

letter-probability matrix: alength= 4 w= 10 nsites= 1 E= 0
  0.221818	  0.204764	  0.161073	  0.412344	
  0.207435	  0.166471	  0.084337	  0.541758	
  0.621586	  0.036682	  0.185355	  0.156378	
  0.910510	  0.013383	  0.034261	  0.041846	
  0.138801	  0.083349	  0.268550	  0.509300	
  0.088820	  0.300850	  0.045450	  0.564880	
  0.170729	  0.062808	  0.652021	  0.114443	
  0.204093	  0.304470	  0.254315	  0.237122	
  0.175698	  0.304530	  0.186563	  0.333209	
  0.196959	  0.273964	  0.238173	  0.290905	

URL http://cisbp.ccbr.utoronto.ca/TFreport.php?versionNumber=1.02&searchTF=T102599_1.02

MOTIF M1073_1.02 (Sjc_0105010)_(Mus_musculus)_(DBD_0.74)

letter-probability matrix: alength= 4 w= 9 nsites= 1 E= 0
  0.180771	  0.316470	  0.149490	  0.353269	
  0.087724	  0.051635	  0.011521	  0.849119	
  0.903434	  0.012506	  0.065773	  0.018287	
  0.983264	  0.000463	  0.000459	  0.015814	
  0.010033	  0.092380	  0.055474	  0.842112	
  0.094530	  0.082180	  0.432210	  0.391080	
  0.500756	  0.052254	  0.345889	  0.101101	
  0.173376	  0.345662	  0.269201	  0.211761	
  0.208474	  0.298812	  0.208474	  0.284239	

URL http://cisbp.ccbr.utoronto.ca/TFreport.php?versionNumber=1.02&searchTF=T102633_1.02

MOTIF M1074_1.02 (Sjc_0073990)_(Oryzias_latipes)_(DBD_0.95)

letter-probability matrix: alength= 4 w= 10 nsites= 1 E= 0
  0.271348	  0.260708	  0.219950	  0.247993	
  0.181667	  0.240369	  0.144341	  0.433623	
  0.141519	  0.097752	  0.484168	  0.276561	
  0.850398	  0.068423	  0.043628	  0.037551	
  0.040083	  0.188852	  0.098589	  0.672475	
  0.481568	  0.382622	  0.042396	  0.093415	
  0.084410	  0.476125	  0.144847	  0.294618	
  0.166073	  0.369602	  0.233324	  0.231002	
  0.195836	  0.371399	  0.186285	  0.246479	
  0.214275	  0.307127	  0.232122	  0.246475	

URL http://cisbp.ccbr.utoronto.ca/TFreport.php?versionNumber=1.02&searchTF=T102617_1.02

MOTIF M1083_1.02 (Sjc_0070190)_(Tetraodon_nigroviridis)_(DBD_0.72)

letter-probability matrix: alength= 4 w= 9 nsites= 1 E= 0
  0.287146	  0.275887	  0.290032	  0.146935	
  0.125413	  0.302359	  0.151656	  0.420572	
  0.056927	  0.051510	  0.069531	  0.822031	
  0.852717	  0.054512	  0.053970	  0.038800	
  0.956803	  0.007490	  0.016340	  0.019368	
  0.013395	  0.013262	  0.034291	  0.939053	
  0.061449	  0.043303	  0.067912	  0.827336	
  0.554996	  0.007456	  0.364658	  0.072891	
  0.347071	  0.159099	  0.364866	  0.128964	

URL http://cisbp.ccbr.utoronto.ca/TFreport.php?versionNumber=1.02&searchTF=T102614_1.02

MOTIF M1097_1.02 (Sjc_0037850)_(Drosophila_melanogaster)_(DBD_0.72)

letter-probability matrix: alength= 4 w= 10 nsites= 1 E= 0
  0.292329	  0.229079	  0.288644	  0.189949	
  0.136427	  0.336877	  0.156525	  0.370171	
  0.034513	  0.118059	  0.009674	  0.837754	
  0.801571	  0.072692	  0.093201	  0.032536	
  0.970781	  0.007894	  0.008025	  0.013300	
  0.013300	  0.008025	  0.007894	  0.970781	
  0.032536	  0.093201	  0.072692	  0.801571	
  0.837754	  0.009674	  0.118059	  0.034513	
  0.370171	  0.156525	  0.336877	  0.136427	
  0.189949	  0.288644	  0.229079	  0.292329	

URL http://cisbp.ccbr.utoronto.ca/TFreport.php?versionNumber=1.02&searchTF=T102593_1.02

MOTIF M1125_1.02 (Sjc_0009580)_(Mus_musculus)_(DBD_0.95)

letter-probability matrix: alength= 4 w= 10 nsites= 1 E= 0
  0.232947	  0.273366	  0.293187	  0.200499	
  0.212847	  0.340554	  0.181376	  0.265223	
  0.136717	  0.049300	  0.011335	  0.802648	
  0.797526	  0.087489	  0.088368	  0.026616	
  0.889584	  0.000658	  0.045639	  0.064120	
  0.150641	  0.058844	  0.122107	  0.668408	
  0.186789	  0.142591	  0.242253	  0.428367	
  0.315574	  0.091322	  0.456867	  0.136237	
  0.212950	  0.281760	  0.314523	  0.190768	
  0.193573	  0.288776	  0.231748	  0.285903	

URL http://cisbp.ccbr.utoronto.ca/TFreport.php?versionNumber=1.02&searchTF=T102578_1.02

MOTIF M1164_1.02 (Sjc_0045670)_(Cupiennius_salei)_(DBD_0.84)

letter-probability matrix: alength= 4 w= 8 nsites= 1 E= 0
  0.154141	  0.460890	  0.307515	  0.077454	
  0.000554	  0.000554	  0.000554	  0.998337	
  0.998424	  0.000525	  0.000525	  0.000525	
  0.998424	  0.000525	  0.000525	  0.000525	
  0.000525	  0.000525	  0.000525	  0.998424	
  0.000525	  0.000525	  0.000525	  0.998424	
  0.998337	  0.000554	  0.000554	  0.000554	
  0.690951	  0.154141	  0.077454	  0.077454	

URL http://cisbp.ccbr.utoronto.ca/TFreport.php?versionNumber=1.02&searchTF=T102596_1.02

MOTIF M1220_1.02 (Sjc_0110780)_(Schistosoma_mansoni)_(DBD_0.75)

letter-probability matrix: alength= 4 w= 8 nsites= 1 E= 0
  0.176643	  0.117958	  0.000587	  0.704812	
  0.000357	  0.036020	  0.000357	  0.963267	
  0.998930	  0.000357	  0.000357	  0.000357	
  0.998930	  0.000357	  0.000357	  0.000357	
  0.000357	  0.143010	  0.000357	  0.856277	
  0.143010	  0.000357	  0.000357	  0.856277	
  0.592086	  0.000370	  0.407175	  0.000370	
  0.095532	  0.000475	  0.855989	  0.048004	

URL http://cisbp.ccbr.utoronto.ca/TFreport.php?versionNumber=1.02&searchTF=T102636_1.02

MOTIF M1237_1.02 (Sjc_0006200)_(Mus_musculus)_(DBD_0.73)

letter-probability matrix: alength= 4 w= 10 nsites= 1 E= 0
  0.155478	  0.152399	  0.186141	  0.505983	
  0.471120	  0.266430	  0.123361	  0.139089	
  0.778125	  0.059554	  0.038741	  0.123580	
  0.004127	  0.003447	  0.002579	  0.989846	
  0.177439	  0.051348	  0.120136	  0.651077	
  0.552328	  0.065637	  0.022740	  0.359294	
  0.347780	  0.133162	  0.337501	  0.181557	
  0.232942	  0.437374	  0.103626	  0.226058	
  0.510506	  0.195469	  0.149217	  0.144807	
  0.152697	  0.196067	  0.128825	  0.522411	

URL http://cisbp.ccbr.utoronto.ca/TFreport.php?versionNumber=1.02&searchTF=T137694_1.02

MOTIF M1497_1.02 (Sjc_0057690)_(Schistosoma_mansoni)_(DBD_0.99)

letter-probability matrix: alength= 4 w= 8 nsites= 1 E= 0
  0.225817	  0.268809	  0.258061	  0.247313	
  0.234380	  0.218760	  0.281240	  0.265620	
  0.000061	  0.060652	  0.006120	  0.933168	
  0.005705	  0.005705	  0.988534	  0.000056	
  0.988534	  0.005705	  0.005705	  0.000056	
  0.005705	  0.994182	  0.000056	  0.000056	
  0.000056	  0.999831	  0.000056	  0.000056	
  0.000084	  0.462114	  0.000084	  0.537718	

URL http://cisbp.ccbr.utoronto.ca/TFreport.php?versionNumber=1.02&searchTF=T135052_1.02

MOTIF M1499_1.02 (Sjc_0004220)_(Danio_rerio)_(DBD_0.74)

letter-probability matrix: alength= 4 w= 10 nsites= 1 E= 0
  0.160399	  0.501531	  0.057264	  0.280806	
  0.488862	  0.167684	  0.242761	  0.100693	
  0.231052	  0.247805	  0.305712	  0.215431	
  0.015981	  0.317798	  0.063524	  0.602697	
  0.084598	  0.458476	  0.406631	  0.050295	
  0.622700	  0.008620	  0.258285	  0.110395	
  0.394790	  0.162123	  0.126261	  0.316826	
  0.085544	  0.336647	  0.522715	  0.055094	
  0.064856	  0.751575	  0.036313	  0.147256	
  0.306352	  0.055965	  0.575210	  0.062473	

URL http://cisbp.ccbr.utoronto.ca/TFreport.php?versionNumber=1.02&searchTF=T136174_1.02

MOTIF M1537_1.02 CPRT0000009601

letter-probability matrix: alength= 4 w= 9 nsites= 1 E= 0
  0.047243	  0.731652	  0.149203	  0.071902	
  0.289684	  0.283948	  0.142421	  0.283948	
  0.022908	  0.044767	  0.005763	  0.926562	
  0.638622	  0.023554	  0.333390	  0.004434	
  0.156176	  0.034157	  0.797101	  0.012566	
  0.105779	  0.614833	  0.008596	  0.270792	
  0.691809	  0.002292	  0.159064	  0.146835	
  0.985970	  0.005892	  0.005718	  0.002420	
  0.002709	  0.988927	  0.001217	  0.007146	

URL http://cisbp.ccbr.utoronto.ca/TFreport.php?versionNumber=1.02&searchTF=T139145_1.02

MOTIF M1541_1.02 (Sjc_0130210)_(Schistosoma_mansoni)_(DBD_0.71)

letter-probability matrix: alength= 4 w= 11 nsites= 1 E= 0
  0.303907	  0.232031	  0.232031	  0.232031	
  0.314070	  0.127384	  0.127384	  0.431163	
  0.795729	  0.038813	  0.126645	  0.038813	
  0.999493	  0.000169	  0.000169	  0.000169	
  0.000169	  0.999493	  0.000169	  0.000169	
  0.000169	  0.999493	  0.000169	  0.000169	
  0.158657	  0.000169	  0.841005	  0.000169	
  0.000169	  0.999493	  0.000169	  0.000169	
  0.945586	  0.018138	  0.018138	  0.018138	
  0.510000	  0.122785	  0.244430	  0.122785	
  0.211356	  0.288116	  0.211356	  0.289173	

URL http://cisbp.ccbr.utoronto.ca/TFreport.php?versionNumber=1.02&searchTF=T139459_1.02

MOTIF M1850_1.02 (Sjc_0002350)_(Drosophila_melanogaster)_(DBD_0.79)

letter-probability matrix: alength= 4 w= 10 nsites= 1 E= 0
  0.157895	  0.421053	  0.263158	  0.157895	
  0.078947	  0.578947	  0.210526	  0.131579	
  0.131579	  0.078947	  0.657895	  0.131579	
  0.000000	  0.078947	  0.000000	  0.921053	
  0.026316	  0.026316	  0.947368	  0.000000	
  1.000000	  0.000000	  0.000000	  0.000000	
  0.000000	  1.000000	  0.000000	  0.000000	
  0.000000	  1.000000	  0.000000	  0.000000	
  0.026316	  0.947368	  0.000000	  0.026316	
  0.000000	  0.973684	  0.026316	  0.000000	

URL http://cisbp.ccbr.utoronto.ca/TFreport.php?versionNumber=1.02&searchTF=T135038_1.02

MOTIF M1858_1.02 (Sjc_0045590)_(Drosophila_melanogaster)_(DBD_0.57)

letter-probability matrix: alength= 4 w= 7 nsites= 1 E= 0
  0.117647	  0.705882	  0.117647	  0.058824	
  0.294118	  0.705882	  0.000000	  0.000000	
  0.000000	  0.000000	  1.000000	  0.000000	
  0.000000	  0.000000	  1.000000	  0.000000	
  1.000000	  0.000000	  0.000000	  0.000000	
  1.000000	  0.000000	  0.000000	  0.000000	
  0.294118	  0.058824	  0.588235	  0.058824	

URL http://cisbp.ccbr.utoronto.ca/TFreport.php?versionNumber=1.02&searchTF=T079063_1.02

MOTIF M1869_1.02 (Sjc_0011620)_(Homo_sapiens)_(DBD_0.86)

letter-probability matrix: alength= 4 w= 8 nsites= 1 E= 0
  1.000000	  0.000000	  0.000000	  0.000000	
  0.000000	  0.000000	  1.000000	  0.000000	
  1.000000	  0.000000	  0.000000	  0.000000	
  0.000000	  0.000000	  0.000000	  1.000000	
  1.000000	  0.000000	  0.000000	  0.000000	
  1.000000	  0.000000	  0.000000	  0.000000	
  0.278738	  0.000000	  0.721262	  0.000000	
  0.604149	  0.153846	  0.242005	  0.000000	

URL http://cisbp.ccbr.utoronto.ca/TFreport.php?versionNumber=1.02&searchTF=T085990_1.02

MOTIF M1884_1.02 (Sjc_0033490)_(Homo_sapiens)_(DBD_0.84)

letter-probability matrix: alength= 4 w= 15 nsites= 1 E= 0
  0.326544	  0.100475	  0.257298	  0.315682	
  0.114732	  0.101154	  0.424304	  0.359810	
  0.078751	  0.800407	  0.021724	  0.099117	
  0.000000	  0.321113	  0.000000	  0.678887	
  0.863544	  0.046164	  0.009504	  0.080788	
  0.684318	  0.000000	  0.080788	  0.234895	
  0.938900	  0.000000	  0.026477	  0.034623	
  0.917855	  0.003394	  0.000000	  0.078751	
  0.943652	  0.000000	  0.000000	  0.056348	
  0.004073	  0.000000	  0.000000	  0.995927	
  0.999321	  0.000000	  0.000000	  0.000679	
  0.156823	  0.033265	  0.787508	  0.022403	
  0.398506	  0.429056	  0.076035	  0.096402	
  0.359810	  0.277665	  0.074678	  0.287848	
  0.234216	  0.304820	  0.137814	  0.323150	

URL http://cisbp.ccbr.utoronto.ca/TFreport.php?versionNumber=1.02&searchTF=T112801_1.02

MOTIF M1890_1.02 (Sjc_0096630)_(Homo_sapiens)_(DBD_0.88)

letter-probability matrix: alength= 4 w= 18 nsites= 1 E= 0
  0.536953	  0.172787	  0.112112	  0.178148	
  0.135379	  0.112568	  0.522354	  0.229699	
  0.404653	  0.257299	  0.247263	  0.090785	
  0.137203	  0.339074	  0.453695	  0.070027	
  0.208257	  0.267336	  0.035698	  0.488709	
  0.021898	  0.095119	  0.546077	  0.336907	
  0.027030	  0.842153	  0.054859	  0.075958	
  0.001825	  0.113253	  0.027600	  0.857322	
  0.025319	  0.116104	  0.819001	  0.039576	
  0.975707	  0.000228	  0.017108	  0.006957	
  0.000570	  0.005931	  0.000912	  0.992587	
  0.001141	  0.000570	  0.000570	  0.997719	
  0.003307	  0.001141	  0.994526	  0.001026	
  0.001369	  0.007984	  0.990306	  0.000342	
  0.042997	  0.305315	  0.001711	  0.649977	
  0.052464	  0.449703	  0.213618	  0.284215	
  0.175297	  0.476277	  0.253992	  0.094434	
  0.485972	  0.129562	  0.308736	  0.075730	

URL http://cisbp.ccbr.utoronto.ca/TFreport.php?versionNumber=1.02&searchTF=T070726_1.02

MOTIF M1891_1.02 (Sjc_0006930)_(Mus_musculus)_(DBD_0.76)

letter-probability matrix: alength= 4 w= 11 nsites= 1 E= 0
  0.032356	  0.776542	  0.190091	  0.001011	
  0.070779	  0.924166	  0.004044	  0.001011	
  0.000000	  0.000000	  0.998991	  0.001009	
  0.000000	  0.000000	  1.000000	  0.000000	
  0.997986	  0.001007	  0.001007	  0.000000	
  0.995972	  0.002014	  0.000000	  0.002014	
  0.094758	  0.032258	  0.872984	  0.000000	
  0.056509	  0.263370	  0.037336	  0.642785	
  0.155556	  0.138384	  0.609091	  0.096970	
  0.266667	  0.264646	  0.419192	  0.049495	
  0.235354	  0.360606	  0.226263	  0.177778	

URL http://cisbp.ccbr.utoronto.ca/TFreport.php?versionNumber=1.02&searchTF=T079060_1.02

MOTIF M1910_1.02 (Sjc_0026780)_(Homo_sapiens)_(DBD_0.75)

letter-probability matrix: alength= 4 w= 18 nsites= 1 E= 0
  0.187088	  0.357049	  0.123408	  0.332455	
  0.446640	  0.195872	  0.145367	  0.212121	
  0.226175	  0.125165	  0.090470	  0.558191	
  0.118577	  0.112868	  0.439174	  0.329381	
  0.209486	  0.299078	  0.234080	  0.257356	
  0.021520	  0.941590	  0.000000	  0.036891	
  0.000000	  0.924462	  0.000000	  0.075538	
  0.776021	  0.028986	  0.010101	  0.184892	
  0.519982	  0.000000	  0.032060	  0.447958	
  0.977602	  0.000000	  0.007027	  0.015371	
  0.259113	  0.052701	  0.007027	  0.681159	
  0.899429	  0.005270	  0.022398	  0.072903	
  0.637681	  0.004392	  0.038208	  0.319719	
  0.029864	  0.000000	  0.970136	  0.000000	
  0.006588	  0.003074	  0.990338	  0.000000	
  0.267018	  0.379447	  0.193676	  0.159859	
  0.594203	  0.221344	  0.101010	  0.083443	
  0.570487	  0.078173	  0.202020	  0.149319	

URL http://cisbp.ccbr.utoronto.ca/TFreport.php?versionNumber=1.02&searchTF=T112800_1.02

MOTIF M1919_1.02 (Sjc_0032810)_(Homo_sapiens)_(DBD_0.81)

letter-probability matrix: alength= 4 w= 12 nsites= 1 E= 0
  0.157021	  0.639102	  0.111700	  0.092177	
  0.972668	  0.000000	  0.025241	  0.002092	
  0.940036	  0.013806	  0.037373	  0.008785	
  0.349463	  0.155766	  0.457677	  0.037094	
  1.000000	  0.000000	  0.000000	  0.000000	
  0.000000	  0.001673	  0.000000	  0.998327	
  0.001534	  0.000000	  0.998466	  0.000000	
  0.001813	  0.000000	  0.998187	  0.000000	
  0.113234	  0.786083	  0.005299	  0.095384	
  0.120904	  0.234416	  0.385581	  0.259099	
  0.125366	  0.122019	  0.649142	  0.103472	
  0.185748	  0.637010	  0.054525	  0.122716	

URL http://cisbp.ccbr.utoronto.ca/TFreport.php?versionNumber=1.02&searchTF=T066825_1.02

MOTIF M1965_1.02 (Sjc_0101620)_(Homo_sapiens)_(DBD_0.90)

letter-probability matrix: alength= 4 w= 15 nsites= 1 E= 0
  0.235505	  0.427799	  0.118275	  0.218421	
  0.510814	  0.002863	  0.000045	  0.486278	
  0.567657	  0.063250	  0.331516	  0.037577	
  0.461650	  0.000000	  0.120638	  0.417712	
  0.065976	  0.000000	  0.934024	  0.000000	
  0.000000	  0.170665	  0.000000	  0.829335	
  0.870093	  0.129907	  0.000000	  0.000000	
  0.941294	  0.058706	  0.000000	  0.000000	
  1.000000	  0.000000	  0.000000	  0.000000	
  0.000000	  0.732688	  0.000000	  0.267312	
  0.996274	  0.000545	  0.000000	  0.003181	
  0.314204	  0.165440	  0.196156	  0.324200	
  0.230553	  0.241458	  0.388859	  0.139131	
  0.262041	  0.214967	  0.311296	  0.211696	
  0.396628	  0.187386	  0.219329	  0.196656	

URL http://cisbp.ccbr.utoronto.ca/TFreport.php?versionNumber=1.02&searchTF=T083364_1.02

MOTIF M1978_1.02 (Sjc_0066280)_(Drosophila_melanogaster)_(DBD_0.84)

letter-probability matrix: alength= 4 w= 7 nsites= 1 E= 0
  0.285714	  0.095238	  0.047619	  0.571429	
  0.000000	  0.000000	  0.000000	  1.000000	
  1.000000	  0.000000	  0.000000	  0.000000	
  1.000000	  0.000000	  0.000000	  0.000000	
  0.238095	  0.000000	  0.000000	  0.761905	
  0.142857	  0.047619	  0.095238	  0.714286	
  0.000000	  0.000000	  1.000000	  0.000000	

URL http://cisbp.ccbr.utoronto.ca/TFreport.php?versionNumber=1.02&searchTF=T102610_1.02

MOTIF M2043_1.02 (Sjc_0006770)_(Drosophila_melanogaster)_(DBD_0.85)

letter-probability matrix: alength= 4 w= 7 nsites= 1 E= 0
  0.066667	  0.133333	  0.000000	  0.800000	
  0.000000	  0.000000	  0.000000	  1.000000	
  0.000000	  0.000000	  1.000000	  0.000000	
  1.000000	  0.000000	  0.000000	  0.000000	
  0.000000	  0.000000	  0.000000	  1.000000	
  0.000000	  0.000000	  0.000000	  1.000000	
  0.333333	  0.000000	  0.266667	  0.400000	

URL http://cisbp.ccbr.utoronto.ca/TFreport.php?versionNumber=1.02&searchTF=T073763_1.02

MOTIF M2272_1.02 (Sjc_0105380)_(Homo_sapiens)_(DBD_0.87)

letter-probability matrix: alength= 4 w= 11 nsites= 1 E= 0
  0.144835	  0.197018	  0.451544	  0.206603	
  0.082535	  0.271565	  0.645900	  0.000000	
  0.000000	  0.005857	  0.994143	  0.000000	
  0.000000	  1.000000	  0.000000	  0.000000	
  0.000000	  0.000000	  1.000000	  0.000000	
  0.014377	  0.116081	  0.869542	  0.000000	
  0.007987	  0.021832	  0.970181	  0.000000	
  0.960064	  0.000000	  0.039936	  0.000000	
  0.667199	  0.000000	  0.332801	  0.000000	
  0.379127	  0.185836	  0.383387	  0.051651	
  0.267838	  0.209265	  0.328009	  0.194888	

URL http://cisbp.ccbr.utoronto.ca/TFreport.php?versionNumber=1.02&searchTF=T077201_1.02

MOTIF M2309_1.02 (Sjc_0019090)_(Homo_sapiens)_(DBD_0.51)

letter-probability matrix: alength= 4 w= 15 nsites= 1 E= 0
  0.095657	  0.320321	  0.358842	  0.225181	
  0.094881	  0.564633	  0.093330	  0.247156	
  0.259049	  0.000000	  0.202172	  0.538780	
  0.000000	  0.000000	  1.000000	  0.000000	
  0.000000	  0.000000	  0.045502	  0.954498	
  0.000000	  0.081179	  0.128490	  0.790331	
  0.166753	  0.105481	  0.727766	  0.000000	
  0.028180	  0.908480	  0.000000	  0.063340	
  0.000000	  0.523009	  0.000259	  0.476732	
  0.784902	  0.000000	  0.215098	  0.000000	
  0.115564	  0.015770	  0.561272	  0.307394	
  0.000000	  0.000000	  0.953206	  0.046794	
  0.183299	  0.331696	  0.483454	  0.001551	
  0.417528	  0.222854	  0.205791	  0.153826	
  0.359876	  0.145036	  0.406412	  0.088676	

URL http://cisbp.ccbr.utoronto.ca/TFreport.php?versionNumber=1.02&searchTF=T139144_1.02

MOTIF M4622_1.02 (Sjc_0033280)_(Homo_sapiens)_(DBD_0.81)

letter-probability matrix: alength= 4 w= 10 nsites= 1 E= 0
  0.341202	  0.148069	  0.306867	  0.203863	
  0.199571	  0.416309	  0.321888	  0.062232	
  0.690987	  0.000000	  0.010730	  0.298283	
  0.000000	  0.000000	  1.000000	  0.000000	
  1.000000	  0.000000	  0.000000	  0.000000	
  0.000000	  0.000000	  0.000000	  1.000000	
  0.924892	  0.000000	  0.006438	  0.068670	
  0.879828	  0.000000	  0.085837	  0.034335	
  0.171674	  0.154506	  0.611588	  0.062232	
  0.392704	  0.223176	  0.324034	  0.060086	

URL http://cisbp.ccbr.utoronto.ca/TFreport.php?versionNumber=1.02&searchTF=T085991_1.02

MOTIF M4702_1.02 (Sjc_0050600)_(Homo_sapiens)_(DBD_0.86)

letter-probability matrix: alength= 4 w= 8 nsites= 1 E= 0
  0.058099	  0.035211	  0.056338	  0.850352	
  0.066901	  0.075704	  0.785212	  0.072183	
  0.720071	  0.109155	  0.088028	  0.082746	
  0.086268	  0.794013	  0.073944	  0.045775	
  0.051056	  0.876760	  0.014085	  0.058099	
  0.029930	  0.102113	  0.015845	  0.852112	
  0.029930	  0.195423	  0.075704	  0.698943	
  0.080986	  0.091549	  0.128521	  0.698944	

URL http://cisbp.ccbr.utoronto.ca/TFreport.php?versionNumber=1.02&searchTF=T135050_1.02

MOTIF M4789_1.02 (Sjc_0047380)_(Drosophila_melanogaster)_(DBD_0.75)

letter-probability matrix: alength= 4 w= 8 nsites= 1 E= 0
  0.177329	  0.231201	  0.242424	  0.349046	
  0.143659	  0.134680	  0.086420	  0.635241	
  0.000000	  0.000000	  0.000000	  1.000000	
  0.967452	  0.000000	  0.000000	  0.032548	
  1.000000	  0.000000	  0.000000	  0.000000	
  0.236813	  0.089787	  0.062851	  0.610550	
  0.109989	  0.071829	  0.346801	  0.471380	
  0.634119	  0.000000	  0.365881	  0.000000	

URL http://cisbp.ccbr.utoronto.ca/TFreport.php?versionNumber=1.02&searchTF=T102597_1.02

MOTIF M4846_1.02 (Sjc_0076920)_(Drosophila_melanogaster)_(DBD_0.72)

letter-probability matrix: alength= 4 w= 7 nsites= 1 E= 0
  0.155385	  0.310769	  0.104615	  0.429231	
  0.016923	  0.000000	  0.000000	  0.983077	
  0.970769	  0.015385	  0.013846	  0.000000	
  0.983077	  0.016923	  0.000000	  0.000000	
  0.000000	  0.004615	  0.024615	  0.970769	
  0.056923	  0.015385	  0.096923	  0.830769	
  0.566154	  0.029231	  0.360000	  0.044615	

URL http://cisbp.ccbr.utoronto.ca/TFreport.php?versionNumber=1.02&searchTF=T102619_1.02

MOTIF M4850_1.02 (Sjc_0025520)_(Drosophila_melanogaster)_(DBD_0.64)

letter-probability matrix: alength= 4 w= 21 nsites= 1 E= 0
  0.058824	  0.000000	  0.117647	  0.823529	
  0.095238	  0.095238	  0.428571	  0.380952	
  0.130435	  0.173913	  0.217391	  0.478261	
  0.304348	  0.086957	  0.173913	  0.434783	
  0.304348	  0.130435	  0.391304	  0.173913	
  0.173913	  0.000000	  0.173913	  0.652174	
  0.173913	  0.260870	  0.347826	  0.217391	
  0.086957	  0.000000	  0.434783	  0.478261	
  0.086957	  0.347826	  0.260870	  0.304348	
  0.130435	  0.347826	  0.260870	  0.260870	
  0.260870	  0.000000	  0.434783	  0.304348	
  0.000000	  0.347826	  0.173913	  0.478261	
  0.260870	  0.130435	  0.391304	  0.217391	
  0.347826	  0.478261	  0.130435	  0.043478	
  0.130435	  0.782609	  0.000000	  0.086957	
  0.913043	  0.043478	  0.043478	  0.000000	
  0.000000	  0.000000	  0.260870	  0.739130	
  0.173913	  0.521739	  0.304348	  0.000000	
  0.000000	  0.130435	  0.043478	  0.826087	
  0.000000	  0.000000	  1.000000	  0.000000	
  0.000000	  0.130435	  0.565217	  0.304348	

URL http://cisbp.ccbr.utoronto.ca/TFreport.php?versionNumber=1.02&searchTF=T020703_1.02

MOTIF M4909_1.02 (Sjc_0012400)_(Drosophila_melanogaster)_(DBD_0.89)

letter-probability matrix: alength= 4 w= 8 nsites= 1 E= 0
  0.217610	  0.316981	  0.241509	  0.223899	
  0.113208	  0.335220	  0.132704	  0.418868	
  0.028931	  0.003145	  0.062264	  0.905660	
  0.895597	  0.091824	  0.008176	  0.004403	
  0.902516	  0.095597	  0.001887	  0.000000	
  0.000000	  0.054717	  0.094969	  0.850314	
  0.037736	  0.034591	  0.576730	  0.350943	
  0.606918	  0.055346	  0.303774	  0.033962	

URL http://cisbp.ccbr.utoronto.ca/TFreport.php?versionNumber=1.02&searchTF=T102579_1.02

MOTIF M4926_1.02 (Sjc_0074110)_(Drosophila_melanogaster)_(DBD_0.76)

letter-probability matrix: alength= 4 w= 10 nsites= 1 E= 0
  0.173913	  0.000000	  0.347826	  0.478261	
  0.217391	  0.130435	  0.173913	  0.478261	
  0.000000	  0.043478	  0.000000	  0.956522	
  0.086957	  0.000000	  0.913043	  0.000000	
  1.000000	  0.000000	  0.000000	  0.000000	
  0.000000	  1.000000	  0.000000	  0.000000	
  0.043478	  0.000000	  0.000000	  0.956522	
  0.000000	  0.000000	  0.000000	  1.000000	
  0.043478	  0.173913	  0.000000	  0.782609	
  0.086957	  0.086957	  0.043478	  0.782609	

URL http://cisbp.ccbr.utoronto.ca/TFreport.php?versionNumber=1.02&searchTF=T135054_1.02

MOTIF M4938_1.02 (Sjc_0024820)_(Drosophila_melanogaster)_(DBD_0.91)

letter-probability matrix: alength= 4 w= 6 nsites= 1 E= 0
  0.000000	  0.090909	  0.000000	  0.909091	
  0.000000	  0.000000	  1.000000	  0.000000	
  0.954545	  0.045455	  0.000000	  0.000000	
  0.000000	  1.000000	  0.000000	  0.000000	
  0.000000	  0.954545	  0.045455	  0.000000	
  0.000000	  0.272727	  0.000000	  0.727273	

URL http://cisbp.ccbr.utoronto.ca/TFreport.php?versionNumber=1.02&searchTF=T135042_1.02

MOTIF M4951_1.02 (Sjc_0026650)_(Drosophila_melanogaster)_(DBD_0.90)

letter-probability matrix: alength= 4 w= 8 nsites= 1 E= 0
  0.105263	  0.894737	  0.000000	  0.000000	
  0.000000	  1.000000	  0.000000	  0.000000	
  0.000000	  0.000000	  1.000000	  0.000000	
  0.000000	  0.000000	  1.000000	  0.000000	
  1.000000	  0.000000	  0.000000	  0.000000	
  1.000000	  0.000000	  0.000000	  0.000000	
  0.631579	  0.000000	  0.368421	  0.000000	
  0.000000	  0.421053	  0.000000	  0.578947	

URL http://cisbp.ccbr.utoronto.ca/TFreport.php?versionNumber=1.02&searchTF=T079061_1.02

MOTIF M4969_1.02 (Sjc_0077640)_(Drosophila_melanogaster)_(DBD_0.65)

letter-probability matrix: alength= 4 w= 10 nsites= 1 E= 0
  0.050000	  0.500000	  0.000000	  0.450000	
  0.050000	  0.000000	  0.950000	  0.000000	
  0.150000	  0.000000	  0.000000	  0.850000	
  0.000000	  1.000000	  0.000000	  0.000000	
  1.000000	  0.000000	  0.000000	  0.000000	
  0.000000	  0.350000	  0.550000	  0.100000	
  0.200000	  0.600000	  0.200000	  0.000000	
  0.000000	  0.000000	  0.000000	  1.000000	
  0.000000	  0.000000	  1.000000	  0.000000	
  0.000000	  0.150000	  0.500000	  0.350000	

URL http://cisbp.ccbr.utoronto.ca/TFreport.php?versionNumber=1.02&searchTF=T020716_1.02

MOTIF M4983_1.02 (Sjc_0048630)_(Drosophila_melanogaster)_(DBD_0.77)

letter-probability matrix: alength= 4 w= 7 nsites= 1 E= 0
  0.421053	  0.105263	  0.000000	  0.473684	
  0.000000	  0.000000	  1.000000	  0.000000	
  1.000000	  0.000000	  0.000000	  0.000000	
  0.000000	  0.000000	  0.000000	  1.000000	
  1.000000	  0.000000	  0.000000	  0.000000	
  1.000000	  0.000000	  0.000000	  0.000000	
  0.000000	  0.210526	  0.789474	  0.000000	

URL http://cisbp.ccbr.utoronto.ca/TFreport.php?versionNumber=1.02&searchTF=T085992_1.02

MOTIF M5006_1.02 (Sjc_0014730)_(Drosophila_melanogaster)_(DBD_0.73)

letter-probability matrix: alength= 4 w= 17 nsites= 1 E= 0
  0.000000	  0.700000	  0.000000	  0.300000	
  0.400000	  0.400000	  0.000000	  0.200000	
  0.300000	  0.100000	  0.400000	  0.200000	
  0.000000	  0.600000	  0.400000	  0.000000	
  0.000000	  0.700000	  0.000000	  0.300000	
  0.000000	  0.100000	  0.800000	  0.100000	
  0.700000	  0.000000	  0.300000	  0.000000	
  0.000000	  1.000000	  0.000000	  0.000000	
  0.900000	  0.000000	  0.000000	  0.100000	
  0.000000	  1.000000	  0.000000	  0.000000	
  0.000000	  0.000000	  1.000000	  0.000000	
  0.000000	  0.000000	  0.000000	  1.000000	
  0.000000	  0.000000	  1.000000	  0.000000	
  0.300000	  0.400000	  0.000000	  0.300000	
  0.200000	  0.800000	  0.000000	  0.000000	
  0.300000	  0.400000	  0.300000	  0.000000	
  0.300000	  0.700000	  0.000000	  0.000000	

URL http://cisbp.ccbr.utoronto.ca/TFreport.php?versionNumber=1.02&searchTF=T020702_1.02

MOTIF M5099_1.02 (Sjc_0006780)_(Drosophila_melanogaster)_(DBD_0.88)

letter-probability matrix: alength= 4 w= 10 nsites= 1 E= 0
  0.050000	  0.600000	  0.250000	  0.100000	
  0.050000	  0.250000	  0.350000	  0.350000	
  0.150000	  0.000000	  0.800000	  0.050000	
  0.150000	  0.400000	  0.400000	  0.050000	
  0.000000	  0.800000	  0.050000	  0.150000	
  0.000000	  0.000000	  1.000000	  0.000000	
  0.300000	  0.100000	  0.300000	  0.300000	
  0.000000	  0.750000	  0.200000	  0.050000	
  0.250000	  0.000000	  0.750000	  0.000000	
  0.050000	  0.750000	  0.000000	  0.200000	

URL http://cisbp.ccbr.utoronto.ca/TFreport.php?versionNumber=1.02&searchTF=T142392_1.02

MOTIF M5102_1.02 (Sjc_0030450)_(Drosophila_melanogaster)_(DBD_0.77)

letter-probability matrix: alength= 4 w= 12 nsites= 1 E= 0
  0.000000	  0.125000	  0.625000	  0.250000	
  0.000000	  0.875000	  0.000000	  0.125000	
  0.000000	  0.000000	  1.000000	  0.000000	
  0.125000	  0.250000	  0.375000	  0.250000	
  0.000000	  1.000000	  0.000000	  0.000000	
  0.250000	  0.000000	  0.375000	  0.375000	
  0.000000	  0.000000	  0.625000	  0.375000	
  0.000000	  0.125000	  0.500000	  0.375000	
  0.125000	  0.500000	  0.375000	  0.000000	
  0.375000	  0.250000	  0.125000	  0.250000	
  0.375000	  0.125000	  0.375000	  0.125000	
  0.000000	  0.125000	  0.125000	  0.750000	

URL http://cisbp.ccbr.utoronto.ca/TFreport.php?versionNumber=1.02&searchTF=T142393_1.02

MOTIF M5114_1.02 (Sjc_0011830)_(Drosophila_melanogaster)_(DBD_0.88)

letter-probability matrix: alength= 4 w= 12 nsites= 1 E= 0
  0.071429	  0.000000	  0.857143	  0.071429	
  0.111111	  0.722222	  0.000000	  0.166667	
  0.000000	  0.000000	  1.000000	  0.000000	
  0.055556	  0.000000	  0.000000	  0.944444	
  0.000000	  1.000000	  0.000000	  0.000000	
  0.944444	  0.000000	  0.055556	  0.000000	
  0.000000	  0.166667	  0.833333	  0.000000	
  0.055556	  0.666667	  0.222222	  0.055556	
  0.000000	  0.000000	  0.000000	  1.000000	
  0.055556	  0.000000	  0.944444	  0.000000	
  0.000000	  0.055556	  0.055556	  0.888889	
  0.000000	  0.277778	  0.000000	  0.722222	

URL http://cisbp.ccbr.utoronto.ca/TFreport.php?versionNumber=1.02&searchTF=T020699_1.02

MOTIF M5184_1.02 (Sjc_0100840)_(Drosophila_melanogaster)_(DBD_0.85)

letter-probability matrix: alength= 4 w= 13 nsites= 1 E= 0
  0.218069	  0.227414	  0.171340	  0.383178	
  0.105919	  0.068536	  0.442368	  0.383178	
  0.021807	  0.856698	  0.009346	  0.112150	
