MEME version 5.5.8 (Fri May 2 15:43:49 2025 -0700)

ALPHABET= ACGT

strands: + -

Background letter frequencies (from uniform background):
A 0.25000 C 0.25000 G 0.25000 T 0.25000 

MOTIF M0137_1.02 (THAPSDRAFT_11588)_(Oryza_sativa)_(DBD_0.50)

letter-probability matrix: alength= 4 w= 8 nsites= 1 E= 0
  0.412581	  0.181714	  0.204881	  0.200825	
  0.383860	  0.151453	  0.183145	  0.281541	
  0.411062	  0.042894	  0.192240	  0.353804	
  0.442483	  0.115862	  0.053112	  0.388542	
  0.805888	  0.001826	  0.077629	  0.114657	
  0.508656	  0.001176	  0.069531	  0.420638	
  0.340689	  0.076018	  0.064778	  0.518515	
  0.310543	  0.194090	  0.145231	  0.350136	

URL http://cisbp.ccbr.utoronto.ca/TFreport.php?versionNumber=1.02&searchTF=T008765_1.02

MOTIF M0145_1.02 (THAPSDRAFT_24106)_(Medicago_truncatula)_(DBD_0.62)

letter-probability matrix: alength= 4 w= 8 nsites= 1 E= 0
  0.839058	  0.000399	  0.120208	  0.040335	
  0.881610	  0.000294	  0.000294	  0.117803	
  0.832686	  0.000277	  0.000277	  0.166759	
  0.693951	  0.000277	  0.000277	  0.305494	
  0.166759	  0.000277	  0.000277	  0.832686	
  0.832686	  0.000277	  0.000277	  0.166759	
  0.764101	  0.029671	  0.000294	  0.205934	
  0.185281	  0.037352	  0.000370	  0.776997	

URL http://cisbp.ccbr.utoronto.ca/TFreport.php?versionNumber=1.02&searchTF=T008766_1.02

MOTIF M1369_1.02 THAPSDRAFT_24118

letter-probability matrix: alength= 4 w= 9 nsites= 1 E= 0
  0.228356	  0.249861	  0.240064	  0.281718	
  0.263420	  0.229006	  0.213524	  0.294050	
  0.339244	  0.231996	  0.118714	  0.310046	
  0.347213	  0.119097	  0.357787	  0.175904	
  0.136270	  0.082652	  0.674951	  0.106127	
  0.641759	  0.144635	  0.150538	  0.063068	
  0.015815	  0.016625	  0.003710	  0.963850	
  0.366729	  0.271679	  0.152113	  0.209479	
  0.155506	  0.374910	  0.191844	  0.277740	

URL http://cisbp.ccbr.utoronto.ca/TFreport.php?versionNumber=1.02&searchTF=T120826_1.02

