MEME version 5.5.8 (Fri May 2 15:43:49 2025 -0700)

ALPHABET= ACGT

strands: + -

Background letter frequencies (from uniform background):
A 0.25000 C 0.25000 G 0.25000 T 0.25000 

MOTIF M0178_1.02 (fgeneshTA2_pg.C_scaffold_3000318)_(Mus_musculus)_(DBD_0.69)

letter-probability matrix: alength= 4 w= 10 nsites= 1 E= 0
  0.315548	  0.181281	  0.304970	  0.198202	
  0.342567	  0.215650	  0.329097	  0.112687	
  0.036295	  0.956859	  0.000000	  0.006845	
  0.887444	  0.026036	  0.052040	  0.034479	
  0.022313	  0.233167	  0.582932	  0.161589	
  0.161589	  0.582932	  0.233167	  0.022313	
  0.034479	  0.052040	  0.026036	  0.887444	
  0.006845	  0.000000	  0.956859	  0.036295	
  0.112687	  0.329097	  0.215650	  0.342567	
  0.198202	  0.304970	  0.181281	  0.315548	

URL http://cisbp.ccbr.utoronto.ca/TFreport.php?versionNumber=1.02&searchTF=T019749_1.02

MOTIF M0223_1.02 (fgeneshTA2_pg.C_scaffold_1000539)_(Mus_musculus)_(DBD_0.85)

letter-probability matrix: alength= 4 w= 9 nsites= 1 E= 0
  0.289595	  0.241890	  0.283861	  0.184654	
  0.208936	  0.392300	  0.215299	  0.183466	
  0.190230	  0.670642	  0.084626	  0.054502	
  0.482082	  0.088953	  0.313598	  0.115366	
  0.015362	  0.797825	  0.067484	  0.119330	
  0.289914	  0.047446	  0.658249	  0.004391	
  0.052344	  0.021495	  0.012156	  0.914005	
  0.000116	  0.000018	  0.999784	  0.000082	
  0.174078	  0.304753	  0.326850	  0.194319	

URL http://cisbp.ccbr.utoronto.ca/TFreport.php?versionNumber=1.02&searchTF=T019743_1.02

MOTIF M0313_1.02 (gw1.6.555.1)_(Mus_musculus)_(DBD_0.59)

letter-probability matrix: alength= 4 w= 10 nsites= 1 E= 0
  0.231876	  0.201583	  0.288935	  0.277606	
  0.445882	  0.170725	  0.317366	  0.066026	
  0.064153	  0.042152	  0.047053	  0.846642	
  0.027177	  0.055277	  0.142931	  0.774614	
  0.304859	  0.000145	  0.492675	  0.202320	
  0.087581	  0.673554	  0.077678	  0.161187	
  0.302455	  0.164339	  0.376882	  0.156324	
  0.234880	  0.313900	  0.134166	  0.317055	
  0.391736	  0.281628	  0.160869	  0.165768	
  0.466130	  0.183913	  0.171480	  0.178478	

URL http://cisbp.ccbr.utoronto.ca/TFreport.php?versionNumber=1.02&searchTF=T029850_1.02

MOTIF M0402_1.02 (gw1.15.92.1)_(Mus_musculus)_(DBD_0.88)

letter-probability matrix: alength= 4 w= 10 nsites= 1 E= 0
  0.345672	  0.149230	  0.297523	  0.207575	
  0.236315	  0.119721	  0.541945	  0.102020	
  0.126852	  0.013504	  0.562855	  0.296789	
  0.166514	  0.000013	  0.833039	  0.000434	
  0.000036	  0.000030	  0.999670	  0.000264	
  0.011649	  0.000039	  0.987545	  0.000767	
  0.160079	  0.668920	  0.014093	  0.156909	
  0.035629	  0.024858	  0.909753	  0.029760	
  0.045986	  0.028741	  0.501866	  0.423407	
  0.212327	  0.118882	  0.458577	  0.210214	

URL http://cisbp.ccbr.utoronto.ca/TFreport.php?versionNumber=1.02&searchTF=T065917_1.02

MOTIF M0415_1.02 (gw1.3.692.1)_(Mus_musculus)_(DBD_0.79)

letter-probability matrix: alength= 4 w= 8 nsites= 1 E= 0
  0.314286	  0.285714	  0.257143	  0.142857	
  0.018519	  0.018519	  0.018519	  0.944444	
  0.946429	  0.017857	  0.017857	  0.017857	
  0.875000	  0.017857	  0.089286	  0.017857	
  0.017857	  0.946429	  0.017857	  0.017857	
  0.017857	  0.017857	  0.946429	  0.017857	
  0.017857	  0.017857	  0.910714	  0.053571	
  0.200000	  0.225000	  0.200000	  0.375000	

URL http://cisbp.ccbr.utoronto.ca/TFreport.php?versionNumber=1.02&searchTF=T066066_1.02

MOTIF M0443_1.02 (e_gw1.27.87.1)_(Mus_musculus)_(DBD_0.79)

letter-probability matrix: alength= 4 w= 10 nsites= 1 E= 0
  0.260102	  0.124098	  0.223872	  0.391927	
  0.187213	  0.000148	  0.790168	  0.022471	
  0.000002	  0.000005	  0.999931	  0.000063	
  0.000374	  0.000026	  0.999566	  0.000034	
  0.076094	  0.621399	  0.000039	  0.302468	
  0.000325	  0.000031	  0.997699	  0.001945	
  0.060231	  0.086331	  0.346604	  0.506834	
  0.189328	  0.102872	  0.514647	  0.193153	
  0.167870	  0.130737	  0.470215	  0.231178	
  0.172456	  0.411638	  0.156045	  0.259860	

URL http://cisbp.ccbr.utoronto.ca/TFreport.php?versionNumber=1.02&searchTF=T062657_1.02

MOTIF M0641_1.02 (gw1.9.278.1)_(Drosophila_melanogaster)_(DBD_0.89)

letter-probability matrix: alength= 4 w= 10 nsites= 1 E= 0
  0.264213	  0.114063	  0.073461	  0.548263	
  0.146979	  0.076730	  0.639248	  0.137043	
  0.091624	  0.122448	  0.030195	  0.755733	
  0.530776	  0.071833	  0.106096	  0.291296	
  0.340580	  0.064758	  0.186914	  0.407748	
  0.130860	  0.648156	  0.077799	  0.143184	
  0.378005	  0.205389	  0.180351	  0.236254	
  0.412383	  0.112387	  0.172768	  0.302461	
  0.281282	  0.131546	  0.159072	  0.428100	
  0.236410	  0.182284	  0.128453	  0.452853	

URL http://cisbp.ccbr.utoronto.ca/TFreport.php?versionNumber=1.02&searchTF=T075402_1.02

MOTIF M0702_1.02 (gw1.13.229.1)_(Mus_musculus)_(DBD_0.51)

letter-probability matrix: alength= 4 w= 10 nsites= 1 E= 0
  0.322340	  0.195509	  0.263909	  0.218242	
  0.433860	  0.124303	  0.159608	  0.282230	
  0.311585	  0.293439	  0.240248	  0.154728	
  0.200253	  0.544344	  0.186715	  0.068688	
  0.284306	  0.645517	  0.054058	  0.016120	
  0.011537	  0.000434	  0.987890	  0.000139	
  0.006865	  0.014532	  0.949918	  0.028685	
  0.874097	  0.008964	  0.059931	  0.057008	
  0.302190	  0.165846	  0.058036	  0.473929	
  0.296924	  0.248012	  0.296924	  0.158139	

URL http://cisbp.ccbr.utoronto.ca/TFreport.php?versionNumber=1.02&searchTF=T079042_1.02

MOTIF M0723_1.02 (e_gw1.10.494.1)_(Mus_musculus)_(DBD_0.90)

letter-probability matrix: alength= 4 w= 10 nsites= 1 E= 0
  0.304424	  0.223279	  0.262020	  0.210276	
  0.213777	  0.233909	  0.245902	  0.306412	
  0.293934	  0.159709	  0.385043	  0.161314	
  0.246234	  0.175262	  0.129837	  0.448667	
  0.528194	  0.286995	  0.062145	  0.122666	
  0.598965	  0.187767	  0.067034	  0.146233	
  0.718961	  0.066540	  0.146615	  0.067884	
  0.033458	  0.590092	  0.077500	  0.298951	
  0.671272	  0.049858	  0.121410	  0.157460	
  0.326891	  0.210530	  0.210530	  0.252050	

URL http://cisbp.ccbr.utoronto.ca/TFreport.php?versionNumber=1.02&searchTF=T083039_1.02

MOTIF M0728_1.02 (gw1.2.1544.1)_(Mus_musculus)_(DBD_0.75)

letter-probability matrix: alength= 4 w= 12 nsites= 1 E= 0
  0.394926	  0.201691	  0.201691	  0.201691	
  0.357836	  0.147163	  0.347838	  0.147163	
  0.159006	  0.172368	  0.068783	  0.599842	
  0.841382	  0.113021	  0.022798	  0.022798	
  0.999531	  0.000156	  0.000156	  0.000156	
  0.999531	  0.000156	  0.000156	  0.000156	
  0.000156	  0.999531	  0.000156	  0.000156	
  0.999531	  0.000156	  0.000156	  0.000156	
  0.854605	  0.048465	  0.048465	  0.048465	
  0.691020	  0.102993	  0.102993	  0.102993	
  0.181373	  0.360053	  0.181373	  0.277201	
  0.317926	  0.227358	  0.227358	  0.227358	

URL http://cisbp.ccbr.utoronto.ca/TFreport.php?versionNumber=1.02&searchTF=T083277_1.02

MOTIF M0736_1.02 (gw1.7.316.1)_(Mus_musculus)_(DBD_0.45)

letter-probability matrix: alength= 4 w= 8 nsites= 1 E= 0
  0.309467	  0.142959	  0.547336	  0.000238	
  0.295052	  0.000164	  0.000164	  0.704620	
  0.619510	  0.295749	  0.000141	  0.084600	
  0.888534	  0.069545	  0.000139	  0.041782	
  0.999584	  0.000139	  0.000139	  0.000139	
  0.000139	  0.957940	  0.000139	  0.041782	
  0.999572	  0.000143	  0.000143	  0.000143	
  0.660068	  0.132164	  0.056750	  0.151018	

URL http://cisbp.ccbr.utoronto.ca/TFreport.php?versionNumber=1.02&searchTF=T083304_1.02

MOTIF M0737_1.02 (e_gw1.3.1577.1)_(Mus_musculus)_(DBD_0.78)

letter-probability matrix: alength= 4 w= 10 nsites= 1 E= 0
  0.329842	  0.082156	  0.060257	  0.527746	
  0.520070	  0.108198	  0.255689	  0.116043	
  0.283345	  0.081996	  0.128595	  0.506065	
  0.209230	  0.033229	  0.701648	  0.055893	
  0.071321	  0.155585	  0.032694	  0.740400	
  0.638753	  0.232646	  0.070072	  0.058529	
  0.729556	  0.133278	  0.066184	  0.070983	
  0.865457	  0.036352	  0.043959	  0.054231	
  0.059316	  0.519509	  0.058726	  0.362449	
  0.777489	  0.053307	  0.067092	  0.102112	

URL http://cisbp.ccbr.utoronto.ca/TFreport.php?versionNumber=1.02&searchTF=T083063_1.02

MOTIF M0738_1.02 (e_gw1.1.2273.1)_(Oryzias_latipes)_(DBD_0.44)

letter-probability matrix: alength= 4 w= 8 nsites= 1 E= 0
  0.352700	  0.000587	  0.646127	  0.000587	
  0.000384	  0.000384	  0.000384	  0.998848	
  0.922043	  0.077189	  0.000384	  0.000384	
  0.998848	  0.000384	  0.000384	  0.000384	
  0.998848	  0.000384	  0.000384	  0.000384	
  0.000384	  0.922043	  0.000384	  0.077189	
  0.998848	  0.000384	  0.000384	  0.000384	
  0.499446	  0.222284	  0.055987	  0.222284	

URL http://cisbp.ccbr.utoronto.ca/TFreport.php?versionNumber=1.02&searchTF=T083046_1.02

MOTIF M0756_1.02 (fgeneshTA2_pg.C_scaffold_6000724)_(Strongylocentrotus_purpuratus)_(DBD_0.72)

letter-probability matrix: alength= 4 w= 9 nsites= 1 E= 0
  0.233668	  0.224506	  0.348592	  0.193234	
  0.280037	  0.209542	  0.191507	  0.318914	
  0.404308	  0.290666	  0.110187	  0.194839	
  0.447462	  0.238314	  0.104961	  0.209263	
  0.768976	  0.018266	  0.173306	  0.039451	
  0.016176	  0.708777	  0.031930	  0.243117	
  0.578790	  0.107871	  0.169176	  0.144162	
  0.340778	  0.228430	  0.226157	  0.204635	
  0.301280	  0.239377	  0.210196	  0.249146	

URL http://cisbp.ccbr.utoronto.ca/TFreport.php?versionNumber=1.02&searchTF=T083252_1.02

MOTIF M0757_1.02 (e_gw1.2.1581.1)_(Strongylocentrotus_purpuratus)_(DBD_0.86)

letter-probability matrix: alength= 4 w= 10 nsites= 1 E= 0
  0.321884	  0.201178	  0.236085	  0.240854	
  0.216367	  0.234387	  0.239122	  0.310124	
  0.297171	  0.182055	  0.409243	  0.111532	
  0.279854	  0.144643	  0.132194	  0.443309	
  0.472247	  0.313407	  0.069235	  0.145111	
  0.572460	  0.196359	  0.062174	  0.169007	
  0.751021	  0.048981	  0.135834	  0.064163	
  0.037542	  0.655546	  0.026722	  0.280190	
  0.680835	  0.057015	  0.121915	  0.140235	
  0.359328	  0.213628	  0.193298	  0.233746	

URL http://cisbp.ccbr.utoronto.ca/TFreport.php?versionNumber=1.02&searchTF=T083056_1.02

MOTIF M0911_1.02 (fgeneshTA2_pm.C_scaffold_16000025)_(Mus_musculus)_(DBD_0.76)

letter-probability matrix: alength= 4 w= 10 nsites= 1 E= 0
  0.247073	  0.284202	  0.206373	  0.262352	
  0.149870	  0.075171	  0.040036	  0.734924	
  0.706549	  0.090958	  0.126519	  0.075974	
  0.851645	  0.008910	  0.044131	  0.095313	
  0.070692	  0.091682	  0.096383	  0.741243	
  0.120799	  0.217919	  0.226813	  0.434469	
  0.367812	  0.088905	  0.402450	  0.140833	
  0.215590	  0.296895	  0.274069	  0.213445	
  0.220651	  0.269503	  0.211999	  0.297847	
  0.238452	  0.238452	  0.243269	  0.279826	

URL http://cisbp.ccbr.utoronto.ca/TFreport.php?versionNumber=1.02&searchTF=T101698_1.02

MOTIF M0942_1.02 (e_gw1.4.688.1)_(Mus_musculus)_(DBD_0.93)

letter-probability matrix: alength= 4 w= 8 nsites= 1 E= 0
  0.320789	  0.120396	  0.221580	  0.337236	
  0.142028	  0.088768	  0.093319	  0.675885	
  0.117073	  0.115908	  0.597527	  0.169491	
  0.123128	  0.124365	  0.043957	  0.708550	
  0.334290	  0.242744	  0.111276	  0.311690	
  0.297216	  0.266256	  0.229168	  0.207360	
  0.227950	  0.251924	  0.244478	  0.275648	
  0.232873	  0.249759	  0.254804	  0.262564	

URL http://cisbp.ccbr.utoronto.ca/TFreport.php?versionNumber=1.02&searchTF=T100996_1.02

MOTIF M0943_1.02 (gw1.15.108.1)_(Mus_musculus)_(DBD_0.89)

letter-probability matrix: alength= 4 w= 8 nsites= 1 E= 0
  0.281218	  0.216834	  0.307701	  0.194247	
  0.129122	  0.376440	  0.129122	  0.365315	
  0.165282	  0.184501	  0.049782	  0.600435	
  0.689510	  0.110607	  0.091467	  0.108417	
  0.925332	  0.042528	  0.028507	  0.003633	
  0.103670	  0.106828	  0.082370	  0.707132	
  0.155855	  0.155855	  0.181078	  0.507211	
  0.479837	  0.103902	  0.258126	  0.158135	

URL http://cisbp.ccbr.utoronto.ca/TFreport.php?versionNumber=1.02&searchTF=T101988_1.02

MOTIF M0975_1.02 (e_gw1.12.56.1)_(Mus_musculus)_(DBD_0.86)

letter-probability matrix: alength= 4 w= 9 nsites= 1 E= 0
  0.152081	  0.091324	  0.047201	  0.709395	
  0.690458	  0.086259	  0.135281	  0.088002	
  0.886062	  0.013024	  0.035758	  0.065156	
  0.031077	  0.036836	  0.028403	  0.903684	
  0.110911	  0.101365	  0.155824	  0.631899	
  0.491062	  0.048743	  0.349523	  0.110672	
  0.367221	  0.191706	  0.269337	  0.171737	
  0.287641	  0.235500	  0.183408	  0.293451	
  0.278534	  0.200244	  0.177601	  0.343621	

URL http://cisbp.ccbr.utoronto.ca/TFreport.php?versionNumber=1.02&searchTF=T100917_1.02

MOTIF M0999_1.02 (e_gw1.17.159.1)_(Mus_musculus)_(DBD_0.75)

letter-probability matrix: alength= 4 w= 9 nsites= 1 E= 0
  0.319806	  0.179059	  0.239299	  0.261835	
  0.326964	  0.089108	  0.142572	  0.441355	
  0.104999	  0.140324	  0.052665	  0.702012	
  0.632389	  0.042927	  0.165588	  0.159096	
  0.902412	  0.000373	  0.035342	  0.061872	
  0.062494	  0.001133	  0.033956	  0.902416	
  0.174093	  0.139713	  0.298744	  0.387450	
  0.522018	  0.055573	  0.301178	  0.121231	
  0.164852	  0.331971	  0.291502	  0.211674	

URL http://cisbp.ccbr.utoronto.ca/TFreport.php?versionNumber=1.02&searchTF=T100931_1.02

MOTIF M1000_1.02 (gw1.4.676.1)_(Mus_musculus)_(DBD_0.81)

letter-probability matrix: alength= 4 w= 8 nsites= 1 E= 0
  0.216987	  0.314139	  0.148389	  0.320485	
  0.078163	  0.026544	  0.007454	  0.887839	
  0.853506	  0.044228	  0.065324	  0.036942	
  0.978482	  0.000211	  0.008551	  0.012756	
  0.002825	  0.026803	  0.027897	  0.942475	
  0.104556	  0.090897	  0.098468	  0.706079	
  0.391058	  0.094524	  0.371986	  0.142431	
  0.297757	  0.193694	  0.374758	  0.133791	

URL http://cisbp.ccbr.utoronto.ca/TFreport.php?versionNumber=1.02&searchTF=T102095_1.02

MOTIF M1001_1.02 (gw1.4.683.1)_(Mus_musculus)_(DBD_0.80)

letter-probability matrix: alength= 4 w= 10 nsites= 1 E= 0
  0.322331	  0.197469	  0.274673	  0.205527	
  0.194389	  0.314147	  0.287109	  0.204355	
  0.241423	  0.414283	  0.182463	  0.161831	
  0.070501	  0.283051	  0.022774	  0.623674	
  0.068469	  0.000243	  0.876887	  0.054401	
  0.095932	  0.187473	  0.000627	  0.715968	
  0.063044	  0.815526	  0.046704	  0.074726	
  0.494531	  0.137498	  0.193177	  0.174794	
  0.280233	  0.246071	  0.222654	  0.251042	
  0.271003	  0.235599	  0.219671	  0.273727	

URL http://cisbp.ccbr.utoronto.ca/TFreport.php?versionNumber=1.02&searchTF=T102097_1.02

MOTIF M1002_1.02 (e_gw1.38.32.1)_(Mus_musculus)_(DBD_0.82)

letter-probability matrix: alength= 4 w= 9 nsites= 1 E= 0
  0.180487	  0.322358	  0.168285	  0.328870	
  0.103026	  0.115005	  0.065038	  0.716930	
  0.775551	  0.063661	  0.107080	  0.053709	
  0.897628	  0.006358	  0.000454	  0.095560	
  0.077016	  0.098890	  0.055925	  0.768169	
  0.180572	  0.058917	  0.288913	  0.471598	
  0.490098	  0.081013	  0.288474	  0.140415	
  0.197887	  0.298180	  0.280815	  0.223117	
  0.176121	  0.347641	  0.210855	  0.265382	

URL http://cisbp.ccbr.utoronto.ca/TFreport.php?versionNumber=1.02&searchTF=T100978_1.02

MOTIF M1063_1.02 (fgeneshTA2_pm.C_scaffold_17000012)_(Mus_musculus)_(DBD_0.81)

letter-probability matrix: alength= 4 w= 10 nsites= 1 E= 0
  0.221818	  0.204764	  0.161073	  0.412344	
  0.207435	  0.166471	  0.084337	  0.541758	
  0.621586	  0.036682	  0.185355	  0.156378	
  0.910510	  0.013383	  0.034261	  0.041846	
  0.138801	  0.083349	  0.268550	  0.509300	
  0.088820	  0.300850	  0.045450	  0.564880	
  0.170729	  0.062808	  0.652021	  0.114443	
  0.204093	  0.304470	  0.254315	  0.237122	
  0.175698	  0.304530	  0.186563	  0.333209	
  0.196959	  0.273964	  0.238173	  0.290905	

URL http://cisbp.ccbr.utoronto.ca/TFreport.php?versionNumber=1.02&searchTF=T101699_1.02

MOTIF M1074_1.02 (e_gw1.23.174.1)_(Oryzias_latipes)_(DBD_0.93)

letter-probability matrix: alength= 4 w= 10 nsites= 1 E= 0
  0.271348	  0.260708	  0.219950	  0.247993	
  0.181667	  0.240369	  0.144341	  0.433623	
  0.141519	  0.097752	  0.484168	  0.276561	
  0.850398	  0.068423	  0.043628	  0.037551	
  0.040083	  0.188852	  0.098589	  0.672475	
  0.481568	  0.382622	  0.042396	  0.093415	
  0.084410	  0.476125	  0.144847	  0.294618	
  0.166073	  0.369602	  0.233324	  0.231002	
  0.195836	  0.371399	  0.186285	  0.246479	
  0.214275	  0.307127	  0.232122	  0.246475	

URL http://cisbp.ccbr.utoronto.ca/TFreport.php?versionNumber=1.02&searchTF=T100944_1.02

MOTIF M1088_1.02 (fgeneshTA2_kg.C_scaffold_33000001)_(Drosophila_melanogaster)_(DBD_0.77)

letter-probability matrix: alength= 4 w= 10 nsites= 1 E= 0
  0.248652	  0.156039	  0.439269	  0.156039	
  0.235559	  0.409426	  0.243856	  0.111159	
  0.000140	  0.000140	  0.000140	  0.999581	
  0.999581	  0.000140	  0.000140	  0.000140	
  0.999581	  0.000140	  0.000140	  0.000140	
  0.000140	  0.000140	  0.000140	  0.999581	
  0.000140	  0.000140	  0.000140	  0.999581	
  0.999581	  0.000140	  0.000140	  0.000140	
  0.270161	  0.309740	  0.212726	  0.207374	
  0.227694	  0.227694	  0.227694	  0.316917	

URL http://cisbp.ccbr.utoronto.ca/TFreport.php?versionNumber=1.02&searchTF=T101693_1.02

MOTIF M1096_1.02 (gw1.1.1101.1)_(Drosophila_melanogaster)_(DBD_0.70)

letter-probability matrix: alength= 4 w= 8 nsites= 1 E= 0
  0.207448	  0.325343	  0.141866	  0.325343	
  0.070500	  0.046787	  0.081909	  0.800803	
  0.823901	  0.041432	  0.064978	  0.069690	
  0.800902	  0.045410	  0.085263	  0.068425	
  0.078337	  0.041722	  0.098595	  0.781347	
  0.084961	  0.693803	  0.089317	  0.131919	
  0.101356	  0.577459	  0.132772	  0.188413	
  0.148880	  0.348326	  0.299807	  0.202987	

URL http://cisbp.ccbr.utoronto.ca/TFreport.php?versionNumber=1.02&searchTF=T101945_1.02

MOTIF M1106_1.02 (gw1.1.2341.1)_(Drosophila_melanogaster)_(DBD_0.80)

letter-probability matrix: alength= 4 w= 8 nsites= 1 E= 0
  0.699401	  0.033622	  0.033622	  0.233356	
  0.152259	  0.065378	  0.043658	  0.738705	
  0.053712	  0.018023	  0.000178	  0.928087	
  0.821021	  0.000178	  0.000178	  0.178622	
  0.963776	  0.000178	  0.000178	  0.035867	
  0.071556	  0.000178	  0.000178	  0.928087	
  0.109193	  0.000182	  0.036519	  0.854106	
  0.871811	  0.000213	  0.085247	  0.042730	

URL http://cisbp.ccbr.utoronto.ca/TFreport.php?versionNumber=1.02&searchTF=T101967_1.02

MOTIF M1110_1.02 (gw1.17.157.1)_(Caenorhabditis_elegans)_(DBD_0.72)

letter-probability matrix: alength= 4 w= 10 nsites= 1 E= 0
  0.240816	  0.226792	  0.271519	  0.260873	
  0.280565	  0.227422	  0.286233	  0.205780	
  0.235681	  0.250255	  0.341204	  0.172860	
  0.169104	  0.395643	  0.124029	  0.311224	
  0.427182	  0.203814	  0.190035	  0.178968	
  0.688905	  0.115020	  0.173314	  0.022762	
  0.081639	  0.159542	  0.022028	  0.736792	
  0.316472	  0.253975	  0.165213	  0.264340	
  0.234629	  0.269888	  0.289457	  0.206027	
  0.340075	  0.196206	  0.267513	  0.196206	

URL http://cisbp.ccbr.utoronto.ca/TFreport.php?versionNumber=1.02&searchTF=T102002_1.02

MOTIF M1528_1.02 (fgeneshTA2_pg.C_scaffold_1000013)_(Mus_musculus)_(DBD_0.61)

letter-probability matrix: alength= 4 w= 10 nsites= 1 E= 0
  0.197054	  0.369991	  0.263349	  0.169606	
  0.065864	  0.656936	  0.168610	  0.108591	
  0.308958	  0.265923	  0.156524	  0.268595	
  0.134548	  0.150193	  0.135900	  0.579359	
  0.429537	  0.091168	  0.451560	  0.027735	
  0.273736	  0.064210	  0.621518	  0.040535	
  0.195662	  0.476462	  0.050219	  0.277657	
  0.505373	  0.035350	  0.195449	  0.263828	
  0.811192	  0.082972	  0.062085	  0.043751	
  0.023718	  0.876757	  0.027556	  0.071969	

URL http://cisbp.ccbr.utoronto.ca/TFreport.php?versionNumber=1.02&searchTF=T139134_1.02

MOTIF M1639_1.02 (e_gw1.12.130.1)_(Branchiostoma_floridae)_(DBD_0.61)

letter-probability matrix: alength= 4 w= 10 nsites= 1 E= 0
  0.277248	  0.178558	  0.285691	  0.258504	
  0.447918	  0.098950	  0.255855	  0.197277	
  0.206116	  0.146708	  0.467987	  0.179189	
  0.140947	  0.075067	  0.644441	  0.139545	
  0.074512	  0.112276	  0.000029	  0.813184	
  0.191985	  0.001678	  0.725905	  0.080433	
  0.210391	  0.184744	  0.082185	  0.522680	
  0.153043	  0.320767	  0.278862	  0.247328	
  0.451124	  0.116949	  0.287649	  0.144278	
  0.330455	  0.235208	  0.221511	  0.212825	

URL http://cisbp.ccbr.utoronto.ca/TFreport.php?versionNumber=1.02&searchTF=T150180_1.02

MOTIF M1869_1.02 (fgeneshTA2_pg.C_scaffold_12000071)_(Homo_sapiens)_(DBD_0.79)

letter-probability matrix: alength= 4 w= 8 nsites= 1 E= 0
  1.000000	  0.000000	  0.000000	  0.000000	
  0.000000	  0.000000	  1.000000	  0.000000	
  1.000000	  0.000000	  0.000000	  0.000000	
  0.000000	  0.000000	  0.000000	  1.000000	
  1.000000	  0.000000	  0.000000	  0.000000	
  1.000000	  0.000000	  0.000000	  0.000000	
  0.278738	  0.000000	  0.721262	  0.000000	
  0.604149	  0.153846	  0.242005	  0.000000	

URL http://cisbp.ccbr.utoronto.ca/TFreport.php?versionNumber=1.02&searchTF=T085710_1.02

MOTIF M1890_1.02 (fgeneshTA2_pg.C_scaffold_8000183)_(Homo_sapiens)_(DBD_0.72)

letter-probability matrix: alength= 4 w= 18 nsites= 1 E= 0
  0.536953	  0.172787	  0.112112	  0.178148	
  0.135379	  0.112568	  0.522354	  0.229699	
  0.404653	  0.257299	  0.247263	  0.090785	
  0.137203	  0.339074	  0.453695	  0.070027	
  0.208257	  0.267336	  0.035698	  0.488709	
  0.021898	  0.095119	  0.546077	  0.336907	
  0.027030	  0.842153	  0.054859	  0.075958	
  0.001825	  0.113253	  0.027600	  0.857322	
  0.025319	  0.116104	  0.819001	  0.039576	
  0.975707	  0.000228	  0.017108	  0.006957	
  0.000570	  0.005931	  0.000912	  0.992587	
  0.001141	  0.000570	  0.000570	  0.997719	
  0.003307	  0.001141	  0.994526	  0.001026	
  0.001369	  0.007984	  0.990306	  0.000342	
  0.042997	  0.305315	  0.001711	  0.649977	
  0.052464	  0.449703	  0.213618	  0.284215	
  0.175297	  0.476277	  0.253992	  0.094434	
  0.485972	  0.129562	  0.308736	  0.075730	

URL http://cisbp.ccbr.utoronto.ca/TFreport.php?versionNumber=1.02&searchTF=T070668_1.02

MOTIF M1891_1.02 (gw1.1.2274.1)_(Mus_musculus)_(DBD_0.81)

letter-probability matrix: alength= 4 w= 11 nsites= 1 E= 0
  0.032356	  0.776542	  0.190091	  0.001011	
  0.070779	  0.924166	  0.004044	  0.001011	
  0.000000	  0.000000	  0.998991	  0.001009	
  0.000000	  0.000000	  1.000000	  0.000000	
  0.997986	  0.001007	  0.001007	  0.000000	
  0.995972	  0.002014	  0.000000	  0.002014	
  0.094758	  0.032258	  0.872984	  0.000000	
  0.056509	  0.263370	  0.037336	  0.642785	
  0.155556	  0.138384	  0.609091	  0.096970	
  0.266667	  0.264646	  0.419192	  0.049495	
  0.235354	  0.360606	  0.226263	  0.177778	

URL http://cisbp.ccbr.utoronto.ca/TFreport.php?versionNumber=1.02&searchTF=T079040_1.02

MOTIF M1910_1.02 (fgeneshTA2_pg.C_scaffold_12000163)_(Homo_sapiens)_(DBD_0.75)

letter-probability matrix: alength= 4 w= 18 nsites= 1 E= 0
  0.187088	  0.357049	  0.123408	  0.332455	
  0.446640	  0.195872	  0.145367	  0.212121	
  0.226175	  0.125165	  0.090470	  0.558191	
  0.118577	  0.112868	  0.439174	  0.329381	
  0.209486	  0.299078	  0.234080	  0.257356	
  0.021520	  0.941590	  0.000000	  0.036891	
  0.000000	  0.924462	  0.000000	  0.075538	
  0.776021	  0.028986	  0.010101	  0.184892	
  0.519982	  0.000000	  0.032060	  0.447958	
  0.977602	  0.000000	  0.007027	  0.015371	
  0.259113	  0.052701	  0.007027	  0.681159	
  0.899429	  0.005270	  0.022398	  0.072903	
  0.637681	  0.004392	  0.038208	  0.319719	
  0.029864	  0.000000	  0.970136	  0.000000	
  0.006588	  0.003074	  0.990338	  0.000000	
  0.267018	  0.379447	  0.193676	  0.159859	
  0.594203	  0.221344	  0.101010	  0.083443	
  0.570487	  0.078173	  0.202020	  0.149319	

URL http://cisbp.ccbr.utoronto.ca/TFreport.php?versionNumber=1.02&searchTF=T112331_1.02

MOTIF M1919_1.02 (e_gw1.6.456.1)_(Homo_sapiens)_(DBD_0.91)

letter-probability matrix: alength= 4 w= 12 nsites= 1 E= 0
  0.157021	  0.639102	  0.111700	  0.092177	
  0.972668	  0.000000	  0.025241	  0.002092	
  0.940036	  0.013806	  0.037373	  0.008785	
  0.349463	  0.155766	  0.457677	  0.037094	
  1.000000	  0.000000	  0.000000	  0.000000	
  0.000000	  0.001673	  0.000000	  0.998327	
  0.001534	  0.000000	  0.998466	  0.000000	
  0.001813	  0.000000	  0.998187	  0.000000	
  0.113234	  0.786083	  0.005299	  0.095384	
  0.120904	  0.234416	  0.385581	  0.259099	
  0.125366	  0.122019	  0.649142	  0.103472	
  0.185748	  0.637010	  0.054525	  0.122716	

URL http://cisbp.ccbr.utoronto.ca/TFreport.php?versionNumber=1.02&searchTF=T062830_1.02

MOTIF M1927_1.02 (fgeneshTA2_pg.C_scaffold_7000132)_(Mus_musculus)_(DBD_0.62)

letter-probability matrix: alength= 4 w= 8 nsites= 1 E= 0
  0.376336	  0.104063	  0.403421	  0.116180	
  0.000000	  0.808981	  0.191019	  0.000000	
  0.000000	  1.000000	  0.000000	  0.000000	
  1.000000	  0.000000	  0.000000	  0.000000	
  0.000000	  1.000000	  0.000000	  0.000000	
  0.119743	  0.000000	  0.880257	  0.000000	
  0.000000	  0.000000	  0.000000	  1.000000	
  0.000000	  0.000000	  1.000000	  0.000000	

URL http://cisbp.ccbr.utoronto.ca/TFreport.php?versionNumber=1.02&searchTF=T019761_1.02

MOTIF M1960_1.02 (e_gw1.4.669.1)_(Mus_musculus)_(DBD_0.94)

letter-probability matrix: alength= 4 w= 8 nsites= 1 E= 0
  0.000000	  1.000000	  0.000000	  0.000000	
  0.000000	  1.000000	  0.000000	  0.000000	
  0.453252	  0.000000	  0.000000	  0.546748	
  0.000000	  0.000000	  0.000000	  1.000000	
  0.000000	  0.000000	  0.000000	  1.000000	
  0.000000	  0.000000	  1.000000	  0.000000	
  0.000000	  0.000000	  0.000000	  1.000000	
  0.000000	  0.283875	  0.201220	  0.514905	

URL http://cisbp.ccbr.utoronto.ca/TFreport.php?versionNumber=1.02&searchTF=T146678_1.02

MOTIF M2272_1.02 (fgeneshTA2_pm.C_scaffold_14000011)_(Homo_sapiens)_(DBD_0.96)

letter-probability matrix: alength= 4 w= 11 nsites= 1 E= 0
  0.144835	  0.197018	  0.451544	  0.206603	
  0.082535	  0.271565	  0.645900	  0.000000	
  0.000000	  0.005857	  0.994143	  0.000000	
  0.000000	  1.000000	  0.000000	  0.000000	
  0.000000	  0.000000	  1.000000	  0.000000	
  0.014377	  0.116081	  0.869542	  0.000000	
  0.007987	  0.021832	  0.970181	  0.000000	
  0.960064	  0.000000	  0.039936	  0.000000	
  0.667199	  0.000000	  0.332801	  0.000000	
  0.379127	  0.185836	  0.383387	  0.051651	
  0.267838	  0.209265	  0.328009	  0.194888	

URL http://cisbp.ccbr.utoronto.ca/TFreport.php?versionNumber=1.02&searchTF=T077146_1.02

MOTIF M2285_1.02 (estExt_fgeneshTA2_pg.C_20640)_(Mus_musculus)_(DBD_0.73)

letter-probability matrix: alength= 4 w= 11 nsites= 1 E= 0
  0.260080	  0.073822	  0.245883	  0.420216	
  0.122090	  0.043157	  0.754117	  0.080636	
  0.015332	  0.951732	  0.000568	  0.032368	
  0.365701	  0.000568	  0.000000	  0.633731	
  0.000000	  0.220329	  0.745031	  0.034639	
  0.401476	  0.000000	  0.011925	  0.586599	
  0.000000	  0.000000	  1.000000	  0.000000	
  0.792164	  0.015900	  0.191936	  0.000000	
  0.000000	  0.001136	  0.000000	  0.998864	
  0.000000	  0.000000	  0.000000	  1.000000	
  0.053947	  0.059057	  0.248722	  0.638274	

URL http://cisbp.ccbr.utoronto.ca/TFreport.php?versionNumber=1.02&searchTF=T063910_1.02

MOTIF M2297_1.02 (e_gw1.3.1503.1)_(Homo_sapiens)_(DBD_0.94)

letter-probability matrix: alength= 4 w= 15 nsites= 1 E= 0
  0.319149	  0.145315	  0.306021	  0.229516	
  0.331824	  0.068357	  0.259393	  0.340426	
  0.195111	  0.088728	  0.372114	  0.344047	
  0.172929	  0.639203	  0.035310	  0.152558	
  0.000000	  0.445903	  0.000000	  0.554097	
  0.731553	  0.115890	  0.033499	  0.119058	
  0.772295	  0.014486	  0.109099	  0.104120	
  0.953825	  0.000000	  0.039384	  0.006790	
  0.964690	  0.000000	  0.000905	  0.034405	
  0.966501	  0.000000	  0.001811	  0.031689	
  0.025351	  0.028067	  0.000000	  0.946582	
  0.985514	  0.000000	  0.014486	  0.000000	
  0.176098	  0.054323	  0.756451	  0.013128	
  0.441376	  0.378452	  0.066999	  0.113173	
  0.456768	  0.203712	  0.057039	  0.282481	

URL http://cisbp.ccbr.utoronto.ca/TFreport.php?versionNumber=1.02&searchTF=T112241_1.02

MOTIF M2298_1.02 (fgeneshTA2_pg.C_scaffold_12000195)_(Mus_musculus)_(DBD_0.79)

letter-probability matrix: alength= 4 w= 15 nsites= 1 E= 0
  0.330648	  0.184120	  0.282317	  0.202915	
  0.227081	  0.205600	  0.386268	  0.181051	
  0.227848	  0.266974	  0.307633	  0.197545	
  0.328347	  0.055619	  0.209820	  0.406214	
  0.178750	  0.189490	  0.564634	  0.067127	
  0.565017	  0.100882	  0.205984	  0.128117	
  0.059839	  0.412351	  0.427695	  0.100115	
  0.057154	  0.000000	  0.000000	  0.942846	
  0.000000	  0.000000	  1.000000	  0.000000	
  0.948216	  0.000000	  0.019179	  0.032605	
  0.000000	  1.000000	  0.000000	  0.000000	
  1.000000	  0.000000	  0.000000	  0.000000	
  0.027618	  0.001151	  0.924818	  0.046414	
  0.100882	  0.542386	  0.291139	  0.065593	
  0.247411	  0.191408	  0.046797	  0.514384	

URL http://cisbp.ccbr.utoronto.ca/TFreport.php?versionNumber=1.02&searchTF=T101695_1.02

MOTIF M2317_1.02 (gw1.1.987.1)_(Mus_musculus)_(DBD_0.78)

letter-probability matrix: alength= 4 w= 11 nsites= 1 E= 0
  0.478480	  0.122916	  0.397286	  0.001318	
  0.683986	  0.009616	  0.306398	  0.000000	
  0.000000	  1.000000	  0.000000	  0.000000	
  1.000000	  0.000000	  0.000000	  0.000000	
  0.000620	  0.000000	  0.999380	  0.000000	
  0.014269	  0.839240	  0.146491	  0.000000	
  0.000000	  0.000000	  0.000000	  1.000000	
  0.000000	  0.000000	  1.000000	  0.000000	
  0.145405	  0.428616	  0.295541	  0.130438	
  0.303373	  0.187359	  0.226832	  0.282435	
  0.222024	  0.233036	  0.375029	  0.169911	

URL http://cisbp.ccbr.utoronto.ca/TFreport.php?versionNumber=1.02&searchTF=T020106_1.02

MOTIF M2388_1.02 (fgeneshTA2_pg.C_scaffold_38000033)_(Homo_sapiens)_(DBD_0.69)

letter-probability matrix: alength= 4 w= 10 nsites= 1 E= 0
  0.510638	  0.191489	  0.297872	  0.000000	
  0.000000	  0.000000	  0.000000	  1.000000	
  0.000000	  0.063830	  0.936170	  0.000000	
  0.212766	  0.000000	  0.787234	  0.000000	
  0.042553	  0.212766	  0.574468	  0.170213	
  0.042553	  0.191489	  0.765957	  0.000000	
  0.000000	  0.000000	  0.000000	  1.000000	
  0.000000	  0.000000	  1.000000	  0.000000	
  1.000000	  0.000000	  0.000000	  0.000000	
  0.042553	  0.340426	  0.042553	  0.574468	

URL http://cisbp.ccbr.utoronto.ca/TFreport.php?versionNumber=1.02&searchTF=T019753_1.02

MOTIF M2391_1.02 (gw1.5.1464.1)_(Homo_sapiens)_(DBD_0.82)

letter-probability matrix: alength= 4 w= 10 nsites= 1 E= 0
  0.301300	  0.000000	  0.411065	  0.287635	
  0.034972	  0.000000	  0.965028	  0.000000	
  0.000000	  0.000000	  1.000000	  0.000000	
  0.000000	  0.000000	  1.000000	  0.000000	
  0.248182	  0.380721	  0.000000	  0.371097	
  0.000000	  0.000000	  1.000000	  0.000000	
  0.041511	  0.000000	  0.703034	  0.255455	
  0.117772	  0.000000	  0.882228	  0.000000	
  0.125707	  0.000000	  0.874293	  0.000000	
  0.190067	  0.556315	  0.148630	  0.104989	

URL http://cisbp.ccbr.utoronto.ca/TFreport.php?versionNumber=1.02&searchTF=T066125_1.02

MOTIF M4473_1.02 (e_gw1.2.1170.1)_(Homo_sapiens)_(DBD_0.92)

letter-probability matrix: alength= 4 w= 15 nsites= 1 E= 0
  0.202000	  0.212000	  0.382000	  0.204000	
  0.142000	  0.380000	  0.234000	  0.244000	
  0.106000	  0.498000	  0.176000	  0.220000	
  0.356000	  0.100000	  0.366000	  0.178000	
  0.220000	  0.078000	  0.608000	  0.094000	
  0.004000	  0.844000	  0.008000	  0.144000	
  0.002000	  0.998000	  0.000000	  0.000000	
  0.952000	  0.022000	  0.000000	  0.026000	
  0.834000	  0.098000	  0.064000	  0.004000	
  0.000000	  0.038000	  0.002000	  0.960000	
  0.146000	  0.522000	  0.294000	  0.038000	
  0.560000	  0.050000	  0.390000	  0.000000	
  0.202000	  0.220000	  0.484000	  0.094000	
  0.400000	  0.240000	  0.260000	  0.100000	
  0.324000	  0.112000	  0.414000	  0.150000	

URL http://cisbp.ccbr.utoronto.ca/TFreport.php?versionNumber=1.02&searchTF=T100939_1.02

MOTIF M4511_1.02 (fgeneshTA2_pm.C_scaffold_2000050)_(Homo_sapiens)_(DBD_0.77)

letter-probability matrix: alength= 4 w= 8 nsites= 1 E= 0
  0.000000	  0.000000	  0.000000	  1.000000	
  0.129518	  0.000000	  0.870482	  0.000000	
  1.000000	  0.000000	  0.000000	  0.000000	
  0.168675	  0.831325	  0.000000	  0.000000	
  0.000000	  1.000000	  0.000000	  0.000000	
  0.000000	  0.373494	  0.000000	  0.626506	
  0.000000	  0.554217	  0.081325	  0.364458	
  0.225904	  0.153614	  0.183735	  0.436747	

URL http://cisbp.ccbr.utoronto.ca/TFreport.php?versionNumber=1.02&searchTF=T135000_1.02

MOTIF M4567_1.02 (e_gw1.7.829.1)_(Homo_sapiens)_(DBD_0.94)

letter-probability matrix: alength= 4 w= 15 nsites= 1 E= 0
  0.244856	  0.275720	  0.325103	  0.154321	
  0.220165	  0.469136	  0.129630	  0.181070	
  0.456790	  0.065844	  0.026749	  0.450617	
  0.432099	  0.135802	  0.353909	  0.078189	
  0.475309	  0.010288	  0.144033	  0.370370	
  0.127572	  0.004115	  0.864198	  0.004115	
  0.000000	  0.316872	  0.000000	  0.683128	
  0.849794	  0.148148	  0.002058	  0.000000	
  0.940329	  0.059671	  0.000000	  0.000000	
  1.000000	  0.000000	  0.000000	  0.000000	
  0.000000	  0.683127	  0.002058	  0.314815	
  0.960906	  0.000000	  0.008230	  0.030864	
  0.220165	  0.224280	  0.279835	  0.275720	
  0.283951	  0.216049	  0.265432	  0.234568	
  0.234568	  0.197531	  0.374486	  0.193416	

URL http://cisbp.ccbr.utoronto.ca/TFreport.php?versionNumber=1.02&searchTF=T083084_1.02

MOTIF M4618_1.02 (e_gw1.1.2306.1)_(Homo_sapiens)_(DBD_0.76)

letter-probability matrix: alength= 4 w= 21 nsites= 1 E= 0
  0.076923	  0.692308	  0.182186	  0.048583	
  0.408907	  0.429150	  0.076923	  0.085020	
  0.016194	  0.287449	  0.040486	  0.655871	
  0.024291	  0.202429	  0.473684	  0.299595	
  0.080972	  0.785425	  0.072874	  0.060729	
  0.012146	  0.218623	  0.004049	  0.765182	
  0.004049	  0.000000	  0.995951	  0.000000	
  0.000000	  0.000000	  1.000000	  0.000000	
  0.032389	  0.000000	  0.959514	  0.008097	
  0.898786	  0.008097	  0.068826	  0.024291	
  0.344130	  0.145749	  0.425101	  0.085020	
  0.222672	  0.113360	  0.093117	  0.570851	
  0.008097	  0.125506	  0.060729	  0.805668	
  0.000000	  0.008097	  0.991903	  0.000000	
  0.020243	  0.036437	  0.048583	  0.894737	
  0.943320	  0.000000	  0.056680	  0.000000	
  0.000000	  0.000000	  0.995951	  0.004049	
  0.000000	  0.000000	  0.020243	  0.979757	
  0.016194	  0.473684	  0.044534	  0.465587	
  0.028340	  0.647773	  0.028340	  0.295547	
  0.178138	  0.356275	  0.178138	  0.287449	

URL http://cisbp.ccbr.utoronto.ca/TFreport.php?versionNumber=1.02&searchTF=T078987_1.02

MOTIF M4699_1.02 (fgeneshTA2_pm.C_scaffold_12000032)_(Homo_sapiens)_(DBD_0.87)

letter-probability matrix: alength= 4 w= 6 nsites= 1 E= 0
  0.064565	  0.027027	  0.042042	  0.866366	
  0.024024	  0.006006	  0.939940	  0.030030	
  0.072072	  0.049550	  0.857357	  0.021021	
  0.770270	  0.114114	  0.070571	  0.045045	
  0.048048	  0.884384	  0.039039	  0.028529	
  0.043544	  0.067568	  0.019520	  0.869368	

URL http://cisbp.ccbr.utoronto.ca/TFreport.php?versionNumber=1.02&searchTF=T134999_1.02

MOTIF M4708_1.02 (fgeneshTA2_pm.C_scaffold_6000007)_(Homo_sapiens)_(DBD_0.91)

letter-probability matrix: alength= 4 w= 10 nsites= 1 E= 0
  0.161765	  0.161765	  0.058824	  0.617646	
  1.000000	  0.000000	  0.000000	  0.000000	
  0.014706	  0.000000	  0.029412	  0.955882	
  0.191176	  0.000000	  0.691177	  0.117647	
  0.000000	  0.779412	  0.000000	  0.220588	
  0.779412	  0.000000	  0.000000	  0.220588	
  0.838235	  0.000000	  0.161765	  0.000000	
  0.808824	  0.088235	  0.000000	  0.102941	
  0.117647	  0.044118	  0.029412	  0.808823	
  0.632353	  0.044118	  0.205882	  0.117647	

URL http://cisbp.ccbr.utoronto.ca/TFreport.php?versionNumber=1.02&searchTF=T150867_1.02

MOTIF M4742_1.02 (gw1.2.1291.1)_(Drosophila_melanogaster)_(DBD_0.84)

letter-probability matrix: alength= 4 w= 7 nsites= 1 E= 0
  0.145419	  0.323117	  0.115096	  0.416368	
  0.043039	  0.023476	  0.000000	  0.933485	
  0.949136	  0.000000	  0.016629	  0.034235	
  0.987284	  0.000000	  0.012716	  0.000000	
  0.007825	  0.110205	  0.000000	  0.881969	
  0.115748	  0.058037	  0.295729	  0.530486	
  0.680470	  0.023150	  0.275840	  0.020541	

URL http://cisbp.ccbr.utoronto.ca/TFreport.php?versionNumber=1.02&searchTF=T102017_1.02

MOTIF M4834_1.02 (fgeneshTA2_kg.C_scaffold_24000001)_(Drosophila_melanogaster)_(DBD_0.82)

letter-probability matrix: alength= 4 w= 7 nsites= 1 E= 0
  0.100358	  0.360215	  0.082437	  0.456989	
  0.008961	  0.000000	  0.008961	  0.982079	
  0.942652	  0.050179	  0.000000	  0.007168	
  0.955197	  0.044803	  0.000000	  0.000000	
  0.000000	  0.008961	  0.019713	  0.971326	
  0.078853	  0.005376	  0.405018	  0.510753	
  0.905018	  0.016129	  0.078853	  0.000000	

URL http://cisbp.ccbr.utoronto.ca/TFreport.php?versionNumber=1.02&searchTF=T101692_1.02

MOTIF M4836_1.02 (e_gw1.4.661.1)_(Drosophila_melanogaster)_(DBD_0.59)

letter-probability matrix: alength= 4 w= 15 nsites= 1 E= 0
  0.337066	  0.278835	  0.248600	  0.135498	
  0.336656	  0.322259	  0.190476	  0.150609	
  0.322296	  0.264901	  0.209713	  0.203091	
  0.315673	  0.278146	  0.203091	  0.203091	
  0.421634	  0.210817	  0.150110	  0.217439	
  0.493377	  0.059603	  0.317881	  0.129139	
  0.960265	  0.000000	  0.009934	  0.029801	
  0.995585	  0.000000	  0.000000	  0.004415	
  1.000000	  0.000000	  0.000000	  0.000000	
  0.991170	  0.000000	  0.008830	  0.000000	
  1.000000	  0.000000	  0.000000	  0.000000	
  0.986755	  0.009934	  0.003311	  0.000000	
  0.449227	  0.072848	  0.033113	  0.444812	
  0.127920	  0.373749	  0.342603	  0.155729	
  0.292035	  0.384324	  0.154235	  0.169406	

URL http://cisbp.ccbr.utoronto.ca/TFreport.php?versionNumber=1.02&searchTF=T083072_1.02

MOTIF M4841_1.02 (gw1.5.527.1)_(Drosophila_melanogaster)_(DBD_0.76)

letter-probability matrix: alength= 4 w= 15 nsites= 1 E= 0
  0.210332	  0.402214	  0.129151	  0.258303	
  0.434505	  0.309904	  0.146965	  0.108626	
  0.921922	  0.009009	  0.048048	  0.021021	
  0.948949	  0.003003	  0.015015	  0.033033	
  0.816817	  0.003003	  0.168168	  0.012012	
  0.600601	  0.009009	  0.009009	  0.381381	
  0.006006	  0.009009	  0.975976	  0.009009	
  0.762763	  0.132132	  0.072072	  0.033033	
  0.123123	  0.045045	  0.759760	  0.072072	
  0.027027	  0.933934	  0.012012	  0.027027	
  0.996997	  0.000000	  0.003003	  0.000000	
  0.786787	  0.000000	  0.105105	  0.108108	
  0.069069	  0.621622	  0.006006	  0.303303	
  0.212121	  0.448485	  0.215152	  0.124242	
  0.389078	  0.276451	  0.283276	  0.051195	

URL http://cisbp.ccbr.utoronto.ca/TFreport.php?versionNumber=1.02&searchTF=T066135_1.02

MOTIF M4967_1.02 (gw1.3.716.1)_(Drosophila_melanogaster)_(DBD_0.77)

letter-probability matrix: alength= 4 w= 13 nsites= 1 E= 0
  0.058824	  0.882353	  0.000000	  0.058824	
  0.058824	  0.000000	  0.941176	  0.000000	
  0.000000	  0.000000	  0.000000	  1.000000	
  0.000000	  1.000000	  0.000000	  0.000000	
  1.000000	  0.000000	  0.000000	  0.000000	
  0.000000	  0.058824	  0.941176	  0.000000	
  0.000000	  0.823529	  0.176471	  0.000000	
  0.000000	  0.000000	  0.000000	  1.000000	
  0.000000	  0.000000	  1.000000	  0.000000	
  0.235294	  0.000000	  0.352941	  0.411765	
  0.058824	  0.470588	  0.117647	  0.352941	
  0.176471	  0.117647	  0.647059	  0.058824	
  0.294118	  0.058824	  0.117647	  0.529412	

URL http://cisbp.ccbr.utoronto.ca/TFreport.php?versionNumber=1.02&searchTF=T020134_1.02

MOTIF M4971_1.02 (fgeneshTA2_pg.C_scaffold_5000807)_(Drosophila_melanogaster)_(DBD_0.62)

letter-probability matrix: alength= 4 w= 10 nsites= 1 E= 0
  0.052632	  0.000000	  0.789474	  0.157895	
  0.105263	  0.105263	  0.210526	  0.578947	
  0.421053	  0.210526	  0.368421	  0.000000	
  0.736842	  0.000000	  0.105263	  0.157895	
  0.000000	  1.000000	  0.000000	  0.000000	
  0.947368	  0.000000	  0.052632	  0.000000	
  0.000000	  0.052632	  0.789474	  0.157895	
  0.263158	  0.421053	  0.263158	  0.052632	
  0.000000	  0.052632	  0.000000	  0.947368	
  0.000000	  0.000000	  0.894737	  0.105263	

URL http://cisbp.ccbr.utoronto.ca/TFreport.php?versionNumber=1.02&searchTF=T019759_1.02

MOTIF M4973_1.02 (e_gw1.5.549.1)_(Drosophila_melanogaster)_(DBD_0.73)

letter-probability matrix: alength= 4 w= 9 nsites= 1 E= 0
  0.000000	  0.300000	  0.150000	  0.550000	
  0.150000	  0.600000	  0.150000	  0.100000	
  0.400000	  0.000000	  0.550000	  0.050000	
  0.400000	  0.000000	  0.000000	  0.600000	
  0.800000	  0.050000	  0.000000	  0.150000	
  0.800000	  0.200000	  0.000000	  0.000000	
