FPR	TPR
0.0	0.0
0.00546448087431694	0.0
0.00546448087431694	0.00546448087431694
0.01092896174863388	0.00546448087431694
0.01092896174863388	0.01092896174863388
0.0273224043715847	0.01092896174863388
0.0273224043715847	0.03278688524590164
0.0273224043715847	0.04371584699453552
0.03825136612021858	0.04371584699453552
0.04918032786885246	0.04371584699453552
0.04918032786885246	0.06557377049180328
0.0546448087431694	0.06557377049180328
0.0546448087431694	0.07650273224043716
0.07103825136612021	0.07650273224043716
0.07103825136612021	0.09289617486338798
0.08196721311475409	0.09289617486338798
0.08196721311475409	0.10382513661202186
0.09289617486338798	0.10382513661202186
0.09289617486338798	0.12568306010928962
0.11475409836065574	0.12568306010928962
0.11475409836065574	0.13114754098360656
0.12568306010928962	0.13114754098360656
0.12568306010928962	0.14207650273224043
0.1366120218579235	0.14207650273224043
0.1366120218579235	0.14754098360655737
0.16393442622950818	0.14754098360655737
0.16393442622950818	0.15300546448087432
0.16939890710382513	0.15300546448087432
0.16939890710382513	0.17486338797814208
0.18032786885245902	0.17486338797814208
0.18032786885245902	0.1912568306010929
0.1912568306010929	0.1912568306010929
0.1912568306010929	0.20218579234972678
0.19672131147540983	0.20218579234972678
0.20218579234972678	0.20765027322404372
0.20765027322404372	0.20765027322404372
0.20765027322404372	0.21311475409836064
0.21311475409836064	0.21311475409836064
0.21311475409836064	0.2185792349726776
0.22404371584699453	0.2185792349726776
0.22950819672131148	0.22404371584699453
0.23497267759562843	0.22404371584699453
0.23497267759562843	0.24043715846994534
0.2459016393442623	0.24043715846994534
0.2459016393442623	0.2459016393442623
0.26229508196721313	0.2459016393442623
0.26229508196721313	0.26229508196721313
0.2677595628415301	0.26229508196721313
0.2677595628415301	0.2786885245901639
0.2786885245901639	0.2786885245901639
0.2786885245901639	0.30601092896174864
0.28415300546448086	0.30601092896174864
0.28415300546448086	0.3114754098360656
0.28415300546448086	0.3224043715846995
0.2896174863387978	0.3224043715846995
0.2896174863387978	0.32786885245901637
0.3005464480874317	0.32786885245901637
0.3005464480874317	0.3333333333333333
0.3114754098360656	0.3333333333333333
0.3224043715846995	0.3333333333333333
0.3224043715846995	0.3442622950819672
0.3333333333333333	0.3442622950819672
0.3333333333333333	0.3551912568306011
0.33879781420765026	0.36065573770491804
0.3442622950819672	0.36065573770491804
0.3442622950819672	0.366120218579235
0.3770491803278688	0.366120218579235
0.3770491803278688	0.37158469945355194
0.3879781420765027	0.37158469945355194
0.3879781420765027	0.3879781420765027
0.3989071038251366	0.3879781420765027
0.3989071038251366	0.39344262295081966
0.40437158469945356	0.39344262295081966
0.41530054644808745	0.39344262295081966
0.41530054644808745	0.3989071038251366
0.4207650273224044	0.3989071038251366
0.4207650273224044	0.4098360655737705
0.43169398907103823	0.4098360655737705
0.43169398907103823	0.4207650273224044
0.4371584699453552	0.4207650273224044
0.4371584699453552	0.4262295081967213
0.4644808743169399	0.4262295081967213
0.4644808743169399	0.4426229508196721
0.4644808743169399	0.453551912568306
0.4644808743169399	0.4644808743169399
0.4918032786885246	0.4644808743169399
0.4918032786885246	0.47540983606557374
0.4972677595628415	0.47540983606557374
0.4972677595628415	0.48633879781420764
0.5081967213114754	0.48633879781420764
0.5081967213114754	0.5027322404371585
0.5136612021857924	0.5027322404371585
0.5136612021857924	0.5081967213114754
0.5191256830601093	0.5136612021857924
0.5519125683060109	0.5136612021857924
0.5519125683060109	0.5245901639344263
0.5573770491803278	0.5300546448087432
0.5573770491803278	0.5355191256830601
0.5683060109289617	0.5355191256830601
0.5683060109289617	0.546448087431694
0.5683060109289617	0.5519125683060109
0.5683060109289617	0.5628415300546448
0.5737704918032787	0.5628415300546448
0.5737704918032787	0.5683060109289617
0.5792349726775956	0.5683060109289617
0.5792349726775956	0.5737704918032787
0.5846994535519126	0.5737704918032787
0.5846994535519126	0.5901639344262295
0.5901639344262295	0.5901639344262295
0.5901639344262295	0.5956284153005464
0.5956284153005464	0.6120218579234973
0.6010928961748634	0.6120218579234973
0.6010928961748634	0.6174863387978142
0.6120218579234973	0.6174863387978142
0.6120218579234973	0.6284153005464481
0.6174863387978142	0.6284153005464481
0.6174863387978142	0.6338797814207651
0.6229508196721312	0.6338797814207651
0.6229508196721312	0.644808743169399
0.6229508196721312	0.6502732240437158
0.6284153005464481	0.6502732240437158
0.6284153005464481	0.6612021857923497
0.6338797814207651	0.6612021857923497
0.6338797814207651	0.6666666666666666
0.6338797814207651	0.6775956284153005
0.6721311475409836	0.6775956284153005
0.6721311475409836	0.6830601092896175
0.6775956284153005	0.6830601092896175
0.6775956284153005	0.6939890710382514
0.6885245901639344	0.6939890710382514
0.7213114754098361	0.6939890710382514
0.7213114754098361	0.7213114754098361
0.726775956284153	0.7213114754098361
0.726775956284153	0.726775956284153
0.7486338797814208	0.726775956284153
0.7486338797814208	0.7377049180327869
0.7486338797814208	0.7431693989071039
0.7595628415300546	0.7431693989071039
0.7595628415300546	0.7540983606557377
0.7704918032786885	0.7704918032786885
0.7759562841530054	0.7704918032786885
0.7759562841530054	0.7814207650273224
0.7759562841530054	0.7868852459016393
0.7814207650273224	0.7868852459016393
0.7814207650273224	0.7923497267759563
0.7923497267759563	0.7923497267759563
0.7923497267759563	0.8142076502732241
0.7978142076502732	0.8142076502732241
0.7978142076502732	0.819672131147541
0.8360655737704918	0.819672131147541
0.8360655737704918	0.8469945355191257
0.8415300546448088	0.8469945355191257
0.8415300546448088	0.8579234972677595
0.8415300546448088	0.8688524590163934
0.8469945355191257	0.8688524590163934
0.8469945355191257	0.8743169398907104
0.8688524590163934	0.8743169398907104
0.8688524590163934	0.8797814207650273
0.8743169398907104	0.8797814207650273
0.8743169398907104	0.8852459016393442
0.8907103825136612	0.8852459016393442
0.8907103825136612	0.8907103825136612
0.8961748633879781	0.8907103825136612
0.8961748633879781	0.8961748633879781
0.9016393442622951	0.8961748633879781
0.9016393442622951	0.907103825136612
0.907103825136612	0.907103825136612
0.907103825136612	0.912568306010929
0.912568306010929	0.912568306010929
0.912568306010929	0.9234972677595629
0.9289617486338798	0.9234972677595629
0.9398907103825137	0.9234972677595629
0.9453551912568307	0.9234972677595629
0.9453551912568307	0.9289617486338798
0.9508196721311475	0.9289617486338798
0.9508196721311475	0.9398907103825137
0.9617486338797814	0.9398907103825137
0.9617486338797814	0.9508196721311475
0.9672131147540983	0.9508196721311475
0.9672131147540983	0.9726775956284153
0.9726775956284153	0.9726775956284153
0.9726775956284153	0.9781420765027322
0.9726775956284153	0.9890710382513661
0.9836065573770492	0.9890710382513661
0.9836065573770492	0.994535519125683
0.994535519125683	0.994535519125683
0.994535519125683	1.0
1.0	1.0
