MEME version 5.5.8 (Fri May 2 15:43:49 2025 -0700)

ALPHABET= ACGT

strands: + -

Background letter frequencies (from uniform background):
A 0.25000 C 0.25000 G 0.25000 T 0.25000 

MOTIF M00154_2.00 (ACYPI004845)_(Mus_musculus)_(DBD_0.80)

letter-probability matrix: alength= 4 w= 10 nsites= 1 E= 0
  0.323791	  0.157606	  0.184952	  0.333651	
  0.356499	  0.123511	  0.133798	  0.386191	
  0.252758	  0.144378	  0.247753	  0.355112	
  0.126742	  0.200769	  0.545747	  0.126742	
  0.023207	  0.074773	  0.901856	  0.000164	
  0.069741	  0.911218	  0.000224	  0.018817	
  0.000176	  0.000025	  0.982509	  0.017290	
  0.011409	  0.610578	  0.359389	  0.018623	
  0.108464	  0.261496	  0.386224	  0.243817	
  0.250797	  0.271685	  0.168114	  0.309403	

URL http://cisbp.ccbr.utoronto.ca/TFreport.php?versionNumber=2.00&searchTF=T172263_2.00

MOTIF M00161_2.00 (ACYPI55143)_(Mus_musculus)_(DBD_0.67)

letter-probability matrix: alength= 4 w= 12 nsites= 1 E= 0
  0.394926	  0.201691	  0.201691	  0.201691	
  0.357836	  0.147163	  0.347838	  0.147163	
  0.159006	  0.172368	  0.068783	  0.599842	
  0.841382	  0.113021	  0.022798	  0.022798	
  0.999531	  0.000156	  0.000156	  0.000156	
  0.999531	  0.000156	  0.000156	  0.000156	
  0.000156	  0.999531	  0.000156	  0.000156	
  0.999531	  0.000156	  0.000156	  0.000156	
  0.854605	  0.048465	  0.048465	  0.048465	
  0.691020	  0.102993	  0.102993	  0.102993	
  0.181373	  0.360053	  0.181373	  0.277201	
  0.317926	  0.227358	  0.227358	  0.227358	

URL http://cisbp.ccbr.utoronto.ca/TFreport.php?versionNumber=2.00&searchTF=T184519_2.00

MOTIF M00195_2.00 (ACYPI004663)_(Mus_musculus)_(DBD_0.90)

letter-probability matrix: alength= 4 w= 10 nsites= 1 E= 0
  0.279067	  0.181426	  0.181426	  0.358081	
  0.289551	  0.189085	  0.212315	  0.309049	
  0.000105	  0.000105	  0.000105	  0.999685	
  0.000105	  0.000105	  0.999685	  0.000105	
  0.000105	  0.999685	  0.000105	  0.000105	
  0.000105	  0.000105	  0.000105	  0.999685	
  0.000105	  0.000105	  0.999685	  0.000105	
  0.999685	  0.000105	  0.000105	  0.000105	
  0.068679	  0.613130	  0.162332	  0.155859	
  0.241038	  0.147190	  0.147190	  0.464583	

URL http://cisbp.ccbr.utoronto.ca/TFreport.php?versionNumber=2.00&searchTF=T326328_2.00

MOTIF M00264_2.00 (ACYPI45604)_(Homo_sapiens)_(DBD_0.90)

letter-probability matrix: alength= 4 w= 9 nsites= 1 E= 0
  0.233408	  0.265811	  0.293767	  0.207014	
  0.218699	  0.307260	  0.229912	  0.244129	
  0.170035	  0.133754	  0.053303	  0.642908	
  0.615562	  0.090246	  0.171149	  0.123043	
  0.889185	  0.026584	  0.061578	  0.022653	
  0.050885	  0.155955	  0.072935	  0.720226	
  0.195427	  0.193483	  0.209597	  0.401492	
  0.262679	  0.206630	  0.324061	  0.206630	
  0.264075	  0.227292	  0.322542	  0.186091	

URL http://cisbp.ccbr.utoronto.ca/TFreport.php?versionNumber=2.00&searchTF=T204191_2.00

MOTIF M00282_2.00 (ACYPI49458)_(Homo_sapiens)_(DBD_0.90)

letter-probability matrix: alength= 4 w= 8 nsites= 1 E= 0
  0.000303	  0.091102	  0.000303	  0.908293	
  0.972192	  0.000270	  0.027268	  0.000270	
  0.999190	  0.000270	  0.000270	  0.000270	
  0.000270	  0.000270	  0.000270	  0.999190	
  0.000270	  0.000270	  0.000270	  0.999190	
  0.742295	  0.000285	  0.257135	  0.000285	
  0.143010	  0.107347	  0.642297	  0.107347	
  0.105567	  0.210609	  0.105567	  0.578256	

URL http://cisbp.ccbr.utoronto.ca/TFreport.php?versionNumber=2.00&searchTF=T204195_2.00

MOTIF M00287_2.00 (ACYPI002093)_(Homo_sapiens)_(DBD_0.91)

letter-probability matrix: alength= 4 w= 10 nsites= 1 E= 0
  0.276533	  0.274138	  0.272562	  0.176767	
  0.096569	  0.200738	  0.096569	  0.606124	
  0.000039	  0.000039	  0.000039	  0.999883	
  0.999883	  0.000039	  0.000039	  0.000039	
  0.999883	  0.000039	  0.000039	  0.000039	
  0.000039	  0.000039	  0.000039	  0.999883	
  0.000039	  0.000039	  0.000039	  0.999883	
  0.999883	  0.000039	  0.000039	  0.000039	
  0.187323	  0.073272	  0.666133	  0.073272	
  0.248701	  0.250739	  0.247869	  0.252690	

URL http://cisbp.ccbr.utoronto.ca/TFreport.php?versionNumber=2.00&searchTF=T204131_2.00

MOTIF M00313_2.00 (ACYPI008723)_(Homo_sapiens)_(DBD_0.96)

letter-probability matrix: alength= 4 w= 8 nsites= 1 E= 0
  0.236754	  0.264283	  0.191909	  0.307053	
  0.206447	  0.060343	  0.054601	  0.678609	
  0.695907	  0.033623	  0.143339	  0.127131	
  0.911180	  0.028638	  0.048654	  0.011528	
  0.071152	  0.047220	  0.245873	  0.635756	
  0.157348	  0.600920	  0.093547	  0.148185	
  0.119260	  0.534486	  0.103680	  0.242574	
  0.228531	  0.327560	  0.213081	  0.230828	

URL http://cisbp.ccbr.utoronto.ca/TFreport.php?versionNumber=2.00&searchTF=T204152_2.00

MOTIF M00330_2.00 (ACYPI002600)_(Homo_sapiens)_(DBD_0.90)

letter-probability matrix: alength= 4 w= 8 nsites= 1 E= 0
  0.050417	  0.165492	  0.143915	  0.640175	
  0.016355	  0.103293	  0.000054	  0.880298	
  0.854797	  0.119198	  0.005232	  0.020773	
  0.984304	  0.005232	  0.010412	  0.000052	
  0.010412	  0.020773	  0.005232	  0.963583	
  0.047915	  0.037279	  0.196820	  0.717986	
  0.736714	  0.000066	  0.250000	  0.013220	
  0.063130	  0.198217	  0.225234	  0.513419	

URL http://cisbp.ccbr.utoronto.ca/TFreport.php?versionNumber=2.00&searchTF=T204133_2.00

MOTIF M00384_2.00 (ACYPI33702)_(Mus_musculus)_(DBD_0.74)

letter-probability matrix: alength= 4 w= 9 nsites= 1 E= 0
  0.260011	  0.244869	  0.186928	  0.308192	
  0.121246	  0.118845	  0.033711	  0.726198	
  0.700489	  0.000333	  0.270908	  0.028269	
  0.962122	  0.009292	  0.000107	  0.028478	
  0.024775	  0.111032	  0.068021	  0.796173	
  0.075798	  0.088950	  0.394680	  0.440572	
  0.541591	  0.066321	  0.277137	  0.114952	
  0.183583	  0.341268	  0.255359	  0.219789	
  0.201776	  0.326086	  0.199769	  0.272370	

URL http://cisbp.ccbr.utoronto.ca/TFreport.php?versionNumber=2.00&searchTF=T204181_2.00

MOTIF M00388_2.00 (ACYPI005682)_(Mus_musculus)_(DBD_0.93)

letter-probability matrix: alength= 4 w= 10 nsites= 1 E= 0
  0.247073	  0.284202	  0.206373	  0.262352	
  0.149870	  0.075171	  0.040036	  0.734924	
  0.706549	  0.090958	  0.126519	  0.075974	
  0.851645	  0.008910	  0.044131	  0.095313	
  0.070692	  0.091682	  0.096383	  0.741243	
  0.120799	  0.217919	  0.226813	  0.434469	
  0.367812	  0.088905	  0.402450	  0.140833	
  0.215590	  0.296895	  0.274069	  0.213445	
  0.220651	  0.269503	  0.211999	  0.297847	
  0.238452	  0.238452	  0.243269	  0.279826	

URL http://cisbp.ccbr.utoronto.ca/TFreport.php?versionNumber=2.00&searchTF=T204140_2.00

MOTIF M00396_2.00 (ACYPI010101)_(Mus_musculus)_(DBD_0.96)

letter-probability matrix: alength= 4 w= 8 nsites= 1 E= 0
  0.243137	  0.255603	  0.173058	  0.328201	
  0.180751	  0.050761	  0.028138	  0.740350	
  0.754094	  0.029830	  0.091425	  0.124651	
  0.948503	  0.020184	  0.016361	  0.014953	
  0.061921	  0.014525	  0.234126	  0.689428	
  0.144617	  0.648127	  0.069692	  0.137564	
  0.112198	  0.502838	  0.114465	  0.270499	
  0.173843	  0.301314	  0.278148	  0.246695	

URL http://cisbp.ccbr.utoronto.ca/TFreport.php?versionNumber=2.00&searchTF=T204161_2.00

MOTIF M00417_2.00 (ACYPI29703)_(Mus_musculus)_(DBD_1.00)

letter-probability matrix: alength= 4 w= 8 nsites= 1 E= 0
  0.281218	  0.216834	  0.307701	  0.194247	
  0.129122	  0.376440	  0.129122	  0.365315	
  0.165282	  0.184501	  0.049782	  0.600435	
  0.689510	  0.110607	  0.091467	  0.108417	
  0.925332	  0.042528	  0.028507	  0.003633	
  0.103670	  0.106828	  0.082370	  0.707132	
  0.155855	  0.155855	  0.181078	  0.507211	
  0.479837	  0.103902	  0.258126	  0.158135	

URL http://cisbp.ccbr.utoronto.ca/TFreport.php?versionNumber=2.00&searchTF=T204180_2.00

MOTIF M00432_2.00 (ACYPI006800)_(Mus_musculus)_(DBD_0.90)

letter-probability matrix: alength= 4 w= 8 nsites= 1 E= 0
  0.233021	  0.233021	  0.237729	  0.296228	
  0.299569	  0.128040	  0.147281	  0.425109	
  0.394212	  0.088845	  0.184360	  0.332583	
  0.791037	  0.010521	  0.120704	  0.077738	
  0.125342	  0.030909	  0.107883	  0.735866	
  0.111249	  0.116952	  0.215243	  0.556556	
  0.502249	  0.069345	  0.330001	  0.098405	
  0.304872	  0.239820	  0.275859	  0.179449	

URL http://cisbp.ccbr.utoronto.ca/TFreport.php?versionNumber=2.00&searchTF=T204143_2.00

MOTIF M00447_2.00 (ACYPI42801)_(Mus_musculus)_(DBD_0.84)

letter-probability matrix: alength= 4 w= 9 nsites= 1 E= 0
  0.183920	  0.139004	  0.156726	  0.520350	
  0.231545	  0.100965	  0.097981	  0.569509	
  0.322915	  0.032375	  0.117612	  0.527099	
  0.895068	  0.000095	  0.040322	  0.064515	
  0.018680	  0.218648	  0.065200	  0.697472	
  0.195021	  0.071744	  0.312033	  0.421201	
  0.410966	  0.079719	  0.410966	  0.098348	
  0.135530	  0.399094	  0.208345	  0.257031	
  0.228343	  0.305164	  0.221594	  0.244899	

URL http://cisbp.ccbr.utoronto.ca/TFreport.php?versionNumber=2.00&searchTF=T204189_2.00

MOTIF M00458_2.00 (ACYPI002171)_(Mus_musculus)_(DBD_0.98)

letter-probability matrix: alength= 4 w= 7 nsites= 1 E= 0
  0.207112	  0.268610	  0.252968	  0.271310	
  0.229210	  0.070431	  0.130927	  0.569432	
  0.521448	  0.073450	  0.236656	  0.168445	
  0.627941	  0.108034	  0.128053	  0.135972	
  0.172464	  0.088251	  0.270478	  0.468806	
  0.209059	  0.140136	  0.302661	  0.348144	
  0.255000	  0.139947	  0.428917	  0.176137	

URL http://cisbp.ccbr.utoronto.ca/TFreport.php?versionNumber=2.00&searchTF=T204132_2.00

MOTIF M00469_2.00 (ACYPI43755)_(Mus_musculus)_(DBD_0.91)

letter-probability matrix: alength= 4 w= 9 nsites= 1 E= 0
  0.180487	  0.322358	  0.168285	  0.328870	
  0.103026	  0.115005	  0.065038	  0.716930	
  0.775551	  0.063661	  0.107080	  0.053709	
  0.897628	  0.006358	  0.000454	  0.095560	
  0.077016	  0.098890	  0.055925	  0.768169	
  0.180572	  0.058917	  0.288913	  0.471598	
  0.490098	  0.081013	  0.288474	  0.140415	
  0.197887	  0.298180	  0.280815	  0.223117	
  0.176121	  0.347641	  0.210855	  0.265382	

URL http://cisbp.ccbr.utoronto.ca/TFreport.php?versionNumber=2.00&searchTF=T204190_2.00

MOTIF M00476_2.00 (ACYPI008076)_(Mus_musculus)_(DBD_1.00)

letter-probability matrix: alength= 4 w= 9 nsites= 1 E= 0
  0.219817	  0.202917	  0.222026	  0.355240	
  0.214850	  0.129017	  0.132946	  0.523188	
  0.513373	  0.061621	  0.131763	  0.293243	
  0.787783	  0.015788	  0.077418	  0.119012	
  0.061583	  0.194490	  0.104625	  0.639303	
  0.168088	  0.140399	  0.363030	  0.328483	
  0.320844	  0.119218	  0.380298	  0.179640	
  0.183628	  0.344782	  0.238153	  0.233437	
  0.224687	  0.297291	  0.224687	  0.253334	

URL http://cisbp.ccbr.utoronto.ca/TFreport.php?versionNumber=2.00&searchTF=T204149_2.00

MOTIF M00483_2.00 (ACYPI000853)_(Mus_musculus)_(DBD_0.96)

letter-probability matrix: alength= 4 w= 7 nsites= 1 E= 0
  0.247356	  0.242458	  0.265291	  0.244895	
  0.187686	  0.245862	  0.203318	  0.363134	
  0.206531	  0.145540	  0.437226	  0.210703	
  0.818609	  0.111900	  0.033704	  0.035788	
  0.126658	  0.170970	  0.099632	  0.602740	
  0.539508	  0.337193	  0.043409	  0.079890	
  0.146793	  0.419484	  0.179294	  0.254430	

URL http://cisbp.ccbr.utoronto.ca/TFreport.php?versionNumber=2.00&searchTF=T204124_2.00

MOTIF M00485_2.00 (ACYPI48371)_(Mus_musculus)_(DBD_0.66)

letter-probability matrix: alength= 4 w= 7 nsites= 1 E= 0
  0.187295	  0.271153	  0.247815	  0.293737	
  0.250771	  0.201249	  0.229188	  0.318793	
  0.296001	  0.169078	  0.244781	  0.290140	
  0.718437	  0.000173	  0.207904	  0.073485	
  0.249149	  0.003519	  0.152635	  0.594697	
  0.242601	  0.126649	  0.230769	  0.399981	
  0.470117	  0.042224	  0.321495	  0.166165	

URL http://cisbp.ccbr.utoronto.ca/TFreport.php?versionNumber=2.00&searchTF=T204194_2.00

MOTIF M00486_2.00 (ACYPI46242)_(Mus_musculus)_(DBD_0.91)

letter-probability matrix: alength= 4 w= 7 nsites= 1 E= 0
  0.153626	  0.124527	  0.117275	  0.604572	
  0.593609	  0.094275	  0.189847	  0.122269	
  0.704175	  0.030785	  0.098202	  0.166839	
  0.084709	  0.138271	  0.119011	  0.658009	
  0.158625	  0.155484	  0.189908	  0.495983	
  0.362402	  0.126818	  0.341297	  0.169483	
  0.274738	  0.195550	  0.352771	  0.176941	

URL http://cisbp.ccbr.utoronto.ca/TFreport.php?versionNumber=2.00&searchTF=T204193_2.00

MOTIF M00495_2.00 (ACYPI006661)_(Mus_musculus)_(DBD_0.95)

letter-probability matrix: alength= 4 w= 9 nsites= 1 E= 0
  0.184447	  0.364076	  0.184447	  0.267030	
  0.116544	  0.046445	  0.001308	  0.835703	
  0.822965	  0.097799	  0.078485	  0.000750	
  0.891592	  0.011056	  0.021179	  0.076173	
  0.116988	  0.045699	  0.100693	  0.736620	
  0.189372	  0.123188	  0.282510	  0.404930	
  0.430266	  0.105047	  0.303203	  0.161484	
  0.227412	  0.274998	  0.297901	  0.199689	
  0.184723	  0.307617	  0.234829	  0.272832	

URL http://cisbp.ccbr.utoronto.ca/TFreport.php?versionNumber=2.00&searchTF=T204142_2.00

MOTIF M00497_2.00 (ACYPI53591)_(Mus_musculus)_(DBD_0.74)

letter-probability matrix: alength= 4 w= 9 nsites= 1 E= 0
  0.245645	  0.217868	  0.155072	  0.381415	
  0.155646	  0.286456	  0.182652	  0.375247	
  0.590071	  0.027667	  0.267800	  0.114462	
  0.898778	  0.013079	  0.023360	  0.064783	
  0.070908	  0.007549	  0.728793	  0.192749	
  0.205889	  0.053375	  0.175447	  0.565289	
  0.315679	  0.022081	  0.558205	  0.104035	
  0.130473	  0.305262	  0.324138	  0.240127	
  0.222604	  0.274622	  0.222604	  0.280170	

URL http://cisbp.ccbr.utoronto.ca/TFreport.php?versionNumber=2.00&searchTF=T204198_2.00

MOTIF M00506_2.00 (ACYPI002893)_(Mus_musculus)_(DBD_0.95)

letter-probability matrix: alength= 4 w= 9 nsites= 1 E= 0
  0.222072	  0.252902	  0.183644	  0.341382	
  0.190880	  0.144264	  0.176205	  0.488650	
  0.671910	  0.026579	  0.219231	  0.082280	
  0.946942	  0.002124	  0.008275	  0.042659	
  0.048899	  0.017112	  0.727602	  0.206387	
  0.181881	  0.050066	  0.158119	  0.609934	
  0.334214	  0.016976	  0.579278	  0.069532	
  0.135232	  0.297969	  0.339336	  0.227464	
  0.208040	  0.278030	  0.218707	  0.295223	

URL http://cisbp.ccbr.utoronto.ca/TFreport.php?versionNumber=2.00&searchTF=T204135_2.00

MOTIF M00516_2.00 (ACYPI000863)_(Mus_musculus)_(DBD_0.91)

letter-probability matrix: alength= 4 w= 9 nsites= 1 E= 0
  0.266806	  0.229642	  0.205721	  0.297830	
  0.116229	  0.082729	  0.031676	  0.769366	
  0.886269	  0.000274	  0.097224	  0.016233	
  0.956010	  0.016164	  0.000365	  0.027461	
  0.057873	  0.196026	  0.082125	  0.663976	
  0.104695	  0.230685	  0.333971	  0.330648	
  0.326888	  0.077449	  0.441252	  0.154411	
  0.189730	  0.271946	  0.338866	  0.199458	
  0.170012	  0.319216	  0.175189	  0.335583	

URL http://cisbp.ccbr.utoronto.ca/TFreport.php?versionNumber=2.00&searchTF=T204125_2.00

MOTIF M00531_2.00 (ACYPI36146)_(Mus_musculus)_(DBD_0.67)

letter-probability matrix: alength= 4 w= 8 nsites= 1 E= 0
  0.197705	  0.297905	  0.188063	  0.316327	
  0.149881	  0.075932	  0.046518	  0.727668	
  0.769845	  0.044088	  0.131130	  0.054937	
  0.865682	  0.028037	  0.030070	  0.076212	
  0.059224	  0.157799	  0.096672	  0.686305	
  0.154873	  0.134640	  0.362348	  0.348140	
  0.399402	  0.099481	  0.340348	  0.160769	
  0.198563	  0.308310	  0.260111	  0.233016	

URL http://cisbp.ccbr.utoronto.ca/TFreport.php?versionNumber=2.00&searchTF=T204184_2.00

MOTIF M00541_2.00 (ACYPI004907)_(Mus_musculus)_(DBD_0.83)

letter-probability matrix: alength= 4 w= 8 nsites= 1 E= 0
  0.202576	  0.296223	  0.210843	  0.290358	
  0.194598	  0.365379	  0.185107	  0.254916	
  0.389438	  0.176744	  0.318845	  0.114974	
  0.693175	  0.069497	  0.118071	  0.119257	
  0.066258	  0.040188	  0.061779	  0.831775	
  0.128430	  0.097066	  0.064418	  0.710086	
  0.607661	  0.091800	  0.081420	  0.219119	
  0.240532	  0.222039	  0.257972	  0.279458	

URL http://cisbp.ccbr.utoronto.ca/TFreport.php?versionNumber=2.00&searchTF=T237216_2.00

MOTIF M00554_2.00 (ACYPI003711)_(Drosophila_melanogaster)_(DBD_0.96)

letter-probability matrix: alength= 4 w= 10 nsites= 1 E= 0
  0.251496	  0.177226	  0.199822	  0.371455	
  0.148997	  0.073254	  0.136173	  0.641576	
  0.122081	  0.052704	  0.056525	  0.768690	
  0.381649	  0.037883	  0.070422	  0.510046	
  0.882245	  0.000299	  0.060489	  0.056967	
  0.048121	  0.268735	  0.096905	  0.586239	
  0.165526	  0.087281	  0.407129	  0.340063	
  0.403411	  0.084771	  0.354234	  0.157584	
  0.125944	  0.405791	  0.231791	  0.236474	
  0.189990	  0.335953	  0.201738	  0.272318	

URL http://cisbp.ccbr.utoronto.ca/TFreport.php?versionNumber=2.00&searchTF=T204138_2.00

MOTIF M00555_2.00 (ACYPI27662)_(Drosophila_melanogaster)_(DBD_0.95)

letter-probability matrix: alength= 4 w= 8 nsites= 1 E= 0
  0.102338	  0.069985	  0.032730	  0.794948	
  0.792313	  0.045831	  0.074066	  0.087791	
  0.951444	  0.000214	  0.021285	  0.027058	
  0.034616	  0.020995	  0.051640	  0.892749	
  0.077589	  0.068130	  0.095720	  0.758561	
  0.350452	  0.037684	  0.507361	  0.104504	
  0.214873	  0.273157	  0.327028	  0.184943	
  0.211851	  0.274755	  0.209743	  0.303652	

URL http://cisbp.ccbr.utoronto.ca/TFreport.php?versionNumber=2.00&searchTF=T204172_2.00

MOTIF M00556_2.00 (ACYPI003551)_(Drosophila_melanogaster)_(DBD_0.93)

letter-probability matrix: alength= 4 w= 10 nsites= 1 E= 0
  0.225403	  0.225403	  0.323790	  0.225403	
  0.125576	  0.231347	  0.418331	  0.224745	
  0.000115	  0.000115	  0.000115	  0.999655	
  0.999655	  0.000115	  0.000115	  0.000115	
  0.999655	  0.000115	  0.000115	  0.000115	
  0.000115	  0.000115	  0.000115	  0.999655	
  0.000115	  0.000115	  0.000115	  0.999655	
  0.999655	  0.000115	  0.000115	  0.000115	
  0.322805	  0.120694	  0.531790	  0.024712	
  0.219817	  0.229876	  0.223708	  0.326600	

URL http://cisbp.ccbr.utoronto.ca/TFreport.php?versionNumber=2.00&searchTF=T204137_2.00

MOTIF M00557_2.00 (ACYPI29629)_(Drosophila_melanogaster)_(DBD_0.98)

letter-probability matrix: alength= 4 w= 9 nsites= 1 E= 0
  0.243483	  0.258539	  0.306448	  0.191530	
  0.206850	  0.317982	  0.181634	  0.293534	
  0.110856	  0.033389	  0.011684	  0.844070	
  0.894610	  0.051233	  0.053860	  0.000297	
  0.947543	  0.000984	  0.023427	  0.028047	
  0.139344	  0.033346	  0.087090	  0.740219	
  0.192569	  0.124022	  0.232864	  0.450544	
  0.357775	  0.064709	  0.468673	  0.108843	
  0.187431	  0.305947	  0.291025	  0.215597	

URL http://cisbp.ccbr.utoronto.ca/TFreport.php?versionNumber=2.00&searchTF=T204178_2.00

MOTIF M00558_2.00 (ACYPI001856)_(Drosophila_melanogaster)_(DBD_1.00)

letter-probability matrix: alength= 4 w= 9 nsites= 1 E= 0
  0.217791	  0.178312	  0.203067	  0.400830	
  0.182540	  0.115234	  0.102204	  0.600023	
  0.599068	  0.030126	  0.087827	  0.282979	
  0.818970	  0.020864	  0.080483	  0.079682	
  0.075605	  0.178667	  0.083557	  0.662171	
  0.132125	  0.112590	  0.370091	  0.385195	
  0.393154	  0.095986	  0.355740	  0.155120	
  0.161580	  0.381840	  0.236276	  0.220303	
  0.218514	  0.319529	  0.197719	  0.264238	

URL http://cisbp.ccbr.utoronto.ca/TFreport.php?versionNumber=2.00&searchTF=T204130_2.00

MOTIF M00563_2.00 (ACYPI010082)_(Drosophila_melanogaster)_(DBD_0.91)

letter-probability matrix: alength= 4 w= 9 nsites= 1 E= 0
  0.304796	  0.208438	  0.219125	  0.267640	
  0.204503	  0.208634	  0.183200	  0.403663	
  0.192685	  0.087449	  0.498226	  0.221640	
  0.950847	  0.044583	  0.000055	  0.004515	
  0.142274	  0.292292	  0.142274	  0.423161	
  0.521793	  0.307130	  0.042405	  0.128672	
  0.156958	  0.510801	  0.109506	  0.222734	
  0.200454	  0.358018	  0.208634	  0.232894	
  0.249520	  0.257119	  0.206343	  0.287017	

URL http://cisbp.ccbr.utoronto.ca/TFreport.php?versionNumber=2.00&searchTF=T204160_2.00

MOTIF M00650_2.00 (ACYPI31510)_(Caenorhabditis_elegans)_(DBD_0.74)

letter-probability matrix: alength= 4 w= 8 nsites= 1 E= 0
  0.491059	  0.157959	  0.263149	  0.087833	
  0.986454	  0.000132	  0.000132	  0.013282	
  0.947002	  0.000132	  0.052735	  0.000132	
  0.013282	  0.000132	  0.933851	  0.052735	
  0.000132	  0.013282	  0.000132	  0.986454	
  0.026433	  0.013282	  0.013282	  0.947002	
  0.034631	  0.155238	  0.120779	  0.689352	
  0.200050	  0.200050	  0.449800	  0.150100	

URL http://cisbp.ccbr.utoronto.ca/TFreport.php?versionNumber=2.00&searchTF=T158846_2.00

MOTIF M00656_2.00 (ACYPI007850)_(Caenorhabditis_elegans)_(DBD_0.83)

letter-probability matrix: alength= 4 w= 10 nsites= 1 E= 0
  0.399025	  0.136869	  0.188486	  0.275620	
  0.310127	  0.107445	  0.086227	  0.496201	
  0.141909	  0.062501	  0.661946	  0.133645	
  0.088249	  0.038098	  0.002204	  0.871450	
  0.698396	  0.039204	  0.103419	  0.158981	
  0.217536	  0.066179	  0.106951	  0.609334	
  0.133729	  0.655771	  0.067075	  0.143425	
  0.388300	  0.157871	  0.198697	  0.255132	
  0.411135	  0.162215	  0.172246	  0.254404	
  0.291260	  0.149040	  0.185715	  0.373985	

URL http://cisbp.ccbr.utoronto.ca/TFreport.php?versionNumber=2.00&searchTF=T168871_2.00

MOTIF M00708_2.00 (ACYPI001696)_(Caenorhabditis_elegans)_(DBD_0.70)

letter-probability matrix: alength= 4 w= 10 nsites= 1 E= 0
  0.168663	  0.275311	  0.239344	  0.316683	
  0.176492	  0.296864	  0.205054	  0.321589	
  0.099868	  0.334905	  0.233655	  0.331572	
  0.572889	  0.124051	  0.200475	  0.102585	
  0.711682	  0.128719	  0.063284	  0.096316	
  0.139239	  0.068456	  0.676002	  0.116303	
  0.601869	  0.036600	  0.275901	  0.085630	
  0.375126	  0.319661	  0.021699	  0.283514	
  0.395081	  0.114330	  0.326716	  0.163873	
  0.242351	  0.212807	  0.230531	  0.314312	

URL http://cisbp.ccbr.utoronto.ca/TFreport.php?versionNumber=2.00&searchTF=T316402_2.00

MOTIF M00756_2.00 (ACYPI007008)_(Mus_musculus)_(DBD_0.90)

letter-probability matrix: alength= 4 w= 10 nsites= 1 E= 0
  0.282767	  0.305521	  0.171954	  0.239759	
  0.037628	  0.037628	  0.674128	  0.250617	
  0.000178	  0.862732	  0.000178	  0.136912	
  0.930537	  0.000178	  0.069106	  0.000178	
  0.071132	  0.077413	  0.714543	  0.136912	
  0.145218	  0.714543	  0.069106	  0.071132	
  0.000178	  0.067984	  0.000178	  0.931660	
  0.077413	  0.000178	  0.922231	  0.000178	
  0.152455	  0.301874	  0.078225	  0.467447	
  0.281479	  0.212551	  0.293420	  0.212551	

URL http://cisbp.ccbr.utoronto.ca/TFreport.php?versionNumber=2.00&searchTF=T030312_2.00

MOTIF M00797_2.00 (ACYPI008827)_(Mus_musculus)_(DBD_0.76)

letter-probability matrix: alength= 4 w= 8 nsites= 1 E= 0
  0.346154	  0.076923	  0.557692	  0.019231	
  0.181818	  0.038961	  0.012987	  0.766234	
  0.650602	  0.277108	  0.024096	  0.048193	
  0.916667	  0.035714	  0.011905	  0.035714	
  0.952381	  0.011905	  0.011905	  0.023810	
  0.011905	  0.845238	  0.011905	  0.130952	
  0.964286	  0.011905	  0.011905	  0.011905	
  0.571429	  0.142857	  0.126984	  0.158730	

URL http://cisbp.ccbr.utoronto.ca/TFreport.php?versionNumber=2.00&searchTF=T184510_2.00

MOTIF M00832_2.00 (ACYPI001903)_(Mus_musculus)_(DBD_0.80)

letter-probability matrix: alength= 4 w= 11 nsites= 1 E= 0
  0.538889	  0.153704	  0.153704	  0.153704	
  0.235964	  0.059136	  0.571481	  0.133420	
  0.019402	  0.019402	  0.941795	  0.019402	
  0.000143	  0.000143	  0.000143	  0.999572	
  0.000143	  0.000143	  0.999572	  0.000143	
  0.000143	  0.000143	  0.000143	  0.999572	
  0.000143	  0.000143	  0.796563	  0.203152	
  0.999572	  0.000143	  0.000143	  0.000143	
  0.710684	  0.096439	  0.096439	  0.096439	
  0.268043	  0.191007	  0.274907	  0.266044	
  0.307777	  0.230741	  0.230741	  0.230741	

URL http://cisbp.ccbr.utoronto.ca/TFreport.php?versionNumber=2.00&searchTF=T339270_2.00

MOTIF M00835_2.00 (ACYPI008613)_(Mus_musculus)_(DBD_0.75)

letter-probability matrix: alength= 4 w= 10 nsites= 1 E= 0
  0.353916	  0.145338	  0.298586	  0.202160	
  0.672425	  0.040081	  0.179628	  0.107866	
  0.197985	  0.109748	  0.606795	  0.085472	
  0.020276	  0.028773	  0.924656	  0.026296	
  0.003890	  0.062703	  0.000398	  0.933009	
  0.011365	  0.014304	  0.973157	  0.001174	
  0.090981	  0.133040	  0.018005	  0.757974	
  0.038779	  0.216564	  0.449388	  0.295269	
  0.873100	  0.020533	  0.080002	  0.026365	
  0.522605	  0.163829	  0.139606	  0.173960	

URL http://cisbp.ccbr.utoronto.ca/TFreport.php?versionNumber=2.00&searchTF=T339271_2.00

MOTIF M00938_2.00 (ACYPI005523)_(Homo_sapiens)_(DBD_0.90)

letter-probability matrix: alength= 4 w= 8 nsites= 1 E= 0
  0.154807	  0.725964	  0.035816	  0.083413	
  0.043175	  0.956653	  0.000086	  0.000086	
  0.845970	  0.007767	  0.100046	  0.046217	
  0.000076	  0.839515	  0.000076	  0.160333	
  0.229014	  0.000076	  0.770833	  0.000076	
  0.015339	  0.152701	  0.000076	  0.831883	
  0.000081	  0.000081	  0.999758	  0.000081	
  0.197699	  0.476639	  0.081474	  0.244189	

URL http://cisbp.ccbr.utoronto.ca/TFreport.php?versionNumber=2.00&searchTF=T030310_2.00

MOTIF M01010_2.00 (ACYPI21591)_(Mus_musculus)_(DBD_0.77)

letter-probability matrix: alength= 4 w= 10 nsites= 1 E= 0
  0.240020	  0.265263	  0.361667	  0.133050	
  0.654451	  0.148978	  0.085097	  0.111475	
  0.264298	  0.462699	  0.000655	  0.272347	
  0.263303	  0.001774	  0.667344	  0.067580	
  0.121265	  0.869556	  0.000611	  0.008568	
  0.226532	  0.255414	  0.282276	  0.235777	
  0.301736	  0.234992	  0.239740	  0.223532	
  0.275508	  0.246809	  0.210317	  0.267365	
  0.255566	  0.248013	  0.258134	  0.238288	
  0.255642	  0.248086	  0.243174	  0.253098	

URL http://cisbp.ccbr.utoronto.ca/TFreport.php?versionNumber=2.00&searchTF=T184511_2.00

MOTIF M01029_2.00 (ACYPI000143)_(Nasonia_vitripennis)_(DBD_0.92)

letter-probability matrix: alength= 4 w= 8 nsites= 1 E= 0
  0.874220	  0.000312	  0.062734	  0.062734	
  0.075175	  0.000250	  0.924326	  0.000250	
  0.000222	  0.000222	  0.999334	  0.000222	
  0.000222	  0.000222	  0.000222	  0.999334	
  0.000217	  0.000217	  0.999348	  0.000217	
  0.000222	  0.022425	  0.000222	  0.977131	
  0.000285	  0.314212	  0.485445	  0.200057	
  0.878994	  0.000399	  0.080272	  0.040335	

URL http://cisbp.ccbr.utoronto.ca/TFreport.php?versionNumber=2.00&searchTF=T339269_2.00

MOTIF M01227_2.00 (ACYPI005943)_(Homo_sapiens)_(DBD_0.78)

letter-probability matrix: alength= 4 w= 8 nsites= 1 E= 0
  0.009615	  0.009615	  0.971154	  0.009615	
  0.009615	  0.009615	  0.009615	  0.971154	
  0.971154	  0.009615	  0.009615	  0.009615	
  0.971154	  0.009615	  0.009615	  0.009615	
  0.971154	  0.009615	  0.009615	  0.009615	
  0.009615	  0.971154	  0.009615	  0.009615	
  0.971154	  0.009615	  0.009615	  0.009615	
  0.971154	  0.009615	  0.009615	  0.009615	

URL http://cisbp.ccbr.utoronto.ca/TFreport.php?versionNumber=2.00&searchTF=T184506_2.00

MOTIF M01302_2.00 (ACYPI000633)_(Drosophila_melanogaster)_(DBD_0.94)

letter-probability matrix: alength= 4 w= 10 nsites= 1 E= 0
  0.177457	  0.329879	  0.339926	  0.152738	
  0.401341	  0.125815	  0.306375	  0.166469	
  0.415852	  0.142641	  0.148462	  0.293046	
  0.020216	  0.435500	  0.467077	  0.077207	
  0.093553	  0.698217	  0.088105	  0.120125	
  0.302454	  0.000750	  0.615188	  0.081608	
  0.057821	  0.148021	  0.193902	  0.600255	
  0.295725	  0.110989	  0.502416	  0.090870	
  0.537427	  0.112933	  0.147938	  0.201702	
  0.234556	  0.559864	  0.092545	  0.113035	

URL http://cisbp.ccbr.utoronto.ca/TFreport.php?versionNumber=2.00&searchTF=T311417_2.00

MOTIF M01481_2.00 (ACYPI31026)_(Mus_musculus)_(DBD_0.47)

letter-probability matrix: alength= 4 w= 10 nsites= 1 E= 0
  0.276546	  0.257850	  0.250229	  0.215374	
  0.410218	  0.140708	  0.306951	  0.142122	
  0.125944	  0.623803	  0.164982	  0.085271	
  0.111066	  0.862749	  0.019888	  0.006297	
  0.002234	  0.000095	  0.996033	  0.001638	
  0.002038	  0.001118	  0.994227	  0.002617	
  0.960448	  0.004746	  0.008563	  0.026243	
  0.757690	  0.043828	  0.015337	  0.183144	
  0.262154	  0.154305	  0.522660	  0.060882	
  0.128267	  0.297113	  0.103971	  0.470649	

URL http://cisbp.ccbr.utoronto.ca/TFreport.php?versionNumber=2.00&searchTF=T175472_2.00

MOTIF M01485_2.00 (ACYPI52048)_(Mus_musculus)_(DBD_0.93)

letter-probability matrix: alength= 4 w= 9 nsites= 1 E= 0
  0.459522	  0.123988	  0.257286	  0.159204	
  0.115659	  0.639476	  0.181390	  0.063475	
  0.147216	  0.822129	  0.025839	  0.004816	
  0.000821	  0.001213	  0.995522	  0.002443	
  0.001119	  0.001200	  0.994484	  0.003197	
  0.964413	  0.005880	  0.009792	  0.019916	
  0.635432	  0.057645	  0.032600	  0.274323	
  0.279102	  0.122925	  0.545432	  0.052540	
  0.125096	  0.281205	  0.101401	  0.492298	

URL http://cisbp.ccbr.utoronto.ca/TFreport.php?versionNumber=2.00&searchTF=T175474_2.00

MOTIF M01655_2.00 ACYPI009013

letter-probability matrix: alength= 4 w= 9 nsites= 1 E= 0
  0.196725	  0.270916	  0.204754	  0.327605	
  0.403679	  0.081501	  0.259984	  0.254836	
  0.999299	  0.000095	  0.000188	  0.000418	
  0.000504	  0.001241	  0.000417	  0.997838	
  0.165827	  0.376511	  0.033147	  0.424515	
  0.732498	  0.053328	  0.119876	  0.094298	
  0.661030	  0.093112	  0.113727	  0.132132	
  0.510165	  0.098962	  0.174991	  0.215882	
  0.335782	  0.227343	  0.144960	  0.291915	

URL http://cisbp.ccbr.utoronto.ca/TFreport.php?versionNumber=2.00&searchTF=T014110_2.00

MOTIF M01675_2.00 (ACYPI082904)_(Aspergillus_nidulans)_(DBD_0.46)

letter-probability matrix: alength= 4 w= 9 nsites= 1 E= 0
  0.245292	  0.273814	  0.242851	  0.238043	
  0.237806	  0.293376	  0.242610	  0.226208	
  0.216345	  0.251357	  0.297935	  0.234364	
  0.258630	  0.241145	  0.263855	  0.236370	
  0.502489	  0.000517	  0.411403	  0.085591	
  0.353817	  0.295533	  0.000353	  0.350297	
  0.360997	  0.114305	  0.184725	  0.339974	
  0.355533	  0.121951	  0.207186	  0.315330	
  0.338774	  0.180428	  0.203432	  0.277365	

URL http://cisbp.ccbr.utoronto.ca/TFreport.php?versionNumber=2.00&searchTF=T017209_2.00

MOTIF M01717_2.00 (ACYPI003006)_(Mus_musculus)_(DBD_0.85)

letter-probability matrix: alength= 4 w= 9 nsites= 1 E= 0
  0.474767	  0.178185	  0.228795	  0.118253	
  0.264235	  0.275019	  0.082010	  0.378736	
  0.001674	  0.997439	  0.000171	  0.000715	
  0.907645	  0.015656	  0.072302	  0.004397	
  0.014773	  0.215471	  0.470043	  0.299713	
  0.280880	  0.467748	  0.208081	  0.043290	
  0.081941	  0.199537	  0.056036	  0.662486	
  0.033806	  0.039277	  0.829341	  0.097576	
  0.120442	  0.181484	  0.424609	  0.273464	

URL http://cisbp.ccbr.utoronto.ca/TFreport.php?versionNumber=2.00&searchTF=T030299_2.00

MOTIF M01746_2.00 (ACYPI002601)_(Mus_musculus)_(DBD_0.89)

letter-probability matrix: alength= 4 w= 9 nsites= 1 E= 0
  0.745050	  0.002475	  0.250000	  0.002475	
  0.747512	  0.250000	  0.001244	  0.001244	
  0.001244	  0.996269	  0.001244	  0.001244	
  0.996269	  0.001244	  0.001244	  0.001244	
  0.001244	  0.001244	  0.374378	  0.623134	
  0.623134	  0.374378	  0.001244	  0.001244	
  0.001244	  0.001244	  0.001244	  0.996269	
  0.001244	  0.001244	  0.996269	  0.001244	
  0.002475	  0.002475	  0.497525	  0.497525	

URL http://cisbp.ccbr.utoronto.ca/TFreport.php?versionNumber=2.00&searchTF=T030297_2.00

MOTIF M01907_2.00 (ACYPI010029)_(Bombyx_mori)_(DBD_0.83)

letter-probability matrix: alength= 4 w= 12 nsites= 1 E= 0
  0.199396	  0.199396	  0.199396	  0.401812	
  0.256959	  0.242577	  0.148560	  0.351904	
  0.057166	  0.713712	  0.057166	  0.171955	
  0.139009	  0.024219	  0.812553	  0.024219	
  0.000211	  0.999368	  0.000211	  0.000211	
  0.000211	  0.000211	  0.999368	  0.000211	
  0.131998	  0.088765	  0.094228	  0.685009	
  0.779026	  0.000211	  0.088765	  0.131998	
  0.348070	  0.273603	  0.139597	  0.238730	
  0.383478	  0.190432	  0.324439	  0.101651	
  0.193045	  0.420866	  0.193045	  0.193045	
  0.225991	  0.225991	  0.322026	  0.225991	

URL http://cisbp.ccbr.utoronto.ca/TFreport.php?versionNumber=2.00&searchTF=T167731_2.00

MOTIF M01935_2.00 (ACYPI004122)_(Drosophila_melanogaster)_(DBD_0.98)

letter-probability matrix: alength= 4 w= 10 nsites= 1 E= 0
  0.264213	  0.114063	  0.073461	  0.548263	
  0.146979	  0.076730	  0.639248	  0.137043	
  0.091624	  0.122448	  0.030195	  0.755733	
  0.530776	  0.071833	  0.106096	  0.291296	
  0.340580	  0.064758	  0.186914	  0.407748	
  0.130860	  0.648156	  0.077799	  0.143184	
  0.378005	  0.205389	  0.180351	  0.236254	
  0.412383	  0.112387	  0.172768	  0.302461	
  0.281282	  0.131546	  0.159072	  0.428100	
  0.236410	  0.182284	  0.128453	  0.452853	

URL http://cisbp.ccbr.utoronto.ca/TFreport.php?versionNumber=2.00&searchTF=T168870_2.00

MOTIF M01978_2.00 (ACYPI005532)_(Homo_sapiens)_(DBD_0.76)

letter-probability matrix: alength= 4 w= 8 nsites= 1 E= 0
  0.374378	  0.001244	  0.623134	  0.001244	
  0.001106	  0.001106	  0.001106	  0.996681	
  0.996681	  0.001106	  0.001106	  0.001106	
  0.996681	  0.001106	  0.001106	  0.001106	
  0.996681	  0.001106	  0.001106	  0.001106	
  0.001106	  0.996681	  0.001106	  0.001106	
  0.996681	  0.001106	  0.001106	  0.001106	
  0.498344	  0.167219	  0.001656	  0.332781	

URL http://cisbp.ccbr.utoronto.ca/TFreport.php?versionNumber=2.00&searchTF=T184505_2.00

MOTIF M01988_2.00 (ACYPI006817)_(Strongylocentrotus_purpuratus)_(DBD_0.86)

letter-probability matrix: alength= 4 w= 10 nsites= 1 E= 0
  0.321884	  0.201178	  0.236085	  0.240854	
  0.216367	  0.234387	  0.239122	  0.310124	
  0.297171	  0.182055	  0.409243	  0.111532	
  0.279854	  0.144643	  0.132194	  0.443309	
  0.472247	  0.313407	  0.069235	  0.145111	
  0.572460	  0.196359	  0.062174	  0.169007	
  0.751021	  0.048981	  0.135834	  0.064163	
  0.037542	  0.655546	  0.026722	  0.280190	
  0.680835	  0.057015	  0.121915	  0.140235	
  0.359328	  0.213628	  0.193298	  0.233746	

URL http://cisbp.ccbr.utoronto.ca/TFreport.php?versionNumber=2.00&searchTF=T184507_2.00

MOTIF M02085_2.00 (ACYPI006883)_(Homo_sapiens)_(DBD_0.93)

letter-probability matrix: alength= 4 w= 10 nsites= 1 E= 0
  0.220232	  0.271696	  0.222446	  0.285626	
  0.291351	  0.229185	  0.263625	  0.215838	
  0.194386	  0.333568	  0.204352	  0.267694	
  0.106702	  0.252155	  0.096548	  0.544595	
  0.708900	  0.012106	  0.207206	  0.071788	
  0.671736	  0.131613	  0.027657	  0.168994	
  0.144596	  0.205191	  0.069682	  0.580531	
  0.155780	  0.110880	  0.270007	  0.463333	
  0.512218	  0.101367	  0.192241	  0.194173	
  0.253879	  0.199708	  0.363893	  0.182520	

URL http://cisbp.ccbr.utoronto.ca/TFreport.php?versionNumber=2.00&searchTF=T204144_2.00

MOTIF M02087_2.00 (ACYPI56505)_(Homo_sapiens)_(DBD_0.75)

letter-probability matrix: alength= 4 w= 10 nsites= 1 E= 0
  0.282120	  0.189111	  0.191011	  0.337759	
  0.048567	  0.293812	  0.035621	  0.622000	
  0.679396	  0.029114	  0.290384	  0.001107	
  0.556725	  0.084951	  0.138666	  0.219658	
  0.290498	  0.156272	  0.153177	  0.400053	
  0.222887	  0.212017	  0.248804	  0.316292	
  0.284099	  0.198209	  0.340129	  0.177563	
  0.221959	  0.276578	  0.302625	  0.198838	
  0.216114	  0.261336	  0.224934	  0.297617	
  0.239894	  0.252194	  0.214905	  0.293007	

URL http://cisbp.ccbr.utoronto.ca/TFreport.php?versionNumber=2.00&searchTF=T204203_2.00

MOTIF M02095_2.00 (ACYPI000997)_(Homo_sapiens)_(DBD_1.00)

letter-probability matrix: alength= 4 w= 8 nsites= 1 E= 0
  0.179193	  0.301407	  0.162140	  0.357260	
  0.074235	  0.030485	  0.008822	  0.886458	
  0.851715	  0.047811	  0.054996	  0.045479	
  0.990749	  0.001748	  0.005096	  0.002407	
  0.014720	  0.015321	  0.026822	  0.943137	
  0.097912	  0.049604	  0.084273	  0.768211	
  0.416004	  0.048458	  0.424408	  0.111129	
  0.301403	  0.186503	  0.379346	  0.132748	

URL http://cisbp.ccbr.utoronto.ca/TFreport.php?versionNumber=2.00&searchTF=T204127_2.00

MOTIF M02112_2.00 (ACYPI36103)_(Drosophila_melanogaster)_(DBD_1.00)

letter-probability matrix: alength= 4 w= 10 nsites= 1 E= 0
  0.248652	  0.156039	  0.439269	  0.156039	
  0.235559	  0.409426	  0.243856	  0.111159	
  0.000140	  0.000140	  0.000140	  0.999581	
  0.999581	  0.000140	  0.000140	  0.000140	
  0.999581	  0.000140	  0.000140	  0.000140	
  0.000140	  0.000140	  0.000140	  0.999581	
  0.000140	  0.000140	  0.000140	  0.999581	
  0.999581	  0.000140	  0.000140	  0.000140	
  0.270161	  0.309740	  0.212726	  0.207374	
  0.227694	  0.227694	  0.227694	  0.316917	

URL http://cisbp.ccbr.utoronto.ca/TFreport.php?versionNumber=2.00&searchTF=T204183_2.00

MOTIF M02116_2.00 (ACYPI005445)_(Drosophila_melanogaster)_(DBD_0.98)

letter-probability matrix: alength= 4 w= 10 nsites= 1 E= 0
  0.253051	  0.238314	  0.279665	  0.228970	
  0.242653	  0.302365	  0.260248	  0.194734	
  0.195915	  0.264458	  0.272512	  0.267116	
  0.289959	  0.184886	  0.184886	  0.340270	
  0.356070	  0.158401	  0.280095	  0.205435	
  0.793922	  0.007822	  0.142164	  0.056092	
  0.130027	  0.075773	  0.143702	  0.650499	
  0.108948	  0.192650	  0.185096	  0.513306	
  0.487798	  0.044252	  0.372375	  0.095574	
  0.230097	  0.239487	  0.313720	  0.216697	

URL http://cisbp.ccbr.utoronto.ca/TFreport.php?versionNumber=2.00&searchTF=T204139_2.00

MOTIF M02120_2.00 (ACYPI003536)_(Drosophila_melanogaster)_(DBD_0.98)

letter-probability matrix: alength= 4 w= 8 nsites= 1 E= 0
  0.207448	  0.325343	  0.141866	  0.325343	
  0.070500	  0.046787	  0.081909	  0.800803	
  0.823901	  0.041432	  0.064978	  0.069690	
  0.800902	  0.045410	  0.085263	  0.068425	
  0.078337	  0.041722	  0.098595	  0.781347	
  0.084961	  0.693803	  0.089317	  0.131919	
  0.101356	  0.577459	  0.132772	  0.188413	
  0.148880	  0.348326	  0.299807	  0.202987	

URL http://cisbp.ccbr.utoronto.ca/TFreport.php?versionNumber=2.00&searchTF=T204136_2.00

MOTIF M02121_2.00 (ACYPI007424)_(Drosophila_melanogaster)_(DBD_0.95)

letter-probability matrix: alength= 4 w= 10 nsites= 1 E= 0
  0.292329	  0.229079	  0.288644	  0.189949	
  0.136427	  0.336877	  0.156525	  0.370171	
  0.034513	  0.118059	  0.009674	  0.837754	
  0.801571	  0.072692	  0.093201	  0.032536	
  0.970781	  0.007894	  0.008025	  0.013300	
  0.013300	  0.008025	  0.007894	  0.970781	
  0.032536	  0.093201	  0.072692	  0.801571	
  0.837754	  0.009674	  0.118059	  0.034513	
  0.370171	  0.156525	  0.336877	  0.136427	
  0.189949	  0.288644	  0.229079	  0.292329	

URL http://cisbp.ccbr.utoronto.ca/TFreport.php?versionNumber=2.00&searchTF=T204148_2.00

MOTIF M02125_2.00 (ACYPI28321)_(Drosophila_melanogaster)_(DBD_0.58)

letter-probability matrix: alength= 4 w= 9 nsites= 1 E= 0
  0.263676	  0.236210	  0.288508	  0.211605	
  0.166180	  0.344836	  0.200953	  0.288031	
  0.099773	  0.489263	  0.095861	  0.315103	
  0.603177	  0.129310	  0.092964	  0.174550	
  0.795539	  0.078966	  0.083015	  0.042479	
  0.075531	  0.099937	  0.055955	  0.768577	
  0.259932	  0.281581	  0.100526	  0.357960	
  0.467314	  0.147969	  0.147969	  0.236749	
  0.319988	  0.210247	  0.244272	  0.225492	

URL http://cisbp.ccbr.utoronto.ca/TFreport.php?versionNumber=2.00&searchTF=T204175_2.00

MOTIF M02126_2.00 (ACYPI42465)_(Drosophila_melanogaster)_(DBD_0.86)

letter-probability matrix: alength= 4 w= 8 nsites= 1 E= 0
  0.172390	  0.270362	  0.216970	  0.340277	
  0.175398	  0.147977	  0.175398	  0.501227	
  0.437799	  0.142845	  0.145731	  0.273625	
  0.559761	  0.114150	  0.154086	  0.172003	
  0.276316	  0.165927	  0.137215	  0.420543	
  0.209315	  0.226748	  0.174835	  0.389102	
  0.299659	  0.080854	  0.524604	  0.094883	
  0.166927	  0.313424	  0.241666	  0.277982	

URL http://cisbp.ccbr.utoronto.ca/TFreport.php?versionNumber=2.00&searchTF=T204188_2.00

MOTIF M02127_2.00 (ACYPI27690)_(Drosophila_melanogaster)_(DBD_0.93)

letter-probability matrix: alength= 4 w= 8 nsites= 1 E= 0
  0.111726	  0.775442	  0.111726	  0.001106	
  0.000906	  0.000906	  0.000906	  0.997283	
  0.906703	  0.091486	  0.000906	  0.000906	
  0.997283	  0.000906	  0.000906	  0.000906	
  0.000906	  0.000906	  0.000906	  0.997283	
  0.000906	  0.000906	  0.000906	  0.997283	
  0.997283	  0.000906	  0.000906	  0.000906	
  0.143466	  0.143466	  0.143466	  0.569602	

URL http://cisbp.ccbr.utoronto.ca/TFreport.php?versionNumber=2.00&searchTF=T204173_2.00

MOTIF M02128_2.00 (ACYPI27939)_(Drosophila_melanogaster)_(DBD_0.88)

letter-probability matrix: alength= 4 w= 8 nsites= 1 E= 0
  0.699401	  0.033622	  0.033622	  0.233356	
  0.152259	  0.065378	  0.043658	  0.738705	
  0.053712	  0.018023	  0.000178	  0.928087	
  0.821021	  0.000178	  0.000178	  0.178622	
  0.963776	  0.000178	  0.000178	  0.035867	
  0.071556	  0.000178	  0.000178	  0.928087	
