MEME version 5.5.8 (Fri May 2 15:43:49 2025 -0700)

ALPHABET= ACGT

strands: + -

Background letter frequencies (from uniform background):
A 0.25000 C 0.25000 G 0.25000 T 0.25000 

MOTIF M00048_2.00 (AMAG_16339)_(Saccharomyces_cerevisiae)_(DBD_0.68)

letter-probability matrix: alength= 4 w= 8 nsites= 1 E= 0
  0.186841	  0.230778	  0.186841	  0.395540	
  0.422708	  0.252032	  0.000081	  0.325179	
  0.006600	  0.000065	  0.954064	  0.039271	
  0.999804	  0.000065	  0.000065	  0.000065	
  0.000065	  0.000065	  0.000065	  0.999804	
  0.914859	  0.045805	  0.000065	  0.039271	
  0.957547	  0.007111	  0.014151	  0.021191	
  0.084280	  0.336806	  0.526199	  0.052715	

URL http://cisbp.ccbr.utoronto.ca/TFreport.php?versionNumber=2.00&searchTF=T191379_2.00

MOTIF M00070_2.00 (AMAG_06979)_(Saccharomyces_cerevisiae)_(DBD_0.42)

letter-probability matrix: alength= 4 w= 11 nsites= 1 E= 0
  0.268573	  0.272224	  0.178881	  0.280322	
  0.509793	  0.098806	  0.292595	  0.098806	
  0.848016	  0.050661	  0.050661	  0.050661	
  0.999893	  0.000036	  0.000036	  0.000036	
  0.000036	  0.903786	  0.000036	  0.096142	
  0.903786	  0.000036	  0.000036	  0.096142	
  0.999893	  0.000036	  0.000036	  0.000036	
  0.000036	  0.000036	  0.000036	  0.999893	
  0.591260	  0.071155	  0.071155	  0.266431	
  0.345743	  0.151230	  0.257625	  0.245401	
  0.199374	  0.199374	  0.199374	  0.401877	

URL http://cisbp.ccbr.utoronto.ca/TFreport.php?versionNumber=2.00&searchTF=T325995_2.00

MOTIF M01002_2.00 AMAG_00796_Alt

letter-probability matrix: alength= 4 w= 7 nsites= 1 E= 0
  0.234263	  0.261503	  0.165083	  0.339151	
  0.410146	  0.246291	  0.127296	  0.216267	
  0.568352	  0.134658	  0.137379	  0.159611	
  0.705328	  0.036917	  0.131455	  0.126300	
  0.014155	  0.626468	  0.045155	  0.314221	
  0.607061	  0.102374	  0.143830	  0.146735	
  0.336996	  0.225895	  0.184947	  0.252162	

URL http://cisbp.ccbr.utoronto.ca/TFreport.php?versionNumber=2.00&searchTF=T184328_2.00

MOTIF M01003_2.00 AMAG_02766

letter-probability matrix: alength= 4 w= 8 nsites= 1 E= 0
  0.302418	  0.208891	  0.344403	  0.144288	
  0.227029	  0.203380	  0.143320	  0.426272	
  0.526376	  0.214009	  0.086144	  0.173472	
  0.525074	  0.250520	  0.066257	  0.158149	
  0.633795	  0.062285	  0.183410	  0.120509	
  0.082707	  0.611125	  0.057703	  0.248465	
  0.684922	  0.027366	  0.157481	  0.130230	
  0.386476	  0.201758	  0.170216	  0.241549	

URL http://cisbp.ccbr.utoronto.ca/TFreport.php?versionNumber=2.00&searchTF=T184331_2.00

MOTIF M01137_2.00 (AMAG_08133)_(Aspergillus_nidulans)_(DBD_0.47)

letter-probability matrix: alength= 4 w= 10 nsites= 1 E= 0
  0.082192	  0.159024	  0.560627	  0.198156	
  0.399052	  0.492301	  0.065306	  0.043341	
  0.000135	  0.000379	  0.036950	  0.962536	
  0.006288	  0.063346	  0.323312	  0.607054	
  0.936896	  0.000420	  0.054739	  0.007945	
  0.032096	  0.543875	  0.256908	  0.167121	
  0.203011	  0.121907	  0.293906	  0.381176	
  0.429329	  0.154814	  0.042616	  0.373241	
  0.724723	  0.092369	  0.090540	  0.092369	
  0.385035	  0.115970	  0.205067	  0.293928	

URL http://cisbp.ccbr.utoronto.ca/TFreport.php?versionNumber=2.00&searchTF=T055986_2.00

MOTIF M01235_2.00 (AMAG_17764)_(Neurospora_crassa)_(DBD_0.71)

letter-probability matrix: alength= 4 w= 11 nsites= 1 E= 0
  0.224507	  0.326478	  0.224507	  0.224507	
  0.203126	  0.299039	  0.391867	  0.105967	
  0.225223	  0.724938	  0.024920	  0.024920	
  0.000216	  0.000216	  0.999351	  0.000216	
  0.999351	  0.000216	  0.000216	  0.000216	
  0.000216	  0.000216	  0.000216	  0.999351	
  0.000216	  0.999351	  0.000216	  0.000216	
  0.000216	  0.000216	  0.897514	  0.102053	
  0.347248	  0.117812	  0.509230	  0.025709	
  0.144249	  0.144249	  0.144249	  0.567252	
  0.225297	  0.324110	  0.225297	  0.225297	

URL http://cisbp.ccbr.utoronto.ca/TFreport.php?versionNumber=2.00&searchTF=T191383_2.00

MOTIF M01567_2.00 (AMAG_01800)_(Saccharomyces_cerevisiae)_(DBD_0.89)

letter-probability matrix: alength= 4 w= 7 nsites= 1 E= 0
  0.315311	  0.189343	  0.207174	  0.288172	
  0.345705	  0.141966	  0.211788	  0.300541	
  0.271982	  0.110580	  0.155359	  0.462079	
  0.583542	  0.000869	  0.110954	  0.304636	
  0.219565	  0.006434	  0.188981	  0.585020	
  0.934996	  0.000354	  0.051964	  0.012687	
  0.422777	  0.000471	  0.095282	  0.481470	

URL http://cisbp.ccbr.utoronto.ca/TFreport.php?versionNumber=2.00&searchTF=T342067_2.00

MOTIF M01654_2.00 (AMAG_04500)_(Neurospora_crassa)_(DBD_0.70)

letter-probability matrix: alength= 4 w= 9 nsites= 1 E= 0
  0.267934	  0.217183	  0.260016	  0.254867	
  0.253271	  0.236148	  0.207361	  0.303220	
  0.244019	  0.201794	  0.295080	  0.259108	
  0.555310	  0.001732	  0.212624	  0.230333	
  0.031649	  0.841093	  0.000193	  0.127065	
  0.319537	  0.007220	  0.669729	  0.003514	
  0.097180	  0.809624	  0.007005	  0.086191	
  0.054095	  0.015344	  0.871960	  0.058601	
  0.292764	  0.177570	  0.157491	  0.372176	

URL http://cisbp.ccbr.utoronto.ca/TFreport.php?versionNumber=2.00&searchTF=T011595_2.00

MOTIF M01674_2.00 (AMAG_07805)_(Brachypodium_distachyon)_(DBD_0.69)

letter-probability matrix: alength= 4 w= 9 nsites= 1 E= 0
  0.374501	  0.137771	  0.378264	  0.109464	
  0.226206	  0.276289	  0.249996	  0.247509	
  0.606765	  0.056721	  0.230014	  0.106500	
  0.428552	  0.111098	  0.200420	  0.259930	
  0.475920	  0.046770	  0.205460	  0.271850	
  0.400042	  0.099641	  0.159424	  0.340893	
  0.337415	  0.202616	  0.115736	  0.344232	
  0.546503	  0.072497	  0.224425	  0.156576	
  0.462607	  0.040726	  0.319538	  0.177129	

URL http://cisbp.ccbr.utoronto.ca/TFreport.php?versionNumber=2.00&searchTF=T017183_2.00

MOTIF M01808_2.00 (AMAG_13470)_(Mus_musculus)_(DBD_0.49)

letter-probability matrix: alength= 4 w= 10 nsites= 1 E= 0
  0.291870	  0.184253	  0.277636	  0.246241	
  0.530199	  0.133387	  0.274034	  0.062380	
  0.035631	  0.062379	  0.001238	  0.900752	
  0.073796	  0.082377	  0.556301	  0.287525	
  0.757933	  0.025806	  0.125285	  0.090976	
  0.084682	  0.638364	  0.084682	  0.192271	
  0.156906	  0.065082	  0.710273	  0.067738	
  0.117142	  0.166233	  0.068950	  0.647675	
  0.368627	  0.407396	  0.102492	  0.121484	
  0.489340	  0.124345	  0.187365	  0.198951	

URL http://cisbp.ccbr.utoronto.ca/TFreport.php?versionNumber=2.00&searchTF=T055992_2.00

MOTIF M02016_2.00 (AMAG_00740)_(Neurospora_crassa)_(DBD_0.75)

letter-probability matrix: alength= 4 w= 9 nsites= 1 E= 0
  0.238290	  0.282447	  0.248015	  0.231248	
  0.249185	  0.272652	  0.259355	  0.218808	
  0.236587	  0.439798	  0.109543	  0.214073	
  0.059758	  0.068055	  0.757717	  0.114470	
  0.902683	  0.000129	  0.000123	  0.097064	
  0.048477	  0.051992	  0.000705	  0.898826	
  0.141843	  0.359503	  0.271706	  0.226948	
  0.208434	  0.289925	  0.254582	  0.247058	
  0.248381	  0.255945	  0.266390	  0.229284	

URL http://cisbp.ccbr.utoronto.ca/TFreport.php?versionNumber=2.00&searchTF=T191351_2.00

MOTIF M02074_2.00 (AMAG_05266)_(Dictyostelium_discoideum)_(DBD_0.63)

letter-probability matrix: alength= 4 w= 8 nsites= 1 E= 0
  0.152865	  0.204293	  0.347080	  0.295762	
  0.066890	  0.358900	  0.022489	  0.551721	
  0.775218	  0.104914	  0.046672	  0.073196	
  0.869964	  0.073586	  0.014418	  0.042033	
  0.000088	  0.022742	  0.000438	  0.976732	
  0.502328	  0.093621	  0.042916	  0.361135	
  0.329862	  0.070013	  0.034079	  0.566046	
  0.521291	  0.163417	  0.171796	  0.143496	

URL http://cisbp.ccbr.utoronto.ca/TFreport.php?versionNumber=2.00&searchTF=T203600_2.00

MOTIF M02178_2.00 (AMAG_10906)_(Ustilago_maydis)_(DBD_0.44)

letter-probability matrix: alength= 4 w= 10 nsites= 1 E= 0
  0.261928	  0.218781	  0.272617	  0.246674	
  0.246775	  0.259427	  0.272728	  0.221069	
  0.171318	  0.288161	  0.215620	  0.324901	
  0.145425	  0.262345	  0.104549	  0.487681	
  0.485812	  0.309768	  0.086993	  0.117428	
  0.848472	  0.016014	  0.133411	  0.002103	
  0.037823	  0.126837	  0.036705	  0.798636	
  0.397674	  0.133704	  0.105176	  0.363446	
  0.301370	  0.135414	  0.122528	  0.440688	
  0.293463	  0.279150	  0.240267	  0.187120	

URL http://cisbp.ccbr.utoronto.ca/TFreport.php?versionNumber=2.00&searchTF=T203610_2.00

MOTIF M02227_2.00 (AMAG_20076)_(Oikopleura_dioica)_(DBD_0.42)

letter-probability matrix: alength= 4 w= 8 nsites= 1 E= 0
  0.308789	  0.191211	  0.250000	  0.250000	
  0.009525	  0.037816	  0.000094	  0.952565	
  0.000083	  0.000083	  0.999752	  0.000083	
  0.958784	  0.000082	  0.000082	  0.041052	
  0.000082	  0.999754	  0.000082	  0.000082	
  0.950590	  0.000082	  0.049246	  0.000082	
  0.074832	  0.056147	  0.635370	  0.233651	
  0.132587	  0.277095	  0.397519	  0.192799	

URL http://cisbp.ccbr.utoronto.ca/TFreport.php?versionNumber=2.00&searchTF=T203622_2.00

MOTIF M02249_2.00 (AMAG_09059)_(Neurospora_crassa)_(DBD_0.45)

letter-probability matrix: alength= 4 w= 10 nsites= 1 E= 0
  0.283600	  0.227595	  0.232192	  0.256612	
  0.230392	  0.212679	  0.304839	  0.252089	
  0.293438	  0.240247	  0.235489	  0.230826	
  0.116548	  0.031134	  0.065255	  0.787062	
  0.076460	  0.000184	  0.028411	  0.894946	
  0.057969	  0.862560	  0.029076	  0.050396	
  0.020561	  0.408869	  0.193136	  0.377434	
  0.547873	  0.105219	  0.207689	  0.139218	
  0.169023	  0.290044	  0.145479	  0.395454	
  0.259381	  0.227762	  0.298359	  0.214498	

URL http://cisbp.ccbr.utoronto.ca/TFreport.php?versionNumber=2.00&searchTF=T239462_2.00

MOTIF M02283_2.00 (AMAG_14518)_(Dictyostelium_discoideum)_(DBD_0.73)

letter-probability matrix: alength= 4 w= 10 nsites= 1 E= 0
  0.233777	  0.598464	  0.083460	  0.084299	
  0.030948	  0.562453	  0.044359	  0.362240	
  0.506429	  0.042836	  0.155615	  0.295120	
  0.524310	  0.062308	  0.043907	  0.369475	
  0.657133	  0.044163	  0.042009	  0.256695	
  0.290800	  0.112464	  0.066862	  0.529873	
  0.281986	  0.340992	  0.131875	  0.245147	
  0.228299	  0.247314	  0.296088	  0.228299	
  0.301159	  0.033037	  0.594451	  0.071353	
  0.207356	  0.056511	  0.520315	  0.215818	

URL http://cisbp.ccbr.utoronto.ca/TFreport.php?versionNumber=2.00&searchTF=T252687_2.00

MOTIF M02448_2.00 (AMAG_11601)_(Cavia_porcellus)_(DBD_0.47)

letter-probability matrix: alength= 4 w= 10 nsites= 1 E= 0
  0.146385	  0.041109	  0.801302	  0.011204	
  0.054032	  0.084740	  0.119055	  0.742173	
  0.252056	  0.259732	  0.055682	  0.432530	
  0.251560	  0.057840	  0.462979	  0.227621	
  0.061907	  0.636278	  0.083566	  0.218249	
  0.067831	  0.496222	  0.137968	  0.297979	
  0.411291	  0.175792	  0.214713	  0.198205	
  0.254958	  0.159349	  0.340732	  0.244961	
  0.122928	  0.139994	  0.653013	  0.084066	
  0.170067	  0.256260	  0.401896	  0.171776	

URL http://cisbp.ccbr.utoronto.ca/TFreport.php?versionNumber=2.00&searchTF=T317966_2.00

MOTIF M02485_2.00 (AMAG_02504)_(Arabidopsis_thaliana)_(DBD_0.42)

letter-probability matrix: alength= 4 w= 10 nsites= 1 E= 0
  0.246206	  0.214041	  0.253704	  0.286050	
  0.223218	  0.225462	  0.123736	  0.427584	
  0.374373	  0.150694	  0.125870	  0.349063	
  0.424988	  0.133228	  0.213164	  0.228620	
  0.314246	  0.138404	  0.139795	  0.407555	
  0.001214	  0.456559	  0.032581	  0.509647	
  0.524312	  0.125473	  0.318011	  0.032204	
  0.266076	  0.207220	  0.195153	  0.331551	
  0.287074	  0.181225	  0.287074	  0.244628	
  0.289992	  0.232724	  0.235063	  0.242222	

URL http://cisbp.ccbr.utoronto.ca/TFreport.php?versionNumber=2.00&searchTF=T325990_2.00

MOTIF M02581_2.00 (AMAG_10934)_(Puccinia_graminis)_(DBD_0.85)

letter-probability matrix: alength= 4 w= 8 nsites= 1 E= 0
  0.427557	  0.001420	  0.001420	  0.569602	
  0.000996	  0.000996	  0.000996	  0.997012	
  0.000906	  0.997283	  0.000906	  0.000906	
  0.000906	  0.091486	  0.906703	  0.000906	
  0.000906	  0.000906	  0.997283	  0.000906	
  0.363225	  0.000906	  0.634964	  0.000906	
  0.997283	  0.000906	  0.000906	  0.000906	
  0.125622	  0.125622	  0.125622	  0.623134	

URL http://cisbp.ccbr.utoronto.ca/TFreport.php?versionNumber=2.00&searchTF=T357254_2.00

MOTIF M02698_2.00 (AMAG_19492)_(Arabidopsis_thaliana)_(DBD_0.88)

letter-probability matrix: alength= 4 w= 11 nsites= 1 E= 0
  0.140000	  0.450000	  0.230000	  0.180000	
  0.160000	  0.270000	  0.550000	  0.020000	
  0.000000	  0.919192	  0.040404	  0.040404	
  0.000000	  0.050000	  0.930000	  0.020000	
  0.040404	  0.939394	  0.000000	  0.020202	
  0.040404	  0.020202	  0.020202	  0.919192	
  0.080808	  0.000000	  0.858586	  0.060606	
  0.960000	  0.000000	  0.020000	  0.020000	
  0.040000	  0.040000	  0.920000	  0.000000	
  0.020000	  0.550000	  0.260000	  0.170000	
  0.151515	  0.323232	  0.242424	  0.282828	

URL http://cisbp.ccbr.utoronto.ca/TFreport.php?versionNumber=2.00&searchTF=T265608_2.00

MOTIF M03908_2.00 (AMAG_04835)_(Drosophila_melanogaster)_(DBD_0.53)

letter-probability matrix: alength= 4 w= 17 nsites= 1 E= 0
  0.123045	  0.241919	  0.234619	  0.400417	
  0.260688	  0.220021	  0.506778	  0.012513	
  0.011033	  0.013039	  0.961886	  0.014042	
  0.963819	  0.008040	  0.010050	  0.018090	
  0.909867	  0.009488	  0.010436	  0.070209	
  0.157372	  0.237713	  0.151701	  0.453214	
  0.242340	  0.087047	  0.667827	  0.002786	
  0.051456	  0.017476	  0.000000	  0.931068	
  0.020649	  0.005900	  0.030482	  0.942970	
  0.000000	  0.985612	  0.008222	  0.006166	
  0.000000	  0.040854	  0.068709	  0.890436	
  0.402221	  0.273905	  0.318322	  0.005552	
  0.000000	  0.025278	  0.969666	  0.005056	
  0.913333	  0.021905	  0.011429	  0.053333	
  0.766587	  0.023981	  0.029576	  0.179856	
  0.170833	  0.329167	  0.308333	  0.191667	
  0.213542	  0.238542	  0.339583	  0.208333	

URL http://cisbp.ccbr.utoronto.ca/TFreport.php?versionNumber=2.00&searchTF=T239457_2.00

MOTIF M06947_2.00 (AMAG_01384)_(Arabidopsis_thaliana)_(DBD_0.48)

letter-probability matrix: alength= 4 w= 19 nsites= 1 E= 0
  0.227045	  0.200334	  0.140234	  0.432387	
  0.237062	  0.315526	  0.198664	  0.248748	
  0.285476	  0.203673	  0.171953	  0.338898	
  0.540902	  0.093489	  0.235392	  0.130217	
  0.153589	  0.071786	  0.689483	  0.085142	
  0.796328	  0.075125	  0.078464	  0.050083	
  0.804674	  0.028381	  0.045075	  0.121870	
  0.121870	  0.188648	  0.482471	  0.207012	
  0.106845	  0.575960	  0.185309	  0.131886	
  0.096828	  0.018364	  0.016694	  0.868114	
  0.008347	  0.005008	  0.000000	  0.986645	
  0.003339	  0.988314	  0.000000	  0.008347	
  0.005008	  0.073456	  0.028381	  0.893155	
  0.896494	  0.006678	  0.090150	  0.006678	
  0.010017	  0.008347	  0.969950	  0.011686	
  0.984975	  0.000000	  0.008347	  0.006678	
  0.853089	  0.035058	  0.028381	  0.083472	
  0.195326	  0.135225	  0.542571	  0.126878	
  0.330551	  0.375626	  0.160267	  0.133556	

URL http://cisbp.ccbr.utoronto.ca/TFreport.php?versionNumber=2.00&searchTF=T239452_2.00

MOTIF M06950_2.00 (AMAG_02759)_(Arabidopsis_thaliana)_(DBD_0.47)

letter-probability matrix: alength= 4 w= 16 nsites= 1 E= 0
  0.000000	  0.000000	  1.000000	  0.000000	
  0.994828	  0.000000	  0.000000	  0.005172	
  0.939654	  0.006897	  0.006897	  0.046552	
  0.070690	  0.241379	  0.572414	  0.115517	
  0.318966	  0.263793	  0.186207	  0.231034	
  0.086207	  0.034483	  0.003448	  0.875862	
  0.005172	  0.000000	  0.003448	  0.991380	
  0.000000	  0.998276	  0.001724	  0.000000	
  0.001724	  0.137931	  0.037931	  0.822414	
  0.786207	  0.029310	  0.184483	  0.000000	
  0.000000	  0.001724	  0.998276	  0.000000	
  0.986207	  0.000000	  0.000000	  0.013793	
  0.777586	  0.027586	  0.086207	  0.108621	
  0.237931	  0.201724	  0.384483	  0.175862	
  0.320690	  0.327586	  0.150000	  0.201724	
  0.341379	  0.113793	  0.125862	  0.418966	

URL http://cisbp.ccbr.utoronto.ca/TFreport.php?versionNumber=2.00&searchTF=T239455_2.00

MOTIF M08452_2.00 (AMAG_13560)_(Saccharomyces_cerevisiae)_(DBD_0.77)

letter-probability matrix: alength= 4 w= 5 nsites= 1 E= 0
  0.000000	  0.000000	  0.000000	  1.000000	
  0.000000	  0.000000	  0.010160	  0.989840	
  0.005578	  0.000000	  0.994422	  0.000000	
  0.000000	  0.000000	  0.998223	  0.001777	
  0.158006	  0.378979	  0.030665	  0.432350	

URL http://cisbp.ccbr.utoronto.ca/TFreport.php?versionNumber=2.00&searchTF=T159702_2.00

