MEME version 5.5.8 (Fri May 2 15:43:49 2025 -0700)

ALPHABET= ACGT

strands: + -

Background letter frequencies (from uniform background):
A 0.25000 C 0.25000 G 0.25000 T 0.25000 

MOTIF M00719_2.00 (AMTR_s00003p00135920)_(Arabidopsis_thaliana)_(DBD_0.86)

letter-probability matrix: alength= 4 w= 8 nsites= 1 E= 0
  0.253340	  0.238587	  0.213734	  0.294339	
  0.238515	  0.217986	  0.263600	  0.279900	
  0.216235	  0.071978	  0.581939	  0.129848	
  0.114251	  0.501900	  0.244301	  0.139547	
  0.009576	  0.664640	  0.002269	  0.323515	
  0.203540	  0.004463	  0.777326	  0.014671	
  0.148179	  0.326497	  0.281018	  0.244306	
  0.239004	  0.346014	  0.225085	  0.189897	

URL http://cisbp.ccbr.utoronto.ca/TFreport.php?versionNumber=2.00&searchTF=T000330_2.00

MOTIF M00728_2.00 (AMTR_s00111p00077850)_(Arabidopsis_thaliana)_(DBD_0.88)

letter-probability matrix: alength= 4 w= 8 nsites= 1 E= 0
  0.397219	  0.120842	  0.156724	  0.325215	
  0.091276	  0.058200	  0.034949	  0.815574	
  0.077473	  0.056257	  0.757426	  0.108845	
  0.891926	  0.000087	  0.061768	  0.046219	
  0.054102	  0.028244	  0.062857	  0.854798	
  0.072280	  0.012943	  0.068755	  0.846022	
  0.371108	  0.027289	  0.542665	  0.058938	
  0.183409	  0.337553	  0.354859	  0.124179	

URL http://cisbp.ccbr.utoronto.ca/TFreport.php?versionNumber=2.00&searchTF=T204404_2.00

MOTIF M00842_2.00 (AMTR_s00007p00268460)_(Arabidopsis_thaliana)_(DBD_0.78)

letter-probability matrix: alength= 4 w= 9 nsites= 1 E= 0
  0.164368	  0.488875	  0.115828	  0.230928	
  0.486638	  0.021063	  0.423063	  0.069236	
  0.000374	  0.979771	  0.013699	  0.006155	
  0.029509	  0.967475	  0.002759	  0.000258	
  0.009322	  0.012211	  0.974898	  0.003569	
  0.510611	  0.117403	  0.144837	  0.227149	
  0.044026	  0.929631	  0.005958	  0.020385	
  0.195109	  0.616192	  0.061779	  0.126920	
  0.425180	  0.125526	  0.183555	  0.265739	

URL http://cisbp.ccbr.utoronto.ca/TFreport.php?versionNumber=2.00&searchTF=T000335_2.00

MOTIF M00845_2.00 (AMTR_s00035p00205430)_(Arabidopsis_thaliana)_(DBD_0.96)

letter-probability matrix: alength= 4 w= 8 nsites= 1 E= 0
  0.000831	  0.000831	  0.250000	  0.748339	
  0.614264	  0.154141	  0.230828	  0.000767	
  0.000712	  0.784188	  0.214387	  0.000712	
  0.000712	  0.000712	  0.855413	  0.143162	
  0.690951	  0.000767	  0.307515	  0.000767	
  0.000767	  0.000767	  0.921012	  0.077454	
  0.000767	  0.000767	  0.997699	  0.000767	
  0.272645	  0.000906	  0.182065	  0.544384	

URL http://cisbp.ccbr.utoronto.ca/TFreport.php?versionNumber=2.00&searchTF=T000362_2.00

MOTIF M00852_2.00 (AMTR_s00034p00110140)_(Arabidopsis_thaliana)_(DBD_0.89)

letter-probability matrix: alength= 4 w= 8 nsites= 1 E= 0
  0.214109	  0.272186	  0.209869	  0.303835	
  0.028040	  0.085083	  0.334832	  0.552045	
  0.029468	  0.061149	  0.882985	  0.026399	
  0.000039	  0.183899	  0.008202	  0.807860	
  0.110608	  0.636503	  0.087882	  0.165007	
  0.091509	  0.246272	  0.418399	  0.243821	
  0.168399	  0.288973	  0.367357	  0.175271	
  0.221967	  0.293692	  0.257889	  0.226451	

URL http://cisbp.ccbr.utoronto.ca/TFreport.php?versionNumber=2.00&searchTF=T018349_2.00

MOTIF M00861_2.00 (AMTR_s00137p00104280)_(Arabidopsis_thaliana)_(DBD_0.87)

letter-probability matrix: alength= 4 w= 7 nsites= 1 E= 0
  0.190119	  0.283624	  0.236903	  0.289354	
  0.289659	  0.230144	  0.175687	  0.304510	
  0.212813	  0.354396	  0.108898	  0.323893	
  0.640719	  0.057546	  0.217585	  0.084149	
  0.009553	  0.690095	  0.264233	  0.036119	
  0.177904	  0.113437	  0.001509	  0.707151	
  0.222833	  0.283276	  0.286123	  0.207768	

URL http://cisbp.ccbr.utoronto.ca/TFreport.php?versionNumber=2.00&searchTF=T080696_2.00

MOTIF M00865_2.00 (AMTR_s00027p00144540)_(Arabidopsis_thaliana)_(DBD_0.63)

letter-probability matrix: alength= 4 w= 8 nsites= 1 E= 0
  0.256337	  0.220632	  0.261516	  0.261516	
  0.252175	  0.270460	  0.237489	  0.239876	
  0.223001	  0.272374	  0.171945	  0.332679	
  0.247044	  0.298737	  0.273025	  0.181193	
  0.325403	  0.250903	  0.220316	  0.203378	
  0.231735	  0.283042	  0.193561	  0.291662	
  0.262551	  0.249746	  0.200426	  0.287277	
  0.289937	  0.314085	  0.230364	  0.165614	

URL http://cisbp.ccbr.utoronto.ca/TFreport.php?versionNumber=2.00&searchTF=T204385_2.00

MOTIF M00874_2.00 (AMTR_s00058p00133630)_(Arabidopsis_thaliana)_(DBD_0.96)

letter-probability matrix: alength= 4 w= 7 nsites= 1 E= 0
  0.297316	  0.201300	  0.359530	  0.141854	
  0.335160	  0.176727	  0.274406	  0.213707	
  0.477536	  0.090798	  0.172197	  0.259469	
  0.915843	  0.004305	  0.044694	  0.035158	
  0.074325	  0.014857	  0.005357	  0.905461	
  0.161206	  0.568320	  0.095840	  0.174633	
  0.184011	  0.280057	  0.213790	  0.322142	

URL http://cisbp.ccbr.utoronto.ca/TFreport.php?versionNumber=2.00&searchTF=T266218_2.00

MOTIF M00877_2.00 (AMTR_s00022p00252530)_(Arabidopsis_thaliana)_(DBD_0.89)

letter-probability matrix: alength= 4 w= 9 nsites= 1 E= 0
  0.185199	  0.317803	  0.194694	  0.302304	
  0.778645	  0.000277	  0.118814	  0.102264	
  0.353245	  0.462738	  0.069907	  0.114110	
  0.000060	  0.914173	  0.084607	  0.001160	
  0.269503	  0.211999	  0.220651	  0.297847	
  0.425775	  0.111487	  0.282566	  0.180172	
  0.341786	  0.389236	  0.094084	  0.174895	
  0.211015	  0.388359	  0.124204	  0.276422	
  0.252103	  0.230404	  0.270382	  0.247111	

URL http://cisbp.ccbr.utoronto.ca/TFreport.php?versionNumber=2.00&searchTF=T266163_2.00

MOTIF M00878_2.00 (AMTR_s00048p00125480)_(Arabidopsis_thaliana)_(DBD_1.00)

letter-probability matrix: alength= 4 w= 8 nsites= 1 E= 0
  0.333299	  0.179296	  0.167175	  0.320230	
  0.276167	  0.273419	  0.165837	  0.284577	
  0.486014	  0.123500	  0.277616	  0.112870	
  0.181028	  0.077374	  0.000115	  0.741483	
  0.197164	  0.238420	  0.258278	  0.306138	
  0.120145	  0.577496	  0.130152	  0.172208	
  0.181080	  0.283990	  0.264790	  0.270140	
  0.231764	  0.283077	  0.251067	  0.234093	

URL http://cisbp.ccbr.utoronto.ca/TFreport.php?versionNumber=2.00&searchTF=T266205_2.00

MOTIF M00882_2.00 (AMTR_s00030p00146410)_(Arabidopsis_thaliana)_(DBD_0.80)

letter-probability matrix: alength= 4 w= 10 nsites= 1 E= 0
  0.149434	  0.294964	  0.275023	  0.280579	
  0.225904	  0.270456	  0.273174	  0.230467	
  0.165608	  0.340230	  0.167272	  0.326890	
  0.762395	  0.089699	  0.062581	  0.085325	
  0.309605	  0.623467	  0.065059	  0.001869	
  0.050240	  0.801767	  0.142141	  0.005852	
  0.286254	  0.122349	  0.137948	  0.453448	
  0.754695	  0.053320	  0.132464	  0.059520	
  0.388169	  0.534558	  0.005649	  0.071625	
  0.118059	  0.503298	  0.107898	  0.270746	

URL http://cisbp.ccbr.utoronto.ca/TFreport.php?versionNumber=2.00&searchTF=T266185_2.00

MOTIF M00883_2.00 (AMTR_s00145p00098450)_(Arabidopsis_thaliana)_(DBD_0.83)

letter-probability matrix: alength= 4 w= 10 nsites= 1 E= 0
  0.204715	  0.204715	  0.204715	  0.385854	
  0.100337	  0.100337	  0.381117	  0.418209	
  0.999371	  0.000210	  0.000210	  0.000210	
  0.000210	  0.999371	  0.000210	  0.000210	
  0.000210	  0.999371	  0.000210	  0.000210	
  0.000210	  0.000210	  0.000210	  0.999371	
  0.999371	  0.000210	  0.000210	  0.000210	
  0.999371	  0.000210	  0.000210	  0.000210	
  0.045494	  0.460182	  0.045494	  0.448829	
  0.236945	  0.237675	  0.149873	  0.375508	

URL http://cisbp.ccbr.utoronto.ca/TFreport.php?versionNumber=2.00&searchTF=T266262_2.00

MOTIF M00890_2.00 (AMTR_s00078p00029420)_(Arabidopsis_thaliana)_(DBD_0.95)

letter-probability matrix: alength= 4 w= 8 nsites= 1 E= 0
  0.795635	  0.001984	  0.001984	  0.200397	
  0.996681	  0.001106	  0.001106	  0.001106	
  0.001106	  0.001106	  0.001106	  0.996681	
  0.664823	  0.111726	  0.111726	  0.111726	
  0.775442	  0.001106	  0.001106	  0.222345	
  0.111726	  0.001106	  0.001106	  0.886062	
  0.554204	  0.111726	  0.001106	  0.332965	
  0.996269	  0.001244	  0.001244	  0.001244	

URL http://cisbp.ccbr.utoronto.ca/TFreport.php?versionNumber=2.00&searchTF=T326430_2.00

MOTIF M00891_2.00 (AMTR_s00017p00035550)_(Arabidopsis_thaliana)_(DBD_0.57)

letter-probability matrix: alength= 4 w= 10 nsites= 1 E= 0
  0.227383	  0.227383	  0.227383	  0.317850	
  0.186905	  0.186905	  0.339704	  0.286486	
  0.000144	  0.000144	  0.936855	  0.062857	
  0.000144	  0.000144	  0.936855	  0.062857	
  0.083028	  0.122375	  0.633434	  0.161163	
  0.000144	  0.856178	  0.080821	  0.062857	
  0.062857	  0.936855	  0.000144	  0.000144	
  0.062857	  0.936855	  0.000144	  0.000144	
  0.786694	  0.103437	  0.087108	  0.022761	
  0.125952	  0.747569	  0.063239	  0.063239	

URL http://cisbp.ccbr.utoronto.ca/TFreport.php?versionNumber=2.00&searchTF=T343664_2.00

MOTIF M00898_2.00 (AMTR_s00078p00171140)_(Arabidopsis_thaliana)_(DBD_0.86)

letter-probability matrix: alength= 4 w= 11 nsites= 1 E= 0
  0.227799	  0.316602	  0.227799	  0.227799	
  0.304548	  0.391205	  0.106861	  0.197385	
  0.200497	  0.022592	  0.754320	  0.022592	
  0.000231	  0.000231	  0.999306	  0.000231	
  0.000231	  0.000231	  0.000231	  0.999306	
  0.000231	  0.999306	  0.000231	  0.000231	
  0.999306	  0.000231	  0.000231	  0.000231	
  0.999306	  0.000231	  0.000231	  0.000231	
  0.114025	  0.841111	  0.022432	  0.022432	
  0.143370	  0.143370	  0.465072	  0.248188	
  0.317081	  0.227640	  0.227640	  0.227640	

URL http://cisbp.ccbr.utoronto.ca/TFreport.php?versionNumber=2.00&searchTF=T351883_2.00

MOTIF M01050_2.00 (AMTR_s00003p00133970)_(Arabidopsis_thaliana)_(DBD_0.84)

letter-probability matrix: alength= 4 w= 8 nsites= 1 E= 0
  0.081770	  0.754690	  0.081770	  0.081770	
  0.015771	  0.000156	  0.983916	  0.000156	
  0.000156	  0.890225	  0.109463	  0.000156	
  0.000156	  0.968301	  0.031387	  0.000156	
  0.000156	  0.015771	  0.983916	  0.000156	
  0.062617	  0.843379	  0.062617	  0.031387	
  0.125089	  0.803176	  0.018023	  0.053712	
  0.527469	  0.055771	  0.305494	  0.111265	

URL http://cisbp.ccbr.utoronto.ca/TFreport.php?versionNumber=2.00&searchTF=T000329_2.00

MOTIF M01052_2.00 (AMTR_s00006p00257020)_(Arabidopsis_thaliana)_(DBD_1.00)

letter-probability matrix: alength= 4 w= 10 nsites= 1 E= 0
  0.304312	  0.231896	  0.231896	  0.231896	
  0.299252	  0.134777	  0.359742	  0.206229	
  0.000039	  0.999882	  0.000039	  0.000039	
  0.999882	  0.000039	  0.000039	  0.000039	
  0.000039	  0.999882	  0.000039	  0.000039	
  0.000039	  0.000039	  0.999882	  0.000039	
  0.000039	  0.000039	  0.000039	  0.999882	
  0.000039	  0.000039	  0.999882	  0.000039	
  0.090411	  0.808940	  0.082505	  0.018143	
  0.212500	  0.338255	  0.237241	  0.212004	

URL http://cisbp.ccbr.utoronto.ca/TFreport.php?versionNumber=2.00&searchTF=T030471_2.00

MOTIF M01070_2.00 (AMTR_s00007p00193000)_(Arabidopsis_thaliana)_(DBD_0.85)

letter-probability matrix: alength= 4 w= 8 nsites= 1 E= 0
  0.478976	  0.104288	  0.000208	  0.416528	
  0.411670	  0.014844	  0.529248	  0.044239	
  0.460416	  0.539321	  0.000132	  0.000132	
  0.000130	  0.999611	  0.000130	  0.000130	
  0.000130	  0.973650	  0.000130	  0.026090	
  0.026090	  0.000130	  0.000130	  0.973650	
  0.999611	  0.000130	  0.000130	  0.000130	
  0.403728	  0.000192	  0.595888	  0.000192	

URL http://cisbp.ccbr.utoronto.ca/TFreport.php?versionNumber=2.00&searchTF=T266140_2.00

MOTIF M01088_2.00 (AMTR_s00024p00159910)_(Arabidopsis_thaliana)_(DBD_0.76)

letter-probability matrix: alength= 4 w= 10 nsites= 1 E= 0
  0.359548	  0.163179	  0.315718	  0.161555	
  0.113225	  0.159076	  0.149812	  0.577887	
  0.087229	  0.062711	  0.014133	  0.835926	
  0.294546	  0.047724	  0.587242	  0.070488	
  0.045469	  0.834674	  0.011325	  0.108532	
  0.905347	  0.024986	  0.049815	  0.019852	
  0.090793	  0.779442	  0.050835	  0.078931	
  0.098747	  0.519341	  0.073154	  0.308759	
  0.329849	  0.264710	  0.218904	  0.186538	
  0.238820	  0.294627	  0.220459	  0.246093	

URL http://cisbp.ccbr.utoronto.ca/TFreport.php?versionNumber=2.00&searchTF=T350674_2.00

MOTIF M01090_2.00 (AMTR_s00015p00228580)_(Arabidopsis_thaliana)_(DBD_0.71)

letter-probability matrix: alength= 4 w= 9 nsites= 1 E= 0
  0.426335	  0.115034	  0.401507	  0.057124	
  0.007902	  0.000086	  0.979618	  0.012393	
  0.000409	  0.000393	  0.001266	  0.997932	
  0.045912	  0.950250	  0.001386	  0.002452	
  0.895975	  0.055585	  0.009659	  0.038780	
  0.895657	  0.007520	  0.075759	  0.021064	
  0.084755	  0.706102	  0.056247	  0.152896	
  0.136430	  0.193603	  0.485806	  0.184161	
  0.204341	  0.314124	  0.262378	  0.219157	

URL http://cisbp.ccbr.utoronto.ca/TFreport.php?versionNumber=2.00&searchTF=T351865_2.00

MOTIF M01097_2.00 (AMTR_s00023p00044590)_(Cannabis_sativa)_(DBD_0.96)

letter-probability matrix: alength= 4 w= 9 nsites= 1 E= 0
  0.138239	  0.346882	  0.272867	  0.242011	
  0.190987	  0.534968	  0.166036	  0.108008	
  0.608475	  0.002140	  0.384120	  0.005264	
  0.000376	  0.993425	  0.005059	  0.001140	
  0.000934	  0.994484	  0.000044	  0.004537	
  0.010438	  0.001546	  0.977987	  0.010029	
  0.441186	  0.411359	  0.042926	  0.104529	
  0.075346	  0.790043	  0.031883	  0.102728	
  0.367281	  0.227267	  0.086153	  0.319299	

URL http://cisbp.ccbr.utoronto.ca/TFreport.php?versionNumber=2.00&searchTF=T000357_2.00

MOTIF M01098_2.00 (AMTR_s00022p00250320)_(Cannabis_sativa)_(DBD_0.98)

letter-probability matrix: alength= 4 w= 10 nsites= 1 E= 0
  0.200274	  0.307061	  0.292392	  0.200274	
  0.096050	  0.621178	  0.096050	  0.186722	
  0.000064	  0.999807	  0.000064	  0.000064	
  0.999807	  0.000064	  0.000064	  0.000064	
  0.000064	  0.999807	  0.000064	  0.000064	
  0.000064	  0.999807	  0.000064	  0.000064	
  0.000064	  0.000064	  0.999807	  0.000064	
  0.000064	  0.999807	  0.000064	  0.000064	
  0.134046	  0.574343	  0.049790	  0.241821	
  0.335896	  0.270801	  0.239289	  0.154014	

URL http://cisbp.ccbr.utoronto.ca/TFreport.php?versionNumber=2.00&searchTF=T000356_2.00

MOTIF M01120_2.00 (AMTR_s00045p00141060)_(Cannabis_sativa)_(DBD_1.00)

letter-probability matrix: alength= 4 w= 8 nsites= 1 E= 0
  0.083887	  0.582226	  0.083887	  0.250000	
  0.000525	  0.998424	  0.000525	  0.000525	
  0.998424	  0.000525	  0.000525	  0.000525	
  0.000525	  0.998424	  0.000525	  0.000525	
  0.000525	  0.000525	  0.998424	  0.000525	
  0.000525	  0.000525	  0.000525	  0.998424	
  0.000525	  0.000525	  0.998424	  0.000525	
  0.285613	  0.570513	  0.071937	  0.071937	

URL http://cisbp.ccbr.utoronto.ca/TFreport.php?versionNumber=2.00&searchTF=T030506_2.00

MOTIF M01121_2.00 (AMTR_s00022p00231410)_(Cannabis_sativa)_(DBD_0.96)

letter-probability matrix: alength= 4 w= 7 nsites= 1 E= 0
  0.270416	  0.208505	  0.292938	  0.228141	
  0.224872	  0.306596	  0.176890	  0.291643	
  0.317052	  0.232540	  0.267485	  0.182923	
  0.264193	  0.310033	  0.184321	  0.241454	
  0.283145	  0.246155	  0.238880	  0.231820	
  0.292374	  0.256732	  0.223192	  0.227701	
  0.237926	  0.245172	  0.299454	  0.217448	

URL http://cisbp.ccbr.utoronto.ca/TFreport.php?versionNumber=2.00&searchTF=T030494_2.00

MOTIF M01122_2.00 (AMTR_s00013p00245920)_(Cannabis_sativa)_(DBD_1.00)

letter-probability matrix: alength= 4 w= 8 nsites= 1 E= 0
  0.167219	  0.498344	  0.167219	  0.167219	
  0.000996	  0.997012	  0.000996	  0.000996	
  0.997012	  0.000996	  0.000996	  0.000996	
  0.000996	  0.997012	  0.000996	  0.000996	
  0.000996	  0.000996	  0.997012	  0.000996	
  0.000996	  0.000996	  0.000996	  0.997012	
  0.000996	  0.000996	  0.997012	  0.000996	
  0.125622	  0.747512	  0.125622	  0.001244	

URL http://cisbp.ccbr.utoronto.ca/TFreport.php?versionNumber=2.00&searchTF=T030483_2.00

MOTIF M01123_2.00 (AMTR_s00010p00144270)_(Cannabis_sativa)_(DBD_0.92)

letter-probability matrix: alength= 4 w= 8 nsites= 1 E= 0
  0.235329	  0.294014	  0.059272	  0.411385	
  0.000434	  0.998698	  0.000434	  0.000434	
  0.998698	  0.000434	  0.000434	  0.000434	
  0.000434	  0.998698	  0.000434	  0.000434	
  0.000434	  0.000434	  0.998698	  0.000434	
  0.000434	  0.000434	  0.000434	  0.998698	
  0.000434	  0.000434	  0.998698	  0.000434	
  0.067154	  0.532580	  0.200133	  0.200133	

URL http://cisbp.ccbr.utoronto.ca/TFreport.php?versionNumber=2.00&searchTF=T030478_2.00

MOTIF M01124_2.00 (AMTR_s00025p00048410)_(Cannabis_sativa)_(DBD_0.98)

letter-probability matrix: alength= 4 w= 8 nsites= 1 E= 0
  0.001244	  0.125622	  0.871891	  0.001244	
  0.000996	  0.997012	  0.000996	  0.000996	
  0.997012	  0.000996	  0.000996	  0.000996	
  0.000996	  0.997012	  0.000996	  0.000996	
  0.000996	  0.000996	  0.997012	  0.000996	
  0.000996	  0.000996	  0.000996	  0.997012	
  0.000996	  0.000996	  0.997012	  0.000996	
  0.332781	  0.167219	  0.498344	  0.001656	

URL http://cisbp.ccbr.utoronto.ca/TFreport.php?versionNumber=2.00&searchTF=T030496_2.00

MOTIF M01125_2.00 (AMTR_s00064p00208400)_(Cannabis_sativa)_(DBD_0.67)

letter-probability matrix: alength= 4 w= 10 nsites= 1 E= 0
  0.290575	  0.295614	  0.173215	  0.240596	
  0.190847	  0.120486	  0.628755	  0.059912	
  0.000051	  0.999848	  0.000051	  0.000051	
  0.999848	  0.000051	  0.000051	  0.000051	
  0.000051	  0.999848	  0.000051	  0.000051	
  0.000051	  0.000051	  0.999848	  0.000051	
  0.000051	  0.000051	  0.000051	  0.999848	
  0.000051	  0.000051	  0.999848	  0.000051	
  0.076836	  0.255283	  0.137410	  0.530472	
  0.190138	  0.263835	  0.286160	  0.259866	

URL http://cisbp.ccbr.utoronto.ca/TFreport.php?versionNumber=2.00&searchTF=T030511_2.00

MOTIF M01126_2.00 (AMTR_s00041p00193340)_(Cannabis_sativa)_(DBD_0.88)

letter-probability matrix: alength= 4 w= 12 nsites= 1 E= 0
  0.300437	  0.233188	  0.233188	  0.233188	
  0.233188	  0.233188	  0.233188	  0.300437	
  0.377607	  0.180303	  0.261787	  0.180303	
  0.224631	  0.194650	  0.530892	  0.049826	
  0.000094	  0.932468	  0.000094	  0.067343	
  0.999718	  0.000094	  0.000094	  0.000094	
  0.067343	  0.932468	  0.000094	  0.000094	
  0.000094	  0.000094	  0.932468	  0.067343	
  0.016906	  0.016906	  0.016906	  0.949281	
  0.016906	  0.016906	  0.949281	  0.016906	
  0.069791	  0.147158	  0.593351	  0.189700	
  0.200268	  0.311169	  0.200268	  0.288295	

URL http://cisbp.ccbr.utoronto.ca/TFreport.php?versionNumber=2.00&searchTF=T030504_2.00

MOTIF M01127_2.00 (AMTR_s00099p00127980)_(Cannabis_sativa)_(DBD_0.92)

letter-probability matrix: alength= 4 w= 10 nsites= 1 E= 0
  0.307877	  0.270817	  0.210653	  0.210653	
  0.456249	  0.117218	  0.309315	  0.117218	
  0.000009	  0.999974	  0.000009	  0.000009	
  0.999974	  0.000009	  0.000009	  0.000009	
  0.000009	  0.999974	  0.000009	  0.000009	
  0.000009	  0.000009	  0.999974	  0.000009	
  0.000009	  0.000009	  0.000009	  0.999974	
  0.000009	  0.000009	  0.999974	  0.000009	
  0.039356	  0.743386	  0.096901	  0.120357	
  0.226376	  0.281883	  0.253279	  0.238462	

URL http://cisbp.ccbr.utoronto.ca/TFreport.php?versionNumber=2.00&searchTF=T030524_2.00

MOTIF M01154_2.00 (AMTR_s00002p00268140)_(Cannabis_sativa)_(DBD_0.91)

letter-probability matrix: alength= 4 w= 10 nsites= 1 E= 0
  0.207637	  0.374574	  0.231780	  0.186008	
  0.174524	  0.296505	  0.159503	  0.369468	
  0.179985	  0.219834	  0.344769	  0.255411	
  0.560855	  0.106640	  0.181175	  0.151330	
  0.031341	  0.648673	  0.156793	  0.163192	
  0.116412	  0.109633	  0.711331	  0.062623	
  0.093377	  0.131189	  0.042804	  0.732630	
  0.167926	  0.048595	  0.667488	  0.115992	
  0.074228	  0.124853	  0.458123	  0.342797	
  0.268273	  0.358527	  0.215294	  0.157907	

URL http://cisbp.ccbr.utoronto.ca/TFreport.php?versionNumber=2.00&searchTF=T056739_2.00

MOTIF M01156_2.00 (AMTR_s00158p00056990)_(Cannabis_sativa)_(DBD_0.69)

letter-probability matrix: alength= 4 w= 10 nsites= 1 E= 0
  0.185651	  0.213549	  0.285393	  0.315408	
  0.133202	  0.183436	  0.404181	  0.279182	
  0.363231	  0.495238	  0.105113	  0.036417	
  0.029585	  0.834874	  0.000269	  0.135271	
  0.937984	  0.000034	  0.061789	  0.000193	
  0.088378	  0.602820	  0.187095	  0.121707	
  0.146644	  0.194029	  0.560040	  0.099286	
  0.162411	  0.177706	  0.146956	  0.512926	
  0.246395	  0.269599	  0.286270	  0.197736	
  0.293459	  0.147192	  0.337558	  0.221791	

URL http://cisbp.ccbr.utoronto.ca/TFreport.php?versionNumber=2.00&searchTF=T056774_2.00

MOTIF M01157_2.00 (AMTR_s00077p00070990)_(Cannabis_sativa)_(DBD_0.97)

letter-probability matrix: alength= 4 w= 13 nsites= 1 E= 0
  0.233877	  0.233877	  0.233877	  0.298368	
  0.298368	  0.233877	  0.233877	  0.233877	
  0.298368	  0.233877	  0.233877	  0.233877	
  0.158335	  0.293774	  0.243875	  0.304017	
  0.099958	  0.099958	  0.614586	  0.185498	
  0.772635	  0.227191	  0.000087	  0.000087	
  0.064577	  0.935250	  0.000087	  0.000087	
  0.999740	  0.000087	  0.000087	  0.000087	
  0.016209	  0.016209	  0.951373	  0.016209	
  0.016209	  0.951373	  0.016209	  0.016209	
  0.016209	  0.016209	  0.016209	  0.951373	
  0.167323	  0.091752	  0.649174	  0.091752	
  0.150129	  0.150129	  0.300516	  0.399227	

URL http://cisbp.ccbr.utoronto.ca/TFreport.php?versionNumber=2.00&searchTF=T056764_2.00

MOTIF M01158_2.00 (AMTR_s00114p00031980)_(Cannabis_sativa)_(DBD_0.68)

letter-probability matrix: alength= 4 w= 10 nsites= 1 E= 0
  0.233043	  0.233043	  0.300870	  0.233043	
  0.153669	  0.153669	  0.419654	  0.273008	
  0.749635	  0.137770	  0.000082	  0.112514	
  0.056549	  0.831095	  0.056309	  0.056047	
  0.999755	  0.000082	  0.000082	  0.000082	
  0.112776	  0.887060	  0.000082	  0.000082	
  0.056309	  0.000082	  0.887562	  0.056047	
  0.000082	  0.000082	  0.000082	  0.999755	
  0.185698	  0.017039	  0.780225	  0.017039	
  0.152378	  0.152880	  0.220818	  0.473924	

URL http://cisbp.ccbr.utoronto.ca/TFreport.php?versionNumber=2.00&searchTF=T056769_2.00

MOTIF M01160_2.00 (AMTR_s00048p00108400)_(Cannabis_sativa)_(DBD_0.70)

letter-probability matrix: alength= 4 w= 10 nsites= 1 E= 0
  0.373896	  0.117211	  0.250630	  0.258263	
  0.132714	  0.167033	  0.272651	  0.427602	
  0.045729	  0.047596	  0.540634	  0.366040	
  0.268831	  0.716289	  0.014645	  0.000236	
  0.016751	  0.942443	  0.001614	  0.039192	
  0.960392	  0.000777	  0.037613	  0.001218	
  0.052931	  0.787600	  0.100383	  0.059086	
  0.088521	  0.064279	  0.831506	  0.015693	
  0.050501	  0.049008	  0.027440	  0.873051	
  0.277511	  0.218298	  0.452985	  0.051206	

URL http://cisbp.ccbr.utoronto.ca/TFreport.php?versionNumber=2.00&searchTF=T056756_2.00

MOTIF M01163_2.00 (AMTR_s00030p00014690)_(Cannabis_sativa)_(DBD_0.95)

letter-probability matrix: alength= 4 w= 8 nsites= 1 E= 0
  0.037352	  0.037352	  0.703033	  0.222263	
  0.743084	  0.205174	  0.000256	  0.051486	
  0.000244	  0.926170	  0.024610	  0.048977	
  0.999269	  0.000244	  0.000244	  0.000244	
  0.048977	  0.000244	  0.950536	  0.000244	
  0.000244	  0.950536	  0.000244	  0.048977	
  0.000270	  0.000270	  0.000270	  0.999190	
  0.185281	  0.111317	  0.666050	  0.037352	

URL http://cisbp.ccbr.utoronto.ca/TFreport.php?versionNumber=2.00&searchTF=T056749_2.00

MOTIF M01215_2.00 (AMTR_s00030p00156320)_(Cannabis_sativa)_(DBD_0.83)

letter-probability matrix: alength= 4 w= 8 nsites= 1 E= 0
  0.355962	  0.199303	  0.243429	  0.201306	
  0.082596	  0.702020	  0.043990	  0.171394	
  0.173994	  0.047419	  0.399024	  0.379563	
  0.182524	  0.069192	  0.117552	  0.630732	
  0.157454	  0.075124	  0.128913	  0.638509	
  0.327133	  0.192552	  0.181339	  0.298977	
  0.220003	  0.276895	  0.197086	  0.306017	
  0.220064	  0.303056	  0.233672	  0.243208	

URL http://cisbp.ccbr.utoronto.ca/TFreport.php?versionNumber=2.00&searchTF=T170136_2.00

MOTIF M01216_2.00 (AMTR_s00069p00049300)_(Cannabis_sativa)_(DBD_0.81)

letter-probability matrix: alength= 4 w= 7 nsites= 1 E= 0
  0.355380	  0.222114	  0.252949	  0.169557	
  0.058293	  0.816866	  0.017557	  0.107284	
  0.050131	  0.017897	  0.243384	  0.688587	
  0.074915	  0.000457	  0.065128	  0.859501	
  0.073510	  0.021921	  0.044143	  0.860426	
  0.314662	  0.154702	  0.110112	  0.420523	
  0.213082	  0.245103	  0.210962	  0.330854	

URL http://cisbp.ccbr.utoronto.ca/TFreport.php?versionNumber=2.00&searchTF=T170141_2.00

MOTIF M01217_2.00 (AMTR_s00169p00055880)_(Cannabis_sativa)_(DBD_0.90)

letter-probability matrix: alength= 4 w= 8 nsites= 1 E= 0
  0.500535	  0.136412	  0.253580	  0.109473	
  0.009007	  0.970711	  0.003028	  0.017254	
  0.008883	  0.089494	  0.043999	  0.857624	
  0.007663	  0.000253	  0.003375	  0.988709	
  0.007075	  0.004887	  0.008994	  0.979044	
  0.308722	  0.059290	  0.016485	  0.615503	
  0.181774	  0.187310	  0.126820	  0.504096	
  0.218483	  0.225137	  0.246339	  0.310042	

URL http://cisbp.ccbr.utoronto.ca/TFreport.php?versionNumber=2.00&searchTF=T170148_2.00

MOTIF M01219_2.00 (AMTR_s00080p00087770)_(Cannabis_sativa)_(DBD_0.95)

letter-probability matrix: alength= 4 w= 7 nsites= 1 E= 0
  0.354159	  0.244629	  0.223575	  0.177637	
  0.069797	  0.769388	  0.033636	  0.127179	
  0.051410	  0.001173	  0.159149	  0.788268	
  0.067173	  0.006802	  0.039538	  0.886487	
  0.073470	  0.039920	  0.043680	  0.842930	
  0.325655	  0.155375	  0.092373	  0.426597	
  0.212443	  0.241936	  0.212443	  0.333177	

URL http://cisbp.ccbr.utoronto.ca/TFreport.php?versionNumber=2.00&searchTF=T170142_2.00

MOTIF M01220_2.00 (AMTR_s00021p00057700)_(Cannabis_sativa)_(DBD_0.81)

letter-probability matrix: alength= 4 w= 7 nsites= 1 E= 0
  0.067389	  0.812792	  0.073735	  0.046084	
  0.050344	  0.000241	  0.329931	  0.619483	
  0.068175	  0.000123	  0.040939	  0.890763	
  0.077471	  0.010590	  0.057968	  0.853971	
  0.327466	  0.135827	  0.085745	  0.450962	
  0.237023	  0.244241	  0.175591	  0.343146	
  0.230791	  0.245062	  0.245062	  0.279084	

URL http://cisbp.ccbr.utoronto.ca/TFreport.php?versionNumber=2.00&searchTF=T170134_2.00

MOTIF M01225_2.00 (AMTR_s00030p00231260)_(Physcomitrella_patens)_(DBD_0.94)

letter-probability matrix: alength= 4 w= 10 nsites= 1 E= 0
  0.190589	  0.347275	  0.407531	  0.054605	
  0.053131	  0.125558	  0.759581	  0.061730	
  0.006389	  0.948224	  0.000029	  0.045358	
  0.045581	  0.000042	  0.924726	  0.029651	
  0.016651	  0.814394	  0.092060	  0.076895	
  0.118839	  0.496592	  0.220913	  0.163656	
  0.407444	  0.259798	  0.072960	  0.259798	
  0.440817	  0.140982	  0.104442	  0.313760	
  0.395676	  0.129101	  0.157685	  0.317538	
  0.315183	  0.176470	  0.156515	  0.351832	

URL http://cisbp.ccbr.utoronto.ca/TFreport.php?versionNumber=2.00&searchTF=T172279_2.00

MOTIF M01252_2.00 (AMTR_s00024p00094630)_(Cannabis_sativa)_(DBD_0.90)

letter-probability matrix: alength= 4 w= 10 nsites= 1 E= 0
  0.253147	  0.215718	  0.189421	  0.341713	
  0.294580	  0.229419	  0.160060	  0.315940	
  0.258517	  0.220293	  0.150650	  0.370540	
  0.218917	  0.182855	  0.157384	  0.440844	
  0.292598	  0.167135	  0.145300	  0.394967	
  0.359756	  0.271898	  0.189697	  0.178650	
  0.272857	  0.295582	  0.221174	  0.210387	
  0.207409	  0.285629	  0.045363	  0.461598	
  0.248926	  0.087984	  0.476828	  0.186262	
  0.226411	  0.215369	  0.111314	  0.446907	

URL http://cisbp.ccbr.utoronto.ca/TFreport.php?versionNumber=2.00&searchTF=T204378_2.00

MOTIF M01254_2.00 (AMTR_s00026p00244220)_(Cannabis_sativa)_(DBD_0.94)

letter-probability matrix: alength= 4 w= 10 nsites= 1 E= 0
  0.293897	  0.185532	  0.217724	  0.302847	
  0.223487	  0.175801	  0.310864	  0.289847	
  0.139416	  0.098245	  0.050778	  0.711561	
  0.025658	  0.028929	  0.929694	  0.015719	
  0.963786	  0.000254	  0.000055	  0.035905	
  0.020795	  0.929539	  0.001015	  0.048652	
  0.542693	  0.106330	  0.253799	  0.097178	
  0.091696	  0.094489	  0.496947	  0.316867	
  0.123305	  0.381710	  0.328541	  0.166444	
  0.222167	  0.209229	  0.159721	  0.408883	

URL http://cisbp.ccbr.utoronto.ca/TFreport.php?versionNumber=2.00&searchTF=T204384_2.00

MOTIF M01268_2.00 (AMTR_s00044p00042560)_(Arabidopsis_thaliana)_(DBD_0.87)

letter-probability matrix: alength= 4 w= 10 nsites= 1 E= 0
  0.301191	  0.195956	  0.306897	  0.195956	
  0.358547	  0.048843	  0.048843	  0.543768	
  0.806293	  0.000238	  0.094058	  0.099411	
  0.094058	  0.596188	  0.000238	  0.309517	
  0.905892	  0.000238	  0.000238	  0.093633	
  0.000238	  0.000238	  0.000238	  0.999287	
  0.200943	  0.000238	  0.093633	  0.705187	
  0.000238	  0.798582	  0.000238	  0.200943	
  0.147677	  0.260756	  0.054282	  0.537285	
  0.299771	  0.201395	  0.201395	  0.297439	

URL http://cisbp.ccbr.utoronto.ca/TFreport.php?versionNumber=2.00&searchTF=T266197_2.00

MOTIF M01277_2.00 (AMTR_s00029p00183640)_(Cannabis_sativa)_(DBD_0.96)

letter-probability matrix: alength= 4 w= 9 nsites= 1 E= 0
  0.175885	  0.320484	  0.066675	  0.436956	
  0.926784	  0.029421	  0.035935	  0.007859	
  0.748924	  0.249295	  0.000886	  0.000895	
  0.001293	  0.960341	  0.012645	  0.025720	
  0.090301	  0.274005	  0.358936	  0.276758	
  0.285930	  0.071218	  0.553216	  0.089635	
  0.260789	  0.315359	  0.068286	  0.355566	
  0.246001	  0.389684	  0.086950	  0.277365	
  0.294736	  0.222757	  0.207697	  0.274810	

URL http://cisbp.ccbr.utoronto.ca/TFreport.php?versionNumber=2.00&searchTF=T266182_2.00

MOTIF M01278_2.00 (AMTR_s00049p00081480)_(Cannabis_sativa)_(DBD_0.81)

letter-probability matrix: alength= 4 w= 9 nsites= 1 E= 0
  0.388551	  0.179904	  0.202841	  0.228703	
  0.081012	  0.008711	  0.816153	  0.094123	
  0.942664	  0.010899	  0.028466	  0.017970	
  0.013140	  0.011310	  0.007140	  0.968411	
  0.350195	  0.239485	  0.080519	  0.329801	
  0.110938	  0.468236	  0.077399	  0.343427	
  0.203757	  0.157107	  0.427062	  0.212073	
  0.228436	  0.270766	  0.265405	  0.235393	
  0.239389	  0.249159	  0.188310	  0.323142	

URL http://cisbp.ccbr.utoronto.ca/TFreport.php?versionNumber=2.00&searchTF=T266211_2.00

MOTIF M01279_2.00 (AMTR_s00109p00061950)_(Cannabis_sativa)_(DBD_0.84)

letter-probability matrix: alength= 4 w= 10 nsites= 1 E= 0
  0.138518	  0.287436	  0.085713	  0.488334	
  0.985369	  0.000224	  0.012466	  0.001941	
  0.926257	  0.058041	  0.007108	  0.008595	
  0.003541	  0.986708	  0.000504	  0.009248	
  0.035960	  0.080834	  0.798228	  0.084978	
  0.112592	  0.024138	  0.701888	  0.161382	
  0.213897	  0.266532	  0.113920	  0.405651	
  0.288297	  0.312308	  0.108201	  0.291194	
  0.363881	  0.216335	  0.180698	  0.239087	
  0.265702	  0.228692	  0.209009	  0.296597	

URL http://cisbp.ccbr.utoronto.ca/TFreport.php?versionNumber=2.00&searchTF=T266250_2.00

MOTIF M01281_2.00 (AMTR_s00091p00025820)_(Cannabis_sativa)_(DBD_0.93)

letter-probability matrix: alength= 4 w= 8 nsites= 1 E= 0
  0.150067	  0.483178	  0.050133	  0.316622	
  0.999663	  0.000112	  0.000112	  0.000112	
  0.123763	  0.845115	  0.010408	  0.020713	
  0.000101	  0.979503	  0.000101	  0.020295	
  0.282815	  0.070779	  0.000101	  0.646305	
  0.999697	  0.000101	  0.000101	  0.000101	
  0.260412	  0.739379	  0.000104	  0.000104	
  0.054901	  0.616238	  0.013828	  0.315033	

URL http://cisbp.ccbr.utoronto.ca/TFreport.php?versionNumber=2.00&searchTF=T266240_2.00

MOTIF M01283_2.00 (AMTR_s00021p00013790)_(Cannabis_sativa)_(DBD_0.98)

letter-probability matrix: alength= 4 w= 10 nsites= 1 E= 0
  0.384152	  0.148567	  0.196574	  0.270707	
  0.558330	  0.069058	  0.063114	  0.309497	
  0.269366	  0.349349	  0.098108	  0.283177	
  0.960051	  0.005089	  0.020025	  0.014835	
  0.027536	  0.012623	  0.010756	  0.949085	
  0.070529	  0.028963	  0.032656	  0.867852	
  0.041568	  0.904445	  0.014840	  0.039147	
  0.032252	  0.417203	  0.137493	  0.413052	
  0.243880	  0.286196	  0.197685	  0.272238	
  0.180086	  0.274084	  0.164587	  0.381243	

URL http://cisbp.ccbr.utoronto.ca/TFreport.php?versionNumber=2.00&searchTF=T266160_2.00

MOTIF M01286_2.00 (AMTR_s00003p00271440)_(Cannabis_sativa)_(DBD_0.94)

letter-probability matrix: alength= 4 w= 8 nsites= 1 E= 0
  0.004902	  0.004902	  0.004902	  0.985294	
  0.990132	  0.003289	  0.003289	  0.003289	
  0.003289	  0.990132	  0.003289	  0.003289	
  0.003289	  0.990132	  0.003289	  0.003289	
  0.003289	  0.003289	  0.003289	  0.990132	
  0.990132	  0.003289	  0.003289	  0.003289	
  0.003289	  0.990132	  0.003289	  0.003289	
  0.004902	  0.985294	  0.004902	  0.004902	

URL http://cisbp.ccbr.utoronto.ca/TFreport.php?versionNumber=2.00&searchTF=T266135_2.00

MOTIF M01291_2.00 (AMTR_s00044p00058960)_(Cannabis_sativa)_(DBD_0.90)

letter-probability matrix: alength= 4 w= 10 nsites= 1 E= 0
  0.205338	  0.211592	  0.261036	  0.322034	
  0.253176	  0.266157	  0.195212	  0.285455	
  0.328461	  0.189505	  0.248245	  0.233789	
  0.184393	  0.342773	  0.180742	  0.292092	
  0.666049	  0.141368	  0.070907	  0.121676	
  0.328327	  0.470600	  0.106060	  0.095013	
  0.182574	  0.102223	  0.511401	  0.203803	
  0.203361	  0.342058	  0.215936	  0.238646	
  0.353096	  0.248822	  0.117535	  0.280546	
  0.585755	  0.078485	  0.115920	  0.219840	

URL http://cisbp.ccbr.utoronto.ca/TFreport.php?versionNumber=2.00&searchTF=T291986_2.00

MOTIF M01292_2.00 (AMTR_s00071p00055960)_(Cannabis_sativa)_(DBD_0.68)

letter-probability matrix: alength= 4 w= 9 nsites= 1 E= 0
  0.203470	  0.246046	  0.144824	  0.405661	
  0.389696	  0.175101	  0.282977	  0.152226	
  0.076537	  0.472373	  0.075775	  0.375316	
  0.911021	  0.002281	  0.032936	  0.053762	
  0.246019	  0.662094	  0.054348	  0.037540	
  0.086280	  0.049779	  0.718814	  0.145126	
  0.168158	  0.359567	  0.123335	  0.348940	
  0.458133	  0.225238	  0.052309	  0.264320	
  0.734191	  0.016925	  0.089906	  0.158978	

URL http://cisbp.ccbr.utoronto.ca/TFreport.php?versionNumber=2.00&searchTF=T291994_2.00

MOTIF M01310_2.00 (AMTR_s00045p00124580)_(Cannabis_sativa)_(DBD_0.77)

letter-probability matrix: alength= 4 w= 9 nsites= 1 E= 0
  0.253935	  0.241551	  0.168524	  0.335989	
  0.206520	  0.308091	  0.093728	  0.391661	
  0.315913	  0.063782	  0.345664	  0.274642	
  0.489658	  0.164631	  0.240738	  0.104973	
  0.578612	  0.036989	  0.383996	  0.000403	
  0.108795	  0.712991	  0.000625	  0.177589	
  0.110268	  0.653872	  0.103846	  0.132014	
  0.318224	  0.257947	  0.265803	  0.158025	
  0.222572	  0.303460	  0.199387	  0.274582	

URL http://cisbp.ccbr.utoronto.ca/TFreport.php?versionNumber=2.00&searchTF=T338188_2.00

MOTIF M01311_2.00 (AMTR_s00009p00081210)_(Arabidopsis_thaliana)_(DBD_0.71)

letter-probability matrix: alength= 4 w= 9 nsites= 1 E= 0
  0.172878	  0.240468	  0.373377	  0.213276	
  0.041975	  0.015288	  0.801974	  0.140763	
  0.143558	  0.029867	  0.725412	  0.101164	
  0.150200	  0.255179	  0.433531	  0.161090	
  0.160949	  0.652682	  0.063503	  0.122865	
  0.032816	  0.963840	  0.002889	  0.000454	
  0.020201	  0.902990	  0.000430	  0.076379	
  0.864312	  0.001436	  0.113515	  0.020737	
  0.032355	  0.725438	  0.097200	  0.145006	

URL http://cisbp.ccbr.utoronto.ca/TFreport.php?versionNumber=2.00&searchTF=T343661_2.00

MOTIF M01313_2.00 (AMTR_s00154p00072430)_(Cannabis_sativa)_(DBD_0.56)

letter-probability matrix: alength= 4 w= 8 nsites= 1 E= 0
  0.091486	  0.000906	  0.725543	  0.182065	
  0.000712	  0.000712	  0.997863	  0.000712	
  0.000712	  0.000712	  0.997863	  0.000712	
  0.855413	  0.143162	  0.000712	  0.000712	
  0.000712	  0.997863	  0.000712	  0.000712	
  0.000712	  0.997863	  0.000712	  0.000712	
  0.997863	  0.000712	  0.000712	  0.000712	
  0.001244	  0.871891	  0.001244	  0.125622	

URL http://cisbp.ccbr.utoronto.ca/TFreport.php?versionNumber=2.00&searchTF=T343672_2.00

MOTIF M01315_2.00 (AMTR_s00010p00257890)_(Cannabis_sativa)_(DBD_0.56)

letter-probability matrix: alength= 4 w= 14 nsites= 1 E= 0
  0.229609	  0.229609	  0.229609	  0.311174	
  0.180209	  0.109178	  0.601435	  0.109178	
  0.162727	  0.091696	  0.653881	  0.091696	
  0.126201	  0.190758	  0.629293	  0.053747	
  0.036237	  0.739495	  0.036237	  0.188031	
  0.241772	  0.579704	  0.088551	  0.089973	
  0.069618	  0.705823	  0.000153	  0.224406	
  0.928509	  0.000153	  0.000153	  0.071184	
  0.020545	  0.724838	  0.020545	  0.234072	
  0.577073	  0.140976	  0.140976	  0.140976	
  0.297965	  0.158457	  0.158457	  0.385120	
  0.266449	  0.196406	  0.196406	  0.340739	
  0.213917	  0.288785	  0.283381	  0.213917	
  0.302098	  0.232634	  0.232634	  0.232634	

URL http://cisbp.ccbr.utoronto.ca/TFreport.php?versionNumber=2.00&searchTF=T343662_2.00

MOTIF M01316_2.00 (AMTR_s00016p00227430)_(Cannabis_sativa)_(DBD_0.68)

letter-probability matrix: alength= 4 w= 10 nsites= 1 E= 0
  0.135782	  0.302189	  0.177870	  0.384158	
  0.169715	  0.211478	  0.421627	  0.197181	
  0.022206	  0.015338	  0.862938	  0.099518	
  0.041433	  0.008449	  0.919729	  0.030389	
  0.155903	  0.167207	  0.482622	  0.194267	
  0.072245	  0.727823	  0.052988	  0.146945	
  0.000481	  0.991323	  0.006613	  0.001583	
  0.014314	  0.908015	  0.000095	  0.077576	
  0.828201	  0.046958	  0.105557	  0.019284	
  0.006063	  0.806098	  0.077649	  0.110190	

URL http://cisbp.ccbr.utoronto.ca/TFreport.php?versionNumber=2.00&searchTF=T343663_2.00

MOTIF M01325_2.00 (AMTR_s00078p00145410)_(Cannabis_sativa)_(DBD_0.76)

letter-probability matrix: alength= 4 w= 8 nsites= 1 E= 0
  0.303533	  0.196467	  0.178622	  0.321378	
  0.392333	  0.012778	  0.594762	  0.000127	
  0.000101	  0.000101	  0.969406	  0.030392	
  0.020295	  0.000101	  0.030392	  0.949212	
  0.020295	  0.949212	  0.030392	  0.000101	
  0.999697	  0.000101	  0.000101	  0.000101	
  0.999684	  0.000105	  0.000105	  0.000105	
  0.434676	  0.376738	  0.058082	  0.130504	

URL http://cisbp.ccbr.utoronto.ca/TFreport.php?versionNumber=2.00&searchTF=T351882_2.00

MOTIF M01566_2.00 (AMTR_s00078p00107740)_(Saccharomyces_cerevisiae)_(DBD_0.48)

letter-probability matrix: alength= 4 w= 8 nsites= 1 E= 0
  0.270726	  0.299198	  0.159350	  0.270726	
  0.171103	  0.404343	  0.058690	  0.365865	
  0.701225	  0.048078	  0.204963	  0.045733	
  0.053179	  0.447494	  0.090348	  0.408979	
  0.407307	  0.049381	  0.055677	  0.487635	
  0.525518	  0.097943	  0.128302	  0.248237	
  0.510778	  0.094249	  0.117441	  0.277532	
  0.343791	  0.175921	  0.275898	  0.204391	

URL http://cisbp.ccbr.utoronto.ca/TFreport.php?versionNumber=2.00&searchTF=T326431_2.00

MOTIF M01567_2.00 (AMTR_s00047p00131170)_(Saccharomyces_cerevisiae)_(DBD_0.86)

letter-probability matrix: alength= 4 w= 7 nsites= 1 E= 0
  0.315311	  0.189343	  0.207174	  0.288172	
  0.345705	  0.141966	  0.211788	  0.300541	
  0.271982	  0.110580	  0.155359	  0.462079	
  0.583542	  0.000869	  0.110954	  0.304636	
  0.219565	  0.006434	  0.188981	  0.585020	
  0.934996	  0.000354	  0.051964	  0.012687	
  0.422777	  0.000471	  0.095282	  0.481470	

URL http://cisbp.ccbr.utoronto.ca/TFreport.php?versionNumber=2.00&searchTF=T342126_2.00

MOTIF M01602_2.00 (AMTR_s00009p00143340)_(Arabidopsis_thaliana)_(DBD_0.83)

letter-probability matrix: alength= 4 w= 8 nsites= 1 E= 0
  0.346006	  0.461214	  0.192396	  0.000384	
  0.000250	  0.000250	  0.999251	  0.000250	
  0.000244	  0.999269	  0.000244	  0.000244	
  0.122076	  0.877437	  0.000244	  0.000244	
  0.024610	  0.000244	  0.974903	  0.000244	
  0.000244	  0.950536	  0.048977	  0.000244	
  0.000244	  0.999269	  0.000244	  0.000244	
  0.241391	  0.103650	  0.482438	  0.172521	

URL http://cisbp.ccbr.utoronto.ca/TFreport.php?versionNumber=2.00&searchTF=T000336_2.00

MOTIF M01603_2.00 (AMTR_s00025p00249140)_(Arabidopsis_thaliana)_(DBD_0.92)

letter-probability matrix: alength= 4 w= 10 nsites= 1 E= 0
  0.248762	  0.390137	  0.266799	  0.094302	
  0.136992	  0.720483	  0.132943	  0.009582	
  0.384131	  0.000678	  0.614608	  0.000583	
  0.001029	  0.795182	  0.186526	  0.017263	
  0.001119	  0.955576	  0.000685	  0.042620	
  0.201865	  0.009185	  0.711658	  0.077293	
  0.164166	  0.679174	  0.079113	  0.077547	
  0.348470	  0.351972	  0.155019	  0.144539	
  0.253096	  0.163003	  0.425715	  0.158186	
  0.184070	  0.238726	  0.171626	  0.405579	

URL http://cisbp.ccbr.utoronto.ca/TFreport.php?versionNumber=2.00&searchTF=T000360_2.00

MOTIF M01612_2.00 (AMTR_s00010p00194910)_(Arabidopsis_thaliana)_(DBD_0.98)

letter-probability matrix: alength= 4 w= 10 nsites= 1 E= 0
  0.180753	  0.553982	  0.128655	  0.136610	
  0.584029	  0.000181	  0.415695	  0.000095	
  0.000969	  0.933312	  0.065283	  0.000435	
  0.001168	  0.968011	  0.000091	  0.030730	
  0.093485	  0.006806	  0.786663	  0.113047	
