MEME version 5.5.8 (Fri May 2 15:43:49 2025 -0700)

ALPHABET= ACGT

strands: + -

Background letter frequencies (from uniform background):
A 0.25000 C 0.25000 G 0.25000 T 0.25000 

MOTIF M00158_2.00 (Aqu1.215662)_(Mus_musculus)_(DBD_0.49)

letter-probability matrix: alength= 4 w= 10 nsites= 1 E= 0
  0.497929	  0.096588	  0.145541	  0.259942	
  0.239502	  0.275493	  0.259450	  0.225555	
  0.238666	  0.401443	  0.297397	  0.062494	
  0.339402	  0.554011	  0.093427	  0.013160	
  0.009336	  0.001239	  0.986255	  0.003171	
  0.006697	  0.003195	  0.983988	  0.006120	
  0.979497	  0.004380	  0.005458	  0.010666	
  0.868199	  0.019815	  0.004602	  0.107385	
  0.352316	  0.096017	  0.530876	  0.020791	
  0.123743	  0.244253	  0.082947	  0.549058	

URL http://cisbp.ccbr.utoronto.ca/TFreport.php?versionNumber=2.00&searchTF=T175488_2.00

MOTIF M00160_2.00 (Aqu1.223978)_(Mus_musculus)_(DBD_0.80)

letter-probability matrix: alength= 4 w= 10 nsites= 1 E= 0
  0.272342	  0.213287	  0.238265	  0.276106	
  0.383328	  0.071216	  0.521888	  0.023568	
  0.117428	  0.105265	  0.021002	  0.756305	
  0.834939	  0.152266	  0.000007	  0.012788	
  0.908292	  0.059096	  0.002967	  0.029645	
  0.977393	  0.014489	  0.001628	  0.006490	
  0.001282	  0.843632	  0.000001	  0.155085	
  0.965165	  0.012083	  0.006831	  0.015922	
  0.479654	  0.164189	  0.114694	  0.241463	
  0.417043	  0.185221	  0.142285	  0.255451	

URL http://cisbp.ccbr.utoronto.ca/TFreport.php?versionNumber=2.00&searchTF=T184577_2.00

MOTIF M00164_2.00 (Aqu1.225869)_(Mus_musculus)_(DBD_0.72)

letter-probability matrix: alength= 4 w= 10 nsites= 1 E= 0
  0.366283	  0.166235	  0.164581	  0.302901	
  0.345139	  0.171391	  0.195185	  0.288285	
  0.267836	  0.181340	  0.196443	  0.354381	
  0.346821	  0.108724	  0.419393	  0.125062	
  0.146969	  0.100507	  0.031824	  0.720700	
  0.700016	  0.254959	  0.000720	  0.044305	
  0.906192	  0.053477	  0.000316	  0.040015	
  0.934400	  0.000771	  0.023568	  0.041260	
  0.033048	  0.600627	  0.033381	  0.332944	
  0.853101	  0.047889	  0.045553	  0.053457	

URL http://cisbp.ccbr.utoronto.ca/TFreport.php?versionNumber=2.00&searchTF=T184580_2.00

MOTIF M00192_2.00 (Aqu1.222022)_(Mus_musculus)_(DBD_0.72)

letter-probability matrix: alength= 4 w= 10 nsites= 1 E= 0
  0.288710	  0.216031	  0.234024	  0.261235	
  0.267885	  0.210726	  0.228276	  0.293113	
  0.254675	  0.244689	  0.210606	  0.290031	
  0.178353	  0.381367	  0.197110	  0.243170	
  0.142077	  0.390086	  0.214084	  0.253754	
  0.577609	  0.339984	  0.075861	  0.006546	
  0.069047	  0.067007	  0.858163	  0.005782	
  0.628592	  0.263350	  0.048110	  0.059948	
  0.080759	  0.917332	  0.000028	  0.001880	
  0.388991	  0.137491	  0.312172	  0.161347	

URL http://cisbp.ccbr.utoronto.ca/TFreport.php?versionNumber=2.00&searchTF=T324379_2.00

MOTIF M00193_2.00 (Aqu1.229819)_(Mus_musculus)_(DBD_0.78)

letter-probability matrix: alength= 4 w= 9 nsites= 1 E= 0
  0.181253	  0.200316	  0.105625	  0.512805	
  0.193981	  0.157238	  0.162027	  0.486755	
  0.165856	  0.190780	  0.108975	  0.534388	
  0.214521	  0.234724	  0.386994	  0.163761	
  0.366461	  0.201118	  0.166316	  0.266105	
  0.245754	  0.197223	  0.159866	  0.397157	
  0.204582	  0.302164	  0.324073	  0.169181	
  0.226849	  0.220145	  0.217954	  0.335052	
  0.257350	  0.221503	  0.242363	  0.278784	

URL http://cisbp.ccbr.utoronto.ca/TFreport.php?versionNumber=2.00&searchTF=T326462_2.00

MOTIF M00213_2.00 (Aqu1.223925)_(Mus_musculus)_(DBD_0.59)

letter-probability matrix: alength= 4 w= 9 nsites= 1 E= 0
  0.307529	  0.218890	  0.256870	  0.216712	
  0.315744	  0.153689	  0.318917	  0.211650	
  0.417549	  0.178467	  0.285545	  0.118439	
  0.861737	  0.016592	  0.030844	  0.090826	
  0.011992	  0.738225	  0.114921	  0.134862	
  0.944003	  0.000625	  0.028793	  0.026579	
  0.913085	  0.053884	  0.032682	  0.000349	
  0.425257	  0.077687	  0.040964	  0.456092	
  0.336931	  0.080631	  0.399366	  0.183072	

URL http://cisbp.ccbr.utoronto.ca/TFreport.php?versionNumber=2.00&searchTF=T326455_2.00

MOTIF M00264_2.00 (Aqu1.218149)_(Homo_sapiens)_(DBD_0.82)

letter-probability matrix: alength= 4 w= 9 nsites= 1 E= 0
  0.233408	  0.265811	  0.293767	  0.207014	
  0.218699	  0.307260	  0.229912	  0.244129	
  0.170035	  0.133754	  0.053303	  0.642908	
  0.615562	  0.090246	  0.171149	  0.123043	
  0.889185	  0.026584	  0.061578	  0.022653	
  0.050885	  0.155955	  0.072935	  0.720226	
  0.195427	  0.193483	  0.209597	  0.401492	
  0.262679	  0.206630	  0.324061	  0.206630	
  0.264075	  0.227292	  0.322542	  0.186091	

URL http://cisbp.ccbr.utoronto.ca/TFreport.php?versionNumber=2.00&searchTF=T204420_2.00

MOTIF M00290_2.00 (Aqu1.227093)_(Homo_sapiens)_(DBD_0.81)

letter-probability matrix: alength= 4 w= 8 nsites= 1 E= 0
  0.157555	  0.127712	  0.069392	  0.645340	
  0.632466	  0.076679	  0.146882	  0.143973	
  0.886949	  0.005685	  0.055025	  0.052341	
  0.068959	  0.060553	  0.110335	  0.760153	
  0.143566	  0.126064	  0.153975	  0.576395	
  0.315323	  0.085080	  0.443012	  0.156585	
  0.236009	  0.260830	  0.300026	  0.203135	
  0.240835	  0.263516	  0.226810	  0.268839	

URL http://cisbp.ccbr.utoronto.ca/TFreport.php?versionNumber=2.00&searchTF=T204436_2.00

MOTIF M00399_2.00 (Aqu1.227912)_(Mus_musculus)_(DBD_0.51)

letter-probability matrix: alength= 4 w= 8 nsites= 1 E= 0
  0.145807	  0.166050	  0.102749	  0.585395	
  0.047416	  0.026548	  0.887984	  0.038052	
  0.795904	  0.000436	  0.143952	  0.059709	
  0.041428	  0.910466	  0.001396	  0.046710	
  0.672067	  0.019113	  0.247239	  0.061581	
  0.160336	  0.171961	  0.418748	  0.248954	
  0.200186	  0.289816	  0.301643	  0.208355	
  0.204146	  0.262129	  0.190345	  0.343380	

URL http://cisbp.ccbr.utoronto.ca/TFreport.php?versionNumber=2.00&searchTF=T204438_2.00

MOTIF M00405_2.00 (Aqu1.218857)_(Mus_musculus)_(DBD_0.53)

letter-probability matrix: alength= 4 w= 9 nsites= 1 E= 0
  0.166699	  0.079535	  0.057179	  0.696587	
  0.658460	  0.072959	  0.164006	  0.104575	
  0.860814	  0.014554	  0.044163	  0.080469	
  0.057497	  0.058075	  0.037402	  0.847026	
  0.146493	  0.115235	  0.184376	  0.553896	
  0.427710	  0.071410	  0.368133	  0.132747	
  0.333758	  0.210696	  0.276004	  0.179543	
  0.279203	  0.233210	  0.202743	  0.284843	
  0.269584	  0.207863	  0.189973	  0.332580	

URL http://cisbp.ccbr.utoronto.ca/TFreport.php?versionNumber=2.00&searchTF=T204422_2.00

MOTIF M00433_2.00 (Aqu1.222534)_(Mus_musculus)_(DBD_0.61)

letter-probability matrix: alength= 4 w= 9 nsites= 1 E= 0
  0.239869	  0.317378	  0.190584	  0.252168	
  0.133763	  0.050707	  0.022333	  0.793196	
  0.850989	  0.020830	  0.051749	  0.076432	
  0.959274	  0.011777	  0.004509	  0.024439	
  0.324957	  0.077765	  0.136141	  0.461136	
  0.139125	  0.306548	  0.136371	  0.417956	
  0.193728	  0.061958	  0.611831	  0.132483	
  0.201560	  0.269370	  0.319285	  0.209785	
  0.174474	  0.290550	  0.187125	  0.347851	

URL http://cisbp.ccbr.utoronto.ca/TFreport.php?versionNumber=2.00&searchTF=T204426_2.00

MOTIF M00458_2.00 (Aqu1.230128)_(Mus_musculus)_(DBD_0.77)

letter-probability matrix: alength= 4 w= 7 nsites= 1 E= 0
  0.207112	  0.268610	  0.252968	  0.271310	
  0.229210	  0.070431	  0.130927	  0.569432	
  0.521448	  0.073450	  0.236656	  0.168445	
  0.627941	  0.108034	  0.128053	  0.135972	
  0.172464	  0.088251	  0.270478	  0.468806	
  0.209059	  0.140136	  0.302661	  0.348144	
  0.255000	  0.139947	  0.428917	  0.176137	

URL http://cisbp.ccbr.utoronto.ca/TFreport.php?versionNumber=2.00&searchTF=T204441_2.00

MOTIF M00469_2.00 (Aqu1.225894)_(Mus_musculus)_(DBD_0.51)

letter-probability matrix: alength= 4 w= 9 nsites= 1 E= 0
  0.180487	  0.322358	  0.168285	  0.328870	
  0.103026	  0.115005	  0.065038	  0.716930	
  0.775551	  0.063661	  0.107080	  0.053709	
  0.897628	  0.006358	  0.000454	  0.095560	
  0.077016	  0.098890	  0.055925	  0.768169	
  0.180572	  0.058917	  0.288913	  0.471598	
  0.490098	  0.081013	  0.288474	  0.140415	
  0.197887	  0.298180	  0.280815	  0.223117	
  0.176121	  0.347641	  0.210855	  0.265382	

URL http://cisbp.ccbr.utoronto.ca/TFreport.php?versionNumber=2.00&searchTF=T204429_2.00

MOTIF M00516_2.00 (Aqu1.221645)_(Mus_musculus)_(DBD_0.68)

letter-probability matrix: alength= 4 w= 9 nsites= 1 E= 0
  0.266806	  0.229642	  0.205721	  0.297830	
  0.116229	  0.082729	  0.031676	  0.769366	
  0.886269	  0.000274	  0.097224	  0.016233	
  0.956010	  0.016164	  0.000365	  0.027461	
  0.057873	  0.196026	  0.082125	  0.663976	
  0.104695	  0.230685	  0.333971	  0.330648	
  0.326888	  0.077449	  0.441252	  0.154411	
  0.189730	  0.271946	  0.338866	  0.199458	
  0.170012	  0.319216	  0.175189	  0.335583	

URL http://cisbp.ccbr.utoronto.ca/TFreport.php?versionNumber=2.00&searchTF=T204425_2.00

MOTIF M00796_2.00 (Aqu1.225717)_(Mus_musculus)_(DBD_0.67)

letter-probability matrix: alength= 4 w= 10 nsites= 1 E= 0
  0.359371	  0.149061	  0.090410	  0.401158	
  0.421728	  0.136232	  0.263581	  0.178459	
  0.287711	  0.194796	  0.208921	  0.308572	
  0.387293	  0.104499	  0.432326	  0.075882	
  0.213252	  0.166081	  0.058118	  0.562548	
  0.555669	  0.284341	  0.048919	  0.111071	
  0.768444	  0.096967	  0.051130	  0.083460	
  0.771861	  0.058487	  0.089910	  0.079743	
  0.062825	  0.561351	  0.051953	  0.323871	
  0.748482	  0.072099	  0.068583	  0.110835	

URL http://cisbp.ccbr.utoronto.ca/TFreport.php?versionNumber=2.00&searchTF=T184579_2.00

MOTIF M00797_2.00 (Aqu1.211498)_(Mus_musculus)_(DBD_0.65)

letter-probability matrix: alength= 4 w= 8 nsites= 1 E= 0
  0.346154	  0.076923	  0.557692	  0.019231	
  0.181818	  0.038961	  0.012987	  0.766234	
  0.650602	  0.277108	  0.024096	  0.048193	
  0.916667	  0.035714	  0.011905	  0.035714	
  0.952381	  0.011905	  0.011905	  0.023810	
  0.011905	  0.845238	  0.011905	  0.130952	
  0.964286	  0.011905	  0.011905	  0.011905	
  0.571429	  0.142857	  0.126984	  0.158730	

URL http://cisbp.ccbr.utoronto.ca/TFreport.php?versionNumber=2.00&searchTF=T184569_2.00

MOTIF M00829_2.00 (Aqu1.217790)_(Mus_musculus)_(DBD_0.67)

letter-probability matrix: alength= 4 w= 8 nsites= 1 E= 0
  0.260870	  0.173913	  0.130435	  0.434783	
  0.806452	  0.032258	  0.032258	  0.129032	
  0.914286	  0.028571	  0.028571	  0.028571	
  0.028571	  0.885714	  0.028571	  0.057143	
  0.914286	  0.028571	  0.028571	  0.028571	
  0.914286	  0.028571	  0.028571	  0.028571	
  0.028571	  0.028571	  0.028571	  0.914286	
  0.320000	  0.120000	  0.360000	  0.200000	

URL http://cisbp.ccbr.utoronto.ca/TFreport.php?versionNumber=2.00&searchTF=T326451_2.00

MOTIF M01011_2.00 (Aqu1.221966)_(Mus_musculus)_(DBD_0.57)

letter-probability matrix: alength= 4 w= 10 nsites= 1 E= 0
  0.285797	  0.209617	  0.245987	  0.258599	
  0.285774	  0.231644	  0.250937	  0.231644	
  0.254581	  0.237370	  0.273041	  0.235008	
  0.208047	  0.179067	  0.491647	  0.121239	
  0.735571	  0.087413	  0.094694	  0.082323	
  0.116122	  0.723892	  0.000071	  0.159915	
  0.047995	  0.000972	  0.863582	  0.087452	
  0.000297	  0.999397	  0.000014	  0.000291	
  0.185087	  0.262651	  0.278892	  0.273370	
  0.319081	  0.213886	  0.250998	  0.216036	

URL http://cisbp.ccbr.utoronto.ca/TFreport.php?versionNumber=2.00&searchTF=T184576_2.00

MOTIF M01012_2.00 (Aqu1.221965)_(Drosophila_melanogaster)_(DBD_0.55)

letter-probability matrix: alength= 4 w= 10 nsites= 1 E= 0
  0.286397	  0.223046	  0.246504	  0.244052	
  0.304560	  0.204153	  0.244415	  0.246872	
  0.289449	  0.220959	  0.261904	  0.227688	
  0.238916	  0.251165	  0.229548	  0.280371	
  0.191173	  0.159681	  0.535489	  0.113656	
  0.970300	  0.001459	  0.001729	  0.026512	
  0.150692	  0.695922	  0.001180	  0.152206	
  0.042000	  0.000476	  0.932304	  0.025221	
  0.023255	  0.969232	  0.000648	  0.006865	
  0.186996	  0.257517	  0.287461	  0.268027	

URL http://cisbp.ccbr.utoronto.ca/TFreport.php?versionNumber=2.00&searchTF=T184575_2.00

MOTIF M01026_2.00 (Aqu1.219828)_(Homo_sapiens)_(DBD_0.70)

letter-probability matrix: alength= 4 w= 8 nsites= 1 E= 0
  0.866667	  0.000000	  0.133333	  0.000000	
  1.000000	  0.000000	  0.000000	  0.000000	
  0.000000	  1.000000	  0.000000	  0.000000	
  1.000000	  0.000000	  0.000000	  0.000000	
  0.952381	  0.047619	  0.000000	  0.000000	
  0.714286	  0.000000	  0.000000	  0.285714	
  0.111111	  0.000000	  0.888889	  0.000000	
  0.250000	  0.083333	  0.583333	  0.083333	

URL http://cisbp.ccbr.utoronto.ca/TFreport.php?versionNumber=2.00&searchTF=T326453_2.00

MOTIF M01207_2.00 (Aqu1.220698)_(Nematostella_vectensis)_(DBD_0.76)

letter-probability matrix: alength= 4 w= 8 nsites= 1 E= 0
  0.232170	  0.212188	  0.304135	  0.251507	
  0.318185	  0.224221	  0.224221	  0.233372	
  0.298893	  0.175930	  0.235118	  0.290059	
  0.223616	  0.112160	  0.512823	  0.151401	
  0.457101	  0.032619	  0.335259	  0.175021	
  0.190205	  0.175581	  0.002713	  0.631501	
  0.460236	  0.057497	  0.380596	  0.101671	
  0.203386	  0.149173	  0.475851	  0.171590	

URL http://cisbp.ccbr.utoronto.ca/TFreport.php?versionNumber=2.00&searchTF=T164268_2.00

MOTIF M01227_2.00 (Aqu1.218417)_(Homo_sapiens)_(DBD_0.63)

letter-probability matrix: alength= 4 w= 8 nsites= 1 E= 0
  0.009615	  0.009615	  0.971154	  0.009615	
  0.009615	  0.009615	  0.009615	  0.971154	
  0.971154	  0.009615	  0.009615	  0.009615	
  0.971154	  0.009615	  0.009615	  0.009615	
  0.971154	  0.009615	  0.009615	  0.009615	
  0.009615	  0.971154	  0.009615	  0.009615	
  0.971154	  0.009615	  0.009615	  0.009615	
  0.971154	  0.009615	  0.009615	  0.009615	

URL http://cisbp.ccbr.utoronto.ca/TFreport.php?versionNumber=2.00&searchTF=T184572_2.00

MOTIF M01477_2.00 (Aqu1.222248)_(Mus_musculus)_(DBD_0.35)

letter-probability matrix: alength= 4 w= 10 nsites= 1 E= 0
  0.313334	  0.205875	  0.241597	  0.239193	
  0.387641	  0.160787	  0.247171	  0.204400	
  0.197818	  0.349795	  0.246496	  0.205891	
  0.265919	  0.499293	  0.148888	  0.085901	
  0.048518	  0.002724	  0.908635	  0.040123	
  0.060566	  0.022505	  0.883356	  0.033573	
  0.952353	  0.001933	  0.000612	  0.045102	
  0.571191	  0.089812	  0.022370	  0.316627	
  0.381171	  0.136081	  0.408809	  0.073940	
  0.173410	  0.277455	  0.131061	  0.418074	

URL http://cisbp.ccbr.utoronto.ca/TFreport.php?versionNumber=2.00&searchTF=T175492_2.00

MOTIF M01478_2.00 (Aqu1.224919)_(Mus_musculus)_(DBD_0.57)

letter-probability matrix: alength= 4 w= 10 nsites= 1 E= 0
  0.259502	  0.251832	  0.278318	  0.210348	
  0.409997	  0.140632	  0.261426	  0.187945	
  0.135358	  0.582846	  0.206010	  0.075787	
  0.163979	  0.772583	  0.035507	  0.027931	
  0.039875	  0.037930	  0.876329	  0.045867	
  0.047517	  0.012821	  0.916990	  0.022671	
  0.910702	  0.016848	  0.052679	  0.019771	
  0.580099	  0.084200	  0.041813	  0.293888	
  0.279024	  0.153131	  0.498347	  0.069498	
  0.147561	  0.282659	  0.122027	  0.447753	

URL http://cisbp.ccbr.utoronto.ca/TFreport.php?versionNumber=2.00&searchTF=T175495_2.00

MOTIF M01495_2.00 (Aqu1.220463)_(Mus_musculus)_(DBD_0.71)

letter-probability matrix: alength= 4 w= 10 nsites= 1 E= 0
  0.281573	  0.232850	  0.257339	  0.228239	
  0.414866	  0.149598	  0.249125	  0.186411	
  0.179962	  0.494103	  0.211187	  0.114749	
  0.259489	  0.638239	  0.085517	  0.016755	
  0.004798	  0.001474	  0.980684	  0.013043	
  0.008733	  0.003278	  0.979598	  0.008391	
  0.916015	  0.015333	  0.027386	  0.041266	
  0.617614	  0.075631	  0.032004	  0.274751	
  0.365042	  0.122733	  0.437035	  0.075190	
  0.145434	  0.289954	  0.127705	  0.436908	

URL http://cisbp.ccbr.utoronto.ca/TFreport.php?versionNumber=2.00&searchTF=T175489_2.00

MOTIF M01659_2.00 (Aqu1.213820)_(Mus_musculus)_(DBD_0.71)

letter-probability matrix: alength= 4 w= 11 nsites= 1 E= 0
  0.216392	  0.216392	  0.216392	  0.350824	
  0.170073	  0.170073	  0.170073	  0.489780	
  0.497552	  0.072788	  0.167866	  0.261793	
  0.910941	  0.000141	  0.000141	  0.088778	
  0.088778	  0.000141	  0.000141	  0.910941	
  0.000141	  0.000141	  0.000141	  0.999578	
  0.999578	  0.000141	  0.000141	  0.000141	
  0.895276	  0.000141	  0.000141	  0.104443	
  0.237901	  0.033749	  0.119174	  0.609177	
  0.566454	  0.080067	  0.080067	  0.273411	
  0.177352	  0.177352	  0.177352	  0.467943	

URL http://cisbp.ccbr.utoronto.ca/TFreport.php?versionNumber=2.00&searchTF=T014142_2.00

MOTIF M01675_2.00 (Aqu1.201152)_(Aspergillus_nidulans)_(DBD_0.61)

letter-probability matrix: alength= 4 w= 9 nsites= 1 E= 0
  0.245292	  0.273814	  0.242851	  0.238043	
  0.237806	  0.293376	  0.242610	  0.226208	
  0.216345	  0.251357	  0.297935	  0.234364	
  0.258630	  0.241145	  0.263855	  0.236370	
  0.502489	  0.000517	  0.411403	  0.085591	
  0.353817	  0.295533	  0.000353	  0.350297	
  0.360997	  0.114305	  0.184725	  0.339974	
  0.355533	  0.121951	  0.207186	  0.315330	
  0.338774	  0.180428	  0.203432	  0.277365	

URL http://cisbp.ccbr.utoronto.ca/TFreport.php?versionNumber=2.00&searchTF=T017219_2.00

MOTIF M01693_2.00 (Aqu1.222605)_(Neurospora_crassa)_(DBD_0.49)

letter-probability matrix: alength= 4 w= 10 nsites= 1 E= 0
  0.606435	  0.100113	  0.193339	  0.100113	
  0.558535	  0.133577	  0.047162	  0.260727	
  0.808690	  0.000196	  0.088314	  0.102800	
  0.231969	  0.000196	  0.000196	  0.767638	
  0.889933	  0.000196	  0.000196	  0.109675	
  0.290663	  0.000196	  0.000196	  0.708945	
  0.267391	  0.000196	  0.000196	  0.732217	
  0.000196	  0.093423	  0.000196	  0.906185	
  0.460241	  0.150083	  0.150083	  0.239593	
  0.203034	  0.291152	  0.203034	  0.302779	

URL http://cisbp.ccbr.utoronto.ca/TFreport.php?versionNumber=2.00&searchTF=T017221_2.00

MOTIF M01722_2.00 (Aqu1.218726)_(Mus_musculus)_(DBD_0.89)

letter-probability matrix: alength= 4 w= 9 nsites= 1 E= 0
  0.273740	  0.108005	  0.524360	  0.093895	
  0.020378	  0.967255	  0.002043	  0.010324	
  0.825043	  0.011652	  0.146267	  0.017038	
  0.012761	  0.903576	  0.029264	  0.054400	
  0.057275	  0.014848	  0.914033	  0.013844	
  0.026788	  0.158850	  0.011681	  0.802681	
  0.046020	  0.050354	  0.853272	  0.050354	
  0.189179	  0.219795	  0.217608	  0.373417	
  0.145701	  0.584966	  0.141394	  0.127939	

URL http://cisbp.ccbr.utoronto.ca/TFreport.php?versionNumber=2.00&searchTF=T030554_2.00

MOTIF M01862_2.00 (Aqu1.217456)_(Mus_musculus)_(DBD_0.91)

letter-probability matrix: alength= 4 w= 9 nsites= 1 E= 0
  0.267384	  0.268904	  0.184418	  0.279294	
  0.420657	  0.579255	  0.000044	  0.000044	
  0.000044	  0.999868	  0.000044	  0.000044	
  0.000044	  0.000044	  0.999868	  0.000044	
  0.000044	  0.999868	  0.000044	  0.000044	
  0.000044	  0.999868	  0.000044	  0.000044	
  0.000044	  0.999868	  0.000044	  0.000044	
  0.400281	  0.599631	  0.000044	  0.000044	
  0.065625	  0.555822	  0.065625	  0.312927	

URL http://cisbp.ccbr.utoronto.ca/TFreport.php?versionNumber=2.00&searchTF=T080765_2.00

MOTIF M01908_2.00 (Aqu1.204705)_(Daphnia_pulex)_(DBD_0.74)

letter-probability matrix: alength= 4 w= 7 nsites= 1 E= 0
  0.277926	  0.197820	  0.188172	  0.336082	
  0.188237	  0.234557	  0.182674	  0.394532	
  0.309613	  0.274602	  0.103061	  0.312724	
  0.210425	  0.076641	  0.379605	  0.333329	
  0.000086	  0.975538	  0.000015	  0.024361	
  0.001366	  0.062276	  0.935971	  0.000387	
  0.122174	  0.123402	  0.599111	  0.155314	

URL http://cisbp.ccbr.utoronto.ca/TFreport.php?versionNumber=2.00&searchTF=T167741_2.00

MOTIF M01913_2.00 (Aqu1.203581)_(Homo_sapiens)_(DBD_0.77)

letter-probability matrix: alength= 4 w= 10 nsites= 1 E= 0
  0.234138	  0.280314	  0.297648	  0.187900	
  0.223940	  0.268105	  0.305326	  0.202629	
  0.172639	  0.344193	  0.230720	  0.252448	
  0.274855	  0.274855	  0.248699	  0.201591	
  0.191374	  0.164717	  0.434514	  0.209396	
  0.000031	  0.999710	  0.000197	  0.000061	
  0.000302	  0.209062	  0.790471	  0.000166	
  0.040061	  0.139827	  0.773099	  0.047012	
  0.219725	  0.265703	  0.276546	  0.238026	
  0.306596	  0.201448	  0.309678	  0.182278	

URL http://cisbp.ccbr.utoronto.ca/TFreport.php?versionNumber=2.00&searchTF=T167739_2.00

MOTIF M01962_2.00 (Aqu1.223840)_(Ornithorhynchus_anatinus)_(DBD_0.74)

letter-probability matrix: alength= 4 w= 10 nsites= 1 E= 0
  0.315084	  0.167369	  0.175129	  0.342418	
  0.247124	  0.112746	  0.242624	  0.397507	
  0.142286	  0.259786	  0.535594	  0.062335	
  0.000000	  0.045438	  0.954562	  0.000000	
  0.000001	  0.999999	  0.000000	  0.000000	
  0.000000	  0.000000	  0.999999	  0.000001	
  0.000000	  0.954562	  0.045438	  0.000000	
  0.062335	  0.535594	  0.259786	  0.142286	
  0.397507	  0.242624	  0.112746	  0.247124	
  0.342418	  0.175129	  0.167369	  0.315084	

URL http://cisbp.ccbr.utoronto.ca/TFreport.php?versionNumber=2.00&searchTF=T172288_2.00

MOTIF M01978_2.00 (Aqu1.219337)_(Homo_sapiens)_(DBD_0.86)

letter-probability matrix: alength= 4 w= 8 nsites= 1 E= 0
  0.374378	  0.001244	  0.623134	  0.001244	
  0.001106	  0.001106	  0.001106	  0.996681	
  0.996681	  0.001106	  0.001106	  0.001106	
  0.996681	  0.001106	  0.001106	  0.001106	
  0.996681	  0.001106	  0.001106	  0.001106	
  0.001106	  0.996681	  0.001106	  0.001106	
  0.996681	  0.001106	  0.001106	  0.001106	
  0.498344	  0.167219	  0.001656	  0.332781	

URL http://cisbp.ccbr.utoronto.ca/TFreport.php?versionNumber=2.00&searchTF=T184573_2.00

MOTIF M02132_2.00 (Aqu1.225495)_(Fusarium_graminearum)_(DBD_0.40)

letter-probability matrix: alength= 4 w= 11 nsites= 1 E= 0
  0.227301	  0.227301	  0.227301	  0.318098	
  0.166123	  0.244123	  0.423631	  0.166123	
  0.134747	  0.044275	  0.215150	  0.605828	
  0.999540	  0.000153	  0.000153	  0.000153	
  0.000153	  0.999540	  0.000153	  0.000153	
  0.999540	  0.000153	  0.000153	  0.000153	
  0.000153	  0.000153	  0.000153	  0.999540	
  0.000153	  0.000153	  0.999540	  0.000153	
  0.022853	  0.097620	  0.022853	  0.856675	
  0.233342	  0.508125	  0.084030	  0.174502	
  0.295782	  0.205878	  0.292461	  0.205878	

URL http://cisbp.ccbr.utoronto.ca/TFreport.php?versionNumber=2.00&searchTF=T204428_2.00

MOTIF M02162_2.00 (Aqu1.226942)_(Nematostella_vectensis)_(DBD_0.51)

letter-probability matrix: alength= 4 w= 8 nsites= 1 E= 0
  0.195961	  0.027087	  0.195961	  0.580992	
  0.042149	  0.094770	  0.000053	  0.863029	
  0.902786	  0.043729	  0.034023	  0.019462	
  0.990195	  0.004878	  0.000048	  0.004878	
  0.000048	  0.004878	  0.000048	  0.995025	
  0.015123	  0.025171	  0.065364	  0.894343	
  0.726540	  0.013396	  0.200013	  0.060051	
  0.055628	  0.129674	  0.592466	  0.222233	

URL http://cisbp.ccbr.utoronto.ca/TFreport.php?versionNumber=2.00&searchTF=T204432_2.00

MOTIF M02412_2.00 (Aqu1.225611)_(Schistosoma_mansoni)_(DBD_0.63)

letter-probability matrix: alength= 4 w= 8 nsites= 1 E= 0
  0.537718	  0.000084	  0.462114	  0.000084	
  0.000056	  0.000056	  0.999831	  0.000056	
  0.000056	  0.000056	  0.994182	  0.005705	
  0.000056	  0.005705	  0.005705	  0.988534	
  0.000056	  0.988534	  0.005705	  0.005705	
  0.933168	  0.006120	  0.060652	  0.000061	
  0.265620	  0.281240	  0.218760	  0.234380	
  0.247313	  0.258061	  0.268809	  0.225817	

URL http://cisbp.ccbr.utoronto.ca/TFreport.php?versionNumber=2.00&searchTF=T301308_2.00

MOTIF M02448_2.00 (Aqu1.223491)_(Cavia_porcellus)_(DBD_0.67)

letter-probability matrix: alength= 4 w= 10 nsites= 1 E= 0
  0.146385	  0.041109	  0.801302	  0.011204	
  0.054032	  0.084740	  0.119055	  0.742173	
  0.252056	  0.259732	  0.055682	  0.432530	
  0.251560	  0.057840	  0.462979	  0.227621	
  0.061907	  0.636278	  0.083566	  0.218249	
  0.067831	  0.496222	  0.137968	  0.297979	
  0.411291	  0.175792	  0.214713	  0.198205	
  0.254958	  0.159349	  0.340732	  0.244961	
  0.122928	  0.139994	  0.653013	  0.084066	
  0.170067	  0.256260	  0.401896	  0.171776	

URL http://cisbp.ccbr.utoronto.ca/TFreport.php?versionNumber=2.00&searchTF=T318013_2.00

MOTIF M02456_2.00 (Aqu1.223787)_(Hydra_magnipapillata)_(DBD_0.82)

letter-probability matrix: alength= 4 w= 10 nsites= 1 E= 0
  0.177782	  0.000066	  0.773214	  0.048938	
  0.047711	  0.070468	  0.073343	  0.808478	
  0.250864	  0.248368	  0.052716	  0.448053	
  0.254816	  0.070848	  0.450583	  0.223753	
  0.098689	  0.573623	  0.105845	  0.221844	
  0.076401	  0.439659	  0.131105	  0.352835	
  0.569272	  0.105042	  0.141792	  0.183894	
  0.279236	  0.157915	  0.260357	  0.302492	
  0.170593	  0.175788	  0.533404	  0.120215	
  0.196514	  0.247332	  0.347489	  0.208665	

URL http://cisbp.ccbr.utoronto.ca/TFreport.php?versionNumber=2.00&searchTF=T318014_2.00

MOTIF M02531_2.00 (Aqu1.220237)_(Strongylocentrotus_purpuratus)_(DBD_0.77)

letter-probability matrix: alength= 4 w= 10 nsites= 1 E= 0
  0.329088	  0.211945	  0.207748	  0.251219	
  0.341064	  0.190961	  0.215308	  0.252666	
  0.380265	  0.141297	  0.226075	  0.252363	
  0.182256	  0.140529	  0.140529	  0.536686	
  0.184768	  0.106602	  0.125098	  0.583532	
  0.070854	  0.464339	  0.099546	  0.365262	
  0.678507	  0.007463	  0.257210	  0.056820	
  0.773469	  0.036266	  0.079114	  0.111151	
  0.727567	  0.064053	  0.109915	  0.098465	
  0.299483	  0.260358	  0.105854	  0.334306	

URL http://cisbp.ccbr.utoronto.ca/TFreport.php?versionNumber=2.00&searchTF=T345175_2.00

MOTIF M02534_2.00 (Aqu1.209566)_(Chlorella_vulgaris)_(DBD_0.37)

letter-probability matrix: alength= 4 w= 10 nsites= 1 E= 0
  0.325158	  0.217960	  0.193313	  0.263568	
  0.358359	  0.188960	  0.202661	  0.250019	
  0.376331	  0.147005	  0.219306	  0.257358	
  0.184463	  0.155625	  0.138027	  0.521885	
  0.198756	  0.111283	  0.133230	  0.556730	
  0.071722	  0.451598	  0.138766	  0.337914	
  0.700958	  0.002209	  0.240435	  0.056399	
  0.752532	  0.046221	  0.081732	  0.119515	
  0.746615	  0.060072	  0.100038	  0.093275	
  0.297928	  0.261609	  0.101175	  0.339288	

URL http://cisbp.ccbr.utoronto.ca/TFreport.php?versionNumber=2.00&searchTF=T345174_2.00

MOTIF M02698_2.00 (Aqu1.208614)_(Arabidopsis_thaliana)_(DBD_0.87)

letter-probability matrix: alength= 4 w= 11 nsites= 1 E= 0
  0.140000	  0.450000	  0.230000	  0.180000	
  0.160000	  0.270000	  0.550000	  0.020000	
  0.000000	  0.919192	  0.040404	  0.040404	
  0.000000	  0.050000	  0.930000	  0.020000	
  0.040404	  0.939394	  0.000000	  0.020202	
  0.040404	  0.020202	  0.020202	  0.919192	
  0.080808	  0.000000	  0.858586	  0.060606	
  0.960000	  0.000000	  0.020000	  0.020000	
  0.040000	  0.040000	  0.920000	  0.000000	
  0.020000	  0.550000	  0.260000	  0.170000	
  0.151515	  0.323232	  0.242424	  0.282828	

URL http://cisbp.ccbr.utoronto.ca/TFreport.php?versionNumber=2.00&searchTF=T266285_2.00

MOTIF M02960_2.00 (Aqu1.219226)_(Homo_sapiens)_(DBD_0.54)

letter-probability matrix: alength= 4 w= 14 nsites= 1 E= 0
  0.323009	  0.002212	  0.002212	  0.672566	
  0.047566	  0.000000	  0.002212	  0.950221	
  0.006383	  0.003191	  0.001064	  0.989362	
  0.005453	  0.000000	  0.000000	  0.994547	
  0.001005	  0.017085	  0.981910	  0.000000	
  0.000000	  0.000000	  1.000000	  0.000000	
  0.000000	  0.996994	  0.001002	  0.002004	
  0.000000	  0.000000	  1.000000	  0.000000	
  0.000000	  0.010299	  0.989701	  0.000000	
  0.000000	  0.002079	  0.997921	  0.000000	
  0.998956	  0.000000	  0.001044	  0.000000	
  0.996894	  0.000000	  0.003106	  0.000000	
  0.933962	  0.018868	  0.007338	  0.039832	
  0.547958	  0.172840	  0.068376	  0.210826	

URL http://cisbp.ccbr.utoronto.ca/TFreport.php?versionNumber=2.00&searchTF=T172287_2.00

MOTIF M03325_2.00 (Aqu1.214473)_(Homo_sapiens)_(DBD_0.56)

letter-probability matrix: alength= 4 w= 13 nsites= 1 E= 0
  0.020328	  0.009544	  0.960775	  0.009353	
  0.949448	  0.012827	  0.007545	  0.030180	
  0.835297	  0.031862	  0.023565	  0.109276	
  0.190722	  0.330287	  0.220522	  0.258468	
  0.282209	  0.216946	  0.366147	  0.134698	
  0.132278	  0.029511	  0.033109	  0.805102	
  0.071022	  0.004158	  0.070598	  0.854221	
  0.000793	  0.997721	  0.001189	  0.000297	
  0.001746	  0.253412	  0.212253	  0.532589	
  0.568436	  0.183625	  0.244438	  0.003501	
  0.006769	  0.010733	  0.973409	  0.009089	
  0.848033	  0.082975	  0.007666	  0.061326	
  0.712607	  0.078998	  0.072627	  0.135768	

URL http://cisbp.ccbr.utoronto.ca/TFreport.php?versionNumber=2.00&searchTF=T239680_2.00

MOTIF M03464_2.00 (Aqu1.210949)_(Homo_sapiens)_(DBD_0.71)

letter-probability matrix: alength= 4 w= 16 nsites= 1 E= 0
  0.346042	  0.180102	  0.101307	  0.372549	
  0.499099	  0.111478	  0.277043	  0.112380	
  0.814229	  0.080237	  0.091700	  0.013834	
  0.010607	  0.967849	  0.013590	  0.007955	
  0.010255	  0.960966	  0.019517	  0.009262	
  0.179980	  0.014593	  0.790323	  0.015105	
  0.013518	  0.947247	  0.019782	  0.019453	
  0.879192	  0.024242	  0.027071	  0.069495	
  0.754116	  0.023417	  0.196121	  0.026345	
  0.844211	  0.058275	  0.077312	  0.020202	
  0.043840	  0.907520	  0.030080	  0.018560	
  0.026658	  0.921001	  0.027308	  0.025033	
  0.288510	  0.048611	  0.638573	  0.024306	
  0.038779	  0.891291	  0.033376	  0.036554	
  0.700671	  0.087248	  0.148322	  0.063758	
  0.435691	  0.133382	  0.278857	  0.152070	

URL http://cisbp.ccbr.utoronto.ca/TFreport.php?versionNumber=2.00&searchTF=T319303_2.00

MOTIF M03480_2.00 (Aqu1.229078)_(Homo_sapiens)_(DBD_0.76)

letter-probability matrix: alength= 4 w= 15 nsites= 1 E= 0
  0.009928	  0.456706	  0.002401	  0.530965	
  0.000200	  0.000400	  0.006312	  0.993089	
  0.000144	  0.000072	  0.999494	  0.000289	
  0.000327	  0.000182	  0.999127	  0.000364	
  0.027295	  0.972085	  0.000261	  0.000359	
  0.703851	  0.066161	  0.097795	  0.132193	
  0.228333	  0.387159	  0.152879	  0.231629	
  0.243811	  0.259070	  0.250408	  0.246711	
  0.230911	  0.175663	  0.363455	  0.229970	
  0.139027	  0.099508	  0.062830	  0.698634	
  0.000420	  0.000070	  0.976780	  0.022730	
  0.000168	  0.999629	  0.000034	  0.000168	
  0.000168	  0.999698	  0.000000	  0.000134	
  0.993729	  0.005759	  0.000512	  0.000000	
  0.941551	  0.004012	  0.039708	  0.014730	

URL http://cisbp.ccbr.utoronto.ca/TFreport.php?versionNumber=2.00&searchTF=T324382_2.00

MOTIF M03575_2.00 (Aqu1.216869)_(Homo_sapiens)_(DBD_0.76)

letter-probability matrix: alength= 4 w= 17 nsites= 1 E= 0
  0.293262	  0.247931	  0.067384	  0.391424	
  0.159583	  0.009379	  0.810580	  0.020458	
  0.032072	  0.046053	  0.884957	  0.036918	
  0.601798	  0.085402	  0.003859	  0.308941	
  0.990115	  0.003464	  0.002451	  0.003970	
  0.001708	  0.040258	  0.003137	  0.954896	
  0.001595	  0.072084	  0.734399	  0.191922	
  0.166329	  0.418312	  0.023512	  0.391848	
  0.273636	  0.181874	  0.291481	  0.253010	
  0.400119	  0.194803	  0.063281	  0.341797	
  0.248865	  0.015987	  0.718357	  0.016792	
  0.025409	  0.042801	  0.912650	  0.019140	
  0.770248	  0.062059	  0.003498	  0.164196	
  0.990336	  0.003986	  0.002527	  0.003152	
  0.001823	  0.029716	  0.002815	  0.965646	
  0.003247	  0.031853	  0.816480	  0.148420	
  0.040153	  0.444735	  0.019885	  0.495227	

URL http://cisbp.ccbr.utoronto.ca/TFreport.php?versionNumber=2.00&searchTF=T346391_2.00

MOTIF M03659_2.00 (Aqu1.229614)_(Drosophila_melanogaster)_(DBD_0.76)

letter-probability matrix: alength= 4 w= 10 nsites= 1 E= 0
  0.407181	  0.103479	  0.463921	  0.025418	
  0.000425	  0.002255	  0.003759	  0.993561	
  0.000851	  0.001308	  0.924431	  0.073410	
  0.992005	  0.003981	  0.002252	  0.001762	
  0.002259	  0.995057	  0.000655	  0.002029	
  0.001963	  0.000818	  0.994732	  0.002487	
  0.001437	  0.002220	  0.003820	  0.992523	
  0.073870	  0.924488	  0.001004	  0.000639	
  0.993984	  0.003956	  0.001635	  0.000425	
  0.023466	  0.457261	  0.103429	  0.415843	

URL http://cisbp.ccbr.utoronto.ca/TFreport.php?versionNumber=2.00&searchTF=T056837_2.00

MOTIF M03739_2.00 (Aqu1.221488)_(Drosophila_melanogaster)_(DBD_0.72)

letter-probability matrix: alength= 4 w= 13 nsites= 1 E= 0
  0.173806	  0.273330	  0.070244	  0.482619	
  0.422178	  0.016324	  0.008162	  0.553335	
  0.786655	  0.016001	  0.169768	  0.027576	
  0.489613	  0.121466	  0.119590	  0.269331	
  0.498436	  0.018433	  0.471500	  0.011631	
  0.110664	  0.086417	  0.006320	  0.796598	
  0.930470	  0.063758	  0.001611	  0.004161	
  0.962912	  0.022225	  0.000000	  0.014863	
  0.987746	  0.002707	  0.005557	  0.003990	
  0.007741	  0.813042	  0.004574	  0.174642	
  0.926243	  0.006681	  0.021513	  0.045564	
  0.479674	  0.115870	  0.088080	  0.316376	
  0.345868	  0.104689	  0.090645	  0.458798	

URL http://cisbp.ccbr.utoronto.ca/TFreport.php?versionNumber=2.00&searchTF=T184574_2.00

MOTIF M03776_2.00 (Aqu1.228546)_(Drosophila_melanogaster)_(DBD_0.86)

letter-probability matrix: alength= 4 w= 11 nsites= 1 E= 0
  0.061428	  0.080620	  0.000000	  0.857952	
  0.859706	  0.002726	  0.075939	  0.061629	
  0.957258	  0.006997	  0.035744	  0.000000	
  0.000000	  0.252477	  0.038282	  0.709240	
  0.055047	  0.278580	  0.269332	  0.397041	
  0.244495	  0.251806	  0.251894	  0.251806	
  0.383620	  0.262175	  0.294936	  0.059269	
  0.699098	  0.056885	  0.231557	  0.012459	
  0.000000	  0.036324	  0.000000	  0.963676	
  0.084631	  0.069433	  0.000000	  0.845936	
  0.843799	  0.000000	  0.086498	  0.069704	

URL http://cisbp.ccbr.utoronto.ca/TFreport.php?versionNumber=2.00&searchTF=T204440_2.00

MOTIF M03813_2.00 (Aqu1.203623)_(Drosophila_melanogaster)_(DBD_0.61)

letter-probability matrix: alength= 4 w= 13 nsites= 1 E= 0
  0.341505	  0.170327	  0.121382	  0.366786	
  0.010908	  0.002349	  0.001007	  0.985736	
  0.987725	  0.000336	  0.004372	  0.007567	
  0.998470	  0.000595	  0.000765	  0.000170	
  0.006766	  0.008603	  0.003341	  0.981290	
  0.002906	  0.325096	  0.007638	  0.664361	
  0.114987	  0.016159	  0.054095	  0.814758	
  0.989139	  0.001684	  0.007241	  0.001937	
  0.998385	  0.000255	  0.000510	  0.000850	
  0.000000	  0.000085	  0.000085	  0.999830	
  0.002622	  0.003637	  0.000169	  0.993572	
  0.986978	  0.001176	  0.001428	  0.010418	
  0.377713	  0.117647	  0.193071	  0.311569	

URL http://cisbp.ccbr.utoronto.ca/TFreport.php?versionNumber=2.00&searchTF=T204416_2.00

MOTIF M03855_2.00 (Aqu1.218592)_(Drosophila_melanogaster)_(DBD_0.74)

letter-probability matrix: alength= 4 w= 11 nsites= 1 E= 0
  0.066022	  0.041478	  0.006243	  0.886257	
  0.928834	  0.002061	  0.031639	  0.037465	
  0.998940	  0.000386	  0.000675	  0.000000	
  0.004795	  0.032368	  0.007193	  0.955644	
  0.039245	  0.046657	  0.105563	  0.808536	
  0.543042	  0.149102	  0.188574	  0.119282	
  0.261023	  0.276269	  0.436429	  0.026279	
  0.819663	  0.002689	  0.144190	  0.033457	
  0.000096	  0.000482	  0.000289	  0.999132	
  0.018859	  0.052467	  0.002413	  0.926260	
  0.821938	  0.014990	  0.057345	  0.105727	

URL http://cisbp.ccbr.utoronto.ca/TFreport.php?versionNumber=2.00&searchTF=T204421_2.00

MOTIF M03915_2.00 (Aqu1.224560)_(Drosophila_melanogaster)_(DBD_0.96)

letter-probability matrix: alength= 4 w= 12 nsites= 1 E= 0
  0.293414	  0.182224	  0.282991	  0.241371	
  0.055503	  0.908781	  0.017095	  0.018620	
  0.001045	  0.886831	  0.000380	  0.111744	
  0.515351	  0.065304	  0.111330	  0.308015	
  0.209202	  0.009385	  0.005869	  0.775545	
  0.774430	  0.015536	  0.079475	  0.130560	
  0.132517	  0.082816	  0.015404	  0.769262	
  0.774045	  0.005498	  0.010057	  0.210400	
  0.302816	  0.108018	  0.064983	  0.524184	
  0.108124	  0.000286	  0.890128	  0.001462	
  0.016991	  0.017349	  0.911858	  0.053803	
  0.234490	  0.279289	  0.179589	  0.306632	

URL http://cisbp.ccbr.utoronto.ca/TFreport.php?versionNumber=2.00&searchTF=T252830_2.00

MOTIF M04418_2.00 (Aqu1.216620)_(Homo_sapiens)_(DBD_0.74)

letter-probability matrix: alength= 4 w= 11 nsites= 1 E= 0
  0.178391	  0.061375	  0.614161	  0.146074	
  0.561930	  0.013951	  0.419423	  0.004696	
  0.030448	  0.913408	  0.041258	  0.014886	
  0.006751	  0.980041	  0.005618	  0.007589	
  0.602825	  0.015928	  0.371806	  0.009440	
  0.048158	  0.921384	  0.000447	  0.030011	
  0.086544	  0.006809	  0.881937	  0.024709	
  0.004645	  0.994643	  0.000713	  0.000000	
  0.001914	  0.997418	  0.000669	  0.000000	
  0.001726	  0.969889	  0.001076	  0.027308	
  0.393652	  0.233454	  0.034998	  0.337895	

URL http://cisbp.ccbr.utoronto.ca/TFreport.php?versionNumber=2.00&searchTF=T080762_2.00

MOTIF M04847_2.00 (Aqu1.208751)_(Homo_sapiens)_(DBD_0.81)

letter-probability matrix: alength= 4 w= 11 nsites= 1 E= 0
  0.468629	  0.196747	  0.152595	  0.182029	
  0.401619	  0.135430	  0.338730	  0.124222	
  0.056852	  0.514063	  0.171155	  0.257929	
  0.219457	  0.026395	  0.754148	  0.000000	
  0.179241	  0.207586	  0.075448	  0.537724	
  0.635261	  0.286224	  0.037116	  0.041399	
  0.760613	  0.165684	  0.035377	  0.038325	
  0.763766	  0.101243	  0.092362	  0.042629	
  0.000000	  0.990783	  0.000000	  0.009217	
  0.906535	  0.013352	  0.080112	  0.000000	
  0.358915	  0.252713	  0.096899	  0.291473	

URL http://cisbp.ccbr.utoronto.ca/TFreport.php?versionNumber=2.00&searchTF=T184566_2.00

MOTIF M05233_2.00 (Aqu1.227089)_(Homo_sapiens)_(DBD_0.67)

letter-probability matrix: alength= 4 w= 25 nsites= 1 E= 0
  0.146341	  0.195122	  0.195122	  0.463415	
  0.836735	  0.051020	  0.081633	  0.030612	
  0.891304	  0.021739	  0.054348	  0.032609	
  0.064516	  0.043011	  0.010753	  0.881720	
  0.092437	  0.000000	  0.218487	  0.689076	
  0.056818	  0.011364	  0.931818	  0.000000	
  0.148148	  0.370370	  0.259259	  0.222222	
  0.216867	  0.289157	  0.216867	  0.277108	
  0.209877	  0.283951	  0.308642	  0.197531	
  0.197531	  0.320988	  0.172840	  0.308642	
  0.246914	  0.234568	  0.259259	  0.259259	
  0.329268	  0.207317	  0.243902	  0.219512	
  0.256098	  0.195122	  0.219512	  0.329268	
  0.292683	  0.207317	  0.195122	  0.304878	
  0.313253	  0.240964	  0.180723	  0.265060	
  0.289157	  0.192771	  0.265060	  0.253012	
  0.280488	  0.182927	  0.317073	  0.219512	
  0.325301	  0.277108	  0.228916	  0.168675	
  0.146341	  0.268293	  0.402439	  0.182927	
  0.071429	  0.836735	  0.020408	  0.071429	
  0.713043	  0.139130	  0.034783	  0.113043	
  0.836735	  0.040816	  0.030612	  0.091837	
  0.074468	  0.010638	  0.042553	  0.872340	
  0.040404	  0.080808	  0.050505	  0.828283	
  0.451220	  0.207317	  0.207317	  0.134146	

URL http://cisbp.ccbr.utoronto.ca/TFreport.php?versionNumber=2.00&searchTF=T204434_2.00

MOTIF M05889_2.00 (Aqu1.215833)_(Mus_musculus)_(DBD_0.86)

letter-probability matrix: alength= 4 w= 8 nsites= 1 E= 0
  0.110294	  0.125000	  0.272059	  0.492647	
  0.000000	  1.000000	  0.000000	  0.000000	
  0.000000	  0.404412	  0.000000	  0.595588	
  1.000000	  0.000000	  0.000000	  0.000000	
  0.000000	  0.000000	  1.000000	  0.000000	
  1.000000	  0.000000	  0.000000	  0.000000	
  0.000000	  1.000000	  0.000000	  0.000000	
  0.580883	  0.080882	  0.250000	  0.088235	

URL http://cisbp.ccbr.utoronto.ca/TFreport.php?versionNumber=2.00&searchTF=T324376_2.00

MOTIF M06198_2.00 (Aqu1.217829)_(Drosophila_melanogaster)_(DBD_0.70)

letter-probability matrix: alength= 4 w= 9 nsites= 1 E= 0
  0.000000	  0.300000	  0.150000	  0.550000	
  0.150000	  0.600000	  0.150000	  0.100000	
  0.400000	  0.000000	  0.550000	  0.050000	
  0.400000	  0.000000	  0.000000	  0.600000	
  0.800000	  0.050000	  0.000000	  0.150000	
  0.800000	  0.200000	  0.000000	  0.000000	
  1.000000	  0.000000	  0.000000	  0.000000	
  0.000000	  0.900000	  0.000000	  0.100000	
  1.000000	  0.000000	  0.000000	  0.000000	

URL http://cisbp.ccbr.utoronto.ca/TFreport.php?versionNumber=2.00&searchTF=T184571_2.00

MOTIF M06446_2.00 (Aqu1.228116)_(Drosophila_melanogaster)_(DBD_0.78)

letter-probability matrix: alength= 4 w= 10 nsites= 1 E= 0
  0.200000	  0.000000	  0.750000	  0.050000	
  0.000000	  0.750000	  0.000000	  0.250000	
  0.050000	  0.200000	  0.750000	  0.000000	
  0.300000	  0.300000	  0.100000	  0.300000	
  0.000000	  1.000000	  0.000000	  0.000000	
  0.150000	  0.050000	  0.800000	  0.000000	
  0.050000	  0.400000	  0.400000	  0.150000	
  0.050000	  0.800000	  0.000000	  0.150000	
  0.350000	  0.350000	  0.250000	  0.050000	
  0.100000	  0.250000	  0.600000	  0.050000	

URL http://cisbp.ccbr.utoronto.ca/TFreport.php?versionNumber=2.00&searchTF=T324381_2.00

MOTIF M07295_2.00 (Aqu1.206056)_(Arabidopsis_thaliana)_(DBD_0.24)

