MEME version 5.5.8 (Fri May 2 15:43:49 2025 -0700)

ALPHABET= ACGT

strands: + -

Background letter frequencies (from uniform background):
A 0.25000 C 0.25000 G 0.25000 T 0.25000 

MOTIF M00159_2.00 (ACAC_0000355601)_(Mus_musculus)_(DBD_0.64)

letter-probability matrix: alength= 4 w= 10 nsites= 1 E= 0
  0.401213	  0.134894	  0.189519	  0.274374	
  0.288005	  0.299758	  0.235798	  0.176439	
  0.207310	  0.504826	  0.205247	  0.082617	
  0.276376	  0.615087	  0.084925	  0.023612	
  0.001256	  0.018138	  0.980434	  0.000172	
  0.005077	  0.055966	  0.893136	  0.045821	
  0.810468	  0.028435	  0.076525	  0.084573	
  0.293995	  0.181919	  0.067597	  0.456488	
  0.285185	  0.231166	  0.308937	  0.174712	
  0.171414	  0.277017	  0.125723	  0.425847	

URL http://cisbp.ccbr.utoronto.ca/TFreport.php?versionNumber=2.00&searchTF=T178312_2.00

MOTIF M00282_2.00 (ACAC_0000820601)_(Homo_sapiens)_(DBD_0.84)

letter-probability matrix: alength= 4 w= 8 nsites= 1 E= 0
  0.000303	  0.091102	  0.000303	  0.908293	
  0.972192	  0.000270	  0.027268	  0.000270	
  0.999190	  0.000270	  0.000270	  0.000270	
  0.000270	  0.000270	  0.000270	  0.999190	
  0.000270	  0.000270	  0.000270	  0.999190	
  0.742295	  0.000285	  0.257135	  0.000285	
  0.143010	  0.107347	  0.642297	  0.107347	
  0.105567	  0.210609	  0.105567	  0.578256	

URL http://cisbp.ccbr.utoronto.ca/TFreport.php?versionNumber=2.00&searchTF=T232769_2.00

MOTIF M00287_2.00 (ACAC_0000855001)_(Homo_sapiens)_(DBD_0.93)

letter-probability matrix: alength= 4 w= 10 nsites= 1 E= 0
  0.276533	  0.274138	  0.272562	  0.176767	
  0.096569	  0.200738	  0.096569	  0.606124	
  0.000039	  0.000039	  0.000039	  0.999883	
  0.999883	  0.000039	  0.000039	  0.000039	
  0.999883	  0.000039	  0.000039	  0.000039	
  0.000039	  0.000039	  0.000039	  0.999883	
  0.000039	  0.000039	  0.000039	  0.999883	
  0.999883	  0.000039	  0.000039	  0.000039	
  0.187323	  0.073272	  0.666133	  0.073272	
  0.248701	  0.250739	  0.247869	  0.252690	

URL http://cisbp.ccbr.utoronto.ca/TFreport.php?versionNumber=2.00&searchTF=T232770_2.00

MOTIF M00290_2.00 (ACAC_0001325801)_(Homo_sapiens)_(DBD_0.88)

letter-probability matrix: alength= 4 w= 8 nsites= 1 E= 0
  0.157555	  0.127712	  0.069392	  0.645340	
  0.632466	  0.076679	  0.146882	  0.143973	
  0.886949	  0.005685	  0.055025	  0.052341	
  0.068959	  0.060553	  0.110335	  0.760153	
  0.143566	  0.126064	  0.153975	  0.576395	
  0.315323	  0.085080	  0.443012	  0.156585	
  0.236009	  0.260830	  0.300026	  0.203135	
  0.240835	  0.263516	  0.226810	  0.268839	

URL http://cisbp.ccbr.utoronto.ca/TFreport.php?versionNumber=2.00&searchTF=T232781_2.00

MOTIF M00334_2.00 (ACAC_0000231501)_(Homo_sapiens)_(DBD_0.84)

letter-probability matrix: alength= 4 w= 7 nsites= 1 E= 0
  0.319925	  0.157289	  0.316742	  0.206043	
  0.036978	  0.278756	  0.210679	  0.473587	
  0.510977	  0.066442	  0.313038	  0.109544	
  0.412870	  0.109195	  0.219891	  0.258045	
  0.239885	  0.167362	  0.212759	  0.379995	
  0.237774	  0.159385	  0.265422	  0.337418	
  0.255410	  0.198913	  0.285108	  0.260569	

URL http://cisbp.ccbr.utoronto.ca/TFreport.php?versionNumber=2.00&searchTF=T232757_2.00

MOTIF M00376_2.00 (ACAC_0001141001)_(Caenorhabditis_elegans)_(DBD_0.93)

letter-probability matrix: alength= 4 w= 10 nsites= 1 E= 0
  0.214617	  0.090818	  0.075102	  0.619463	
  0.069859	  0.360136	  0.209869	  0.360136	
  0.722064	  0.000065	  0.260373	  0.017498	
  0.991898	  0.000023	  0.004261	  0.003818	
  0.000309	  0.000156	  0.977664	  0.021871	
  0.127581	  0.009014	  0.083827	  0.779578	
  0.331797	  0.010325	  0.629247	  0.028632	
  0.038565	  0.396364	  0.362249	  0.202823	
  0.184394	  0.295029	  0.197764	  0.322813	
  0.196154	  0.281154	  0.168832	  0.353860	

URL http://cisbp.ccbr.utoronto.ca/TFreport.php?versionNumber=2.00&searchTF=T232778_2.00

MOTIF M00388_2.00 (ACAC_0000782501)_(Mus_musculus)_(DBD_0.75)

letter-probability matrix: alength= 4 w= 10 nsites= 1 E= 0
  0.247073	  0.284202	  0.206373	  0.262352	
  0.149870	  0.075171	  0.040036	  0.734924	
  0.706549	  0.090958	  0.126519	  0.075974	
  0.851645	  0.008910	  0.044131	  0.095313	
  0.070692	  0.091682	  0.096383	  0.741243	
  0.120799	  0.217919	  0.226813	  0.434469	
  0.367812	  0.088905	  0.402450	  0.140833	
  0.215590	  0.296895	  0.274069	  0.213445	
  0.220651	  0.269503	  0.211999	  0.297847	
  0.238452	  0.238452	  0.243269	  0.279826	

URL http://cisbp.ccbr.utoronto.ca/TFreport.php?versionNumber=2.00&searchTF=T232767_2.00

MOTIF M00405_2.00 (ACAC_0000730801)_(Mus_musculus)_(DBD_0.96)

letter-probability matrix: alength= 4 w= 9 nsites= 1 E= 0
  0.166699	  0.079535	  0.057179	  0.696587	
  0.658460	  0.072959	  0.164006	  0.104575	
  0.860814	  0.014554	  0.044163	  0.080469	
  0.057497	  0.058075	  0.037402	  0.847026	
  0.146493	  0.115235	  0.184376	  0.553896	
  0.427710	  0.071410	  0.368133	  0.132747	
  0.333758	  0.210696	  0.276004	  0.179543	
  0.279203	  0.233210	  0.202743	  0.284843	
  0.269584	  0.207863	  0.189973	  0.332580	

URL http://cisbp.ccbr.utoronto.ca/TFreport.php?versionNumber=2.00&searchTF=T232766_2.00

MOTIF M00423_2.00 (ACAC_0000804301)_(Mus_musculus)_(DBD_0.84)

letter-probability matrix: alength= 4 w= 9 nsites= 1 E= 0
  0.304718	  0.228009	  0.194297	  0.272977	
  0.151961	  0.073967	  0.021405	  0.752667	
  0.823630	  0.052653	  0.108172	  0.015545	
  0.943177	  0.000270	  0.024761	  0.031793	
  0.083189	  0.065438	  0.100596	  0.750777	
  0.166825	  0.139344	  0.182536	  0.511295	
  0.341885	  0.086011	  0.430296	  0.141808	
  0.195606	  0.309854	  0.288906	  0.205635	
  0.223337	  0.278296	  0.225582	  0.272785	

URL http://cisbp.ccbr.utoronto.ca/TFreport.php?versionNumber=2.00&searchTF=T232768_2.00

MOTIF M00430_2.00 (ACAC_0001296301)_(Mus_musculus)_(DBD_0.84)

letter-probability matrix: alength= 4 w= 7 nsites= 1 E= 0
  0.143815	  0.343274	  0.223303	  0.289608	
  0.074562	  0.321060	  0.036658	  0.567720	
  0.673560	  0.162809	  0.098749	  0.064882	
  0.883750	  0.060593	  0.022069	  0.033588	
  0.044040	  0.070464	  0.000928	  0.884568	
  0.163964	  0.310956	  0.088204	  0.436876	
  0.481574	  0.126098	  0.155564	  0.236763	

URL http://cisbp.ccbr.utoronto.ca/TFreport.php?versionNumber=2.00&searchTF=T232780_2.00

MOTIF M00433_2.00 (ACAC_0000599901)_(Mus_musculus)_(DBD_0.79)

letter-probability matrix: alength= 4 w= 9 nsites= 1 E= 0
  0.239869	  0.317378	  0.190584	  0.252168	
  0.133763	  0.050707	  0.022333	  0.793196	
  0.850989	  0.020830	  0.051749	  0.076432	
  0.959274	  0.011777	  0.004509	  0.024439	
  0.324957	  0.077765	  0.136141	  0.461136	
  0.139125	  0.306548	  0.136371	  0.417956	
  0.193728	  0.061958	  0.611831	  0.132483	
  0.201560	  0.269370	  0.319285	  0.209785	
  0.174474	  0.290550	  0.187125	  0.347851	

URL http://cisbp.ccbr.utoronto.ca/TFreport.php?versionNumber=2.00&searchTF=T232763_2.00

MOTIF M00450_2.00 (ACAC_0000002301)_(Mus_musculus)_(DBD_0.74)

letter-probability matrix: alength= 4 w= 9 nsites= 1 E= 0
  0.196325	  0.259764	  0.216973	  0.326938	
  0.168024	  0.144619	  0.100897	  0.586460	
  0.700378	  0.000665	  0.217374	  0.081583	
  0.964678	  0.000287	  0.006765	  0.028270	
  0.099760	  0.022937	  0.086727	  0.790576	
  0.079382	  0.133523	  0.297160	  0.489935	
  0.592997	  0.034302	  0.309572	  0.063130	
  0.209422	  0.321935	  0.297183	  0.171460	
  0.160609	  0.343427	  0.206226	  0.289737	

URL http://cisbp.ccbr.utoronto.ca/TFreport.php?versionNumber=2.00&searchTF=T232747_2.00

MOTIF M00483_2.00 (ACAC_0000901201)_(Mus_musculus)_(DBD_0.91)

letter-probability matrix: alength= 4 w= 7 nsites= 1 E= 0
  0.247356	  0.242458	  0.265291	  0.244895	
  0.187686	  0.245862	  0.203318	  0.363134	
  0.206531	  0.145540	  0.437226	  0.210703	
  0.818609	  0.111900	  0.033704	  0.035788	
  0.126658	  0.170970	  0.099632	  0.602740	
  0.539508	  0.337193	  0.043409	  0.079890	
  0.146793	  0.419484	  0.179294	  0.254430	

URL http://cisbp.ccbr.utoronto.ca/TFreport.php?versionNumber=2.00&searchTF=T232771_2.00

MOTIF M00484_2.00 (ACAC_0000394201)_(Mus_musculus)_(DBD_0.74)

letter-probability matrix: alength= 4 w= 8 nsites= 1 E= 0
  0.260569	  0.255410	  0.285108	  0.198913	
  0.177845	  0.320830	  0.230652	  0.270673	
  0.114497	  0.403649	  0.048938	  0.432917	
  0.580843	  0.152091	  0.107177	  0.159889	
  0.790662	  0.111371	  0.053137	  0.044830	
  0.121087	  0.104221	  0.012262	  0.762430	
  0.136206	  0.248183	  0.120804	  0.494807	
  0.509367	  0.130735	  0.162905	  0.196993	

URL http://cisbp.ccbr.utoronto.ca/TFreport.php?versionNumber=2.00&searchTF=T232759_2.00

MOTIF M00601_2.00 (ACAC_0000717601)_(Caenorhabditis_elegans)_(DBD_0.64)

letter-probability matrix: alength= 4 w= 9 nsites= 1 E= 0
  0.535636	  0.078528	  0.369982	  0.015855	
  0.001169	  0.000261	  0.000246	  0.998325	
  0.054873	  0.137693	  0.716963	  0.090471	
  0.854058	  0.002509	  0.100484	  0.042948	
  0.024415	  0.611073	  0.048677	  0.315834	
  0.195600	  0.103139	  0.611597	  0.089664	
  0.168167	  0.236266	  0.115003	  0.480563	
  0.192128	  0.410824	  0.230019	  0.167028	
  0.491395	  0.118777	  0.190042	  0.199786	

URL http://cisbp.ccbr.utoronto.ca/TFreport.php?versionNumber=2.00&searchTF=T074023_2.00

MOTIF M00615_2.00 (ACAC_0001110701)_(Caenorhabditis_elegans)_(DBD_0.91)

letter-probability matrix: alength= 4 w= 10 nsites= 1 E= 0
  0.194145	  0.371892	  0.184676	  0.249287	
  0.053905	  0.142199	  0.092502	  0.711394	
  0.999361	  0.000033	  0.000001	  0.000605	
  0.001640	  0.929810	  0.000856	  0.067693	
  0.341787	  0.499789	  0.064340	  0.094084	
  0.107662	  0.000537	  0.888023	  0.003777	
  0.051787	  0.006032	  0.010352	  0.931828	
  0.824022	  0.055935	  0.053742	  0.066300	
  0.285208	  0.226607	  0.125615	  0.362570	
  0.182831	  0.316893	  0.163787	  0.336489	

URL http://cisbp.ccbr.utoronto.ca/TFreport.php?versionNumber=2.00&searchTF=T151879_2.00

MOTIF M00616_2.00 (ACAC_0001268601)_(Caenorhabditis_elegans)_(DBD_0.94)

letter-probability matrix: alength= 4 w= 10 nsites= 1 E= 0
  0.324441	  0.053630	  0.503762	  0.118168	
  0.063423	  0.734966	  0.001310	  0.200302	
  0.272717	  0.216683	  0.310578	  0.200023	
  0.109808	  0.326600	  0.262102	  0.301490	
  0.409532	  0.133622	  0.055424	  0.401422	
  0.114193	  0.029901	  0.107543	  0.748363	
  0.165220	  0.669999	  0.051794	  0.112987	
  0.300863	  0.360199	  0.161848	  0.177090	
  0.219733	  0.279336	  0.145826	  0.355105	
  0.226599	  0.240611	  0.162908	  0.369882	

URL http://cisbp.ccbr.utoronto.ca/TFreport.php?versionNumber=2.00&searchTF=T151883_2.00

MOTIF M00618_2.00 (ACAC_0000529401)_(Caenorhabditis_elegans)_(DBD_0.88)

letter-probability matrix: alength= 4 w= 9 nsites= 1 E= 0
  0.225760	  0.223668	  0.227729	  0.322842	
  0.000071	  0.000071	  0.999788	  0.000071	
  0.000071	  0.999788	  0.000071	  0.000071	
  0.000071	  0.000071	  0.000071	  0.999788	
  0.893475	  0.000071	  0.000071	  0.106383	
  0.000071	  0.999788	  0.000071	  0.000071	
  0.000071	  0.504333	  0.000071	  0.495526	
  0.000071	  0.000071	  0.999788	  0.000071	
  0.098444	  0.098444	  0.286131	  0.516980	

URL http://cisbp.ccbr.utoronto.ca/TFreport.php?versionNumber=2.00&searchTF=T151856_2.00

MOTIF M00638_2.00 (ACAC_0000427301)_(Caenorhabditis_elegans)_(DBD_0.87)

letter-probability matrix: alength= 4 w= 10 nsites= 1 E= 0
  0.210067	  0.246516	  0.190077	  0.353339	
  0.208071	  0.223158	  0.264511	  0.304260	
  0.273165	  0.099492	  0.172444	  0.454899	
  0.377830	  0.255813	  0.134888	  0.231469	
  0.223435	  0.756818	  0.000076	  0.019671	
  0.002609	  0.971445	  0.014714	  0.011232	
  0.010416	  0.002468	  0.001382	  0.985734	
  0.008187	  0.965392	  0.000305	  0.026116	
  0.575778	  0.180498	  0.152280	  0.091444	
  0.290872	  0.279467	  0.181796	  0.247865	

URL http://cisbp.ccbr.utoronto.ca/TFreport.php?versionNumber=2.00&searchTF=T151853_2.00

MOTIF M00650_2.00 (ACAC_0000050701)_(Caenorhabditis_elegans)_(DBD_0.95)

letter-probability matrix: alength= 4 w= 8 nsites= 1 E= 0
  0.491059	  0.157959	  0.263149	  0.087833	
  0.986454	  0.000132	  0.000132	  0.013282	
  0.947002	  0.000132	  0.052735	  0.000132	
  0.013282	  0.000132	  0.933851	  0.052735	
  0.000132	  0.013282	  0.000132	  0.986454	
  0.026433	  0.013282	  0.013282	  0.947002	
  0.034631	  0.155238	  0.120779	  0.689352	
  0.200050	  0.200050	  0.449800	  0.150100	

URL http://cisbp.ccbr.utoronto.ca/TFreport.php?versionNumber=2.00&searchTF=T159607_2.00

MOTIF M00652_2.00 (ACAC_0000147901)_(Caenorhabditis_elegans)_(DBD_0.88)

letter-probability matrix: alength= 4 w= 7 nsites= 1 E= 0
  0.184698	  0.237157	  0.179240	  0.398905	
  0.193622	  0.297648	  0.090551	  0.418179	
  0.105524	  0.010902	  0.533222	  0.350352	
  0.000005	  0.999851	  0.000007	  0.000138	
  0.000006	  0.075843	  0.923961	  0.000190	
  0.008049	  0.184102	  0.784849	  0.023000	
  0.452392	  0.109349	  0.222416	  0.215843	

URL http://cisbp.ccbr.utoronto.ca/TFreport.php?versionNumber=2.00&searchTF=T168777_2.00

MOTIF M00654_2.00 (ACAC_0000050101)_(Caenorhabditis_elegans)_(DBD_0.91)

letter-probability matrix: alength= 4 w= 8 nsites= 1 E= 0
  0.397132	  0.217951	  0.185725	  0.199192	
  0.397053	  0.211467	  0.117222	  0.274258	
  0.342138	  0.117356	  0.087813	  0.452693	
  0.230192	  0.118975	  0.101384	  0.549449	
  0.113255	  0.152879	  0.200266	  0.533600	
  0.076011	  0.270664	  0.050952	  0.602373	
  0.319738	  0.110775	  0.322952	  0.246535	
  0.227337	  0.261499	  0.238992	  0.272171	

URL http://cisbp.ccbr.utoronto.ca/TFreport.php?versionNumber=2.00&searchTF=T169643_2.00

MOTIF M00656_2.00 (ACAC_0000916401)_(Caenorhabditis_elegans)_(DBD_0.94)

letter-probability matrix: alength= 4 w= 10 nsites= 1 E= 0
  0.399025	  0.136869	  0.188486	  0.275620	
  0.310127	  0.107445	  0.086227	  0.496201	
  0.141909	  0.062501	  0.661946	  0.133645	
  0.088249	  0.038098	  0.002204	  0.871450	
  0.698396	  0.039204	  0.103419	  0.158981	
  0.217536	  0.066179	  0.106951	  0.609334	
  0.133729	  0.655771	  0.067075	  0.143425	
  0.388300	  0.157871	  0.198697	  0.255132	
  0.411135	  0.162215	  0.172246	  0.254404	
  0.291260	  0.149040	  0.185715	  0.373985	

URL http://cisbp.ccbr.utoronto.ca/TFreport.php?versionNumber=2.00&searchTF=T169649_2.00

MOTIF M00661_2.00 (ACAC_0000297301)_(Caenorhabditis_elegans)_(DBD_0.67)

letter-probability matrix: alength= 4 w= 6 nsites= 1 E= 0
  0.985294	  0.004902	  0.004902	  0.004902	
  0.004902	  0.985294	  0.004902	  0.004902	
  0.004902	  0.985294	  0.004902	  0.004902	
  0.004902	  0.004902	  0.004902	  0.985294	
  0.004902	  0.004902	  0.004902	  0.985294	
  0.004902	  0.004902	  0.004902	  0.985294	

URL http://cisbp.ccbr.utoronto.ca/TFreport.php?versionNumber=2.00&searchTF=T169647_2.00

MOTIF M00664_2.00 (ACAC_0000903001)_(Caenorhabditis_elegans)_(DBD_0.81)

letter-probability matrix: alength= 4 w= 8 nsites= 1 E= 0
  0.597222	  0.001984	  0.398810	  0.001984	
  0.001656	  0.001656	  0.001656	  0.995033	
  0.995033	  0.001656	  0.001656	  0.001656	
  0.995033	  0.001656	  0.001656	  0.001656	
  0.995033	  0.001656	  0.001656	  0.001656	
  0.001656	  0.995033	  0.001656	  0.001656	
  0.995033	  0.001656	  0.001656	  0.001656	
  0.745050	  0.002475	  0.002475	  0.250000	

URL http://cisbp.ccbr.utoronto.ca/TFreport.php?versionNumber=2.00&searchTF=T190240_2.00

MOTIF M00665_2.00 (ACAC_0000134501)_(Caenorhabditis_elegans)_(DBD_0.91)

letter-probability matrix: alength= 4 w= 11 nsites= 1 E= 0
  0.290290	  0.211015	  0.287681	  0.211015	
  0.243370	  0.086173	  0.086173	  0.584284	
  0.215478	  0.060026	  0.664470	  0.060026	
  0.151281	  0.076299	  0.000121	  0.772299	
  0.919668	  0.080090	  0.000121	  0.000121	
  0.922970	  0.076788	  0.000121	  0.000121	
  0.999637	  0.000121	  0.000121	  0.000121	
  0.000121	  0.668017	  0.000121	  0.331741	
  0.882680	  0.039107	  0.039107	  0.039107	
  0.508155	  0.163948	  0.163948	  0.163948	
  0.429714	  0.190095	  0.190095	  0.190095	

URL http://cisbp.ccbr.utoronto.ca/TFreport.php?versionNumber=2.00&searchTF=T190236_2.00

MOTIF M00674_2.00 (ACAC_0000482601)_(Caenorhabditis_elegans)_(DBD_0.81)

letter-probability matrix: alength= 4 w= 8 nsites= 1 E= 0
  0.327533	  0.155238	  0.120779	  0.396451	
  0.012942	  0.000128	  0.000128	  0.986802	
  0.999616	  0.000128	  0.000128	  0.000128	
  0.986802	  0.000128	  0.000128	  0.012942	
  0.000128	  0.012942	  0.025756	  0.961174	
  0.013110	  0.986630	  0.000130	  0.000130	
  0.000149	  0.745973	  0.000149	  0.253729	
  0.155639	  0.311057	  0.244449	  0.288854	

URL http://cisbp.ccbr.utoronto.ca/TFreport.php?versionNumber=2.00&searchTF=T232761_2.00

MOTIF M00684_2.00 (ACAC_0000939001)_(Caenorhabditis_elegans)_(DBD_0.96)

letter-probability matrix: alength= 4 w= 9 nsites= 1 E= 0
  0.033608	  0.800117	  0.012613	  0.153662	
  0.338473	  0.233795	  0.124517	  0.303215	
  0.334103	  0.034517	  0.058058	  0.573322	
  0.679324	  0.064787	  0.114560	  0.141330	
  0.153309	  0.129342	  0.070278	  0.647071	
  0.690491	  0.037241	  0.035424	  0.236844	
  0.396764	  0.085059	  0.151918	  0.366259	
  0.161616	  0.019990	  0.800487	  0.017908	
  0.000020	  0.000025	  0.999712	  0.000244	

URL http://cisbp.ccbr.utoronto.ca/TFreport.php?versionNumber=2.00&searchTF=T259525_2.00

MOTIF M00686_2.00 (ACAC_0001297301)_(Caenorhabditis_elegans)_(DBD_0.70)

letter-probability matrix: alength= 4 w= 8 nsites= 1 E= 0
  0.844325	  0.000767	  0.154141	  0.000767	
  0.263130	  0.105567	  0.578256	  0.053046	
  0.083611	  0.042013	  0.042013	  0.832363	
  0.000416	  0.000416	  0.998752	  0.000416	
  0.998752	  0.000416	  0.000416	  0.000416	
  0.000416	  0.000416	  0.000416	  0.998752	
  0.000416	  0.998752	  0.000416	  0.000416	
  0.998503	  0.000499	  0.000499	  0.000499	

URL http://cisbp.ccbr.utoronto.ca/TFreport.php?versionNumber=2.00&searchTF=T307910_2.00

MOTIF M00687_2.00 (ACAC_0001180201)_(Caenorhabditis_elegans)_(DBD_0.66)

letter-probability matrix: alength= 4 w= 10 nsites= 1 E= 0
  0.424708	  0.167570	  0.181526	  0.226196	
  0.394760	  0.138142	  0.230046	  0.237052	
  0.621952	  0.129394	  0.123084	  0.125570	
  0.127104	  0.096063	  0.661826	  0.115008	
  0.473338	  0.032454	  0.247104	  0.247104	
  0.178424	  0.238451	  0.102942	  0.480182	
  0.124009	  0.620395	  0.086518	  0.169077	
  0.778907	  0.000116	  0.190165	  0.030812	
  0.331200	  0.215448	  0.235738	  0.217614	
  0.270667	  0.235307	  0.206622	  0.287404	

URL http://cisbp.ccbr.utoronto.ca/TFreport.php?versionNumber=2.00&searchTF=T307905_2.00

MOTIF M00689_2.00 (ACAC_0000409401)_(Caenorhabditis_elegans)_(DBD_0.86)

letter-probability matrix: alength= 4 w= 9 nsites= 1 E= 0
  0.597035	  0.077111	  0.077111	  0.248744	
  0.833606	  0.000140	  0.166115	  0.000140	
  0.999581	  0.000140	  0.000140	  0.000140	
  0.081900	  0.000140	  0.835503	  0.082457	
  0.917820	  0.000140	  0.000140	  0.081900	
  0.000140	  0.418083	  0.000140	  0.581638	
  0.082457	  0.835503	  0.000140	  0.081900	
  0.835503	  0.000140	  0.000140	  0.164218	
  0.399246	  0.254695	  0.173029	  0.173029	

URL http://cisbp.ccbr.utoronto.ca/TFreport.php?versionNumber=2.00&searchTF=T307890_2.00

MOTIF M00690_2.00 (ACAC_0000956101)_(Caenorhabditis_elegans)_(DBD_0.67)

letter-probability matrix: alength= 4 w= 10 nsites= 1 E= 0
  0.316056	  0.227220	  0.227220	  0.229504	
  0.308610	  0.190963	  0.293559	  0.206868	
  0.425693	  0.181948	  0.201083	  0.191276	
  0.203406	  0.147703	  0.480682	  0.168209	
  0.452722	  0.080261	  0.189668	  0.277349	
  0.176134	  0.284646	  0.114577	  0.424642	
  0.120807	  0.580678	  0.107147	  0.191368	
  0.691872	  0.002972	  0.221274	  0.083881	
  0.368959	  0.196504	  0.223785	  0.210752	
  0.304886	  0.214850	  0.228135	  0.252129	

URL http://cisbp.ccbr.utoronto.ca/TFreport.php?versionNumber=2.00&searchTF=T307902_2.00

MOTIF M00697_2.00 (ACAC_0000449001)_(Caenorhabditis_elegans)_(DBD_0.81)

letter-probability matrix: alength= 4 w= 11 nsites= 1 E= 0
  0.228323	  0.228323	  0.228323	  0.315031	
  0.459574	  0.116142	  0.193797	  0.230487	
  0.637530	  0.021526	  0.021526	  0.319419	
  0.000084	  0.000084	  0.000084	  0.999747	
  0.000084	  0.000084	  0.000084	  0.999747	
  0.000084	  0.000084	  0.999747	  0.000084	
  0.000084	  0.000084	  0.000084	  0.999747	
  0.999747	  0.000084	  0.000084	  0.000084	
  0.021761	  0.021761	  0.741842	  0.214635	
  0.212471	  0.217226	  0.133942	  0.436361	
  0.314324	  0.228559	  0.228559	  0.228559	

URL http://cisbp.ccbr.utoronto.ca/TFreport.php?versionNumber=2.00&searchTF=T307894_2.00

MOTIF M00712_2.00 (ACAC_0000989201)_(Caenorhabditis_elegans)_(DBD_0.75)

letter-probability matrix: alength= 4 w= 10 nsites= 1 E= 0
  0.180597	  0.342500	  0.170080	  0.306823	
  0.160976	  0.372879	  0.157788	  0.308356	
  0.176732	  0.163144	  0.118467	  0.541657	
  0.186902	  0.088286	  0.157683	  0.567128	
  0.197962	  0.101299	  0.030207	  0.670533	
  0.236652	  0.225110	  0.457872	  0.080366	
  0.326313	  0.199908	  0.140873	  0.332905	
  0.262324	  0.221313	  0.223537	  0.292826	
  0.220694	  0.261589	  0.283376	  0.234341	
  0.203636	  0.220597	  0.222814	  0.352953	

URL http://cisbp.ccbr.utoronto.ca/TFreport.php?versionNumber=2.00&searchTF=T335925_2.00

MOTIF M00756_2.00 (ACAC_0000390701)_(Mus_musculus)_(DBD_0.81)

letter-probability matrix: alength= 4 w= 10 nsites= 1 E= 0
  0.282767	  0.305521	  0.171954	  0.239759	
  0.037628	  0.037628	  0.674128	  0.250617	
  0.000178	  0.862732	  0.000178	  0.136912	
  0.930537	  0.000178	  0.069106	  0.000178	
  0.071132	  0.077413	  0.714543	  0.136912	
  0.145218	  0.714543	  0.069106	  0.071132	
  0.000178	  0.067984	  0.000178	  0.931660	
  0.077413	  0.000178	  0.922231	  0.000178	
  0.152455	  0.301874	  0.078225	  0.467447	
  0.281479	  0.212551	  0.293420	  0.212551	

URL http://cisbp.ccbr.utoronto.ca/TFreport.php?versionNumber=2.00&searchTF=T053334_2.00

MOTIF M00931_2.00 (ACAC_0001093601)_(Caenorhabditis_elegans)_(DBD_0.86)

letter-probability matrix: alength= 4 w= 9 nsites= 1 E= 0
  1.000000	  0.000000	  0.000000	  0.000000	
  0.000000	  0.000000	  0.000000	  1.000000	
  0.000000	  1.000000	  0.000000	  0.000000	
  1.000000	  0.000000	  0.000000	  0.000000	
  0.000000	  0.000000	  1.000000	  0.000000	
  0.000000	  1.000000	  0.000000	  0.000000	
  0.000000	  0.000000	  0.000000	  1.000000	
  0.000000	  0.000000	  1.000000	  0.000000	
  1.000000	  0.000000	  0.000000	  0.000000	

URL http://cisbp.ccbr.utoronto.ca/TFreport.php?versionNumber=2.00&searchTF=T053349_2.00

MOTIF M00937_2.00 (ACAC_0001364601)_(Caenorhabditis_elegans)_(DBD_0.89)

letter-probability matrix: alength= 4 w= 8 nsites= 1 E= 0
  0.333333	  0.000000	  0.000000	  0.666667	
  0.000000	  1.000000	  0.000000	  0.000000	
  1.000000	  0.000000	  0.000000	  0.000000	
  0.000000	  1.000000	  0.000000	  0.000000	
  0.000000	  0.000000	  1.000000	  0.000000	
  0.000000	  0.000000	  0.000000	  1.000000	
  0.000000	  0.000000	  1.000000	  0.000000	
  1.000000	  0.000000	  0.000000	  0.000000	

URL http://cisbp.ccbr.utoronto.ca/TFreport.php?versionNumber=2.00&searchTF=T053358_2.00

MOTIF M01141_2.00 (ACAC_0001181901)_(Caenorhabditis_briggsae)_(DBD_0.81)

letter-probability matrix: alength= 4 w= 10 nsites= 1 E= 0
  0.396695	  0.167866	  0.144484	  0.290955	
  0.555037	  0.047420	  0.379568	  0.017976	
  0.002357	  0.007982	  0.000117	  0.989544	
  0.003280	  0.003849	  0.990076	  0.002795	
  0.956624	  0.000420	  0.009056	  0.033900	
  0.002941	  0.779543	  0.011344	  0.206172	
  0.146554	  0.034035	  0.818434	  0.000978	
  0.022269	  0.029172	  0.011059	  0.937500	
  0.135371	  0.516987	  0.272603	  0.075040	
  0.635454	  0.133532	  0.127019	  0.103995	

URL http://cisbp.ccbr.utoronto.ca/TFreport.php?versionNumber=2.00&searchTF=T074029_2.00

MOTIF M01231_2.00 (ACAC_0000752101)_(Caenorhabditis_briggsae)_(DBD_0.91)

letter-probability matrix: alength= 4 w= 8 nsites= 1 E= 0
  0.170017	  0.359926	  0.338965	  0.131092	
  0.041665	  0.018535	  0.005639	  0.934162	
  0.002064	  0.000107	  0.996804	  0.001025	
  0.956878	  0.001885	  0.000233	  0.041004	
  0.001041	  0.005314	  0.000961	  0.992683	
  0.801570	  0.044548	  0.008905	  0.144977	
  0.731075	  0.036764	  0.099935	  0.132226	
  0.195054	  0.302862	  0.318390	  0.183695	

URL http://cisbp.ccbr.utoronto.ca/TFreport.php?versionNumber=2.00&searchTF=T197365_2.00

MOTIF M01240_2.00 (ACAC_0000013301)_(Caenorhabditis_briggsae)_(DBD_0.93)

letter-probability matrix: alength= 4 w= 8 nsites= 1 E= 0
  0.783207	  0.081263	  0.081263	  0.054266	
  0.078566	  0.098158	  0.039381	  0.783895	
  0.034045	  0.034045	  0.000169	  0.931741	
  0.999500	  0.000167	  0.000167	  0.000167	
  0.982845	  0.000167	  0.000167	  0.016822	
  0.035238	  0.000175	  0.017707	  0.946879	
  0.080136	  0.020184	  0.060152	  0.839528	
  0.761418	  0.000238	  0.190533	  0.047812	

URL http://cisbp.ccbr.utoronto.ca/TFreport.php?versionNumber=2.00&searchTF=T232749_2.00

MOTIF M01298_2.00 (ACAC_0001002301)_(Caenorhabditis_elegans)_(DBD_0.84)

letter-probability matrix: alength= 4 w= 8 nsites= 1 E= 0
  0.990132	  0.003289	  0.003289	  0.003289	
  0.990132	  0.003289	  0.003289	  0.003289	
  0.990132	  0.003289	  0.003289	  0.003289	
  0.003289	  0.003289	  0.661184	  0.332237	
  0.003289	  0.003289	  0.990132	  0.003289	
  0.003289	  0.003289	  0.003289	  0.990132	
  0.003289	  0.990132	  0.003289	  0.003289	
  0.985294	  0.004902	  0.004902	  0.004902	

URL http://cisbp.ccbr.utoronto.ca/TFreport.php?versionNumber=2.00&searchTF=T307903_2.00

MOTIF M01667_2.00 (ACAC_0000783801)_(Caenorhabditis_elegans)_(DBD_1.00)

letter-probability matrix: alength= 4 w= 8 nsites= 1 E= 0
  0.245252	  0.271045	  0.215355	  0.268348	
  0.308320	  0.196593	  0.254968	  0.240120	
  0.941882	  0.000249	  0.000593	  0.057276	
  0.051763	  0.035046	  0.000248	  0.912942	
  0.191668	  0.309749	  0.088745	  0.409838	
  0.562171	  0.100666	  0.162683	  0.174479	
  0.502612	  0.159145	  0.175883	  0.162360	
  0.416728	  0.148775	  0.235670	  0.198827	

URL http://cisbp.ccbr.utoronto.ca/TFreport.php?versionNumber=2.00&searchTF=T016462_2.00

MOTIF M01903_2.00 (ACAC_0000909201)_(Caenorhabditis_elegans)_(DBD_0.83)

letter-probability matrix: alength= 4 w= 9 nsites= 1 E= 0
  0.230911	  0.224086	  0.262968	  0.282035	
  0.269525	  0.209906	  0.264188	  0.256380	
  0.283198	  0.178778	  0.291823	  0.246201	
  0.153491	  0.064952	  0.745191	  0.036366	
  0.485724	  0.054907	  0.315968	  0.143400	
  0.185229	  0.092907	  0.000174	  0.721690	
  0.451981	  0.073969	  0.434259	  0.039791	
  0.183594	  0.056414	  0.557089	  0.202902	
  0.369364	  0.118130	  0.213105	  0.299401	

URL http://cisbp.ccbr.utoronto.ca/TFreport.php?versionNumber=2.00&searchTF=T165711_2.00

MOTIF M01937_2.00 (ACAC_0000280801)_(Xenopus_tropicalis)_(DBD_0.98)

letter-probability matrix: alength= 4 w= 8 nsites= 1 E= 0
  0.378267	  0.195508	  0.164943	  0.261282	
  0.375292	  0.175512	  0.126179	  0.323017	
  0.285151	  0.129414	  0.071024	  0.514410	
  0.172389	  0.072223	  0.561019	  0.194368	
  0.181021	  0.077371	  0.070712	  0.670896	
  0.389944	  0.092388	  0.168343	  0.349325	
  0.309791	  0.096149	  0.234135	  0.359926	
  0.204176	  0.411161	  0.159013	  0.225650	

URL http://cisbp.ccbr.utoronto.ca/TFreport.php?versionNumber=2.00&searchTF=T169646_2.00

MOTIF M01968_2.00 (ACAC_0001368101)_(Physcomitrella_patens)_(DBD_0.57)

letter-probability matrix: alength= 4 w= 10 nsites= 1 E= 0
  0.233790	  0.138993	  0.425993	  0.201225	
  0.151778	  0.438088	  0.392454	  0.017680	
  0.020553	  0.048571	  0.839679	  0.091197	
  0.006893	  0.992712	  0.000031	  0.000364	
  0.013922	  0.000083	  0.985791	  0.000205	
  0.013288	  0.979343	  0.002765	  0.004604	
  0.083385	  0.551953	  0.224407	  0.140255	
  0.409276	  0.238505	  0.118438	  0.233782	
  0.379447	  0.181039	  0.122574	  0.316940	
  0.306627	  0.222657	  0.201468	  0.269248	

URL http://cisbp.ccbr.utoronto.ca/TFreport.php?versionNumber=2.00&searchTF=T174197_2.00

MOTIF M01971_2.00 (ACAC_0000115801)_(Tetraodon_nigroviridis)_(DBD_0.80)

letter-probability matrix: alength= 4 w= 8 nsites= 1 E= 0
  0.001420	  0.995739	  0.001420	  0.001420	
  0.001106	  0.996681	  0.001106	  0.001106	
  0.001106	  0.001106	  0.996681	  0.001106	
  0.001106	  0.001106	  0.996681	  0.001106	
  0.996681	  0.001106	  0.001106	  0.001106	
  0.886062	  0.001106	  0.001106	  0.111726	
  0.222345	  0.001106	  0.775442	  0.001106	
  0.001656	  0.167219	  0.001656	  0.829470	

URL http://cisbp.ccbr.utoronto.ca/TFreport.php?versionNumber=2.00&searchTF=T178311_2.00

MOTIF M02062_2.00 (ACAC_0000231401)_(Caenorhabditis_briggsae)_(DBD_0.95)

letter-probability matrix: alength= 4 w= 10 nsites= 1 E= 0
  0.229831	  0.163587	  0.191971	  0.414612	
  0.145017	  0.118730	  0.111816	  0.624437	
  0.595085	  0.033405	  0.112023	  0.259487	
  0.785686	  0.060133	  0.067125	  0.087056	
  0.085373	  0.150962	  0.087098	  0.676567	
  0.132663	  0.069256	  0.418976	  0.379105	
  0.354546	  0.079905	  0.369015	  0.196534	
  0.139295	  0.286173	  0.374876	  0.199656	
  0.245825	  0.277167	  0.205330	  0.271678	
  0.236252	  0.236252	  0.178556	  0.348940	

URL http://cisbp.ccbr.utoronto.ca/TFreport.php?versionNumber=2.00&searchTF=T232756_2.00

MOTIF M02088_2.00 (ACAC_0000008801)_(Homo_sapiens)_(DBD_0.88)

letter-probability matrix: alength= 4 w= 10 nsites= 1 E= 0
  0.278360	  0.307636	  0.270133	  0.143871	
  0.130958	  0.409474	  0.130958	  0.328611	
  0.077310	  0.078087	  0.009280	  0.835324	
  0.925286	  0.017995	  0.039256	  0.017463	
  0.972774	  0.002586	  0.004350	  0.020290	
  0.033715	  0.021284	  0.021714	  0.923288	
  0.073569	  0.045070	  0.298338	  0.583023	
  0.719299	  0.017607	  0.216649	  0.046445	
  0.170597	  0.357560	  0.323534	  0.148310	
  0.162911	  0.348349	  0.209182	  0.279557	

URL http://cisbp.ccbr.utoronto.ca/TFreport.php?versionNumber=2.00&searchTF=T232748_2.00

MOTIF M02181_2.00 (ACAC_0000213801)_(Caenorhabditis_elegans)_(DBD_0.98)

letter-probability matrix: alength= 4 w= 9 nsites= 1 E= 0
  0.254632	  0.175883	  0.145448	  0.424037	
  0.142356	  0.323220	  0.198013	  0.336411	
  0.548573	  0.056110	  0.295102	  0.100215	
  0.843985	  0.010785	  0.015152	  0.130078	
  0.093756	  0.069456	  0.658981	  0.177806	
  0.242854	  0.064229	  0.135974	  0.556942	
  0.319548	  0.055529	  0.506187	  0.118736	
  0.129420	  0.285164	  0.344834	  0.240582	
  0.215414	  0.271120	  0.219766	  0.293701	

URL http://cisbp.ccbr.utoronto.ca/TFreport.php?versionNumber=2.00&searchTF=T232754_2.00

MOTIF M02186_2.00 (ACAC_0001127801)_(Caenorhabditis_elegans)_(DBD_1.00)

letter-probability matrix: alength= 4 w= 8 nsites= 1 E= 0
  0.106743	  0.053438	  0.226679	  0.613140	
  0.008935	  0.097399	  0.000088	  0.893577	
  0.831814	  0.136036	  0.024072	  0.008077	
  0.968525	  0.007888	  0.023508	  0.000078	
  0.000078	  0.000078	  0.007888	  0.991956	
  0.015822	  0.031565	  0.165381	  0.787232	
  0.864643	  0.000090	  0.117165	  0.018102	
  0.035395	  0.152987	  0.599835	  0.211783	

URL http://cisbp.ccbr.utoronto.ca/TFreport.php?versionNumber=2.00&searchTF=T232777_2.00

MOTIF M02187_2.00 (ACAC_0000925001)_(Caenorhabditis_elegans)_(DBD_0.72)

letter-probability matrix: alength= 4 w= 10 nsites= 1 E= 0
  0.309702	  0.193945	  0.280095	  0.216257	
  0.203114	  0.260004	  0.277136	  0.259746	
  0.107811	  0.194476	  0.057731	  0.639982	
  0.701896	  0.080347	  0.095031	  0.122726	
  0.827165	  0.045609	  0.045661	  0.081566	
  0.081566	  0.045661	  0.045609	  0.827165	
  0.122726	  0.095031	  0.080347	  0.701896	
  0.639982	  0.057731	  0.194476	  0.107811	
  0.259746	  0.277136	  0.260004	  0.203114	
  0.216257	  0.280095	  0.193945	  0.309702	

URL http://cisbp.ccbr.utoronto.ca/TFreport.php?versionNumber=2.00&searchTF=T232772_2.00

MOTIF M02276_2.00 (ACAC_0000281001)_(Caenorhabditis_elegans)_(DBD_0.74)

letter-probability matrix: alength= 4 w= 10 nsites= 1 E= 0
  0.220981	  0.265051	  0.191399	  0.322569	
  0.270631	  0.194889	  0.283987	  0.250493	
  0.353350	  0.066649	  0.227459	  0.352542	
  0.146210	  0.764537	  0.000008	  0.089246	
  0.046172	  0.880475	  0.000000	  0.073353	
  0.073353	  0.000000	  0.880475	  0.046172	
  0.089246	  0.000008	  0.764537	  0.146210	
  0.352542	  0.227459	  0.066649	  0.353350	
  0.250493	  0.283987	  0.194889	  0.270631	
  0.322569	  0.191399	  0.265051	  0.220981	

URL http://cisbp.ccbr.utoronto.ca/TFreport.php?versionNumber=2.00&searchTF=T251756_2.00

MOTIF M02397_2.00 (ACAC_0000022201)_(Homo_sapiens)_(DBD_0.69)

letter-probability matrix: alength= 4 w= 8 nsites= 1 E= 0
  0.446216	  0.173579	  0.380122	  0.000083	
  0.000059	  0.000059	  0.999824	  0.000059	
  0.000058	  0.000058	  0.970592	  0.029291	
  0.000058	  0.000058	  0.000058	  0.999825	
  0.000058	  0.999825	  0.000058	  0.000058	
  0.993943	  0.000059	  0.005940	  0.000059	
  0.284605	  0.299985	  0.161566	  0.253845	
  0.227283	  0.284075	  0.284075	  0.204566	

URL http://cisbp.ccbr.utoronto.ca/TFreport.php?versionNumber=2.00&searchTF=T307884_2.00

MOTIF M02408_2.00 (ACAC_0001268701)_(Drosophila_melanogaster)_(DBD_0.83)

letter-probability matrix: alength= 4 w= 12 nsites= 1 E= 0
  0.200832	  0.200832	  0.200832	  0.397504	
  0.198971	  0.109814	  0.581401	  0.109814	
  0.760318	  0.194141	  0.022771	  0.022771	
  0.106323	  0.329688	  0.541218	  0.022771	
  0.000202	  0.000202	  0.999393	  0.000202	
  0.000202	  0.000202	  0.000202	  0.999393	
  0.000202	  0.999393	  0.000202	  0.000202	
  0.999393	  0.000202	  0.000202	  0.000202	
  0.756390	  0.049370	  0.144869	  0.049370	
  0.226166	  0.140388	  0.230661	  0.402784	
  0.227432	  0.227432	  0.227432	  0.317705	
  0.227432	  0.227432	  0.227432	  0.317705	

URL http://cisbp.ccbr.utoronto.ca/TFreport.php?versionNumber=2.00&searchTF=T307907_2.00

MOTIF M02413_2.00 (ACAC_0000711701)_(Caenorhabditis_elegans)_(DBD_0.87)

letter-probability matrix: alength= 4 w= 9 nsites= 1 E= 0
  0.255660	  0.274198	  0.209317	  0.260825	
  0.207494	  0.261151	  0.297407	  0.233948	
  0.273268	  0.217120	  0.252258	  0.257354	
  0.175594	  0.206062	  0.431892	  0.186452	
  0.603473	  0.056980	  0.086721	  0.252826	
  0.143184	  0.335000	  0.173145	  0.348671	
  0.150014	  0.555978	  0.087420	  0.206588	
  0.717194	  0.006205	  0.156859	  0.119743	
  0.312507	  0.266301	  0.205332	  0.215860	

URL http://cisbp.ccbr.utoronto.ca/TFreport.php?versionNumber=2.00&searchTF=T307900_2.00

MOTIF M02436_2.00 (ACAC_0000538501)_(Nasonia_vitripennis)_(DBD_0.86)

letter-probability matrix: alength= 4 w= 10 nsites= 1 E= 0
  0.252445	  0.242546	  0.208762	  0.296247	
  0.195593	  0.261396	  0.322479	  0.220531	
  0.239341	  0.444917	  0.127471	  0.188272	
  0.089357	  0.609501	  0.092078	  0.209064	
  0.212180	  0.227565	  0.301098	  0.259157	
  0.819145	  0.021939	  0.067240	  0.091676	
  0.837664	  0.059182	  0.024062	  0.079092	
  0.453221	  0.132473	  0.061337	  0.352969	
  0.278912	  0.226082	  0.157732	  0.337274	
  0.242168	  0.244602	  0.208436	  0.304793	

URL http://cisbp.ccbr.utoronto.ca/TFreport.php?versionNumber=2.00&searchTF=T314990_2.00

MOTIF M02484_2.00 (ACAC_0000977101)_(Caenorhabditis_elegans)_(DBD_0.83)

letter-probability matrix: alength= 4 w= 11 nsites= 1 E= 0
  0.217039	  0.217039	  0.348883	  0.217039	
  0.142386	  0.255945	  0.241673	  0.359996	
  0.109560	  0.836436	  0.027002	  0.027002	
  0.000115	  0.785254	  0.000115	  0.214516	
  0.999656	  0.000115	  0.000115	  0.000115	
  0.000115	  0.000115	  0.999656	  0.000115	
  0.917099	  0.000115	  0.000115	  0.082672	
  0.082672	  0.917099	  0.000115	  0.000115	
  0.900773	  0.033076	  0.033076	  0.033076	
  0.199199	  0.299748	  0.228295	  0.272757	
  0.223112	  0.223112	  0.223112	  0.330663	

URL http://cisbp.ccbr.utoronto.ca/TFreport.php?versionNumber=2.00&searchTF=T325559_2.00

MOTIF M02529_2.00 (ACAC_0000028901)_(Drosophila_yakuba)_(DBD_0.80)

letter-probability matrix: alength= 4 w= 8 nsites= 1 E= 0
  0.216253	  0.000270	  0.270248	  0.513229	
  0.000192	  0.000192	  0.000192	  0.999424	
  0.000192	  0.019408	  0.000192	  0.980208	
  0.096272	  0.615104	  0.000192	  0.288432	
  0.845696	  0.000192	  0.153920	  0.000192	
  0.999424	  0.000192	  0.000192	  0.000192	
  0.960992	  0.019408	  0.000192	  0.019408	
  0.088425	  0.235311	  0.000294	  0.675969	

URL http://cisbp.ccbr.utoronto.ca/TFreport.php?versionNumber=2.00&searchTF=T346246_2.00

MOTIF M02959_2.00 (ACAC_0000024001)_(Homo_sapiens)_(DBD_0.47)

letter-probability matrix: alength= 4 w= 12 nsites= 1 E= 0
  0.046512	  0.011628	  0.023256	  0.918605	
  0.000000	  0.000000	  0.000000	  1.000000	
  0.011765	  0.035294	  0.011765	  0.941176	
  0.000000	  0.040404	  0.939394	  0.020202	
  0.010309	  0.000000	  0.989691	  0.000000	
  0.000000	  0.915385	  0.053846	  0.030769	
  0.000000	  0.010204	  0.989796	  0.000000	
  0.030303	  0.000000	  0.969697	  0.000000	
  0.010101	  0.000000	  0.989899	  0.000000	
  0.989247	  0.010753	  0.000000	  0.000000	
  0.967742	  0.000000	  0.032258	  0.000000	
  0.925532	  0.010638	  0.031915	  0.031915	

URL http://cisbp.ccbr.utoronto.ca/TFreport.php?versionNumber=2.00&searchTF=T174194_2.00

MOTIF M02987_2.00 (ACAC_0001346201)_(Homo_sapiens)_(DBD_0.60)

letter-probability matrix: alength= 4 w= 12 nsites= 1 E= 0
  0.425669	  0.161588	  0.132041	  0.280702	
  0.826408	  0.031394	  0.030471	  0.111727	
  0.097049	  0.694665	  0.125426	  0.082860	
  0.073357	  0.751174	  0.170775	  0.004695	
  0.112390	  0.872038	  0.010833	  0.004739	
  0.001369	  0.000684	  0.997947	  0.000000	
  0.000000	  0.000000	  1.000000	  0.000000	
  0.992624	  0.004215	  0.001054	  0.002107	
  0.976166	  0.010363	  0.009326	  0.004145	
  0.125638	  0.018495	  0.847577	  0.008291	
  0.028125	  0.057031	  0.022656	  0.892188	
  0.512672	  0.086169	  0.238957	  0.162201	

URL http://cisbp.ccbr.utoronto.ca/TFreport.php?versionNumber=2.00&searchTF=T178316_2.00

MOTIF M03087_2.00 (ACAC_0001012701)_(Homo_sapiens)_(DBD_0.56)

letter-probability matrix: alength= 4 w= 8 nsites= 1 E= 0
  0.050776	  0.567735	  0.037679	  0.343811	
  0.096070	  0.163832	  0.029930	  0.710167	
  0.886769	  0.040902	  0.036132	  0.036197	
  0.970260	  0.011009	  0.012296	  0.006434	
  0.012245	  0.014168	  0.007333	  0.966254	
  0.055381	  0.046932	  0.060685	  0.837003	
  0.722030	  0.027451	  0.177528	  0.072990	
  0.193501	  0.261956	  0.269545	  0.274998	

URL http://cisbp.ccbr.utoronto.ca/TFreport.php?versionNumber=2.00&searchTF=T232773_2.00

MOTIF M03168_2.00 (ACAC_0001212901)_(Homo_sapiens)_(DBD_0.50)

letter-probability matrix: alength= 4 w= 8 nsites= 1 E= 0
  0.072612	  0.450780	  0.073912	  0.402697	
  0.096614	  0.141577	  0.014371	  0.747439	
  0.795066	  0.130619	  0.028606	  0.045709	
  0.940555	  0.027395	  0.008236	  0.023814	
  0.050778	  0.014703	  0.036416	  0.898102	
  0.063239	  0.039960	  0.242873	  0.653928	
  0.742999	  0.012306	  0.188402	  0.056294	
  0.185954	  0.363723	  0.177579	  0.272745	

URL http://cisbp.ccbr.utoronto.ca/TFreport.php?versionNumber=2.00&searchTF=T232779_2.00

MOTIF M03233_2.00 (ACAC_0000308201)_(Homo_sapiens)_(DBD_0.84)

letter-probability matrix: alength= 4 w= 11 nsites= 1 E= 0
  0.128887	  0.307132	  0.235146	  0.328834	
  0.180386	  0.173504	  0.355347	  0.290762	
  0.156964	  0.179104	  0.129448	  0.534484	
  0.133379	  0.100398	  0.033272	  0.732952	
  0.769137	  0.000000	  0.124287	  0.106576	
  0.983214	  0.000000	  0.016786	  0.000000	
  0.054051	  0.028179	  0.332443	  0.585327	
  0.036134	  0.202331	  0.027586	  0.733949	
  0.080054	  0.018102	  0.849562	  0.052282	
  0.164108	  0.335892	  0.282160	  0.217840	
  0.159100	  0.252151	  0.142555	  0.446195	

URL http://cisbp.ccbr.utoronto.ca/TFreport.php?versionNumber=2.00&searchTF=T232758_2.00

MOTIF M03666_2.00 (ACAC_0000515301)_(Drosophila_melanogaster)_(DBD_0.86)

letter-probability matrix: alength= 4 w= 14 nsites= 1 E= 0
  0.095106	  0.015641	  0.039102	  0.850151	
  0.000593	  0.000000	  0.999407	  0.000000	
  0.000000	  1.000000	  0.000000	  0.000000	
  0.604376	  0.152618	  0.000538	  0.242468	
