MEME version 5.5.8 (Fri May 2 15:43:49 2025 -0700)

ALPHABET= ACGT

strands: + -

Background letter frequencies (from uniform background):
A 0.25000 C 0.25000 G 0.25000 T 0.25000 

MOTIF M00153_2.00 (H311_03163)_(Mus_musculus)_(DBD_0.57)

letter-probability matrix: alength= 4 w= 10 nsites= 1 E= 0
  0.328844	  0.158473	  0.193559	  0.319125	
  0.340062	  0.138259	  0.138259	  0.383419	
  0.250781	  0.152106	  0.248285	  0.348828	
  0.146662	  0.212328	  0.477294	  0.163716	
  0.049148	  0.109382	  0.841214	  0.000255	
  0.098666	  0.881603	  0.000009	  0.019722	
  0.001228	  0.000013	  0.977948	  0.020810	
  0.022581	  0.624590	  0.326064	  0.026765	
  0.135566	  0.284138	  0.361210	  0.219085	
  0.234821	  0.292605	  0.182879	  0.289694	

URL http://cisbp.ccbr.utoronto.ca/TFreport.php?versionNumber=2.00&searchTF=T173202_2.00

MOTIF M00424_2.00 (H311_01337)_(Mus_musculus)_(DBD_0.39)

letter-probability matrix: alength= 4 w= 8 nsites= 1 E= 0
  0.304614	  0.223418	  0.292670	  0.179297	
  0.117074	  0.396553	  0.109159	  0.377213	
  0.077200	  0.160196	  0.022792	  0.739813	
  0.820659	  0.043821	  0.081460	  0.054061	
  0.990441	  0.001375	  0.006877	  0.001308	
  0.026666	  0.029767	  0.015232	  0.928335	
  0.152387	  0.122294	  0.075673	  0.649645	
  0.599625	  0.071258	  0.189863	  0.139255	

URL http://cisbp.ccbr.utoronto.ca/TFreport.php?versionNumber=2.00&searchTF=T219315_2.00

MOTIF M01558_2.00 (H311_00382)_(Saccharomyces_cerevisiae)_(DBD_0.81)

letter-probability matrix: alength= 4 w= 10 nsites= 1 E= 0
  0.112022	  0.583295	  0.081344	  0.223339	
  0.214189	  0.229719	  0.346145	  0.209947	
  0.417547	  0.152079	  0.229155	  0.201220	
  0.584466	  0.060382	  0.129114	  0.226037	
  0.385008	  0.091219	  0.093997	  0.429776	
  0.301324	  0.230024	  0.179143	  0.289509	
  0.257339	  0.273252	  0.284403	  0.185007	
  0.278132	  0.034747	  0.644255	  0.042867	
  0.109929	  0.000794	  0.742363	  0.146913	
  0.392464	  0.185387	  0.181716	  0.240434	

URL http://cisbp.ccbr.utoronto.ca/TFreport.php?versionNumber=2.00&searchTF=T254441_2.00

MOTIF M01567_2.00 (H311_04080)_(Saccharomyces_cerevisiae)_(DBD_0.81)

letter-probability matrix: alength= 4 w= 7 nsites= 1 E= 0
  0.315311	  0.189343	  0.207174	  0.288172	
  0.345705	  0.141966	  0.211788	  0.300541	
  0.271982	  0.110580	  0.155359	  0.462079	
  0.583542	  0.000869	  0.110954	  0.304636	
  0.219565	  0.006434	  0.188981	  0.585020	
  0.934996	  0.000354	  0.051964	  0.012687	
  0.422777	  0.000471	  0.095282	  0.481470	

URL http://cisbp.ccbr.utoronto.ca/TFreport.php?versionNumber=2.00&searchTF=T342619_2.00

MOTIF M01658_2.00 (H311_02283)_(Microcebus_murinus)_(DBD_0.33)

letter-probability matrix: alength= 4 w= 9 nsites= 1 E= 0
  0.249746	  0.228250	  0.225979	  0.296025	
  0.367305	  0.115145	  0.222782	  0.294769	
  0.999306	  0.000101	  0.000207	  0.000386	
  0.011416	  0.010644	  0.010125	  0.967814	
  0.260879	  0.312329	  0.049110	  0.377683	
  0.725817	  0.056673	  0.102237	  0.115272	
  0.636466	  0.102098	  0.122233	  0.139203	
  0.489639	  0.107090	  0.176561	  0.226709	
  0.310029	  0.225127	  0.184318	  0.280526	

URL http://cisbp.ccbr.utoronto.ca/TFreport.php?versionNumber=2.00&searchTF=T015053_2.00

MOTIF M01687_2.00 (H311_05041)_(Medicago_truncatula)_(DBD_0.64)

letter-probability matrix: alength= 4 w= 8 nsites= 1 E= 0
  0.839058	  0.000399	  0.120208	  0.040335	
  0.881610	  0.000294	  0.000294	  0.117803	
  0.832686	  0.000277	  0.000277	  0.166759	
  0.693951	  0.000277	  0.000277	  0.305494	
  0.166759	  0.000277	  0.000277	  0.832686	
  0.832686	  0.000277	  0.000277	  0.166759	
  0.764101	  0.029671	  0.000294	  0.205934	
  0.185281	  0.037352	  0.000370	  0.776997	

URL http://cisbp.ccbr.utoronto.ca/TFreport.php?versionNumber=2.00&searchTF=T017537_2.00

MOTIF M02053_2.00 (H311_03552)_(Encephalitozoon_cuniculi)_(DBD_0.53)

letter-probability matrix: alength= 4 w= 8 nsites= 1 E= 0
  0.131703	  0.157992	  0.052839	  0.657466	
  0.080136	  0.020184	  0.000200	  0.899480	
  0.905166	  0.000189	  0.000189	  0.094457	
  0.942873	  0.000189	  0.000189	  0.056750	
  0.056750	  0.019042	  0.000189	  0.924020	
  0.057840	  0.019408	  0.019408	  0.903344	
  0.890747	  0.000217	  0.108818	  0.000217	
  0.069215	  0.413567	  0.206956	  0.310262	

URL http://cisbp.ccbr.utoronto.ca/TFreport.php?versionNumber=2.00&searchTF=T219320_2.00

MOTIF M02055_2.00 (H311_05138)_(Encephalitozoon_cuniculi)_(DBD_0.74)

letter-probability matrix: alength= 4 w= 9 nsites= 1 E= 0
  0.259454	  0.234764	  0.210309	  0.295473	
  0.174519	  0.228614	  0.282036	  0.314831	
  0.058202	  0.248121	  0.089471	  0.604206	
  0.740913	  0.151091	  0.033713	  0.074283	
  0.897687	  0.051926	  0.014877	  0.035510	
  0.000090	  0.021879	  0.000025	  0.978006	
  0.271104	  0.088456	  0.049033	  0.591406	
  0.383479	  0.034788	  0.026557	  0.555176	
  0.666246	  0.107949	  0.156282	  0.069523	

URL http://cisbp.ccbr.utoronto.ca/TFreport.php?versionNumber=2.00&searchTF=T219321_2.00

MOTIF M07981_2.00 (H311_03229)_(Homo_sapiens)_(DBD_0.73)

letter-probability matrix: alength= 4 w= 19 nsites= 1 E= 0
  0.299342	  0.325658	  0.190789	  0.184211	
  0.171053	  0.338816	  0.154605	  0.335526	
  0.444079	  0.174342	  0.210526	  0.171053	
  0.233553	  0.131579	  0.082237	  0.552631	
  0.141447	  0.108553	  0.519737	  0.230263	
  0.233553	  0.286184	  0.302632	  0.177632	
  0.023026	  0.950659	  0.016447	  0.009868	
  0.003289	  0.934211	  0.000000	  0.062500	
  0.756579	  0.055921	  0.006579	  0.180921	
  0.483553	  0.006579	  0.026316	  0.483553	
  0.950658	  0.000000	  0.042763	  0.006579	
  0.299342	  0.078947	  0.026316	  0.595395	
  0.888158	  0.013158	  0.019737	  0.078947	
  0.644736	  0.013158	  0.052632	  0.289474	
  0.032895	  0.000000	  0.967105	  0.000000	
  0.016447	  0.003289	  0.973685	  0.006579	
  0.226974	  0.424342	  0.184211	  0.164474	
  0.450658	  0.302632	  0.154605	  0.092105	
  0.555920	  0.095395	  0.164474	  0.184211	

URL http://cisbp.ccbr.utoronto.ca/TFreport.php?versionNumber=2.00&searchTF=T254442_2.00

MOTIF M08120_2.00 (H311_02609)_(Homo_sapiens)_(DBD_0.51)

letter-probability matrix: alength= 4 w= 14 nsites= 1 E= 0
  0.311553	  0.174242	  0.244318	  0.269886	
  0.393939	  0.165720	  0.255682	  0.184659	
  0.233902	  0.134470	  0.257576	  0.374053	
  0.135417	  0.026515	  0.821970	  0.016098	
  0.056818	  0.004735	  0.041667	  0.896780	
  0.949811	  0.035038	  0.009470	  0.005682	
  0.946023	  0.035038	  0.010417	  0.008523	
  0.967803	  0.012311	  0.009470	  0.010417	
  0.009470	  0.907197	  0.011364	  0.071970	
  0.961174	  0.015152	  0.011364	  0.012311	
  0.484848	  0.188447	  0.193182	  0.133523	
  0.175189	  0.190341	  0.537879	  0.096591	
  0.229167	  0.254735	  0.342803	  0.173295	
  0.267992	  0.272727	  0.255682	  0.203598	

URL http://cisbp.ccbr.utoronto.ca/TFreport.php?versionNumber=2.00&searchTF=T187735_2.00

