MEME version 5.5.8 (Fri May 2 15:43:49 2025 -0700)

ALPHABET= ACGT

strands: + -

Background letter frequencies (from uniform background):
A 0.25000 C 0.25000 G 0.25000 T 0.25000 

MOTIF M00161_2.00 (AMIN000724)_(Mus_musculus)_(DBD_0.47)

letter-probability matrix: alength= 4 w= 12 nsites= 1 E= 0
  0.394926	  0.201691	  0.201691	  0.201691	
  0.357836	  0.147163	  0.347838	  0.147163	
  0.159006	  0.172368	  0.068783	  0.599842	
  0.841382	  0.113021	  0.022798	  0.022798	
  0.999531	  0.000156	  0.000156	  0.000156	
  0.999531	  0.000156	  0.000156	  0.000156	
  0.000156	  0.999531	  0.000156	  0.000156	
  0.999531	  0.000156	  0.000156	  0.000156	
  0.854605	  0.048465	  0.048465	  0.048465	
  0.691020	  0.102993	  0.102993	  0.102993	
  0.181373	  0.360053	  0.181373	  0.277201	
  0.317926	  0.227358	  0.227358	  0.227358	

URL http://cisbp.ccbr.utoronto.ca/TFreport.php?versionNumber=2.00&searchTF=T190087_2.00

MOTIF M00195_2.00 (AMIN003810)_(Mus_musculus)_(DBD_0.88)

letter-probability matrix: alength= 4 w= 10 nsites= 1 E= 0
  0.279067	  0.181426	  0.181426	  0.358081	
  0.289551	  0.189085	  0.212315	  0.309049	
  0.000105	  0.000105	  0.000105	  0.999685	
  0.000105	  0.000105	  0.999685	  0.000105	
  0.000105	  0.999685	  0.000105	  0.000105	
  0.000105	  0.000105	  0.000105	  0.999685	
  0.000105	  0.000105	  0.999685	  0.000105	
  0.999685	  0.000105	  0.000105	  0.000105	
  0.068679	  0.613130	  0.162332	  0.155859	
  0.241038	  0.147190	  0.147190	  0.464583	

URL http://cisbp.ccbr.utoronto.ca/TFreport.php?versionNumber=2.00&searchTF=T335710_2.00

MOTIF M00203_2.00 (AMIN002131)_(Mus_musculus)_(DBD_0.90)

letter-probability matrix: alength= 4 w= 8 nsites= 1 E= 0
  0.711397	  0.062629	  0.074981	  0.150993	
  0.013623	  0.102692	  0.036662	  0.847024	
  0.035706	  0.005341	  0.000489	  0.958464	
  0.163603	  0.110768	  0.676843	  0.048786	
  0.083974	  0.035892	  0.034141	  0.845992	
  0.117419	  0.271985	  0.139177	  0.471419	
  0.223078	  0.342928	  0.166921	  0.267073	
  0.215726	  0.282593	  0.176621	  0.325060	

URL http://cisbp.ccbr.utoronto.ca/TFreport.php?versionNumber=2.00&searchTF=T335707_2.00

MOTIF M00346_2.00 (AMIN006553)_(Homo_sapiens)_(DBD_0.76)

letter-probability matrix: alength= 4 w= 10 nsites= 1 E= 0
  0.139888	  0.391835	  0.299119	  0.169159	
  0.019682	  0.000364	  0.804090	  0.175864	
  0.193802	  0.035404	  0.000448	  0.770345	
  0.057920	  0.712707	  0.003703	  0.225669	
  0.962768	  0.036959	  0.000011	  0.000262	
  0.031960	  0.731042	  0.000847	  0.236151	
  0.176323	  0.000067	  0.814289	  0.009321	
  0.016792	  0.450753	  0.513331	  0.019124	
  0.184926	  0.210599	  0.121505	  0.482970	
  0.197814	  0.256551	  0.195846	  0.349788	

URL http://cisbp.ccbr.utoronto.ca/TFreport.php?versionNumber=2.00&searchTF=T312423_2.00

MOTIF M00392_2.00 (AMIN000114)_(Mus_musculus)_(DBD_0.86)

letter-probability matrix: alength= 4 w= 8 nsites= 1 E= 0
  0.143010	  0.107347	  0.036020	  0.713623	
  0.000250	  0.025225	  0.000250	  0.974276	
  0.974276	  0.000250	  0.000250	  0.025225	
  0.999251	  0.000250	  0.000250	  0.000250	
  0.000250	  0.000250	  0.000250	  0.999251	
  0.000250	  0.000250	  0.125125	  0.874376	
  0.804939	  0.000277	  0.194506	  0.000277	
  0.038786	  0.576421	  0.153994	  0.230799	

URL http://cisbp.ccbr.utoronto.ca/TFreport.php?versionNumber=2.00&searchTF=T232093_2.00

MOTIF M00427_2.00 (AMIN001504)_(Mus_musculus)_(DBD_0.90)

letter-probability matrix: alength= 4 w= 9 nsites= 1 E= 0
  0.168479	  0.163500	  0.146469	  0.521553	
  0.211125	  0.111324	  0.092061	  0.585490	
  0.332803	  0.037621	  0.152559	  0.477017	
  0.833329	  0.023463	  0.043182	  0.100026	
  0.015491	  0.177732	  0.064089	  0.742688	
  0.151377	  0.075927	  0.326939	  0.445757	
  0.427605	  0.074307	  0.394730	  0.103358	
  0.140060	  0.392316	  0.217472	  0.250152	
  0.235202	  0.305040	  0.214958	  0.244800	

URL http://cisbp.ccbr.utoronto.ca/TFreport.php?versionNumber=2.00&searchTF=T232102_2.00

MOTIF M00438_2.00 (AMIN004423)_(Mus_musculus)_(DBD_0.98)

letter-probability matrix: alength= 4 w= 9 nsites= 1 E= 0
  0.211292	  0.263287	  0.243044	  0.282377	
  0.249961	  0.185175	  0.148607	  0.416257	
  0.165668	  0.301867	  0.221404	  0.311061	
  0.494881	  0.045346	  0.355781	  0.103992	
  0.869196	  0.000051	  0.015449	  0.115304	
  0.101810	  0.062998	  0.673917	  0.161274	
  0.247088	  0.045139	  0.174120	  0.533653	
  0.334033	  0.038522	  0.503326	  0.124119	
  0.129395	  0.311957	  0.305780	  0.252868	

URL http://cisbp.ccbr.utoronto.ca/TFreport.php?versionNumber=2.00&searchTF=T232125_2.00

MOTIF M00458_2.00 (AMIN001181)_(Mus_musculus)_(DBD_0.98)

letter-probability matrix: alength= 4 w= 7 nsites= 1 E= 0
  0.207112	  0.268610	  0.252968	  0.271310	
  0.229210	  0.070431	  0.130927	  0.569432	
  0.521448	  0.073450	  0.236656	  0.168445	
  0.627941	  0.108034	  0.128053	  0.135972	
  0.172464	  0.088251	  0.270478	  0.468806	
  0.209059	  0.140136	  0.302661	  0.348144	
  0.255000	  0.139947	  0.428917	  0.176137	

URL http://cisbp.ccbr.utoronto.ca/TFreport.php?versionNumber=2.00&searchTF=T232101_2.00

MOTIF M00483_2.00 (AMIN004040)_(Mus_musculus)_(DBD_0.98)

letter-probability matrix: alength= 4 w= 7 nsites= 1 E= 0
  0.247356	  0.242458	  0.265291	  0.244895	
  0.187686	  0.245862	  0.203318	  0.363134	
  0.206531	  0.145540	  0.437226	  0.210703	
  0.818609	  0.111900	  0.033704	  0.035788	
  0.126658	  0.170970	  0.099632	  0.602740	
  0.539508	  0.337193	  0.043409	  0.079890	
  0.146793	  0.419484	  0.179294	  0.254430	

URL http://cisbp.ccbr.utoronto.ca/TFreport.php?versionNumber=2.00&searchTF=T232124_2.00

MOTIF M00497_2.00 (AMIN004030)_(Mus_musculus)_(DBD_0.86)

letter-probability matrix: alength= 4 w= 9 nsites= 1 E= 0
  0.245645	  0.217868	  0.155072	  0.381415	
  0.155646	  0.286456	  0.182652	  0.375247	
  0.590071	  0.027667	  0.267800	  0.114462	
  0.898778	  0.013079	  0.023360	  0.064783	
  0.070908	  0.007549	  0.728793	  0.192749	
  0.205889	  0.053375	  0.175447	  0.565289	
  0.315679	  0.022081	  0.558205	  0.104035	
  0.130473	  0.305262	  0.324138	  0.240127	
  0.222604	  0.274622	  0.222604	  0.280170	

URL http://cisbp.ccbr.utoronto.ca/TFreport.php?versionNumber=2.00&searchTF=T232121_2.00

MOTIF M00531_2.00 (AMIN000110)_(Mus_musculus)_(DBD_0.81)

letter-probability matrix: alength= 4 w= 8 nsites= 1 E= 0
  0.197705	  0.297905	  0.188063	  0.316327	
  0.149881	  0.075932	  0.046518	  0.727668	
  0.769845	  0.044088	  0.131130	  0.054937	
  0.865682	  0.028037	  0.030070	  0.076212	
  0.059224	  0.157799	  0.096672	  0.686305	
  0.154873	  0.134640	  0.362348	  0.348140	
  0.399402	  0.099481	  0.340348	  0.160769	
  0.198563	  0.308310	  0.260111	  0.233016	

URL http://cisbp.ccbr.utoronto.ca/TFreport.php?versionNumber=2.00&searchTF=T232090_2.00

MOTIF M00554_2.00 (AMIN000119)_(Drosophila_melanogaster)_(DBD_0.98)

letter-probability matrix: alength= 4 w= 10 nsites= 1 E= 0
  0.251496	  0.177226	  0.199822	  0.371455	
  0.148997	  0.073254	  0.136173	  0.641576	
  0.122081	  0.052704	  0.056525	  0.768690	
  0.381649	  0.037883	  0.070422	  0.510046	
  0.882245	  0.000299	  0.060489	  0.056967	
  0.048121	  0.268735	  0.096905	  0.586239	
  0.165526	  0.087281	  0.407129	  0.340063	
  0.403411	  0.084771	  0.354234	  0.157584	
  0.125944	  0.405791	  0.231791	  0.236474	
  0.189990	  0.335953	  0.201738	  0.272318	

URL http://cisbp.ccbr.utoronto.ca/TFreport.php?versionNumber=2.00&searchTF=T232095_2.00

MOTIF M00555_2.00 (AMIN004029)_(Drosophila_melanogaster)_(DBD_1.00)

letter-probability matrix: alength= 4 w= 8 nsites= 1 E= 0
  0.102338	  0.069985	  0.032730	  0.794948	
  0.792313	  0.045831	  0.074066	  0.087791	
  0.951444	  0.000214	  0.021285	  0.027058	
  0.034616	  0.020995	  0.051640	  0.892749	
  0.077589	  0.068130	  0.095720	  0.758561	
  0.350452	  0.037684	  0.507361	  0.104504	
  0.214873	  0.273157	  0.327028	  0.184943	
  0.211851	  0.274755	  0.209743	  0.303652	

URL http://cisbp.ccbr.utoronto.ca/TFreport.php?versionNumber=2.00&searchTF=T232120_2.00

MOTIF M00556_2.00 (AMIN001113)_(Drosophila_melanogaster)_(DBD_0.98)

letter-probability matrix: alength= 4 w= 10 nsites= 1 E= 0
  0.225403	  0.225403	  0.323790	  0.225403	
  0.125576	  0.231347	  0.418331	  0.224745	
  0.000115	  0.000115	  0.000115	  0.999655	
  0.999655	  0.000115	  0.000115	  0.000115	
  0.999655	  0.000115	  0.000115	  0.000115	
  0.000115	  0.000115	  0.000115	  0.999655	
  0.000115	  0.000115	  0.000115	  0.999655	
  0.999655	  0.000115	  0.000115	  0.000115	
  0.322805	  0.120694	  0.531790	  0.024712	
  0.219817	  0.229876	  0.223708	  0.326600	

URL http://cisbp.ccbr.utoronto.ca/TFreport.php?versionNumber=2.00&searchTF=T232100_2.00

MOTIF M00557_2.00 (AMIN005226)_(Drosophila_melanogaster)_(DBD_1.00)

letter-probability matrix: alength= 4 w= 9 nsites= 1 E= 0
  0.243483	  0.258539	  0.306448	  0.191530	
  0.206850	  0.317982	  0.181634	  0.293534	
  0.110856	  0.033389	  0.011684	  0.844070	
  0.894610	  0.051233	  0.053860	  0.000297	
  0.947543	  0.000984	  0.023427	  0.028047	
  0.139344	  0.033346	  0.087090	  0.740219	
  0.192569	  0.124022	  0.232864	  0.450544	
  0.357775	  0.064709	  0.468673	  0.108843	
  0.187431	  0.305947	  0.291025	  0.215597	

URL http://cisbp.ccbr.utoronto.ca/TFreport.php?versionNumber=2.00&searchTF=T232128_2.00

MOTIF M00558_2.00 (AMIN000116)_(Drosophila_melanogaster)_(DBD_1.00)

letter-probability matrix: alength= 4 w= 9 nsites= 1 E= 0
  0.217791	  0.178312	  0.203067	  0.400830	
  0.182540	  0.115234	  0.102204	  0.600023	
  0.599068	  0.030126	  0.087827	  0.282979	
  0.818970	  0.020864	  0.080483	  0.079682	
  0.075605	  0.178667	  0.083557	  0.662171	
  0.132125	  0.112590	  0.370091	  0.385195	
  0.393154	  0.095986	  0.355740	  0.155120	
  0.161580	  0.381840	  0.236276	  0.220303	
  0.218514	  0.319529	  0.197719	  0.264238	

URL http://cisbp.ccbr.utoronto.ca/TFreport.php?versionNumber=2.00&searchTF=T232094_2.00

MOTIF M00560_2.00 (AMIN004031)_(Drosophila_melanogaster)_(DBD_0.96)

letter-probability matrix: alength= 4 w= 10 nsites= 1 E= 0
  0.198275	  0.249549	  0.172372	  0.379804	
  0.180440	  0.112776	  0.153761	  0.553023	
  0.712109	  0.040376	  0.163732	  0.083783	
  0.905830	  0.000221	  0.015782	  0.078167	
  0.063059	  0.018248	  0.723482	  0.195210	
  0.139726	  0.022639	  0.131589	  0.706046	
  0.351172	  0.028255	  0.567520	  0.053052	
  0.107001	  0.318251	  0.341327	  0.233420	
  0.193858	  0.292109	  0.210004	  0.304030	
  0.203231	  0.271604	  0.203231	  0.321933	

URL http://cisbp.ccbr.utoronto.ca/TFreport.php?versionNumber=2.00&searchTF=T232122_2.00

MOTIF M00563_2.00 (AMIN008523)_(Drosophila_melanogaster)_(DBD_0.96)

letter-probability matrix: alength= 4 w= 9 nsites= 1 E= 0
  0.304796	  0.208438	  0.219125	  0.267640	
  0.204503	  0.208634	  0.183200	  0.403663	
  0.192685	  0.087449	  0.498226	  0.221640	
  0.950847	  0.044583	  0.000055	  0.004515	
  0.142274	  0.292292	  0.142274	  0.423161	
  0.521793	  0.307130	  0.042405	  0.128672	
  0.156958	  0.510801	  0.109506	  0.222734	
  0.200454	  0.358018	  0.208634	  0.232894	
  0.249520	  0.257119	  0.206343	  0.287017	

URL http://cisbp.ccbr.utoronto.ca/TFreport.php?versionNumber=2.00&searchTF=T232154_2.00

MOTIF M00708_2.00 (AMIN002618)_(Caenorhabditis_elegans)_(DBD_0.84)

letter-probability matrix: alength= 4 w= 10 nsites= 1 E= 0
  0.168663	  0.275311	  0.239344	  0.316683	
  0.176492	  0.296864	  0.205054	  0.321589	
  0.099868	  0.334905	  0.233655	  0.331572	
  0.572889	  0.124051	  0.200475	  0.102585	
  0.711682	  0.128719	  0.063284	  0.096316	
  0.139239	  0.068456	  0.676002	  0.116303	
  0.601869	  0.036600	  0.275901	  0.085630	
  0.375126	  0.319661	  0.021699	  0.283514	
  0.395081	  0.114330	  0.326716	  0.163873	
  0.242351	  0.212807	  0.230531	  0.314312	

URL http://cisbp.ccbr.utoronto.ca/TFreport.php?versionNumber=2.00&searchTF=T316693_2.00

MOTIF M00823_2.00 (AMIN003942)_(Mus_musculus)_(DBD_0.54)

letter-probability matrix: alength= 4 w= 10 nsites= 1 E= 0
  0.059337	  0.000621	  0.928182	  0.011861	
  0.018760	  0.033505	  0.039319	  0.908416	
  0.149151	  0.185853	  0.022759	  0.642237	
  0.267523	  0.020475	  0.560711	  0.151291	
  0.048693	  0.717326	  0.051704	  0.182278	
  0.060788	  0.307168	  0.088890	  0.543155	
  0.623033	  0.036401	  0.279947	  0.060619	
  0.227931	  0.165512	  0.292669	  0.313889	
  0.107270	  0.169924	  0.611157	  0.111648	
  0.120378	  0.281643	  0.340577	  0.257402	

URL http://cisbp.ccbr.utoronto.ca/TFreport.php?versionNumber=2.00&searchTF=T319135_2.00

MOTIF M00938_2.00 (AMIN002759)_(Homo_sapiens)_(DBD_0.90)

letter-probability matrix: alength= 4 w= 8 nsites= 1 E= 0
  0.154807	  0.725964	  0.035816	  0.083413	
  0.043175	  0.956653	  0.000086	  0.000086	
  0.845970	  0.007767	  0.100046	  0.046217	
  0.000076	  0.839515	  0.000076	  0.160333	
  0.229014	  0.000076	  0.770833	  0.000076	
  0.015339	  0.152701	  0.000076	  0.831883	
  0.000081	  0.000081	  0.999758	  0.000081	
  0.197699	  0.476639	  0.081474	  0.244189	

URL http://cisbp.ccbr.utoronto.ca/TFreport.php?versionNumber=2.00&searchTF=T052945_2.00

MOTIF M01012_2.00 (AMIN000296)_(Drosophila_melanogaster)_(DBD_0.84)

letter-probability matrix: alength= 4 w= 10 nsites= 1 E= 0
  0.286397	  0.223046	  0.246504	  0.244052	
  0.304560	  0.204153	  0.244415	  0.246872	
  0.289449	  0.220959	  0.261904	  0.227688	
  0.238916	  0.251165	  0.229548	  0.280371	
  0.191173	  0.159681	  0.535489	  0.113656	
  0.970300	  0.001459	  0.001729	  0.026512	
  0.150692	  0.695922	  0.001180	  0.152206	
  0.042000	  0.000476	  0.932304	  0.025221	
  0.023255	  0.969232	  0.000648	  0.006865	
  0.186996	  0.257517	  0.287461	  0.268027	

URL http://cisbp.ccbr.utoronto.ca/TFreport.php?versionNumber=2.00&searchTF=T190086_2.00

MOTIF M01013_2.00 (AMIN003345)_(Drosophila_melanogaster)_(DBD_0.82)

letter-probability matrix: alength= 4 w= 10 nsites= 1 E= 0
  0.284331	  0.208542	  0.217052	  0.290075	
  0.282899	  0.199355	  0.271806	  0.245940	
  0.262076	  0.126297	  0.394901	  0.216726	
  0.543238	  0.172009	  0.107506	  0.177247	
  0.247908	  0.519600	  0.003644	  0.228848	
  0.333431	  0.073658	  0.454609	  0.138302	
  0.243370	  0.520392	  0.110452	  0.125786	
  0.271118	  0.240460	  0.209046	  0.279375	
  0.335408	  0.205480	  0.220379	  0.238733	
  0.303345	  0.209531	  0.218082	  0.269043	

URL http://cisbp.ccbr.utoronto.ca/TFreport.php?versionNumber=2.00&searchTF=T190091_2.00

MOTIF M01029_2.00 (AMIN008751)_(Nasonia_vitripennis)_(DBD_1.00)

letter-probability matrix: alength= 4 w= 8 nsites= 1 E= 0
  0.874220	  0.000312	  0.062734	  0.062734	
  0.075175	  0.000250	  0.924326	  0.000250	
  0.000222	  0.000222	  0.999334	  0.000222	
  0.000222	  0.000222	  0.000222	  0.999334	
  0.000217	  0.000217	  0.999348	  0.000217	
  0.000222	  0.022425	  0.000222	  0.977131	
  0.000285	  0.314212	  0.485445	  0.200057	
  0.878994	  0.000399	  0.080272	  0.040335	

URL http://cisbp.ccbr.utoronto.ca/TFreport.php?versionNumber=2.00&searchTF=T341489_2.00

MOTIF M01043_2.00 (AMIN001588)_(Drosophila_melanogaster)_(DBD_0.88)

letter-probability matrix: alength= 4 w= 9 nsites= 1 E= 0
  0.122386	  0.114112	  0.132579	  0.630922	
  0.098359	  0.698283	  0.109796	  0.093562	
  0.073592	  0.278255	  0.109787	  0.538366	
  0.008297	  0.761972	  0.000229	  0.229502	
  0.249839	  0.169155	  0.278889	  0.302117	
  0.028836	  0.513701	  0.133172	  0.324291	
  0.177206	  0.059580	  0.065846	  0.697368	
  0.002608	  0.819463	  0.000486	  0.177443	
  0.266274	  0.141815	  0.111556	  0.480355	

URL http://cisbp.ccbr.utoronto.ca/TFreport.php?versionNumber=2.00&searchTF=T149830_2.00

MOTIF M01302_2.00 (AMIN002123)_(Drosophila_melanogaster)_(DBD_0.91)

letter-probability matrix: alength= 4 w= 10 nsites= 1 E= 0
  0.177457	  0.329879	  0.339926	  0.152738	
  0.401341	  0.125815	  0.306375	  0.166469	
  0.415852	  0.142641	  0.148462	  0.293046	
  0.020216	  0.435500	  0.467077	  0.077207	
  0.093553	  0.698217	  0.088105	  0.120125	
  0.302454	  0.000750	  0.615188	  0.081608	
  0.057821	  0.148021	  0.193902	  0.600255	
  0.295725	  0.110989	  0.502416	  0.090870	
  0.537427	  0.112933	  0.147938	  0.201702	
  0.234556	  0.559864	  0.092545	  0.113035	

URL http://cisbp.ccbr.utoronto.ca/TFreport.php?versionNumber=2.00&searchTF=T312420_2.00

MOTIF M01478_2.00 (AMIN001885)_(Mus_musculus)_(DBD_0.93)

letter-probability matrix: alength= 4 w= 10 nsites= 1 E= 0
  0.259502	  0.251832	  0.278318	  0.210348	
  0.409997	  0.140632	  0.261426	  0.187945	
  0.135358	  0.582846	  0.206010	  0.075787	
  0.163979	  0.772583	  0.035507	  0.027931	
  0.039875	  0.037930	  0.876329	  0.045867	
  0.047517	  0.012821	  0.916990	  0.022671	
  0.910702	  0.016848	  0.052679	  0.019771	
  0.580099	  0.084200	  0.041813	  0.293888	
  0.279024	  0.153131	  0.498347	  0.069498	
  0.147561	  0.282659	  0.122027	  0.447753	

URL http://cisbp.ccbr.utoronto.ca/TFreport.php?versionNumber=2.00&searchTF=T178237_2.00

MOTIF M01664_2.00 (AMIN007318)_(Drosophila_melanogaster)_(DBD_0.82)

letter-probability matrix: alength= 4 w= 8 nsites= 1 E= 0
  0.227052	  0.269126	  0.203401	  0.300420	
  0.364833	  0.112105	  0.244555	  0.278506	
  0.954295	  0.000150	  0.000361	  0.045194	
  0.003226	  0.022006	  0.000879	  0.973889	
  0.180785	  0.422972	  0.060178	  0.336065	
  0.601595	  0.071492	  0.188592	  0.138322	
  0.500975	  0.146431	  0.170129	  0.182465	
  0.400462	  0.148803	  0.221987	  0.228748	

URL http://cisbp.ccbr.utoronto.ca/TFreport.php?versionNumber=2.00&searchTF=T016419_2.00

MOTIF M01674_2.00 (AMIN001932)_(Brachypodium_distachyon)_(DBD_0.61)

letter-probability matrix: alength= 4 w= 9 nsites= 1 E= 0
  0.374501	  0.137771	  0.378264	  0.109464	
  0.226206	  0.276289	  0.249996	  0.247509	
  0.606765	  0.056721	  0.230014	  0.106500	
  0.428552	  0.111098	  0.200420	  0.259930	
  0.475920	  0.046770	  0.205460	  0.271850	
  0.400042	  0.099641	  0.159424	  0.340893	
  0.337415	  0.202616	  0.115736	  0.344232	
  0.546503	  0.072497	  0.224425	  0.156576	
  0.462607	  0.040726	  0.319538	  0.177129	

URL http://cisbp.ccbr.utoronto.ca/TFreport.php?versionNumber=2.00&searchTF=T018143_2.00

MOTIF M01730_2.00 (AMIN011264)_(Mus_musculus)_(DBD_0.79)

letter-probability matrix: alength= 4 w= 10 nsites= 1 E= 0
  0.349915	  0.146774	  0.278558	  0.224752	
  0.357002	  0.417355	  0.173504	  0.052139	
  0.139509	  0.827857	  0.032001	  0.000633	
  0.724593	  0.000000	  0.227645	  0.047763	
  0.064454	  0.126184	  0.294078	  0.515285	
  0.515285	  0.294078	  0.126184	  0.064454	
  0.047763	  0.227645	  0.000000	  0.724593	
  0.000633	  0.032001	  0.827857	  0.139509	
  0.052139	  0.173504	  0.417355	  0.357002	
  0.224752	  0.278558	  0.146774	  0.349915	

URL http://cisbp.ccbr.utoronto.ca/TFreport.php?versionNumber=2.00&searchTF=T052981_2.00

MOTIF M01896_2.00 (AMIN003630)_(Bombyx_mori)_(DBD_0.83)

letter-probability matrix: alength= 4 w= 10 nsites= 1 E= 0
  0.234003	  0.269167	  0.213862	  0.282968	
  0.165030	  0.378465	  0.117463	  0.339042	
  0.161689	  0.623702	  0.107305	  0.107305	
  0.189188	  0.117066	  0.634438	  0.059308	
  0.000295	  0.880381	  0.000177	  0.119147	
  0.110357	  0.107095	  0.694866	  0.087682	
  0.291421	  0.222465	  0.300296	  0.185818	
  0.262292	  0.257099	  0.223511	  0.257099	
  0.235549	  0.255168	  0.200722	  0.308561	
  0.248131	  0.238401	  0.222284	  0.291184	

URL http://cisbp.ccbr.utoronto.ca/TFreport.php?versionNumber=2.00&searchTF=T162724_2.00

MOTIF M01904_2.00 (AMIN002289)_(Bombyx_mori)_(DBD_0.95)

letter-probability matrix: alength= 4 w= 8 nsites= 1 E= 0
  0.323441	  0.204183	  0.227925	  0.244451	
  0.124915	  0.390580	  0.177263	  0.307242	
  0.183240	  0.469092	  0.121608	  0.226060	
  0.416853	  0.062348	  0.421042	  0.099757	
  0.885618	  0.004935	  0.057185	  0.052263	
  0.095238	  0.001659	  0.017398	  0.885704	
  0.230967	  0.597213	  0.047573	  0.124247	
  0.438839	  0.136201	  0.263521	  0.161440	

URL http://cisbp.ccbr.utoronto.ca/TFreport.php?versionNumber=2.00&searchTF=T166718_2.00

MOTIF M01907_2.00 (AMIN000460)_(Bombyx_mori)_(DBD_0.85)

letter-probability matrix: alength= 4 w= 12 nsites= 1 E= 0
  0.199396	  0.199396	  0.199396	  0.401812	
  0.256959	  0.242577	  0.148560	  0.351904	
  0.057166	  0.713712	  0.057166	  0.171955	
  0.139009	  0.024219	  0.812553	  0.024219	
  0.000211	  0.999368	  0.000211	  0.000211	
  0.000211	  0.000211	  0.999368	  0.000211	
  0.131998	  0.088765	  0.094228	  0.685009	
  0.779026	  0.000211	  0.088765	  0.131998	
  0.348070	  0.273603	  0.139597	  0.238730	
  0.383478	  0.190432	  0.324439	  0.101651	
  0.193045	  0.420866	  0.193045	  0.193045	
  0.225991	  0.225991	  0.322026	  0.225991	

URL http://cisbp.ccbr.utoronto.ca/TFreport.php?versionNumber=2.00&searchTF=T168757_2.00

MOTIF M01935_2.00 (AMIN005578)_(Drosophila_melanogaster)_(DBD_1.00)

letter-probability matrix: alength= 4 w= 10 nsites= 1 E= 0
  0.264213	  0.114063	  0.073461	  0.548263	
  0.146979	  0.076730	  0.639248	  0.137043	
  0.091624	  0.122448	  0.030195	  0.755733	
  0.530776	  0.071833	  0.106096	  0.291296	
  0.340580	  0.064758	  0.186914	  0.407748	
  0.130860	  0.648156	  0.077799	  0.143184	
  0.378005	  0.205389	  0.180351	  0.236254	
  0.412383	  0.112387	  0.172768	  0.302461	
  0.281282	  0.131546	  0.159072	  0.428100	
  0.236410	  0.182284	  0.128453	  0.452853	

URL http://cisbp.ccbr.utoronto.ca/TFreport.php?versionNumber=2.00&searchTF=T169617_2.00

MOTIF M02017_2.00 (AMIN000836)_(Neurospora_crassa)_(DBD_0.74)

letter-probability matrix: alength= 4 w= 8 nsites= 1 E= 0
  0.246114	  0.263959	  0.251086	  0.238840	
  0.289615	  0.264688	  0.175661	  0.270036	
  0.101067	  0.108395	  0.696303	  0.094234	
  0.794489	  0.034733	  0.044598	  0.126179	
  0.025614	  0.062373	  0.046671	  0.865343	
  0.449630	  0.160521	  0.097361	  0.292488	
  0.295846	  0.232721	  0.265029	  0.206405	
  0.224078	  0.276441	  0.282025	  0.217456	

URL http://cisbp.ccbr.utoronto.ca/TFreport.php?versionNumber=2.00&searchTF=T197315_2.00

MOTIF M02026_2.00 (AMIN006368)_(Drosophila_melanogaster)_(DBD_0.78)

letter-probability matrix: alength= 4 w= 8 nsites= 1 E= 0
  0.729854	  0.111199	  0.158788	  0.000159	
  0.000118	  0.011877	  0.000118	  0.987888	
  0.235301	  0.023636	  0.740945	  0.000118	
  0.047154	  0.799741	  0.141228	  0.011877	
  0.070673	  0.000118	  0.752705	  0.176505	
  0.000118	  0.000118	  0.999647	  0.000118	
  0.000118	  0.000118	  0.999647	  0.000118	
  0.055699	  0.351776	  0.092709	  0.499815	

URL http://cisbp.ccbr.utoronto.ca/TFreport.php?versionNumber=2.00&searchTF=T198223_2.00

MOTIF M02036_2.00 (AMIN006741)_(Anopheles_gambiae)_(DBD_0.96)

letter-probability matrix: alength= 4 w= 10 nsites= 1 E= 0
  0.261771	  0.225308	  0.232170	  0.280751	
  0.223856	  0.240087	  0.181454	  0.354604	
  0.302711	  0.096813	  0.282246	  0.318231	
  0.801923	  0.050755	  0.112958	  0.034364	
  0.000105	  0.981683	  0.000051	  0.018161	
  0.641522	  0.118373	  0.136162	  0.103943	
  0.273446	  0.233015	  0.156195	  0.337344	
  0.179068	  0.227640	  0.436054	  0.157239	
  0.300476	  0.243561	  0.271882	  0.184080	
  0.249336	  0.249336	  0.244399	  0.256929	

URL http://cisbp.ccbr.utoronto.ca/TFreport.php?versionNumber=2.00&searchTF=T232139_2.00

MOTIF M02063_2.00 (AMIN010193)_(Caenorhabditis_briggsae)_(DBD_1.00)

letter-probability matrix: alength= 4 w= 10 nsites= 1 E= 0
  0.330280	  0.199405	  0.296478	  0.173837	
  0.114209	  0.405276	  0.146145	  0.334369	
  0.062734	  0.137669	  0.012934	  0.786663	
  0.817358	  0.053481	  0.066346	  0.062816	
  0.959931	  0.011930	  0.016005	  0.012134	
  0.012134	  0.016005	  0.011930	  0.959931	
  0.062816	  0.066346	  0.053481	  0.817358	
  0.786663	  0.012934	  0.137669	  0.062734	
  0.334369	  0.146145	  0.405276	  0.114209	
  0.173837	  0.296478	  0.199405	  0.330280	

URL http://cisbp.ccbr.utoronto.ca/TFreport.php?versionNumber=2.00&searchTF=T232160_2.00

MOTIF M02079_2.00 (AMIN001627)_(Danio_rerio)_(DBD_1.00)

letter-probability matrix: alength= 4 w= 11 nsites= 1 E= 0
  0.302242	  0.232586	  0.232586	  0.232586	
  0.307145	  0.161528	  0.286763	  0.244565	
  0.058793	  0.200678	  0.058793	  0.681736	
  0.000022	  0.000022	  0.000022	  0.999933	
  0.999933	  0.000022	  0.000022	  0.000022	
  0.999933	  0.000022	  0.000022	  0.000022	
  0.000022	  0.000022	  0.000022	  0.999933	
  0.000022	  0.000022	  0.000022	  0.999933	
  0.947691	  0.017436	  0.017436	  0.017436	
  0.232706	  0.088495	  0.590304	  0.088495	
  0.256077	  0.191230	  0.259937	  0.292756	

URL http://cisbp.ccbr.utoronto.ca/TFreport.php?versionNumber=2.00&searchTF=T232104_2.00

MOTIF M02113_2.00 (AMIN001739)_(Drosophila_melanogaster)_(DBD_0.95)

letter-probability matrix: alength= 4 w= 10 nsites= 1 E= 0
  0.209338	  0.253142	  0.321807	  0.215713	
  0.269176	  0.231682	  0.207548	  0.291594	
  0.108996	  0.124128	  0.038142	  0.728735	
  0.818862	  0.018319	  0.138091	  0.024728	
  0.925508	  0.028799	  0.000527	  0.045166	
  0.090056	  0.159244	  0.124019	  0.626680	
  0.097497	  0.244649	  0.314135	  0.343719	
  0.322285	  0.084389	  0.452794	  0.140532	
  0.204560	  0.257459	  0.351027	  0.186954	
  0.179474	  0.298877	  0.181278	  0.340370	

URL http://cisbp.ccbr.utoronto.ca/TFreport.php?versionNumber=2.00&searchTF=T232106_2.00

MOTIF M02114_2.00 (AMIN003425)_(Drosophila_melanogaster)_(DBD_0.95)

letter-probability matrix: alength= 4 w= 9 nsites= 1 E= 0
  0.134584	  0.408378	  0.129307	  0.327731	
  0.081007	  0.082644	  0.003760	  0.832588	
  0.917579	  0.035224	  0.037403	  0.009794	
  0.976827	  0.001575	  0.006199	  0.015399	
  0.023296	  0.008071	  0.016916	  0.951717	
  0.078443	  0.045258	  0.284968	  0.591331	
  0.706465	  0.016950	  0.244759	  0.031826	
  0.168184	  0.356045	  0.318957	  0.156814	
  0.118714	  0.360221	  0.248817	  0.272249	

URL http://cisbp.ccbr.utoronto.ca/TFreport.php?versionNumber=2.00&searchTF=T232116_2.00

MOTIF M02116_2.00 (AMIN009631)_(Drosophila_melanogaster)_(DBD_0.96)

letter-probability matrix: alength= 4 w= 10 nsites= 1 E= 0
  0.253051	  0.238314	  0.279665	  0.228970	
  0.242653	  0.302365	  0.260248	  0.194734	
  0.195915	  0.264458	  0.272512	  0.267116	
  0.289959	  0.184886	  0.184886	  0.340270	
  0.356070	  0.158401	  0.280095	  0.205435	
  0.793922	  0.007822	  0.142164	  0.056092	
  0.130027	  0.075773	  0.143702	  0.650499	
  0.108948	  0.192650	  0.185096	  0.513306	
  0.487798	  0.044252	  0.372375	  0.095574	
  0.230097	  0.239487	  0.313720	  0.216697	

URL http://cisbp.ccbr.utoronto.ca/TFreport.php?versionNumber=2.00&searchTF=T232159_2.00

MOTIF M02120_2.00 (AMIN003405)_(Drosophila_melanogaster)_(DBD_0.95)

letter-probability matrix: alength= 4 w= 8 nsites= 1 E= 0
  0.207448	  0.325343	  0.141866	  0.325343	
  0.070500	  0.046787	  0.081909	  0.800803	
  0.823901	  0.041432	  0.064978	  0.069690	
  0.800902	  0.045410	  0.085263	  0.068425	
  0.078337	  0.041722	  0.098595	  0.781347	
  0.084961	  0.693803	  0.089317	  0.131919	
  0.101356	  0.577459	  0.132772	  0.188413	
  0.148880	  0.348326	  0.299807	  0.202987	

URL http://cisbp.ccbr.utoronto.ca/TFreport.php?versionNumber=2.00&searchTF=T232115_2.00

MOTIF M02121_2.00 (AMIN007829)_(Drosophila_melanogaster)_(DBD_0.96)

letter-probability matrix: alength= 4 w= 10 nsites= 1 E= 0
  0.292329	  0.229079	  0.288644	  0.189949	
  0.136427	  0.336877	  0.156525	  0.370171	
  0.034513	  0.118059	  0.009674	  0.837754	
  0.801571	  0.072692	  0.093201	  0.032536	
  0.970781	  0.007894	  0.008025	  0.013300	
  0.013300	  0.008025	  0.007894	  0.970781	
  0.032536	  0.093201	  0.072692	  0.801571	
  0.837754	  0.009674	  0.118059	  0.034513	
  0.370171	  0.156525	  0.336877	  0.136427	
  0.189949	  0.288644	  0.229079	  0.292329	

URL http://cisbp.ccbr.utoronto.ca/TFreport.php?versionNumber=2.00&searchTF=T232149_2.00

MOTIF M02125_2.00 (AMIN003870)_(Drosophila_melanogaster)_(DBD_0.81)

letter-probability matrix: alength= 4 w= 9 nsites= 1 E= 0
  0.263676	  0.236210	  0.288508	  0.211605	
  0.166180	  0.344836	  0.200953	  0.288031	
  0.099773	  0.489263	  0.095861	  0.315103	
  0.603177	  0.129310	  0.092964	  0.174550	
  0.795539	  0.078966	  0.083015	  0.042479	
  0.075531	  0.099937	  0.055955	  0.768577	
  0.259932	  0.281581	  0.100526	  0.357960	
  0.467314	  0.147969	  0.147969	  0.236749	
  0.319988	  0.210247	  0.244272	  0.225492	

URL http://cisbp.ccbr.utoronto.ca/TFreport.php?versionNumber=2.00&searchTF=T232119_2.00

MOTIF M02147_2.00 (AMIN006554)_(Nematostella_vectensis)_(DBD_0.54)

letter-probability matrix: alength= 4 w= 10 nsites= 1 E= 0
  0.278816	  0.247673	  0.255282	  0.218229	
  0.193819	  0.291332	  0.190112	  0.324737	
  0.267659	  0.193115	  0.126695	  0.412532	
  0.419900	  0.162984	  0.208787	  0.208330	
  0.569557	  0.167110	  0.130840	  0.132493	
  0.132493	  0.130840	  0.167110	  0.569557	
  0.208330	  0.208787	  0.162984	  0.419900	
  0.412532	  0.126695	  0.193115	  0.267659	
  0.324737	  0.190112	  0.291332	  0.193819	
  0.218229	  0.255282	  0.247673	  0.278816	

URL http://cisbp.ccbr.utoronto.ca/TFreport.php?versionNumber=2.00&searchTF=T232138_2.00

MOTIF M02180_2.00 (AMIN005093)_(Caenorhabditis_elegans)_(DBD_0.77)

letter-probability matrix: alength= 4 w= 9 nsites= 1 E= 0
  0.141463	  0.262970	  0.153245	  0.442322	
  0.140870	  0.062667	  0.055581	  0.740881	
  0.653699	  0.052596	  0.071711	  0.221993	
  0.923705	  0.035460	  0.039189	  0.001646	
  0.158548	  0.118636	  0.073410	  0.649406	
  0.341859	  0.096005	  0.176690	  0.385445	
  0.185952	  0.067053	  0.623587	  0.123407	
  0.170282	  0.272449	  0.298107	  0.259162	
  0.152968	  0.314262	  0.202396	  0.330374	

URL http://cisbp.ccbr.utoronto.ca/TFreport.php?versionNumber=2.00&searchTF=T232127_2.00

MOTIF M02388_2.00 (AMIN009445)_(Aedes_aegypti)_(DBD_1.00)

letter-probability matrix: alength= 4 w= 7 nsites= 1 E= 0
  0.216235	  0.261482	  0.332409	  0.189875	
  0.458281	  0.091605	  0.427298	  0.022816	
  0.000000	  0.000000	  0.882881	  0.117119	
  0.000000	  0.000000	  0.959301	  0.040699	
  0.000001	  0.000000	  0.010252	  0.989748	
  0.001291	  0.884772	  0.042748	  0.071188	
  0.722899	  0.000287	  0.276793	  0.000020	

URL http://cisbp.ccbr.utoronto.ca/TFreport.php?versionNumber=2.00&searchTF=T307712_2.00

MOTIF M02389_2.00 (AMIN004996)_(Anopheles_gambiae)_(DBD_1.00)

letter-probability matrix: alength= 4 w= 9 nsites= 1 E= 0
  0.204503	  0.287316	  0.270584	  0.237598	
  0.485878	  0.132417	  0.294700	  0.087004	
  0.078903	  0.000537	  0.726489	  0.194071	
  0.317652	  0.029694	  0.441844	  0.210810	
  0.087591	  0.124298	  0.273877	  0.514234	
  0.025269	  0.803982	  0.001803	  0.168946	
  0.686473	  0.000962	  0.255077	  0.057487	
  0.245340	  0.287910	  0.233375	  0.233375	
  0.250274	  0.250274	  0.231032	  0.268421	

URL http://cisbp.ccbr.utoronto.ca/TFreport.php?versionNumber=2.00&searchTF=T307704_2.00

MOTIF M02394_2.00 (AMIN000538)_(Homo_sapiens)_(DBD_0.69)

letter-probability matrix: alength= 4 w= 10 nsites= 1 E= 0
  0.346956	  0.221671	  0.130706	  0.300668	
  0.153582	  0.051885	  0.742649	  0.051885	
  0.906497	  0.093236	  0.000133	  0.000133	
  0.000133	  0.085093	  0.914640	  0.000133	
  0.000133	  0.000133	  0.999600	  0.000133	
  0.000133	  0.000133	  0.000133	  0.999600	
  0.000133	  0.999600	  0.000133	  0.000133	
  0.999600	  0.000133	  0.000133	  0.000133	
  0.433349	  0.119428	  0.327796	  0.119428	
  0.198249	  0.198249	  0.198249	  0.405254	

URL http://cisbp.ccbr.utoronto.ca/TFreport.php?versionNumber=2.00&searchTF=T307696_2.00

MOTIF M02407_2.00 (AMIN010170)_(Drosophila_melanogaster)_(DBD_0.99)

letter-probability matrix: alength= 4 w= 8 nsites= 1 E= 0
  0.682505	  0.000244	  0.317008	  0.000244	
  0.692036	  0.000154	  0.307657	  0.000154	
  0.000143	  0.000143	  0.999572	  0.000143	
  0.000143	  0.000143	  0.999572	  0.000143	
  0.000143	  0.014420	  0.000143	  0.985294	
  0.000143	  0.999572	  0.000143	  0.000143	
  0.861162	  0.000154	  0.138530	  0.000154	
  0.229184	  0.291632	  0.104288	  0.374896	

URL http://cisbp.ccbr.utoronto.ca/TFreport.php?versionNumber=2.00&searchTF=T307713_2.00

MOTIF M02408_2.00 (AMIN005547)_(Drosophila_melanogaster)_(DBD_0.94)

letter-probability matrix: alength= 4 w= 12 nsites= 1 E= 0
  0.200832	  0.200832	  0.200832	  0.397504	
  0.198971	  0.109814	  0.581401	  0.109814	
  0.760318	  0.194141	  0.022771	  0.022771	
  0.106323	  0.329688	  0.541218	  0.022771	
  0.000202	  0.000202	  0.999393	  0.000202	
  0.000202	  0.000202	  0.000202	  0.999393	
  0.000202	  0.999393	  0.000202	  0.000202	
  0.999393	  0.000202	  0.000202	  0.000202	
  0.756390	  0.049370	  0.144869	  0.049370	
  0.226166	  0.140388	  0.230661	  0.402784	
  0.227432	  0.227432	  0.227432	  0.317705	
  0.227432	  0.227432	  0.227432	  0.317705	

URL http://cisbp.ccbr.utoronto.ca/TFreport.php?versionNumber=2.00&searchTF=T307705_2.00

MOTIF M02409_2.00 (AMIN006845)_(Drosophila_pseudoobscura)_(DBD_1.00)

letter-probability matrix: alength= 4 w= 8 nsites= 1 E= 0
  0.399402	  0.000996	  0.598606	  0.000996	
  0.816123	  0.000906	  0.091486	  0.091486	
  0.000906	  0.091486	  0.906703	  0.000906	
  0.997283	  0.000906	  0.000906	  0.000906	
  0.000906	  0.000906	  0.000906	  0.997283	
  0.000906	  0.906703	  0.091486	  0.000906	
  0.997283	  0.000906	  0.000906	  0.000906	
  0.569602	  0.285511	  0.001420	  0.143466	

URL http://cisbp.ccbr.utoronto.ca/TFreport.php?versionNumber=2.00&searchTF=T307708_2.00

MOTIF M02453_2.00 (AMIN000299)_(Apis_mellifera)_(DBD_0.89)

letter-probability matrix: alength= 4 w= 10 nsites= 1 E= 0
  0.064581	  0.002968	  0.923263	  0.009188	
  0.023968	  0.045912	  0.044112	  0.886008	
  0.223272	  0.210269	  0.028174	  0.538285	
  0.256252	  0.036458	  0.521214	  0.186077	
  0.035172	  0.706451	  0.057989	  0.200388	
  0.022564	  0.435435	  0.088796	  0.453205	
  0.725050	  0.058924	  0.103156	  0.112870	
  0.323945	  0.156112	  0.259972	  0.259972	
  0.139259	  0.160186	  0.611759	  0.088796	
  0.167826	  0.260585	  0.362465	  0.209124	

URL http://cisbp.ccbr.utoronto.ca/TFreport.php?versionNumber=2.00&searchTF=T319134_2.00

MOTIF M02488_2.00 (AMIN007346)_(Caenorhabditis_elegans)_(DBD_0.74)

letter-probability matrix: alength= 4 w= 10 nsites= 1 E= 0
  0.249549	  0.326901	  0.168959	  0.254591	
  0.304118	  0.216462	  0.195863	  0.283557	
  0.145122	  0.218672	  0.149542	  0.486664	
  0.140021	  0.189009	  0.079982	  0.590988	
  0.252273	  0.135709	  0.518279	  0.093739	
  0.187414	  0.158115	  0.134736	  0.519735	
  0.221322	  0.262334	  0.202273	  0.314071	
  0.213024	  0.281859	  0.208806	  0.296310	
  0.226419	  0.257852	  0.255286	  0.260443	
  0.219489	  0.262776	  0.257573	  0.260162	

URL http://cisbp.ccbr.utoronto.ca/TFreport.php?versionNumber=2.00&searchTF=T335717_2.00

MOTIF M02529_2.00 (AMIN006574)_(Drosophila_yakuba)_(DBD_0.79)

letter-probability matrix: alength= 4 w= 8 nsites= 1 E= 0
  0.216253	  0.000270	  0.270248	  0.513229	
  0.000192	  0.000192	  0.000192	  0.999424	
  0.000192	  0.019408	  0.000192	  0.980208	
  0.096272	  0.615104	  0.000192	  0.288432	
  0.845696	  0.000192	  0.153920	  0.000192	
  0.999424	  0.000192	  0.000192	  0.000192	
  0.960992	  0.019408	  0.000192	  0.019408	
  0.088425	  0.235311	  0.000294	  0.675969	

URL http://cisbp.ccbr.utoronto.ca/TFreport.php?versionNumber=2.00&searchTF=T346235_2.00

MOTIF M02698_2.00 (AMIN003163)_(Arabidopsis_thaliana)_(DBD_0.89)

letter-probability matrix: alength= 4 w= 11 nsites= 1 E= 0
  0.140000	  0.450000	  0.230000	  0.180000	
  0.160000	  0.270000	  0.550000	  0.020000	
  0.000000	  0.919192	  0.040404	  0.040404	
  0.000000	  0.050000	  0.930000	  0.020000	
  0.040404	  0.939394	  0.000000	  0.020202	
  0.040404	  0.020202	  0.020202	  0.919192	
  0.080808	  0.000000	  0.858586	  0.060606	
  0.960000	  0.000000	  0.020000	  0.020000	
  0.040000	  0.040000	  0.920000	  0.000000	
  0.020000	  0.550000	  0.260000	  0.170000	
  0.151515	  0.323232	  0.242424	  0.282828	

URL http://cisbp.ccbr.utoronto.ca/TFreport.php?versionNumber=2.00&searchTF=T291361_2.00

MOTIF M02712_2.00 (AMIN001887)_(Drosophila_melanogaster)_(DBD_0.75)

letter-probability matrix: alength= 4 w= 12 nsites= 1 E= 0
  0.000000	  0.384615	  0.461538	  0.153846	
  0.000000	  0.000000	  0.923077	  0.076923	
  0.000000	  0.076923	  0.846154	  0.076923	
  0.000000	  0.000000	  0.769231	  0.230769	
  0.076923	  0.076923	  0.230769	  0.615385	
  0.076923	  0.000000	  0.153846	  0.769231	
  0.076923	  0.000000	  0.000000	  0.923077	
  0.000000	  0.000000	  0.000000	  1.000000	
  0.000000	  0.230769	  0.000000	  0.769231	
  0.076923	  0.692308	  0.000000	  0.230769	
  0.076923	  0.692308	  0.076923	  0.153846	
  0.230769	  0.384615	  0.384615	  0.000000	

URL http://cisbp.ccbr.utoronto.ca/TFreport.php?versionNumber=2.00&searchTF=T317918_2.00

MOTIF M02990_2.00 (AMIN011055)_(Homo_sapiens)_(DBD_0.07)

letter-probability matrix: alength= 4 w= 15 nsites= 1 E= 0
  0.097427	  0.657435	  0.171872	  0.073267	
  0.140189	  0.774182	  0.050675	  0.034955	
  0.013728	  0.027455	  0.937346	  0.021471	
  0.044646	  0.040618	  0.900302	  0.014434	
  0.978856	  0.003253	  0.005964	  0.011927	
  0.966694	  0.019339	  0.009132	  0.004835	
  0.104595	  0.399033	  0.495768	  0.000605	
  0.023743	  0.908483	  0.002374	  0.065400	
  0.005612	  0.000374	  0.993640	  0.000374	
  0.000752	  0.000376	  0.998872	  0.000000	
  0.978781	  0.000806	  0.018533	  0.001880	
  0.993769	  0.002709	  0.001626	  0.001897	
  0.102740	  0.017466	  0.878425	  0.001370	
  0.004188	  0.321329	  0.015634	  0.658850	
  0.347770	  0.116354	  0.456690	  0.079186	

URL http://cisbp.ccbr.utoronto.ca/TFreport.php?versionNumber=2.00&searchTF=T178241_2.00

MOTIF M03087_2.00 (AMIN008435)_(Homo_sapiens)_(DBD_0.78)

letter-probability matrix: alength= 4 w= 8 nsites= 1 E= 0
  0.050776	  0.567735	  0.037679	  0.343811	
  0.096070	  0.163832	  0.029930	  0.710167	
  0.886769	  0.040902	  0.036132	  0.036197	
  0.970260	  0.011009	  0.012296	  0.006434	
  0.012245	  0.014168	  0.007333	  0.966254	
  0.055381	  0.046932	  0.060685	  0.837003	
  0.722030	  0.027451	  0.177528	  0.072990	
  0.193501	  0.261956	  0.269545	  0.274998	

URL http://cisbp.ccbr.utoronto.ca/TFreport.php?versionNumber=2.00&searchTF=T232153_2.00

MOTIF M03168_2.00 (AMIN011086)_(Homo_sapiens)_(DBD_0.43)

letter-probability matrix: alength= 4 w= 8 nsites= 1 E= 0
  0.072612	  0.450780	  0.073912	  0.402697	
  0.096614	  0.141577	  0.014371	  0.747439	
  0.795066	  0.130619	  0.028606	  0.045709	
  0.940555	  0.027395	  0.008236	  0.023814	
  0.050778	  0.014703	  0.036416	  0.898102	
  0.063239	  0.039960	  0.242873	  0.653928	
  0.742999	  0.012306	  0.188402	  0.056294	
  0.185954	  0.363723	  0.177579	  0.272745	

URL http://cisbp.ccbr.utoronto.ca/TFreport.php?versionNumber=2.00&searchTF=T232165_2.00

MOTIF M03205_2.00 (AMIN002453)_(Homo_sapiens)_(DBD_0.90)

letter-probability matrix: alength= 4 w= 10 nsites= 1 E= 0
  0.266047	  0.180743	  0.257601	  0.295608	
  0.146238	  0.264582	  0.210482	  0.378698	
  0.079537	  0.006950	  0.000000	  0.913514	
  0.848029	  0.000000	  0.075986	  0.075986	
  0.873063	  0.002214	  0.058303	  0.066421	
  0.034200	  0.084131	  0.072503	  0.809166	
  0.124648	  0.042254	  0.283099	  0.550000	
  0.540959	  0.035424	  0.332103	  0.091513	
  0.191040	  0.218090	  0.452240	  0.138631	
  0.213018	  0.176669	  0.330516	  0.279797	

URL http://cisbp.ccbr.utoronto.ca/TFreport.php?versionNumber=2.00&searchTF=T232111_2.00

MOTIF M03464_2.00 (AMIN005760)_(Homo_sapiens)_(DBD_0.72)

letter-probability matrix: alength= 4 w= 16 nsites= 1 E= 0
  0.346042	  0.180102	  0.101307	  0.372549	
  0.499099	  0.111478	  0.277043	  0.112380	
  0.814229	  0.080237	  0.091700	  0.013834	
  0.010607	  0.967849	  0.013590	  0.007955	
  0.010255	  0.960966	  0.019517	  0.009262	
  0.179980	  0.014593	  0.790323	  0.015105	
  0.013518	  0.947247	  0.019782	  0.019453	
