MEME version 5.5.8 (Fri May 2 15:43:49 2025 -0700)

ALPHABET= ACGT

strands: + -

Background letter frequencies (from uniform background):
A 0.25000 C 0.25000 G 0.25000 T 0.25000 

MOTIF M00129_2.00 (ADAC002711)_(Mus_musculus)_(DBD_0.83)

letter-probability matrix: alength= 4 w= 11 nsites= 1 E= 0
  0.297787	  0.205271	  0.291670	  0.205271	
  0.122468	  0.122468	  0.516476	  0.238588	
  0.853502	  0.048833	  0.048833	  0.048833	
  0.000178	  0.999466	  0.000178	  0.000178	
  0.000178	  0.999466	  0.000178	  0.000178	
  0.000178	  0.999466	  0.000178	  0.000178	
  0.000178	  0.999466	  0.000178	  0.000178	
  0.000178	  0.634038	  0.000178	  0.365605	
  0.044907	  0.678767	  0.044907	  0.231420	
  0.335713	  0.127710	  0.227261	  0.309315	
  0.201346	  0.300897	  0.201346	  0.296412	

URL http://cisbp.ccbr.utoronto.ca/TFreport.php?versionNumber=2.00&searchTF=T080164_2.00

MOTIF M00195_2.00 (ADAC008993)_(Mus_musculus)_(DBD_0.88)

letter-probability matrix: alength= 4 w= 10 nsites= 1 E= 0
  0.279067	  0.181426	  0.181426	  0.358081	
  0.289551	  0.189085	  0.212315	  0.309049	
  0.000105	  0.000105	  0.000105	  0.999685	
  0.000105	  0.000105	  0.999685	  0.000105	
  0.000105	  0.999685	  0.000105	  0.000105	
  0.000105	  0.000105	  0.000105	  0.999685	
  0.000105	  0.000105	  0.999685	  0.000105	
  0.999685	  0.000105	  0.000105	  0.000105	
  0.068679	  0.613130	  0.162332	  0.155859	
  0.241038	  0.147190	  0.147190	  0.464583	

URL http://cisbp.ccbr.utoronto.ca/TFreport.php?versionNumber=2.00&searchTF=T326366_2.00

MOTIF M00203_2.00 (ADAC001559)_(Mus_musculus)_(DBD_0.90)

letter-probability matrix: alength= 4 w= 8 nsites= 1 E= 0
  0.711397	  0.062629	  0.074981	  0.150993	
  0.013623	  0.102692	  0.036662	  0.847024	
  0.035706	  0.005341	  0.000489	  0.958464	
  0.163603	  0.110768	  0.676843	  0.048786	
  0.083974	  0.035892	  0.034141	  0.845992	
  0.117419	  0.271985	  0.139177	  0.471419	
  0.223078	  0.342928	  0.166921	  0.267073	
  0.215726	  0.282593	  0.176621	  0.325060	

URL http://cisbp.ccbr.utoronto.ca/TFreport.php?versionNumber=2.00&searchTF=T326354_2.00

MOTIF M00399_2.00 (ADAC004901)_(Mus_musculus)_(DBD_0.82)

letter-probability matrix: alength= 4 w= 8 nsites= 1 E= 0
  0.145807	  0.166050	  0.102749	  0.585395	
  0.047416	  0.026548	  0.887984	  0.038052	
  0.795904	  0.000436	  0.143952	  0.059709	
  0.041428	  0.910466	  0.001396	  0.046710	
  0.672067	  0.019113	  0.247239	  0.061581	
  0.160336	  0.171961	  0.418748	  0.248954	
  0.200186	  0.289816	  0.301643	  0.208355	
  0.204146	  0.262129	  0.190345	  0.343380	

URL http://cisbp.ccbr.utoronto.ca/TFreport.php?versionNumber=2.00&searchTF=T204227_2.00

MOTIF M00458_2.00 (ADAC004453)_(Mus_musculus)_(DBD_0.98)

letter-probability matrix: alength= 4 w= 7 nsites= 1 E= 0
  0.207112	  0.268610	  0.252968	  0.271310	
  0.229210	  0.070431	  0.130927	  0.569432	
  0.521448	  0.073450	  0.236656	  0.168445	
  0.627941	  0.108034	  0.128053	  0.135972	
  0.172464	  0.088251	  0.270478	  0.468806	
  0.209059	  0.140136	  0.302661	  0.348144	
  0.255000	  0.139947	  0.428917	  0.176137	

URL http://cisbp.ccbr.utoronto.ca/TFreport.php?versionNumber=2.00&searchTF=T204225_2.00

MOTIF M00497_2.00 (ADAC007060)_(Mus_musculus)_(DBD_0.82)

letter-probability matrix: alength= 4 w= 9 nsites= 1 E= 0
  0.245645	  0.217868	  0.155072	  0.381415	
  0.155646	  0.286456	  0.182652	  0.375247	
  0.590071	  0.027667	  0.267800	  0.114462	
  0.898778	  0.013079	  0.023360	  0.064783	
  0.070908	  0.007549	  0.728793	  0.192749	
  0.205889	  0.053375	  0.175447	  0.565289	
  0.315679	  0.022081	  0.558205	  0.104035	
  0.130473	  0.305262	  0.324138	  0.240127	
  0.222604	  0.274622	  0.222604	  0.280170	

URL http://cisbp.ccbr.utoronto.ca/TFreport.php?versionNumber=2.00&searchTF=T204234_2.00

MOTIF M00554_2.00 (ADAC008864)_(Drosophila_melanogaster)_(DBD_0.98)

letter-probability matrix: alength= 4 w= 10 nsites= 1 E= 0
  0.251496	  0.177226	  0.199822	  0.371455	
  0.148997	  0.073254	  0.136173	  0.641576	
  0.122081	  0.052704	  0.056525	  0.768690	
  0.381649	  0.037883	  0.070422	  0.510046	
  0.882245	  0.000299	  0.060489	  0.056967	
  0.048121	  0.268735	  0.096905	  0.586239	
  0.165526	  0.087281	  0.407129	  0.340063	
  0.403411	  0.084771	  0.354234	  0.157584	
  0.125944	  0.405791	  0.231791	  0.236474	
  0.189990	  0.335953	  0.201738	  0.272318	

URL http://cisbp.ccbr.utoronto.ca/TFreport.php?versionNumber=2.00&searchTF=T204242_2.00

MOTIF M00555_2.00 (ADAC007489)_(Drosophila_melanogaster)_(DBD_1.00)

letter-probability matrix: alength= 4 w= 8 nsites= 1 E= 0
  0.102338	  0.069985	  0.032730	  0.794948	
  0.792313	  0.045831	  0.074066	  0.087791	
  0.951444	  0.000214	  0.021285	  0.027058	
  0.034616	  0.020995	  0.051640	  0.892749	
  0.077589	  0.068130	  0.095720	  0.758561	
  0.350452	  0.037684	  0.507361	  0.104504	
  0.214873	  0.273157	  0.327028	  0.184943	
  0.211851	  0.274755	  0.209743	  0.303652	

URL http://cisbp.ccbr.utoronto.ca/TFreport.php?versionNumber=2.00&searchTF=T204236_2.00

MOTIF M00557_2.00 (ADAC000511)_(Drosophila_melanogaster)_(DBD_1.00)

letter-probability matrix: alength= 4 w= 9 nsites= 1 E= 0
  0.243483	  0.258539	  0.306448	  0.191530	
  0.206850	  0.317982	  0.181634	  0.293534	
  0.110856	  0.033389	  0.011684	  0.844070	
  0.894610	  0.051233	  0.053860	  0.000297	
  0.947543	  0.000984	  0.023427	  0.028047	
  0.139344	  0.033346	  0.087090	  0.740219	
  0.192569	  0.124022	  0.232864	  0.450544	
  0.357775	  0.064709	  0.468673	  0.108843	
  0.187431	  0.305947	  0.291025	  0.215597	

URL http://cisbp.ccbr.utoronto.ca/TFreport.php?versionNumber=2.00&searchTF=T204205_2.00

MOTIF M00558_2.00 (ADAC000706)_(Drosophila_melanogaster)_(DBD_1.00)

letter-probability matrix: alength= 4 w= 9 nsites= 1 E= 0
  0.217791	  0.178312	  0.203067	  0.400830	
  0.182540	  0.115234	  0.102204	  0.600023	
  0.599068	  0.030126	  0.087827	  0.282979	
  0.818970	  0.020864	  0.080483	  0.079682	
  0.075605	  0.178667	  0.083557	  0.662171	
  0.132125	  0.112590	  0.370091	  0.385195	
  0.393154	  0.095986	  0.355740	  0.155120	
  0.161580	  0.381840	  0.236276	  0.220303	
  0.218514	  0.319529	  0.197719	  0.264238	

URL http://cisbp.ccbr.utoronto.ca/TFreport.php?versionNumber=2.00&searchTF=T204206_2.00

MOTIF M00560_2.00 (ADAC003526)_(Drosophila_melanogaster)_(DBD_0.96)

letter-probability matrix: alength= 4 w= 10 nsites= 1 E= 0
  0.198275	  0.249549	  0.172372	  0.379804	
  0.180440	  0.112776	  0.153761	  0.553023	
  0.712109	  0.040376	  0.163732	  0.083783	
  0.905830	  0.000221	  0.015782	  0.078167	
  0.063059	  0.018248	  0.723482	  0.195210	
  0.139726	  0.022639	  0.131589	  0.706046	
  0.351172	  0.028255	  0.567520	  0.053052	
  0.107001	  0.318251	  0.341327	  0.233420	
  0.193858	  0.292109	  0.210004	  0.304030	
  0.203231	  0.271604	  0.203231	  0.321933	

URL http://cisbp.ccbr.utoronto.ca/TFreport.php?versionNumber=2.00&searchTF=T204220_2.00

MOTIF M00563_2.00 (ADAC000140)_(Drosophila_melanogaster)_(DBD_0.96)

letter-probability matrix: alength= 4 w= 9 nsites= 1 E= 0
  0.304796	  0.208438	  0.219125	  0.267640	
  0.204503	  0.208634	  0.183200	  0.403663	
  0.192685	  0.087449	  0.498226	  0.221640	
  0.950847	  0.044583	  0.000055	  0.004515	
  0.142274	  0.292292	  0.142274	  0.423161	
  0.521793	  0.307130	  0.042405	  0.128672	
  0.156958	  0.510801	  0.109506	  0.222734	
  0.200454	  0.358018	  0.208634	  0.232894	
  0.249520	  0.257119	  0.206343	  0.287017	

URL http://cisbp.ccbr.utoronto.ca/TFreport.php?versionNumber=2.00&searchTF=T204204_2.00

MOTIF M00823_2.00 (ADAC008404)_(Mus_musculus)_(DBD_0.54)

letter-probability matrix: alength= 4 w= 10 nsites= 1 E= 0
  0.059337	  0.000621	  0.928182	  0.011861	
  0.018760	  0.033505	  0.039319	  0.908416	
  0.149151	  0.185853	  0.022759	  0.642237	
  0.267523	  0.020475	  0.560711	  0.151291	
  0.048693	  0.717326	  0.051704	  0.182278	
  0.060788	  0.307168	  0.088890	  0.543155	
  0.623033	  0.036401	  0.279947	  0.060619	
  0.227931	  0.165512	  0.292669	  0.313889	
  0.107270	  0.169924	  0.611157	  0.111648	
  0.120378	  0.281643	  0.340577	  0.257402	

URL http://cisbp.ccbr.utoronto.ca/TFreport.php?versionNumber=2.00&searchTF=T318005_2.00

MOTIF M01013_2.00 (ADAC006994)_(Drosophila_melanogaster)_(DBD_0.86)

letter-probability matrix: alength= 4 w= 10 nsites= 1 E= 0
  0.284331	  0.208542	  0.217052	  0.290075	
  0.282899	  0.199355	  0.271806	  0.245940	
  0.262076	  0.126297	  0.394901	  0.216726	
  0.543238	  0.172009	  0.107506	  0.177247	
  0.247908	  0.519600	  0.003644	  0.228848	
  0.333431	  0.073658	  0.454609	  0.138302	
  0.243370	  0.520392	  0.110452	  0.125786	
  0.271118	  0.240460	  0.209046	  0.279375	
  0.335408	  0.205480	  0.220379	  0.238733	
  0.303345	  0.209531	  0.218082	  0.269043	

URL http://cisbp.ccbr.utoronto.ca/TFreport.php?versionNumber=2.00&searchTF=T184529_2.00

MOTIF M01044_2.00 (ADAC002093)_(Drosophila_melanogaster)_(DBD_0.89)

letter-probability matrix: alength= 4 w= 10 nsites= 1 E= 0
  0.014692	  0.197808	  0.110753	  0.676747	
  0.218945	  0.477622	  0.163828	  0.139605	
  0.086541	  0.074486	  0.117992	  0.720982	
  0.056885	  0.781354	  0.029995	  0.131766	
  0.090451	  0.224710	  0.055413	  0.629427	
  0.091422	  0.536725	  0.149229	  0.222624	
  0.098937	  0.116103	  0.226893	  0.558067	
  0.063931	  0.332890	  0.086298	  0.516880	
  0.072483	  0.119504	  0.085059	  0.722955	
  0.108404	  0.703357	  0.068434	  0.119805	

URL http://cisbp.ccbr.utoronto.ca/TFreport.php?versionNumber=2.00&searchTF=T080155_2.00

MOTIF M01302_2.00 (ADAC004542)_(Drosophila_melanogaster)_(DBD_0.84)

letter-probability matrix: alength= 4 w= 10 nsites= 1 E= 0
  0.177457	  0.329879	  0.339926	  0.152738	
  0.401341	  0.125815	  0.306375	  0.166469	
  0.415852	  0.142641	  0.148462	  0.293046	
  0.020216	  0.435500	  0.467077	  0.077207	
  0.093553	  0.698217	  0.088105	  0.120125	
  0.302454	  0.000750	  0.615188	  0.081608	
  0.057821	  0.148021	  0.193902	  0.600255	
  0.295725	  0.110989	  0.502416	  0.090870	
  0.537427	  0.112933	  0.147938	  0.201702	
  0.234556	  0.559864	  0.092545	  0.113035	

URL http://cisbp.ccbr.utoronto.ca/TFreport.php?versionNumber=2.00&searchTF=T311421_2.00

MOTIF M01674_2.00 (ADAC010245)_(Brachypodium_distachyon)_(DBD_0.61)

letter-probability matrix: alength= 4 w= 9 nsites= 1 E= 0
  0.374501	  0.137771	  0.378264	  0.109464	
  0.226206	  0.276289	  0.249996	  0.247509	
  0.606765	  0.056721	  0.230014	  0.106500	
  0.428552	  0.111098	  0.200420	  0.259930	
  0.475920	  0.046770	  0.205460	  0.271850	
  0.400042	  0.099641	  0.159424	  0.340893	
  0.337415	  0.202616	  0.115736	  0.344232	
  0.546503	  0.072497	  0.224425	  0.156576	
  0.462607	  0.040726	  0.319538	  0.177129	

URL http://cisbp.ccbr.utoronto.ca/TFreport.php?versionNumber=2.00&searchTF=T017211_2.00

MOTIF M01685_2.00 (ADAC001616)_(Pongo_abelii)_(DBD_0.47)

letter-probability matrix: alength= 4 w= 8 nsites= 1 E= 0
  0.295752	  0.289896	  0.225771	  0.188580	
  0.256034	  0.248467	  0.263831	  0.231669	
  0.369207	  0.139960	  0.273515	  0.217317	
  0.334398	  0.133264	  0.250218	  0.282120	
  0.408108	  0.081576	  0.176185	  0.334131	
  0.716329	  0.002147	  0.001706	  0.279818	
  0.604747	  0.000300	  0.139047	  0.255906	
  0.270214	  0.135533	  0.076647	  0.517606	

URL http://cisbp.ccbr.utoronto.ca/TFreport.php?versionNumber=2.00&searchTF=T017210_2.00

MOTIF M01896_2.00 (ADAC007293)_(Bombyx_mori)_(DBD_0.83)

letter-probability matrix: alength= 4 w= 10 nsites= 1 E= 0
  0.234003	  0.269167	  0.213862	  0.282968	
  0.165030	  0.378465	  0.117463	  0.339042	
  0.161689	  0.623702	  0.107305	  0.107305	
  0.189188	  0.117066	  0.634438	  0.059308	
  0.000295	  0.880381	  0.000177	  0.119147	
  0.110357	  0.107095	  0.694866	  0.087682	
  0.291421	  0.222465	  0.300296	  0.185818	
  0.262292	  0.257099	  0.223511	  0.257099	
  0.235549	  0.255168	  0.200722	  0.308561	
  0.248131	  0.238401	  0.222284	  0.291184	

URL http://cisbp.ccbr.utoronto.ca/TFreport.php?versionNumber=2.00&searchTF=T161050_2.00

MOTIF M01907_2.00 (ADAC009986)_(Bombyx_mori)_(DBD_0.85)

letter-probability matrix: alength= 4 w= 12 nsites= 1 E= 0
  0.199396	  0.199396	  0.199396	  0.401812	
  0.256959	  0.242577	  0.148560	  0.351904	
  0.057166	  0.713712	  0.057166	  0.171955	
  0.139009	  0.024219	  0.812553	  0.024219	
  0.000211	  0.999368	  0.000211	  0.000211	
  0.000211	  0.000211	  0.999368	  0.000211	
  0.131998	  0.088765	  0.094228	  0.685009	
  0.779026	  0.000211	  0.088765	  0.131998	
  0.348070	  0.273603	  0.139597	  0.238730	
  0.383478	  0.190432	  0.324439	  0.101651	
  0.193045	  0.420866	  0.193045	  0.193045	
  0.225991	  0.225991	  0.322026	  0.225991	

URL http://cisbp.ccbr.utoronto.ca/TFreport.php?versionNumber=2.00&searchTF=T167733_2.00

MOTIF M01988_2.00 (ADAC001422)_(Strongylocentrotus_purpuratus)_(DBD_0.73)

letter-probability matrix: alength= 4 w= 10 nsites= 1 E= 0
  0.321884	  0.201178	  0.236085	  0.240854	
  0.216367	  0.234387	  0.239122	  0.310124	
  0.297171	  0.182055	  0.409243	  0.111532	
  0.279854	  0.144643	  0.132194	  0.443309	
  0.472247	  0.313407	  0.069235	  0.145111	
  0.572460	  0.196359	  0.062174	  0.169007	
  0.751021	  0.048981	  0.135834	  0.064163	
  0.037542	  0.655546	  0.026722	  0.280190	
  0.680835	  0.057015	  0.121915	  0.140235	
  0.359328	  0.213628	  0.193298	  0.233746	

URL http://cisbp.ccbr.utoronto.ca/TFreport.php?versionNumber=2.00&searchTF=T184522_2.00

MOTIF M02026_2.00 (ADAC002327)_(Drosophila_melanogaster)_(DBD_0.76)

letter-probability matrix: alength= 4 w= 8 nsites= 1 E= 0
  0.729854	  0.111199	  0.158788	  0.000159	
  0.000118	  0.011877	  0.000118	  0.987888	
  0.235301	  0.023636	  0.740945	  0.000118	
  0.047154	  0.799741	  0.141228	  0.011877	
  0.070673	  0.000118	  0.752705	  0.176505	
  0.000118	  0.000118	  0.999647	  0.000118	
  0.000118	  0.000118	  0.999647	  0.000118	
  0.055699	  0.351776	  0.092709	  0.499815	

URL http://cisbp.ccbr.utoronto.ca/TFreport.php?versionNumber=2.00&searchTF=T197947_2.00

MOTIF M02036_2.00 (ADAC004105)_(Anopheles_gambiae)_(DBD_0.94)

letter-probability matrix: alength= 4 w= 10 nsites= 1 E= 0
  0.261771	  0.225308	  0.232170	  0.280751	
  0.223856	  0.240087	  0.181454	  0.354604	
  0.302711	  0.096813	  0.282246	  0.318231	
  0.801923	  0.050755	  0.112958	  0.034364	
  0.000105	  0.981683	  0.000051	  0.018161	
  0.641522	  0.118373	  0.136162	  0.103943	
  0.273446	  0.233015	  0.156195	  0.337344	
  0.179068	  0.227640	  0.436054	  0.157239	
  0.300476	  0.243561	  0.271882	  0.184080	
  0.249336	  0.249336	  0.244399	  0.256929	

URL http://cisbp.ccbr.utoronto.ca/TFreport.php?versionNumber=2.00&searchTF=T204223_2.00

MOTIF M02095_2.00 (ADAC002857)_(Homo_sapiens)_(DBD_0.98)

letter-probability matrix: alength= 4 w= 8 nsites= 1 E= 0
  0.179193	  0.301407	  0.162140	  0.357260	
  0.074235	  0.030485	  0.008822	  0.886458	
  0.851715	  0.047811	  0.054996	  0.045479	
  0.990749	  0.001748	  0.005096	  0.002407	
  0.014720	  0.015321	  0.026822	  0.943137	
  0.097912	  0.049604	  0.084273	  0.768211	
  0.416004	  0.048458	  0.424408	  0.111129	
  0.301403	  0.186503	  0.379346	  0.132748	

URL http://cisbp.ccbr.utoronto.ca/TFreport.php?versionNumber=2.00&searchTF=T204215_2.00

MOTIF M02114_2.00 (ADAC003437)_(Drosophila_melanogaster)_(DBD_0.95)

letter-probability matrix: alength= 4 w= 9 nsites= 1 E= 0
  0.134584	  0.408378	  0.129307	  0.327731	
  0.081007	  0.082644	  0.003760	  0.832588	
  0.917579	  0.035224	  0.037403	  0.009794	
  0.976827	  0.001575	  0.006199	  0.015399	
  0.023296	  0.008071	  0.016916	  0.951717	
  0.078443	  0.045258	  0.284968	  0.591331	
  0.706465	  0.016950	  0.244759	  0.031826	
  0.168184	  0.356045	  0.318957	  0.156814	
  0.118714	  0.360221	  0.248817	  0.272249	

URL http://cisbp.ccbr.utoronto.ca/TFreport.php?versionNumber=2.00&searchTF=T204219_2.00

MOTIF M02116_2.00 (ADAC007596)_(Drosophila_melanogaster)_(DBD_0.96)

letter-probability matrix: alength= 4 w= 10 nsites= 1 E= 0
  0.253051	  0.238314	  0.279665	  0.228970	
  0.242653	  0.302365	  0.260248	  0.194734	
  0.195915	  0.264458	  0.272512	  0.267116	
  0.289959	  0.184886	  0.184886	  0.340270	
  0.356070	  0.158401	  0.280095	  0.205435	
  0.793922	  0.007822	  0.142164	  0.056092	
  0.130027	  0.075773	  0.143702	  0.650499	
  0.108948	  0.192650	  0.185096	  0.513306	
  0.487798	  0.044252	  0.372375	  0.095574	
  0.230097	  0.239487	  0.313720	  0.216697	

URL http://cisbp.ccbr.utoronto.ca/TFreport.php?versionNumber=2.00&searchTF=T204237_2.00

MOTIF M02121_2.00 (ADAC005269)_(Drosophila_melanogaster)_(DBD_0.96)

letter-probability matrix: alength= 4 w= 10 nsites= 1 E= 0
  0.292329	  0.229079	  0.288644	  0.189949	
  0.136427	  0.336877	  0.156525	  0.370171	
  0.034513	  0.118059	  0.009674	  0.837754	
  0.801571	  0.072692	  0.093201	  0.032536	
  0.970781	  0.007894	  0.008025	  0.013300	
  0.013300	  0.008025	  0.007894	  0.970781	
  0.032536	  0.093201	  0.072692	  0.801571	
  0.837754	  0.009674	  0.118059	  0.034513	
  0.370171	  0.156525	  0.336877	  0.136427	
  0.189949	  0.288644	  0.229079	  0.292329	

URL http://cisbp.ccbr.utoronto.ca/TFreport.php?versionNumber=2.00&searchTF=T204229_2.00

MOTIF M02125_2.00 (ADAC003085)_(Drosophila_melanogaster)_(DBD_0.81)

letter-probability matrix: alength= 4 w= 9 nsites= 1 E= 0
  0.263676	  0.236210	  0.288508	  0.211605	
  0.166180	  0.344836	  0.200953	  0.288031	
  0.099773	  0.489263	  0.095861	  0.315103	
  0.603177	  0.129310	  0.092964	  0.174550	
  0.795539	  0.078966	  0.083015	  0.042479	
  0.075531	  0.099937	  0.055955	  0.768577	
  0.259932	  0.281581	  0.100526	  0.357960	
  0.467314	  0.147969	  0.147969	  0.236749	
  0.319988	  0.210247	  0.244272	  0.225492	

URL http://cisbp.ccbr.utoronto.ca/TFreport.php?versionNumber=2.00&searchTF=T204216_2.00

MOTIF M02388_2.00 (ADAC010413)_(Aedes_aegypti)_(DBD_1.00)

letter-probability matrix: alength= 4 w= 7 nsites= 1 E= 0
  0.216235	  0.261482	  0.332409	  0.189875	
  0.458281	  0.091605	  0.427298	  0.022816	
  0.000000	  0.000000	  0.882881	  0.117119	
  0.000000	  0.000000	  0.959301	  0.040699	
  0.000001	  0.000000	  0.010252	  0.989748	
  0.001291	  0.884772	  0.042748	  0.071188	
  0.722899	  0.000287	  0.276793	  0.000020	

URL http://cisbp.ccbr.utoronto.ca/TFreport.php?versionNumber=2.00&searchTF=T301283_2.00

MOTIF M02407_2.00 (ADAC008377)_(Drosophila_melanogaster)_(DBD_0.99)

letter-probability matrix: alength= 4 w= 8 nsites= 1 E= 0
  0.682505	  0.000244	  0.317008	  0.000244	
  0.692036	  0.000154	  0.307657	  0.000154	
  0.000143	  0.000143	  0.999572	  0.000143	
  0.000143	  0.000143	  0.999572	  0.000143	
  0.000143	  0.014420	  0.000143	  0.985294	
  0.000143	  0.999572	  0.000143	  0.000143	
  0.861162	  0.000154	  0.138530	  0.000154	
  0.229184	  0.291632	  0.104288	  0.374896	

URL http://cisbp.ccbr.utoronto.ca/TFreport.php?versionNumber=2.00&searchTF=T301278_2.00

MOTIF M02408_2.00 (ADAC006907)_(Drosophila_melanogaster)_(DBD_0.94)

letter-probability matrix: alength= 4 w= 12 nsites= 1 E= 0
  0.200832	  0.200832	  0.200832	  0.397504	
  0.198971	  0.109814	  0.581401	  0.109814	
  0.760318	  0.194141	  0.022771	  0.022771	
  0.106323	  0.329688	  0.541218	  0.022771	
  0.000202	  0.000202	  0.999393	  0.000202	
  0.000202	  0.000202	  0.000202	  0.999393	
  0.000202	  0.999393	  0.000202	  0.000202	
  0.999393	  0.000202	  0.000202	  0.000202	
  0.756390	  0.049370	  0.144869	  0.049370	
  0.226166	  0.140388	  0.230661	  0.402784	
  0.227432	  0.227432	  0.227432	  0.317705	
  0.227432	  0.227432	  0.227432	  0.317705	

URL http://cisbp.ccbr.utoronto.ca/TFreport.php?versionNumber=2.00&searchTF=T301275_2.00

MOTIF M02409_2.00 (ADAC006988)_(Drosophila_pseudoobscura)_(DBD_0.96)

letter-probability matrix: alength= 4 w= 8 nsites= 1 E= 0
  0.399402	  0.000996	  0.598606	  0.000996	
  0.816123	  0.000906	  0.091486	  0.091486	
  0.000906	  0.091486	  0.906703	  0.000906	
  0.997283	  0.000906	  0.000906	  0.000906	
  0.000906	  0.000906	  0.000906	  0.997283	
  0.000906	  0.906703	  0.091486	  0.000906	
  0.997283	  0.000906	  0.000906	  0.000906	
  0.569602	  0.285511	  0.001420	  0.143466	

URL http://cisbp.ccbr.utoronto.ca/TFreport.php?versionNumber=2.00&searchTF=T301276_2.00

MOTIF M02453_2.00 (ADAC010162)_(Apis_mellifera)_(DBD_0.86)

letter-probability matrix: alength= 4 w= 10 nsites= 1 E= 0
  0.064581	  0.002968	  0.923263	  0.009188	
  0.023968	  0.045912	  0.044112	  0.886008	
  0.223272	  0.210269	  0.028174	  0.538285	
  0.256252	  0.036458	  0.521214	  0.186077	
  0.035172	  0.706451	  0.057989	  0.200388	
  0.022564	  0.435435	  0.088796	  0.453205	
  0.725050	  0.058924	  0.103156	  0.112870	
  0.323945	  0.156112	  0.259972	  0.259972	
  0.139259	  0.160186	  0.611759	  0.088796	
  0.167826	  0.260585	  0.362465	  0.209124	

URL http://cisbp.ccbr.utoronto.ca/TFreport.php?versionNumber=2.00&searchTF=T318006_2.00

MOTIF M02490_2.00 (ADAC003252)_(Neurospora_crassa)_(DBD_0.38)

letter-probability matrix: alength= 4 w= 10 nsites= 1 E= 0
  0.329130	  0.229626	  0.220622	  0.220622	
  0.346994	  0.223477	  0.251969	  0.177560	
  0.448098	  0.134965	  0.110500	  0.306437	
  0.335755	  0.153912	  0.139266	  0.371067	
  0.248453	  0.220358	  0.178619	  0.352571	
  0.233539	  0.293933	  0.209213	  0.263315	
  0.195880	  0.356917	  0.275201	  0.172001	
  0.140053	  0.396240	  0.262965	  0.200742	
  0.596865	  0.017317	  0.262878	  0.122939	
  0.143083	  0.219956	  0.147441	  0.489520	

URL http://cisbp.ccbr.utoronto.ca/TFreport.php?versionNumber=2.00&searchTF=T326355_2.00

MOTIF M02527_2.00 (ADAC006038)_(Gallus_gallus)_(DBD_0.80)

letter-probability matrix: alength= 4 w= 9 nsites= 1 E= 0
  0.349676	  0.158972	  0.248680	  0.242672	
  0.685347	  0.000206	  0.210663	  0.103784	
  0.000206	  0.000206	  0.000206	  0.999383	
  0.000206	  0.000206	  0.000206	  0.999383	
  0.000206	  0.561674	  0.000206	  0.437915	
  0.787598	  0.000206	  0.211990	  0.000206	
  0.999383	  0.000206	  0.000206	  0.000206	
  0.999383	  0.000206	  0.000206	  0.000206	
  0.285406	  0.211983	  0.091233	  0.411378	

URL http://cisbp.ccbr.utoronto.ca/TFreport.php?versionNumber=2.00&searchTF=T345160_2.00

MOTIF M02698_2.00 (ADAC004580)_(Arabidopsis_thaliana)_(DBD_0.89)

letter-probability matrix: alength= 4 w= 11 nsites= 1 E= 0
  0.140000	  0.450000	  0.230000	  0.180000	
  0.160000	  0.270000	  0.550000	  0.020000	
  0.000000	  0.919192	  0.040404	  0.040404	
  0.000000	  0.050000	  0.930000	  0.020000	
  0.040404	  0.939394	  0.000000	  0.020202	
  0.040404	  0.020202	  0.020202	  0.919192	
  0.080808	  0.000000	  0.858586	  0.060606	
  0.960000	  0.000000	  0.020000	  0.020000	
  0.040000	  0.040000	  0.920000	  0.000000	
  0.020000	  0.550000	  0.260000	  0.170000	
  0.151515	  0.323232	  0.242424	  0.282828	

URL http://cisbp.ccbr.utoronto.ca/TFreport.php?versionNumber=2.00&searchTF=T266031_2.00

MOTIF M02712_2.00 (ADAC001392)_(Drosophila_melanogaster)_(DBD_0.72)

letter-probability matrix: alength= 4 w= 12 nsites= 1 E= 0
  0.000000	  0.384615	  0.461538	  0.153846	
  0.000000	  0.000000	  0.923077	  0.076923	
  0.000000	  0.076923	  0.846154	  0.076923	
  0.000000	  0.000000	  0.769231	  0.230769	
  0.076923	  0.076923	  0.230769	  0.615385	
  0.076923	  0.000000	  0.153846	  0.769231	
  0.076923	  0.000000	  0.000000	  0.923077	
  0.000000	  0.000000	  0.000000	  1.000000	
  0.000000	  0.230769	  0.000000	  0.769231	
  0.076923	  0.692308	  0.000000	  0.230769	
  0.076923	  0.692308	  0.076923	  0.153846	
  0.230769	  0.384615	  0.384615	  0.000000	

URL http://cisbp.ccbr.utoronto.ca/TFreport.php?versionNumber=2.00&searchTF=T316970_2.00

MOTIF M03087_2.00 (ADAC007202)_(Homo_sapiens)_(DBD_0.63)

letter-probability matrix: alength= 4 w= 8 nsites= 1 E= 0
  0.050776	  0.567735	  0.037679	  0.343811	
  0.096070	  0.163832	  0.029930	  0.710167	
  0.886769	  0.040902	  0.036132	  0.036197	
  0.970260	  0.011009	  0.012296	  0.006434	
  0.012245	  0.014168	  0.007333	  0.966254	
  0.055381	  0.046932	  0.060685	  0.837003	
  0.722030	  0.027451	  0.177528	  0.072990	
  0.193501	  0.261956	  0.269545	  0.274998	

URL http://cisbp.ccbr.utoronto.ca/TFreport.php?versionNumber=2.00&searchTF=T204235_2.00

MOTIF M03168_2.00 (ADAC003417)_(Homo_sapiens)_(DBD_0.46)

letter-probability matrix: alength= 4 w= 8 nsites= 1 E= 0
  0.072612	  0.450780	  0.073912	  0.402697	
  0.096614	  0.141577	  0.014371	  0.747439	
  0.795066	  0.130619	  0.028606	  0.045709	
  0.940555	  0.027395	  0.008236	  0.023814	
  0.050778	  0.014703	  0.036416	  0.898102	
  0.063239	  0.039960	  0.242873	  0.653928	
  0.742999	  0.012306	  0.188402	  0.056294	
  0.185954	  0.363723	  0.177579	  0.272745	

URL http://cisbp.ccbr.utoronto.ca/TFreport.php?versionNumber=2.00&searchTF=T204218_2.00

MOTIF M03187_2.00 (ADAC008104)_(Homo_sapiens)_(DBD_0.23)

letter-probability matrix: alength= 4 w= 10 nsites= 1 E= 0
  0.204127	  0.184967	  0.428150	  0.182756	
  0.215917	  0.351756	  0.109801	  0.322525	
  0.043559	  0.000000	  0.007920	  0.948521	
  0.979788	  0.000000	  0.012753	  0.007459	
  0.996086	  0.001712	  0.002202	  0.000000	
  0.000000	  0.000000	  0.003670	  0.996330	
  0.000000	  0.003670	  0.000000	  0.996330	
  0.449727	  0.009033	  0.518184	  0.023057	
  0.305822	  0.189634	  0.412921	  0.091624	
  0.196709	  0.393173	  0.113212	  0.296906	

URL http://cisbp.ccbr.utoronto.ca/TFreport.php?versionNumber=2.00&searchTF=T204240_2.00

MOTIF M03593_2.00 (ADAC004782)_(Drosophila_melanogaster)_(DBD_0.98)

letter-probability matrix: alength= 4 w= 9 nsites= 1 E= 0
  0.484644	  0.240634	  0.234318	  0.040403	
  0.000199	  0.999801	  0.000000	  0.000000	
  0.996036	  0.000595	  0.003369	  0.000000	
  0.002589	  0.813334	  0.149527	  0.034550	
  0.008701	  0.583733	  0.398964	  0.008603	
  0.000000	  0.010645	  0.007715	  0.981641	
  0.000000	  0.000000	  1.000000	  0.000000	
  0.049923	  0.701857	  0.096704	  0.151515	
  0.425770	  0.164979	  0.243594	  0.165657	

URL http://cisbp.ccbr.utoronto.ca/TFreport.php?versionNumber=2.00&searchTF=T030353_2.00

MOTIF M03594_2.00 (ADAC007300)_(Drosophila_melanogaster)_(DBD_0.91)

letter-probability matrix: alength= 4 w= 12 nsites= 1 E= 0
  0.113122	  0.425339	  0.072398	  0.389140	
  0.000000	  0.106007	  0.780919	  0.113074	
  0.131818	  0.436364	  0.390909	  0.040909	
  0.000000	  0.965066	  0.034934	  0.000000	
  1.000000	  0.000000	  0.000000	  0.000000	
  0.046809	  0.940426	  0.012766	  0.000000	
  0.166038	  0.000000	  0.833962	  0.000000	
  0.000000	  0.783688	  0.021277	  0.195035	
  0.018797	  0.000000	  0.830827	  0.150376	
  0.444934	  0.493392	  0.000000	  0.061674	
  0.197832	  0.598916	  0.130081	  0.073171	
  0.618834	  0.143498	  0.000000	  0.237668	

URL http://cisbp.ccbr.utoronto.ca/TFreport.php?versionNumber=2.00&searchTF=T030362_2.00

MOTIF M03600_2.00 (ADAC002492)_(Drosophila_melanogaster)_(DBD_0.92)

letter-probability matrix: alength= 4 w= 14 nsites= 1 E= 0
  0.339925	  0.095104	  0.385122	  0.179849	
  0.116732	  0.334630	  0.242542	  0.306096	
  0.741097	  0.017324	  0.240616	  0.000962	
  0.969773	  0.002519	  0.018892	  0.008816	
  0.000000	  0.998703	  0.001297	  0.000000	
  1.000000	  0.000000	  0.000000	  0.000000	
  0.080000	  0.064444	  0.855556	  0.000000	
  0.001092	  0.840611	  0.061135	  0.097162	
  0.000000	  0.001297	  0.000000	  0.998703	
  0.000000	  0.000000	  1.000000	  0.000000	
  0.003783	  0.025221	  0.000000	  0.970996	
  0.000000	  0.241843	  0.019194	  0.738964	
  0.306892	  0.241873	  0.331599	  0.119636	
  0.191882	  0.363469	  0.097786	  0.346863	

URL http://cisbp.ccbr.utoronto.ca/TFreport.php?versionNumber=2.00&searchTF=T030347_2.00

MOTIF M03609_2.00 (ADAC006978)_(Drosophila_melanogaster)_(DBD_0.94)

letter-probability matrix: alength= 4 w= 16 nsites= 1 E= 0
  0.226283	  0.051322	  0.480560	  0.241835	
  0.150078	  0.066096	  0.604199	  0.179627	
  0.346444	  0.181034	  0.314655	  0.157866	
  0.052814	  0.893676	  0.023628	  0.029882	
  0.208877	  0.088773	  0.631201	  0.071149	
  0.000000	  1.000000	  0.000000	  0.000000	
  0.995356	  0.003870	  0.000774	  0.000000	
  0.000680	  0.098639	  0.874830	  0.025850	
  0.056641	  0.837240	  0.106120	  0.000000	
  0.000000	  0.000000	  0.000000	  1.000000	
  0.000000	  0.000776	  0.998447	  0.000776	
  0.090675	  0.655949	  0.082315	  0.171061	
  0.020408	  0.017593	  0.904996	  0.057002	
  0.152569	  0.319104	  0.189460	  0.338867	
  0.185848	  0.559876	  0.097201	  0.157076	
  0.216174	  0.518663	  0.082426	  0.182737	

URL http://cisbp.ccbr.utoronto.ca/TFreport.php?versionNumber=2.00&searchTF=T030361_2.00

MOTIF M03616_2.00 (ADAC002255)_(Drosophila_melanogaster)_(DBD_0.93)

letter-probability matrix: alength= 4 w= 10 nsites= 1 E= 0
  0.180045	  0.200588	  0.465855	  0.153511	
  0.350167	  0.219352	  0.313883	  0.116599	
  0.000639	  0.999361	  0.000000	  0.000000	
  0.956887	  0.000000	  0.043113	  0.000000	
  0.000000	  1.000000	  0.000000	  0.000000	
  0.000319	  0.000160	  0.999521	  0.000000	
  0.000000	  0.041501	  0.000000	  0.958499	
  0.000080	  0.000000	  0.999681	  0.000240	
  0.116192	  0.312866	  0.216608	  0.354333	
  0.154279	  0.463801	  0.202779	  0.179140	

URL http://cisbp.ccbr.utoronto.ca/TFreport.php?versionNumber=2.00&searchTF=T030346_2.00

MOTIF M03618_2.00 (ADAC006720)_(Drosophila_melanogaster)_(DBD_0.96)

letter-probability matrix: alength= 4 w= 10 nsites= 1 E= 0
  0.777778	  0.000000	  0.212121	  0.010101	
  0.373913	  0.478261	  0.147826	  0.000000	
  0.000000	  1.000000	  0.000000	  0.000000	
  0.970297	  0.019802	  0.009901	  0.000000	
  0.039216	  0.000000	  0.000000	  0.960784	
  0.980000	  0.000000	  0.010000	  0.010000	
  0.000000	  0.020000	  0.000000	  0.980000	
  0.029703	  0.000000	  0.970297	  0.000000	
  0.000000	  0.117117	  0.459459	  0.423423	
  0.000000	  0.408163	  0.000000	  0.591837	

URL http://cisbp.ccbr.utoronto.ca/TFreport.php?versionNumber=2.00&searchTF=T030359_2.00

MOTIF M03619_2.00 (ADAC006780)_(Drosophila_melanogaster)_(DBD_0.93)

letter-probability matrix: alength= 4 w= 12 nsites= 1 E= 0
  0.209293	  0.275493	  0.107319	  0.407895	
  0.079542	  0.096405	  0.774101	  0.049952	
  0.188213	  0.125033	  0.645872	  0.040881	
  0.006478	  0.985020	  0.005263	  0.003239	
  0.800856	  0.008229	  0.186307	  0.004608	
  0.000000	  0.994685	  0.000000	  0.005315	
  0.004493	  0.001634	  0.993873	  0.000000	
  0.003918	  0.198498	  0.003265	  0.794319	
  0.004060	  0.001218	  0.987820	  0.006902	
  0.039668	  0.652104	  0.132940	  0.175288	
  0.059633	  0.744037	  0.112844	  0.083486	
  0.424168	  0.104809	  0.269215	  0.201808	

URL http://cisbp.ccbr.utoronto.ca/TFreport.php?versionNumber=2.00&searchTF=T030360_2.00

MOTIF M03620_2.00 (ADAC008497)_(Drosophila_melanogaster)_(DBD_0.96)

letter-probability matrix: alength= 4 w= 10 nsites= 1 E= 0
  0.281348	  0.142633	  0.492947	  0.083072	
  0.363636	  0.074451	  0.180251	  0.381661	
  0.000000	  1.000000	  0.000000	  0.000000	
  0.895512	  0.056802	  0.000000	  0.047686	
  0.036355	  0.251494	  0.635956	  0.076195	
  0.033258	  0.719842	  0.210259	  0.036640	
  0.046625	  0.000000	  0.064718	  0.888657	
  0.019201	  0.000000	  0.980799	  0.000000	
  0.363352	  0.223962	  0.122161	  0.290525	
  0.061864	  0.578700	  0.125294	  0.234143	

URL http://cisbp.ccbr.utoronto.ca/TFreport.php?versionNumber=2.00&searchTF=T030368_2.00

MOTIF M03626_2.00 (ADAC008255)_(Drosophila_melanogaster)_(DBD_0.80)

letter-probability matrix: alength= 4 w= 10 nsites= 1 E= 0
  0.552301	  0.056346	  0.388563	  0.002789	
  0.183278	  0.067545	  0.010708	  0.738468	
  0.002176	  0.975252	  0.021485	  0.001088	
  0.904414	  0.002018	  0.085498	  0.008071	
  0.000000	  0.858305	  0.119914	  0.021781	
  0.021338	  0.116998	  0.859746	  0.001918	
  0.006331	  0.085085	  0.000506	  0.908078	
  0.001083	  0.018955	  0.971026	  0.008936	
  0.767551	  0.003639	  0.044949	  0.183861	
  0.000837	  0.422755	  0.050195	  0.526213	

URL http://cisbp.ccbr.utoronto.ca/TFreport.php?versionNumber=2.00&searchTF=T030366_2.00

MOTIF M03631_2.00 (ADAC000276)_(Drosophila_melanogaster)_(DBD_0.56)

letter-probability matrix: alength= 4 w= 18 nsites= 1 E= 0
  0.336301	  0.021233	  0.039726	  0.602740	
  0.363319	  0.041144	  0.054393	  0.541144	
  0.125079	  0.003771	  0.824010	  0.047140	
  0.006203	  0.017990	  0.908189	  0.067618	
  0.740953	  0.179207	  0.079839	  0.000000	
  0.000000	  0.000000	  0.000639	  0.999361	
  0.000000	  0.000000	  0.994835	  0.005165	
  0.998696	  0.001304	  0.000000	  0.000000	
  0.000000	  0.998742	  0.000000	  0.001258	
  0.003129	  0.000000	  0.996245	  0.000626	
  0.000000	  0.000648	  0.000000	  0.999352	
  0.000649	  0.998053	  0.000649	  0.000649	
  0.999355	  0.000000	  0.000000	  0.000645	
  0.000000	  0.076174	  0.199313	  0.724513	
  0.060136	  0.920025	  0.015499	  0.004340	
  0.047229	  0.830605	  0.002519	  0.119647	
  0.544189	  0.050800	  0.059151	  0.345859	
  0.591186	  0.037966	  0.014237	  0.356610	

URL http://cisbp.ccbr.utoronto.ca/TFreport.php?versionNumber=2.00&searchTF=T056640_2.00

MOTIF M03632_2.00 (ADAC001048)_(Drosophila_melanogaster)_(DBD_0.67)

letter-probability matrix: alength= 4 w= 12 nsites= 1 E= 0
  0.233167	  0.445162	  0.102593	  0.219078	
  0.134529	  0.101260	  0.737705	  0.026505	
  0.005015	  0.007153	  0.000000	  0.987832	
  0.094774	  0.891301	  0.000000	  0.013925	
  0.979682	  0.000000	  0.012761	  0.007556	
  0.003347	  0.000000	  0.934743	  0.061909	
  0.000000	  1.000000	  0.000000	  0.000000	
  0.749035	  0.004510	  0.203301	  0.043154	
  0.280312	  0.255716	  0.203770	  0.260202	
  0.374784	  0.075043	  0.093971	  0.456202	
  0.348339	  0.086967	  0.047537	  0.517157	
  0.214246	  0.202283	  0.074498	  0.508973	

URL http://cisbp.ccbr.utoronto.ca/TFreport.php?versionNumber=2.00&searchTF=T056641_2.00

MOTIF M03636_2.00 (ADAC001590)_(Drosophila_melanogaster)_(DBD_0.75)

letter-probability matrix: alength= 4 w= 12 nsites= 1 E= 0
  0.188908	  0.167244	  0.468804	  0.175043	
  0.713167	  0.051957	  0.216370	  0.018505	
  0.000000	  0.018248	  0.029197	  0.952555	
  0.036633	  0.013250	  0.880748	  0.069369	
  0.968102	  0.000797	  0.022329	  0.008772	
  0.000000	  0.955008	  0.013582	  0.031409	
  0.018379	  0.031746	  0.948204	  0.001671	
  0.000000	  0.011254	  0.023312	  0.965434	
  0.068059	  0.876257	  0.053364	  0.002320	
  0.976900	  0.000000	  0.023100	  0.000000	
  0.000000	  0.233232	  0.038110	  0.728659	
  0.155399	  0.510975	  0.149254	  0.184372	

URL http://cisbp.ccbr.utoronto.ca/TFreport.php?versionNumber=2.00&searchTF=T056643_2.00

MOTIF M03639_2.00 (ADAC003935)_(Drosophila_melanogaster)_(DBD_0.81)

letter-probability matrix: alength= 4 w= 13 nsites= 1 E= 0
  0.079477	  0.152370	  0.108475	  0.659678	
  0.050252	  0.025932	  0.861984	  0.061833	
  0.495514	  0.184257	  0.285146	  0.035083	
  0.022912	  0.048268	  0.014225	  0.914594	
  0.003074	  0.027987	  0.923248	  0.045691	
  0.993234	  0.002694	  0.002381	  0.001692	
  0.002831	  0.981939	  0.002944	  0.012286	
  0.001572	  0.000582	  0.995167	  0.002678	
  0.001106	  0.005940	  0.007046	  0.985907	
  0.013060	  0.028888	  0.945047	  0.013005	
  0.025363	  0.003145	  0.831034	  0.140459	
  0.074532	  0.878044	  0.011333	  0.036092	
  0.646670	  0.118195	  0.163020	  0.072115	

URL http://cisbp.ccbr.utoronto.ca/TFreport.php?versionNumber=2.00&searchTF=T056644_2.00

MOTIF M03645_2.00 (ADAC004162)_(Drosophila_melanogaster)_(DBD_0.86)

letter-probability matrix: alength= 4 w= 10 nsites= 1 E= 0
  0.334155	  0.142851	  0.444673	  0.078321	
  0.035720	  0.014595	  0.013937	  0.935748	
  0.008330	  0.021638	  0.103820	  0.866213	
  0.763350	  0.005013	  0.211674	  0.019963	
  0.003576	  0.781792	  0.019483	  0.195150	
  0.191987	  0.013925	  0.788953	  0.005135	
  0.018817	  0.205586	  0.006047	  0.769550	
  0.866873	  0.102018	  0.023484	  0.007625	
  0.931811	  0.017758	  0.011474	  0.038957	
  0.077535	  0.431822	  0.147847	  0.342796	

URL http://cisbp.ccbr.utoronto.ca/TFreport.php?versionNumber=2.00&searchTF=T056646_2.00

MOTIF M03649_2.00 (ADAC004626)_(Drosophila_melanogaster)_(DBD_0.80)

letter-probability matrix: alength= 4 w= 10 nsites= 1 E= 0
  0.384668	  0.006531	  0.561361	  0.047439	
  0.001588	  0.123253	  0.000953	  0.874206	
  0.065251	  0.034252	  0.471314	  0.429183	
  0.895250	  0.016591	  0.032531	  0.055628	
  0.004306	  0.987442	  0.004665	  0.003588	
  0.023683	  0.001767	  0.972782	  0.001767	
  0.035094	  0.005792	  0.021465	  0.937649	
  0.337906	  0.580836	  0.030604	  0.050654	
  0.862696	  0.013166	  0.110345	  0.013793	
  0.052793	  0.086863	  0.015654	  0.844690	

URL http://cisbp.ccbr.utoronto.ca/TFreport.php?versionNumber=2.00&searchTF=T056647_2.00

MOTIF M03659_2.00 (ADAC001181)_(Drosophila_melanogaster)_(DBD_0.94)

letter-probability matrix: alength= 4 w= 10 nsites= 1 E= 0
  0.407181	  0.103479	  0.463921	  0.025418	
  0.000425	  0.002255	  0.003759	  0.993561	
  0.000851	  0.001308	  0.924431	  0.073410	
  0.992005	  0.003981	  0.002252	  0.001762	
  0.002259	  0.995057	  0.000655	  0.002029	
  0.001963	  0.000818	  0.994732	  0.002487	
  0.001437	  0.002220	  0.003820	  0.992523	
  0.073870	  0.924488	  0.001004	  0.000639	
  0.993984	  0.003956	  0.001635	  0.000425	
  0.023466	  0.457261	  0.103429	  0.415843	

URL http://cisbp.ccbr.utoronto.ca/TFreport.php?versionNumber=2.00&searchTF=T056642_2.00

MOTIF M03667_2.00 (ADAC003639)_(Drosophila_melanogaster)_(DBD_0.95)

letter-probability matrix: alength= 4 w= 14 nsites= 1 E= 0
  0.170807	  0.060041	  0.139752	  0.629400	
  0.009729	  0.000000	  0.989247	  0.001024	
  0.001033	  0.997934	  0.001033	  0.000000	
  0.000000	  0.001550	  0.000000	  0.998450	
  0.998966	  0.001034	  0.000000	  0.000000	
  0.001542	  0.992806	  0.002569	  0.003083	
  0.000000	  0.982206	  0.000000	  0.017794	
  0.011765	  0.000000	  0.988235	  0.000000	
  0.000000	  0.000000	  0.998966	  0.001034	
  0.002576	  0.000000	  0.002061	  0.995363	
  0.998966	  0.000000	  0.001034	  0.000000	
  0.000000	  0.000000	  1.000000	  0.000000	
  0.000000	  0.992806	  0.000000	  0.007194	
  0.634386	  0.147074	  0.060073	  0.158467	

URL http://cisbp.ccbr.utoronto.ca/TFreport.php?versionNumber=2.00&searchTF=T080182_2.00

MOTIF M03669_2.00 (ADAC004491)_(Drosophila_melanogaster)_(DBD_0.94)

letter-probability matrix: alength= 4 w= 9 nsites= 1 E= 0
  0.242964	  0.079121	  0.391011	  0.286904	
  0.180265	  0.151143	  0.187726	  0.480866	
  0.583358	  0.252847	  0.047883	  0.115912	
  0.007426	  0.989109	  0.000000	  0.003465	
  0.134062	  0.809235	  0.017416	  0.039287	
  0.000000	  0.000000	  1.000000	  0.000000	
  0.000000	  0.067192	  0.006951	  0.925857	
  0.034004	  0.005268	  0.003831	  0.956897	
  0.894760	  0.014778	  0.064487	  0.025974	

URL http://cisbp.ccbr.utoronto.ca/TFreport.php?versionNumber=2.00&searchTF=T080198_2.00

MOTIF M03671_2.00 (ADAC004790)_(Drosophila_melanogaster)_(DBD_0.96)

letter-probability matrix: alength= 4 w= 18 nsites= 1 E= 0
  0.676096	  0.035361	  0.206506	  0.082037	
  0.142655	  0.107345	  0.060734	  0.689266	
  0.001393	  0.001393	  0.011142	  0.986072	
  0.991597	  0.001401	  0.007003	  0.000000	
  0.000000	  1.000000	  0.000000	  0.000000	
  0.000000	  1.000000	  0.000000	  0.000000	
  0.972527	  0.000000	  0.027473	  0.000000	
  0.000000	  0.000000	  0.000000	  1.000000	
  1.000000	  0.000000	  0.000000	  0.000000	
  0.000000	  0.898305	  0.011299	  0.090395	
  0.997183	  0.000000	  0.000000	  0.002817	
  0.998590	  0.000000	  0.000000	  0.001410	
  0.000000	  0.000000	  1.000000	  0.000000	
  0.000000	  0.000000	  0.000000	  1.000000	
  0.000000	  0.000000	  0.998590	  0.001410	
  0.001401	  0.991597	  0.000000	  0.007003	
  0.708193	  0.017957	  0.086420	  0.187430	
  0.300847	  0.313559	  0.271186	  0.114407	

URL http://cisbp.ccbr.utoronto.ca/TFreport.php?versionNumber=2.00&searchTF=T080206_2.00

