MEME version 5.5.8 (Fri May 2 15:43:49 2025 -0700)

ALPHABET= ACGT

strands: + -

Background letter frequencies (from uniform background):
A 0.25000 C 0.25000 G 0.25000 T 0.25000 

MOTIF M00045_2.00 (fgenesh1_pm.00866_

letter-probability matrix: alength= 4 w= 8 nsites= 1 E= 0
  0.222345	  0.001106	  0.775442	  0.001106	
  0.001106	  0.001106	  0.001106	  0.996681	
  0.996681	  0.001106	  0.001106	  0.001106	
  0.996681	  0.001106	  0.001106	  0.001106	
  0.996681	  0.001106	  0.001106	  0.001106	
  0.001106	  0.886062	  0.001106	  0.111726	
  0.996681	  0.001106	  0.001106	  0.001106	
  0.597222	  0.200397	  0.001984	  0.200397	

URL http://cisbp.ccbr.utoronto.ca/TFreport.php?versionNumber=2.00&searchTF=T189790_2.00

MOTIF M00051_2.00 (fgenesh1_pg.00866_

letter-probability matrix: alength= 4 w= 8 nsites= 1 E= 0
  0.270248	  0.432235	  0.000270	  0.297246	
  0.000196	  0.000196	  0.999412	  0.000196	
  0.999424	  0.000192	  0.000192	  0.000192	
  0.000192	  0.000192	  0.000192	  0.999424	
  0.980208	  0.000192	  0.019408	  0.000192	
  0.940635	  0.000196	  0.000196	  0.058973	
  0.022934	  0.113760	  0.840372	  0.022934	
  0.344697	  0.241391	  0.241391	  0.172521	

URL http://cisbp.ccbr.utoronto.ca/TFreport.php?versionNumber=2.00&searchTF=T197075_2.00

MOTIF M00061_2.00 (fgenesh1_pg.00083_

letter-probability matrix: alength= 4 w= 8 nsites= 1 E= 0
  0.726984	  0.045578	  0.075863	  0.151575	
  0.056906	  0.193208	  0.068264	  0.681622	
  0.064288	  0.064288	  0.871332	  0.000092	
  0.000090	  0.000090	  0.999730	  0.000090	
  0.000090	  0.972713	  0.027107	  0.000090	
  0.000090	  0.963707	  0.009096	  0.027107	
  0.586810	  0.119622	  0.293459	  0.000109	
  0.142918	  0.057253	  0.742576	  0.057253	

URL http://cisbp.ccbr.utoronto.ca/TFreport.php?versionNumber=2.00&searchTF=T243556_2.00

MOTIF M00066_2.00 (fgenesh1_pg.00162_

letter-probability matrix: alength= 4 w= 10 nsites= 1 E= 0
  0.228304	  0.228304	  0.228304	  0.315088	
  0.119950	  0.353086	  0.407015	  0.119950	
  0.000130	  0.000130	  0.999610	  0.000130	
  0.000130	  0.000130	  0.000130	  0.999610	
  0.000130	  0.000130	  0.000130	  0.999610	
  0.086914	  0.000130	  0.912826	  0.000130	
  0.000130	  0.999610	  0.000130	  0.000130	
  0.000130	  0.437251	  0.000130	  0.562489	
  0.934522	  0.021826	  0.021826	  0.021826	
  0.130180	  0.304898	  0.261306	  0.303616	

URL http://cisbp.ccbr.utoronto.ca/TFreport.php?versionNumber=2.00&searchTF=T319096_2.00

MOTIF M00070_2.00 (fgenesh1_pm.00609_

letter-probability matrix: alength= 4 w= 11 nsites= 1 E= 0
  0.268573	  0.272224	  0.178881	  0.280322	
  0.509793	  0.098806	  0.292595	  0.098806	
  0.848016	  0.050661	  0.050661	  0.050661	
  0.999893	  0.000036	  0.000036	  0.000036	
  0.000036	  0.903786	  0.000036	  0.096142	
  0.903786	  0.000036	  0.000036	  0.096142	
  0.999893	  0.000036	  0.000036	  0.000036	
  0.000036	  0.000036	  0.000036	  0.999893	
  0.591260	  0.071155	  0.071155	  0.266431	
  0.345743	  0.151230	  0.257625	  0.245401	
  0.199374	  0.199374	  0.199374	  0.401877	

URL http://cisbp.ccbr.utoronto.ca/TFreport.php?versionNumber=2.00&searchTF=T335230_2.00

MOTIF M01005_2.00 (e_gw1.00168.36.1)_(Aspergillus_nidulans)_(DBD_0.97)

letter-probability matrix: alength= 4 w= 10 nsites= 1 E= 0
  0.377868	  0.197264	  0.183928	  0.240939	
  0.310417	  0.218747	  0.154148	  0.316688	
  0.073377	  0.717384	  0.079488	  0.129750	
  0.181592	  0.255127	  0.534729	  0.028553	
  0.036492	  0.941148	  0.003118	  0.019242	
  0.995650	  0.000751	  0.002468	  0.001131	
  0.044767	  0.926560	  0.002057	  0.026615	
  0.668003	  0.087733	  0.085995	  0.158269	
  0.487233	  0.182864	  0.216750	  0.113153	
  0.406046	  0.157035	  0.101136	  0.335783	

URL http://cisbp.ccbr.utoronto.ca/TFreport.php?versionNumber=2.00&searchTF=T189779_2.00

MOTIF M01110_2.00 (fgenesh1_pm.00815_

letter-probability matrix: alength= 4 w= 8 nsites= 1 E= 0
  0.076330	  0.923501	  0.000085	  0.000085	
  0.806984	  0.000071	  0.142888	  0.050057	
  0.000067	  0.906492	  0.000067	  0.093375	
  0.113370	  0.000067	  0.886497	  0.000067	
  0.046721	  0.120035	  0.000067	  0.833178	
  0.000068	  0.000068	  0.979252	  0.020611	
  0.067288	  0.058888	  0.781334	  0.092490	
  0.162544	  0.487381	  0.175037	  0.175037	

URL http://cisbp.ccbr.utoronto.ca/TFreport.php?versionNumber=2.00&searchTF=T052106_2.00

MOTIF M01111_2.00 (fgenesh1_pg.00152_

letter-probability matrix: alength= 4 w= 10 nsites= 1 E= 0
  0.410715	  0.214412	  0.289426	  0.085447	
  0.136650	  0.139410	  0.123646	  0.600294	
  0.144500	  0.823268	  0.015230	  0.017001	
  0.850586	  0.024190	  0.034672	  0.090552	
  0.015970	  0.652425	  0.202491	  0.129114	
  0.215779	  0.133520	  0.610485	  0.040216	
  0.069297	  0.491961	  0.015308	  0.423434	
  0.068891	  0.479398	  0.358716	  0.092994	
  0.755784	  0.060810	  0.088037	  0.095369	
  0.083513	  0.417800	  0.146204	  0.352483	

URL http://cisbp.ccbr.utoronto.ca/TFreport.php?versionNumber=2.00&searchTF=T052100_2.00

MOTIF M01112_2.00 (e_gw1.00083.362.1)_(Aspergillus_nidulans)_(DBD_0.94)

letter-probability matrix: alength= 4 w= 10 nsites= 1 E= 0
  0.122112	  0.224738	  0.209544	  0.443606	
  0.018496	  0.970245	  0.005461	  0.005798	
  0.745660	  0.085993	  0.077036	  0.091311	
  0.007546	  0.773578	  0.056319	  0.162557	
  0.141821	  0.067665	  0.784125	  0.006389	
  0.016308	  0.011724	  0.045226	  0.926741	
  0.001098	  0.003467	  0.985529	  0.009906	
  0.829137	  0.075218	  0.044718	  0.050927	
  0.020220	  0.576333	  0.043237	  0.360210	
  0.211790	  0.401656	  0.147761	  0.238793	

URL http://cisbp.ccbr.utoronto.ca/TFreport.php?versionNumber=2.00&searchTF=T052072_2.00

MOTIF M01137_2.00 (e_gw1.00771.352.1)_(Aspergillus_nidulans)_(DBD_0.83)

letter-probability matrix: alength= 4 w= 10 nsites= 1 E= 0
  0.082192	  0.159024	  0.560627	  0.198156	
  0.399052	  0.492301	  0.065306	  0.043341	
  0.000135	  0.000379	  0.036950	  0.962536	
  0.006288	  0.063346	  0.323312	  0.607054	
  0.936896	  0.000420	  0.054739	  0.007945	
  0.032096	  0.543875	  0.256908	  0.167121	
  0.203011	  0.121907	  0.293906	  0.381176	
  0.429329	  0.154814	  0.042616	  0.373241	
  0.724723	  0.092369	  0.090540	  0.092369	
  0.385035	  0.115970	  0.205067	  0.293928	

URL http://cisbp.ccbr.utoronto.ca/TFreport.php?versionNumber=2.00&searchTF=T073256_2.00

MOTIF M01147_2.00 (fgenesh1_pg.00866_

letter-probability matrix: alength= 4 w= 10 nsites= 1 E= 0
  0.256344	  0.201648	  0.261523	  0.280485	
  0.466416	  0.147685	  0.263770	  0.122129	
  0.056276	  0.045162	  0.000477	  0.898085	
  0.076513	  0.037995	  0.643848	  0.241643	
  0.796372	  0.031502	  0.085633	  0.086493	
  0.072044	  0.711432	  0.042832	  0.173691	
  0.178754	  0.047276	  0.689532	  0.084438	
  0.163925	  0.196254	  0.078997	  0.560825	
  0.373050	  0.284779	  0.165954	  0.176216	
  0.318316	  0.178225	  0.258022	  0.245438	

URL http://cisbp.ccbr.utoronto.ca/TFreport.php?versionNumber=2.00&searchTF=T073326_2.00

MOTIF M01179_2.00 (fgenesh1_pg.00083_

letter-probability matrix: alength= 4 w= 10 nsites= 1 E= 0
  0.189259	  0.147395	  0.479679	  0.183666	
  0.363992	  0.251422	  0.232091	  0.152495	
  0.098752	  0.153332	  0.100747	  0.647169	
  0.150498	  0.000229	  0.848908	  0.000366	
  0.002184	  0.983339	  0.000167	  0.014310	
  0.002598	  0.986913	  0.010325	  0.000164	
  0.036529	  0.037642	  0.056155	  0.869674	
  0.142295	  0.097310	  0.427477	  0.332919	
  0.712421	  0.080533	  0.181031	  0.026015	
  0.192284	  0.272864	  0.214643	  0.320209	

URL http://cisbp.ccbr.utoronto.ca/TFreport.php?versionNumber=2.00&searchTF=T146220_2.00

MOTIF M01186_2.00 (e_gw1.00609.29.1)_(Schizosaccharomyces_pombe)_(DBD_0.77)

letter-probability matrix: alength= 4 w= 10 nsites= 1 E= 0
  0.256395	  0.163485	  0.193779	  0.386341	
  0.391732	  0.188779	  0.204502	  0.214987	
  0.022499	  0.937723	  0.013111	  0.026668	
  0.007099	  0.880037	  0.004015	  0.108849	
  0.000048	  0.996330	  0.002545	  0.001077	
  0.006410	  0.990227	  0.000453	  0.002909	
  0.208754	  0.040494	  0.529089	  0.221663	
  0.056743	  0.896529	  0.002093	  0.044636	
  0.382669	  0.216409	  0.131259	  0.269663	
  0.165510	  0.379566	  0.141038	  0.313886	

URL http://cisbp.ccbr.utoronto.ca/TFreport.php?versionNumber=2.00&searchTF=T146110_2.00

MOTIF M01192_2.00 (e_gw1.00609.163.1)_(Neurospora_crassa)_(DBD_0.85)

letter-probability matrix: alength= 4 w= 8 nsites= 1 E= 0
  0.238098	  0.442125	  0.231298	  0.088479	
  0.005803	  0.971099	  0.005803	  0.017295	
  0.000055	  0.933916	  0.000055	  0.065975	
  0.000055	  0.988849	  0.000055	  0.011042	
  0.005548	  0.884476	  0.000055	  0.109921	
  0.022150	  0.016626	  0.011103	  0.950122	
  0.246270	  0.000075	  0.447702	  0.305953	
  0.547243	  0.042193	  0.147412	  0.263152	

URL http://cisbp.ccbr.utoronto.ca/TFreport.php?versionNumber=2.00&searchTF=T146109_2.00

MOTIF M01193_2.00 (fgenesh1_pg.00866_

letter-probability matrix: alength= 4 w= 10 nsites= 1 E= 0
  0.171974	  0.307153	  0.259134	  0.261738	
  0.176120	  0.141339	  0.539781	  0.142760	
  0.201468	  0.325587	  0.241201	  0.231743	
  0.242179	  0.354135	  0.186733	  0.216953	
  0.187486	  0.174811	  0.494579	  0.143123	
  0.781029	  0.071565	  0.138464	  0.008941	
  0.008899	  0.010236	  0.050195	  0.930671	
  0.046751	  0.849653	  0.086906	  0.016690	
  0.257316	  0.290123	  0.290123	  0.162439	
  0.191340	  0.312327	  0.250648	  0.245685	

URL http://cisbp.ccbr.utoronto.ca/TFreport.php?versionNumber=2.00&searchTF=T146225_2.00

MOTIF M01198_2.00 (e_gw1.00669.1.1)_(Neurospora_crassa)_(DBD_0.94)

letter-probability matrix: alength= 4 w= 8 nsites= 1 E= 0
  0.008032	  0.985829	  0.000534	  0.005604	
  0.000361	  0.758996	  0.000317	  0.240326	
  0.065429	  0.872155	  0.039290	  0.023126	
  0.000001	  0.999660	  0.000134	  0.000205	
  0.499172	  0.000032	  0.489288	  0.011507	
  0.139979	  0.376715	  0.252520	  0.230786	
  0.284498	  0.230610	  0.244870	  0.240021	
  0.280918	  0.298289	  0.261926	  0.158866	

URL http://cisbp.ccbr.utoronto.ca/TFreport.php?versionNumber=2.00&searchTF=T146116_2.00

MOTIF M01235_2.00 (fgenesh1_pg.00866_

letter-probability matrix: alength= 4 w= 11 nsites= 1 E= 0
  0.224507	  0.326478	  0.224507	  0.224507	
  0.203126	  0.299039	  0.391867	  0.105967	
  0.225223	  0.724938	  0.024920	  0.024920	
  0.000216	  0.000216	  0.999351	  0.000216	
  0.999351	  0.000216	  0.000216	  0.000216	
  0.000216	  0.000216	  0.000216	  0.999351	
  0.000216	  0.999351	  0.000216	  0.000216	
  0.000216	  0.000216	  0.897514	  0.102053	
  0.347248	  0.117812	  0.509230	  0.025709	
  0.144249	  0.144249	  0.144249	  0.567252	
  0.225297	  0.324110	  0.225297	  0.225297	

URL http://cisbp.ccbr.utoronto.ca/TFreport.php?versionNumber=2.00&searchTF=T197076_2.00

MOTIF M01236_2.00 (fgenesh1_pm.00118_

letter-probability matrix: alength= 4 w= 8 nsites= 1 E= 0
  0.349800	  0.449601	  0.100299	  0.100299	
  0.200067	  0.799268	  0.000333	  0.000333	
  0.000322	  0.000322	  0.999034	  0.000322	
  0.999064	  0.000312	  0.000312	  0.000312	
  0.000312	  0.000312	  0.000312	  0.999064	
  0.000312	  0.999064	  0.000312	  0.000312	
  0.000322	  0.000322	  0.805735	  0.193621	
  0.624376	  0.208403	  0.083611	  0.083611	

URL http://cisbp.ccbr.utoronto.ca/TFreport.php?versionNumber=2.00&searchTF=T197079_2.00

MOTIF M01237_2.00 (fgenesh1_pm.00771_

letter-probability matrix: alength= 4 w= 8 nsites= 1 E= 0
  0.227143	  0.251032	  0.238789	  0.283037	
  0.422687	  0.229667	  0.067130	  0.280516	
  0.086439	  0.059112	  0.811951	  0.042497	
  0.921225	  0.000266	  0.017214	  0.061295	
  0.095561	  0.028212	  0.030869	  0.845358	
  0.509100	  0.209065	  0.076911	  0.204925	
  0.563117	  0.107070	  0.130776	  0.199036	
  0.224323	  0.222091	  0.373563	  0.180023	

URL http://cisbp.ccbr.utoronto.ca/TFreport.php?versionNumber=2.00&searchTF=T197080_2.00

MOTIF M01239_2.00 (fgenesh1_pm.00042_

letter-probability matrix: alength= 4 w= 10 nsites= 1 E= 0
  0.345705	  0.171672	  0.216066	  0.266556	
  0.404250	  0.122981	  0.176273	  0.296496	
  0.132827	  0.157441	  0.102417	  0.607316	
  0.119716	  0.033286	  0.531193	  0.315805	
  0.827533	  0.000249	  0.064615	  0.107603	
  0.011166	  0.927828	  0.007336	  0.053670	
  0.794486	  0.050790	  0.074269	  0.080455	
  0.230699	  0.164205	  0.076029	  0.529067	
  0.192385	  0.259692	  0.361224	  0.186699	
  0.232019	  0.222921	  0.205782	  0.339278	

URL http://cisbp.ccbr.utoronto.ca/TFreport.php?versionNumber=2.00&searchTF=T230856_2.00

MOTIF M01271_2.00 (e_gw1.00009.336.1)_(Aspergillus_nidulans)_(DBD_0.96)

letter-probability matrix: alength= 4 w= 9 nsites= 1 E= 0
  0.209526	  0.195361	  0.099968	  0.495145	
  0.470138	  0.145915	  0.285153	  0.098793	
  0.320647	  0.221482	  0.070129	  0.387742	
  0.021126	  0.014447	  0.000991	  0.963436	
  0.999769	  0.000052	  0.000057	  0.000122	
  0.114475	  0.033460	  0.031198	  0.820866	
  0.632245	  0.066638	  0.108775	  0.192342	
  0.216576	  0.142300	  0.472454	  0.168669	
  0.193504	  0.285801	  0.345605	  0.175089	

URL http://cisbp.ccbr.utoronto.ca/TFreport.php?versionNumber=2.00&searchTF=T290762_2.00

MOTIF M01327_2.00 (fgenesh1_pm.00066_

letter-probability matrix: alength= 4 w= 10 nsites= 1 E= 0
  0.225111	  0.261542	  0.294888	  0.218458	
  0.181924	  0.348484	  0.134773	  0.334819	
  0.077843	  0.245843	  0.059424	  0.616891	
  0.004866	  0.994608	  0.000273	  0.000252	
  0.000826	  0.027626	  0.971405	  0.000144	
  0.035246	  0.047104	  0.899971	  0.017679	
  0.209822	  0.277622	  0.256278	  0.256278	
  0.215544	  0.265911	  0.321553	  0.196992	
  0.279068	  0.187065	  0.121688	  0.412179	
  0.292190	  0.155618	  0.107491	  0.444702	

URL http://cisbp.ccbr.utoronto.ca/TFreport.php?versionNumber=2.00&searchTF=T391350_2.00

MOTIF M01330_2.00 (e_gw1.00118.127.1)_(Aspergillus_nidulans)_(DBD_0.87)

letter-probability matrix: alength= 4 w= 8 nsites= 1 E= 0
  0.200214	  0.264909	  0.242108	  0.292769	
  0.238267	  0.101839	  0.509480	  0.150414	
  0.098675	  0.026097	  0.479063	  0.396165	
  0.000009	  0.999896	  0.000011	  0.000084	
  0.000014	  0.000029	  0.999879	  0.000078	
  0.001484	  0.068368	  0.911328	  0.018820	
  0.384914	  0.198943	  0.288017	  0.128127	
  0.330124	  0.152852	  0.295736	  0.221289	

URL http://cisbp.ccbr.utoronto.ca/TFreport.php?versionNumber=2.00&searchTF=T391012_2.00

MOTIF M01332_2.00 (fgenesh1_pg.00107_

letter-probability matrix: alength= 4 w= 7 nsites= 1 E= 0
  0.285553	  0.253263	  0.178471	  0.282712	
  0.146269	  0.193532	  0.067050	  0.593149	
  0.000011	  0.999265	  0.000000	  0.000724	
  0.000041	  0.043938	  0.956021	  0.000000	
  0.001665	  0.005696	  0.972358	  0.020282	
  0.223568	  0.301785	  0.298782	  0.175865	
  0.372727	  0.176064	  0.177833	  0.273376	

URL http://cisbp.ccbr.utoronto.ca/TFreport.php?versionNumber=2.00&searchTF=T391257_2.00

MOTIF M01337_2.00 (fgenesh1_pm.00153_

letter-probability matrix: alength= 4 w= 9 nsites= 1 E= 0
  0.196942	  0.470082	  0.136034	  0.196942	
  0.097261	  0.155617	  0.140808	  0.606314	
  0.025508	  0.853194	  0.049848	  0.071449	
  0.059087	  0.041224	  0.836318	  0.063371	
  0.035823	  0.065275	  0.054522	  0.844380	
  0.814627	  0.047595	  0.059307	  0.078471	
  0.090654	  0.069899	  0.045470	  0.793976	
  0.261562	  0.150908	  0.055516	  0.532014	
  0.222938	  0.205798	  0.264250	  0.307014	

URL http://cisbp.ccbr.utoronto.ca/TFreport.php?versionNumber=2.00&searchTF=T391378_2.00

MOTIF M01339_2.00 (fgenesh1_pm.00771_

letter-probability matrix: alength= 4 w= 10 nsites= 1 E= 0
  0.264751	  0.230163	  0.221138	  0.283947	
  0.278873	  0.217187	  0.210768	  0.293172	
  0.278873	  0.217187	  0.210768	  0.293172	
  0.282477	  0.197077	  0.211367	  0.309079	
  0.240172	  0.242586	  0.202625	  0.314617	
  0.248605	  0.236480	  0.231797	  0.283118	
  0.195736	  0.462555	  0.155519	  0.186190	
  0.136580	  0.559427	  0.098191	  0.205802	
  0.254956	  0.001806	  0.561768	  0.181470	
  0.373663	  0.187420	  0.235887	  0.203030	

URL http://cisbp.ccbr.utoronto.ca/TFreport.php?versionNumber=2.00&searchTF=T391409_2.00

MOTIF M01340_2.00 (e_gw1.00083.502.1)_(Aspergillus_nidulans)_(DBD_0.82)

letter-probability matrix: alength= 4 w= 10 nsites= 1 E= 0
  0.046433	  0.869579	  0.021933	  0.062054	
  0.000057	  0.044343	  0.955224	  0.000376	
  0.019614	  0.061329	  0.903473	  0.015584	
  0.469129	  0.204564	  0.212912	  0.113395	
  0.236270	  0.166496	  0.448081	  0.149153	
  0.629100	  0.156693	  0.117248	  0.096959	
  0.171324	  0.370020	  0.255585	  0.203071	
  0.414654	  0.023276	  0.013429	  0.548641	
  0.265093	  0.022876	  0.026578	  0.685453	
  0.358183	  0.156185	  0.097616	  0.388015	

URL http://cisbp.ccbr.utoronto.ca/TFreport.php?versionNumber=2.00&searchTF=T391003_2.00

MOTIF M01343_2.00 (fgenesh1_pm.00042_

letter-probability matrix: alength= 4 w= 10 nsites= 1 E= 0
  0.311791	  0.213222	  0.255273	  0.219715	
  0.219752	  0.245305	  0.282168	  0.252775	
  0.152362	  0.471662	  0.101115	  0.274860	
  0.047096	  0.226375	  0.073127	  0.653402	
  0.008170	  0.973139	  0.013881	  0.004809	
  0.000595	  0.006364	  0.992893	  0.000148	
  0.012469	  0.093999	  0.271316	  0.622215	
  0.618934	  0.019453	  0.286575	  0.075038	
  0.270230	  0.125120	  0.026823	  0.577827	
  0.308082	  0.221487	  0.108893	  0.361538	

URL http://cisbp.ccbr.utoronto.ca/TFreport.php?versionNumber=2.00&searchTF=T391346_2.00

MOTIF M01344_2.00 (e_gw1.00042.299.1)_(Aspergillus_nidulans)_(DBD_0.97)

letter-probability matrix: alength= 4 w= 8 nsites= 1 E= 0
  0.561721	  0.062968	  0.187656	  0.187656	
  0.040335	  0.120208	  0.000399	  0.839058	
  0.000344	  0.998967	  0.000344	  0.000344	
  0.000344	  0.998967	  0.000344	  0.000344	
  0.000344	  0.000344	  0.998967	  0.000344	
  0.000357	  0.000357	  0.998930	  0.000357	
  0.927603	  0.000357	  0.071683	  0.000357	
  0.726407	  0.136570	  0.091198	  0.045826	

URL http://cisbp.ccbr.utoronto.ca/TFreport.php?versionNumber=2.00&searchTF=T390996_2.00

MOTIF M01345_2.00 (fgenesh1_pm.00042_

letter-probability matrix: alength= 4 w= 10 nsites= 1 E= 0
  0.029750	  0.937142	  0.000556	  0.032552	
  0.026321	  0.003898	  0.963291	  0.006491	
  0.059877	  0.058691	  0.864617	  0.016815	
  0.099445	  0.441248	  0.194340	  0.264967	
  0.357213	  0.062698	  0.143787	  0.436301	
  0.603990	  0.060555	  0.074706	  0.260749	
  0.291346	  0.199240	  0.074777	  0.434637	
  0.208238	  0.196111	  0.136822	  0.458830	
  0.212882	  0.174293	  0.420202	  0.192623	
  0.334592	  0.211222	  0.242964	  0.211222	

URL http://cisbp.ccbr.utoronto.ca/TFreport.php?versionNumber=2.00&searchTF=T391344_2.00

MOTIF M01347_2.00 (fgenesh1_pm.00659_

letter-probability matrix: alength= 4 w= 10 nsites= 1 E= 0
  0.276614	  0.198864	  0.176377	  0.348146	
  0.415053	  0.107598	  0.357239	  0.120110	
  0.381929	  0.071182	  0.328729	  0.218161	
  0.477788	  0.018342	  0.016431	  0.487440	
  0.074349	  0.549368	  0.163820	  0.212463	
  0.110522	  0.655382	  0.185902	  0.048193	
  0.003526	  0.972880	  0.019111	  0.004483	
  0.000265	  0.984507	  0.015213	  0.000015	
  0.000495	  0.000042	  0.989614	  0.009848	
  0.477462	  0.131431	  0.267330	  0.123777	

URL http://cisbp.ccbr.utoronto.ca/TFreport.php?versionNumber=2.00&searchTF=T391403_2.00

MOTIF M01349_2.00 (e_gw1.00771.80.1)_(Aspergillus_nidulans)_(DBD_0.80)

letter-probability matrix: alength= 4 w= 9 nsites= 1 E= 0
  0.156376	  0.474500	  0.111304	  0.257820	
  0.089075	  0.182998	  0.138307	  0.589619	
  0.035283	  0.919116	  0.000296	  0.045305	
  0.012790	  0.067944	  0.905684	  0.013581	
  0.054850	  0.153640	  0.695485	  0.096025	
  0.246459	  0.269670	  0.310194	  0.173677	
  0.364180	  0.001800	  0.068556	  0.565465	
  0.611369	  0.089631	  0.132383	  0.166617	
  0.318988	  0.184040	  0.205440	  0.291533	

URL http://cisbp.ccbr.utoronto.ca/TFreport.php?versionNumber=2.00&searchTF=T391060_2.00

MOTIF M01353_2.00 (fgenesh1_pm.00626_

letter-probability matrix: alength= 4 w= 8 nsites= 1 E= 0
  0.001984	  0.994048	  0.001984	  0.001984	
  0.001984	  0.001984	  0.994048	  0.001984	
  0.001984	  0.001984	  0.994048	  0.001984	
  0.994048	  0.001984	  0.001984	  0.001984	
  0.994048	  0.001984	  0.001984	  0.001984	
  0.795635	  0.001984	  0.001984	  0.200397	
  0.200397	  0.001984	  0.001984	  0.795635	
  0.661184	  0.003289	  0.332237	  0.003289	

URL http://cisbp.ccbr.utoronto.ca/TFreport.php?versionNumber=2.00&searchTF=T391400_2.00

MOTIF M01359_2.00 (fgenesh1_pg.00866_

letter-probability matrix: alength= 4 w= 10 nsites= 1 E= 0
  0.195863	  0.277942	  0.259152	  0.267044	
  0.187686	  0.312551	  0.193401	  0.306362	
  0.132189	  0.226838	  0.094089	  0.546884	
  0.000041	  0.999957	  0.000001	  0.000001	
  0.000177	  0.048790	  0.951014	  0.000019	
  0.010511	  0.011970	  0.965306	  0.012212	
  0.298813	  0.340296	  0.186759	  0.174133	
  0.249660	  0.242281	  0.347269	  0.160790	
  0.315893	  0.175108	  0.205491	  0.303507	
  0.308164	  0.160876	  0.154568	  0.376392	

URL http://cisbp.ccbr.utoronto.ca/TFreport.php?versionNumber=2.00&searchTF=T391303_2.00

MOTIF M01361_2.00 (fgenesh1_pm.00118_

letter-probability matrix: alength= 4 w= 10 nsites= 1 E= 0
  0.196873	  0.279376	  0.255330	  0.268421	
  0.247121	  0.281428	  0.206412	  0.265039	
  0.197539	  0.193628	  0.142016	  0.466817	
  0.001468	  0.966881	  0.000022	  0.031629	
  0.000156	  0.105112	  0.884504	  0.010227	
  0.042205	  0.056971	  0.847706	  0.053119	
  0.560970	  0.123924	  0.208443	  0.106662	
  0.448447	  0.158506	  0.216111	  0.176936	
  0.285599	  0.205324	  0.156740	  0.352337	
  0.266226	  0.182062	  0.150558	  0.401154	

URL http://cisbp.ccbr.utoronto.ca/TFreport.php?versionNumber=2.00&searchTF=T391366_2.00

MOTIF M01363_2.00 (e_gw1.00129.103.1)_(Aspergillus_nidulans)_(DBD_0.92)

letter-probability matrix: alength= 4 w= 10 nsites= 1 E= 0
  0.192312	  0.310791	  0.204204	  0.292692	
  0.144699	  0.176736	  0.147622	  0.530943	
  0.006163	  0.981007	  0.001932	  0.010898	
  0.003713	  0.045691	  0.945682	  0.004913	
  0.013524	  0.083469	  0.875222	  0.027784	
  0.217300	  0.446429	  0.114581	  0.221690	
  0.232257	  0.157251	  0.472409	  0.138082	
  0.260928	  0.233748	  0.233748	  0.271576	
  0.263594	  0.224620	  0.176692	  0.335094	
  0.276312	  0.200643	  0.235457	  0.287588	

URL http://cisbp.ccbr.utoronto.ca/TFreport.php?versionNumber=2.00&searchTF=T391021_2.00

MOTIF M01364_2.00 (fgenesh1_pm.00855_

letter-probability matrix: alength= 4 w= 8 nsites= 1 E= 0
  0.000554	  0.333149	  0.000554	  0.665743	
  0.000294	  0.999119	  0.000294	  0.000294	
  0.000294	  0.000294	  0.999119	  0.000294	
  0.000294	  0.000294	  0.999119	  0.000294	
  0.000294	  0.734724	  0.088425	  0.176557	
  0.176557	  0.000294	  0.822855	  0.000294	
  0.734724	  0.000294	  0.000294	  0.264689	
  0.241391	  0.103650	  0.000344	  0.654614	

URL http://cisbp.ccbr.utoronto.ca/TFreport.php?versionNumber=2.00&searchTF=T391424_2.00

MOTIF M01365_2.00 (fgenesh1_pm.00118_

letter-probability matrix: alength= 4 w= 10 nsites= 1 E= 0
  0.251463	  0.267013	  0.253991	  0.227533	
  0.247762	  0.302617	  0.196855	  0.252767	
  0.081605	  0.766540	  0.054157	  0.097699	
  0.003342	  0.020418	  0.969166	  0.007074	
  0.011307	  0.022318	  0.948994	  0.017381	
  0.825241	  0.032320	  0.094224	  0.048215	
  0.427288	  0.082061	  0.140817	  0.349834	
  0.560190	  0.109758	  0.075813	  0.254239	
  0.421785	  0.176707	  0.069721	  0.331788	
  0.277012	  0.215737	  0.268825	  0.238426	

URL http://cisbp.ccbr.utoronto.ca/TFreport.php?versionNumber=2.00&searchTF=T391363_2.00

MOTIF M01371_2.00 (fgenesh1_pg.00714_

letter-probability matrix: alength= 4 w= 10 nsites= 1 E= 0
  0.163977	  0.188618	  0.119072	  0.528333	
  0.034151	  0.944618	  0.003225	  0.018007	
  0.027482	  0.080121	  0.892066	  0.000331	
  0.043214	  0.088780	  0.850785	  0.017222	
  0.383798	  0.228176	  0.208537	  0.179489	
  0.312520	  0.153648	  0.381712	  0.152120	
  0.277856	  0.234417	  0.220766	  0.266961	
  0.353549	  0.172091	  0.227698	  0.246663	
  0.292455	  0.146688	  0.162116	  0.398741	
  0.358075	  0.154585	  0.176045	  0.311295	

URL http://cisbp.ccbr.utoronto.ca/TFreport.php?versionNumber=2.00&searchTF=T391286_2.00

MOTIF M01375_2.00 (fgenesh1_pg.00118_

letter-probability matrix: alength= 4 w= 9 nsites= 1 E= 0
  0.174519	  0.412416	  0.179834	  0.233232	
  0.059494	  0.939994	  0.000160	  0.000352	
  0.003640	  0.040940	  0.955388	  0.000031	
  0.022930	  0.000404	  0.955710	  0.020957	
  0.728913	  0.110118	  0.084907	  0.076062	
  0.197524	  0.220492	  0.426606	  0.155378	
  0.218628	  0.319697	  0.163592	  0.298083	
  0.386521	  0.124859	  0.256515	  0.232104	
  0.195131	  0.366381	  0.231290	  0.207198	

URL http://cisbp.ccbr.utoronto.ca/TFreport.php?versionNumber=2.00&searchTF=T391258_2.00

MOTIF M01390_2.00 (e_gw1.00710.51.1)_(Aspergillus_nidulans)_(DBD_0.81)

letter-probability matrix: alength= 4 w= 8 nsites= 1 E= 0
  0.190589	  0.380703	  0.380703	  0.048004	
  0.000277	  0.000277	  0.000277	  0.999168	
  0.000277	  0.999168	  0.000277	  0.000277	
  0.000277	  0.000277	  0.999168	  0.000277	
  0.000277	  0.139012	  0.860433	  0.000277	
  0.000277	  0.721698	  0.028024	  0.250000	
  0.200057	  0.000285	  0.000285	  0.799372	
  0.922043	  0.038786	  0.038786	  0.000384	

URL http://cisbp.ccbr.utoronto.ca/TFreport.php?versionNumber=2.00&searchTF=T391056_2.00

MOTIF M01394_2.00 (e_gw1.00168.34.1)_(Aspergillus_nidulans)_(DBD_0.97)

letter-probability matrix: alength= 4 w= 9 nsites= 1 E= 0
  0.212519	  0.275623	  0.204186	  0.307672	
  0.306323	  0.134914	  0.220223	  0.338539	
  0.096856	  0.099806	  0.073202	  0.730135	
  0.020441	  0.960575	  0.000115	  0.018869	
  0.001813	  0.008457	  0.987355	  0.002375	
  0.002001	  0.010010	  0.966371	  0.021618	
  0.627726	  0.131908	  0.178057	  0.062309	
  0.451279	  0.060466	  0.071671	  0.416583	
  0.309132	  0.238357	  0.291130	  0.161381	

URL http://cisbp.ccbr.utoronto.ca/TFreport.php?versionNumber=2.00&searchTF=T391037_2.00

MOTIF M01395_2.00 (e_gw1.00168.63.1)_(Aspergillus_nidulans)_(DBD_0.74)

letter-probability matrix: alength= 4 w= 9 nsites= 1 E= 0
  0.037677	  0.879244	  0.015785	  0.067293	
  0.000288	  0.012738	  0.986950	  0.000024	
  0.007377	  0.023299	  0.961412	  0.007912	
  0.609075	  0.130574	  0.176257	  0.084094	
  0.155541	  0.171900	  0.486342	  0.186217	
  0.384983	  0.077727	  0.071751	  0.465540	
  0.066891	  0.039768	  0.019357	  0.873984	
  0.715258	  0.035968	  0.041789	  0.206984	
  0.487594	  0.138308	  0.225762	  0.148336	

URL http://cisbp.ccbr.utoronto.ca/TFreport.php?versionNumber=2.00&searchTF=T391038_2.00

MOTIF M01396_2.00 (fgenesh1_pm.00042_

letter-probability matrix: alength= 4 w= 9 nsites= 1 E= 0
  0.264913	  0.177577	  0.347027	  0.210483	
  0.107437	  0.090640	  0.462618	  0.339305	
  0.000243	  0.998740	  0.000059	  0.000957	
  0.000520	  0.000716	  0.998342	  0.000422	
  0.019729	  0.066161	  0.881907	  0.032204	
  0.621744	  0.121818	  0.147309	  0.109129	
  0.402111	  0.082001	  0.189944	  0.325945	
  0.361923	  0.188941	  0.188941	  0.260195	
  0.343159	  0.210228	  0.154191	  0.292421	

URL http://cisbp.ccbr.utoronto.ca/TFreport.php?versionNumber=2.00&searchTF=T391348_2.00

MOTIF M01398_2.00 (fgenesh1_pm.00118_

letter-probability matrix: alength= 4 w= 9 nsites= 1 E= 0
  0.237191	  0.208276	  0.326642	  0.227891	
  0.527458	  0.148127	  0.210202	  0.114213	
  0.030582	  0.907236	  0.032799	  0.029383	
  0.000097	  0.999312	  0.000055	  0.000536	
  0.000061	  0.000073	  0.999171	  0.000696	
  0.010118	  0.032599	  0.947943	  0.009340	
  0.254257	  0.298374	  0.269980	  0.177389	
  0.428613	  0.060374	  0.073741	  0.437272	
  0.423193	  0.192064	  0.214397	  0.170346	

URL http://cisbp.ccbr.utoronto.ca/TFreport.php?versionNumber=2.00&searchTF=T391362_2.00

MOTIF M01400_2.00 (e_gw1.00609.122.1)_(Aspergillus_nidulans)_(DBD_0.92)

letter-probability matrix: alength= 4 w= 10 nsites= 1 E= 0
  0.194709	  0.302326	  0.302326	  0.200639	
  0.262736	  0.219455	  0.412052	  0.105757	
  0.044857	  0.025623	  0.857029	  0.072492	
  0.000091	  0.979449	  0.000030	  0.020430	
  0.005534	  0.000021	  0.993185	  0.001260	
  0.069644	  0.447372	  0.324859	  0.158126	
  0.108194	  0.312288	  0.166322	  0.413197	
  0.369512	  0.048047	  0.036678	  0.545762	
  0.507538	  0.188589	  0.181194	  0.122679	
  0.261951	  0.249175	  0.234665	  0.254209	

URL http://cisbp.ccbr.utoronto.ca/TFreport.php?versionNumber=2.00&searchTF=T391044_2.00

MOTIF M01404_2.00 (fgenesh1_pm.00129_

letter-probability matrix: alength= 4 w= 12 nsites= 1 E= 0
  0.310520	  0.229827	  0.229827	  0.229827	
  0.175527	  0.186055	  0.347438	  0.290979	
  0.068403	  0.276629	  0.068403	  0.586565	
  0.096539	  0.754349	  0.027960	  0.121152	
  0.000085	  0.999745	  0.000085	  0.000085	
  0.000085	  0.000085	  0.999745	  0.000085	
  0.000085	  0.000085	  0.999745	  0.000085	
  0.629748	  0.161855	  0.208311	  0.000085	
  0.242835	  0.380371	  0.137910	  0.238884	
  0.181682	  0.293183	  0.343453	  0.181682	
  0.274874	  0.293183	  0.181682	  0.250261	
  0.222125	  0.222125	  0.333625	  0.222125	

URL http://cisbp.ccbr.utoronto.ca/TFreport.php?versionNumber=2.00&searchTF=T391372_2.00

MOTIF M01411_2.00 (gw1.00129.183.1)_(Aspergillus_nidulans)_(DBD_0.72)

letter-probability matrix: alength= 4 w= 9 nsites= 1 E= 0
  0.177743	  0.228226	  0.194482	  0.399549	
  0.154001	  0.440082	  0.180722	  0.225194	
  0.024811	  0.872425	  0.009888	  0.092877	
  0.002782	  0.011858	  0.985360	  0.000000	
  0.010799	  0.090871	  0.795874	  0.102457	
  0.518358	  0.181393	  0.144123	  0.156126	
  0.327099	  0.194467	  0.223690	  0.254745	
  0.212330	  0.234661	  0.239401	  0.313607	
  0.277851	  0.335991	  0.201761	  0.184396	

URL http://cisbp.ccbr.utoronto.ca/TFreport.php?versionNumber=2.00&searchTF=T391485_2.00

MOTIF M01420_2.00 (fgenesh1_pm.00009_

letter-probability matrix: alength= 4 w= 11 nsites= 1 E= 0
  0.246046	  0.255232	  0.244001	  0.254721	
  0.197461	  0.506031	  0.100161	  0.196348	
  0.121770	  0.121877	  0.633470	  0.122883	
  0.599356	  0.096427	  0.105102	  0.199115	
  0.000240	  0.504786	  0.000240	  0.494735	
  0.000240	  0.999281	  0.000240	  0.000240	
  0.000240	  0.096427	  0.903094	  0.000240	
  0.105102	  0.000240	  0.894419	  0.000240	
  0.400629	  0.197681	  0.100381	  0.301309	
  0.249515	  0.252660	  0.347746	  0.150079	
  0.224657	  0.224657	  0.224657	  0.326030	

URL http://cisbp.ccbr.utoronto.ca/TFreport.php?versionNumber=2.00&searchTF=T391336_2.00

MOTIF M01421_2.00 (fgenesh1_pm.00129_

letter-probability matrix: alength= 4 w= 8 nsites= 1 E= 0
  0.561185	  0.157959	  0.157959	  0.122896	
  0.154807	  0.678367	  0.071514	  0.095312	
  0.040902	  0.020502	  0.357099	  0.581497	
  0.000093	  0.953443	  0.046372	  0.000093	
  0.000092	  0.045946	  0.953870	  0.000092	
  0.000093	  0.990466	  0.009348	  0.000093	
  0.000093	  0.018604	  0.971955	  0.009348	
  0.690267	  0.154807	  0.083413	  0.071514	

URL http://cisbp.ccbr.utoronto.ca/TFreport.php?versionNumber=2.00&searchTF=T391371_2.00

MOTIF M01448_2.00 (e_gw1.00609.341.1)_(Histoplasma_capsulatum)_(DBD_0.96)

letter-probability matrix: alength= 4 w= 10 nsites= 1 E= 0
  0.199492	  0.067072	  0.668993	  0.064443	
  0.146539	  0.259120	  0.082871	  0.511470	
  0.121144	  0.778198	  0.044566	  0.056091	
  0.172916	  0.615729	  0.036701	  0.174654	
  0.154373	  0.033763	  0.720086	  0.091778	
  0.216730	  0.046930	  0.051865	  0.684475	
  0.010124	  0.014082	  0.948547	  0.027247	
  0.029134	  0.881758	  0.023616	  0.065491	
  0.232021	  0.078793	  0.501112	  0.188073	
  0.095693	  0.391955	  0.194639	  0.317713	

URL http://cisbp.ccbr.utoronto.ca/TFreport.php?versionNumber=2.00&searchTF=T146111_2.00

MOTIF M01450_2.00 (e_gw1.00172.1.1)_(Histoplasma_capsulatum)_(DBD_0.89)

letter-probability matrix: alength= 4 w= 8 nsites= 1 E= 0
  0.332237	  0.003289	  0.003289	  0.661184	
  0.332237	  0.003289	  0.003289	  0.661184	
  0.003289	  0.003289	  0.003289	  0.990132	
  0.003289	  0.003289	  0.003289	  0.990132	
  0.003289	  0.003289	  0.003289	  0.990132	
  0.003289	  0.003289	  0.003289	  0.990132	
  0.003289	  0.003289	  0.003289	  0.990132	
  0.003289	  0.003289	  0.003289	  0.990132	

URL http://cisbp.ccbr.utoronto.ca/TFreport.php?versionNumber=2.00&searchTF=T146107_2.00

MOTIF M01472_2.00 (gw1.00626.12.1)_(Histoplasma_capsulatum)_(DBD_0.78)

letter-probability matrix: alength= 4 w= 10 nsites= 1 E= 0
  0.284438	  0.561446	  0.083975	  0.070142	
  0.061719	  0.891213	  0.028292	  0.018776	
  0.007023	  0.962206	  0.009672	  0.021099	
  0.002209	  0.994749	  0.002725	  0.000317	
  0.008375	  0.987594	  0.002086	  0.001945	
  0.995764	  0.002811	  0.001120	  0.000305	
  0.008592	  0.907660	  0.001406	  0.082341	
  0.006368	  0.302261	  0.064154	  0.627216	
  0.082147	  0.371859	  0.053975	  0.492018	
  0.219776	  0.181746	  0.073892	  0.524586	

URL http://cisbp.ccbr.utoronto.ca/TFreport.php?versionNumber=2.00&searchTF=T146296_2.00

MOTIF M01474_2.00 (e_gw1.00855.183.1)_(Neurospora_crassa)_(DBD_0.91)

letter-probability matrix: alength= 4 w= 10 nsites= 1 E= 0
  0.182660	  0.313445	  0.223101	  0.280795	
  0.189292	  0.109212	  0.530218	  0.171278	
  0.198474	  0.320749	  0.212865	  0.267912	
  0.293861	  0.334657	  0.195021	  0.176462	
  0.157266	  0.177317	  0.548912	  0.116505	
  0.974295	  0.000972	  0.024088	  0.000645	
  0.003870	  0.000302	  0.000238	  0.995590	
  0.098639	  0.736176	  0.088364	  0.076820	
  0.302958	  0.276883	  0.250534	  0.169626	
  0.173810	  0.307342	  0.232284	  0.286564	

URL http://cisbp.ccbr.utoronto.ca/TFreport.php?versionNumber=2.00&searchTF=T146118_2.00

MOTIF M01536_2.00 (fgenesh1_pm.00042_

letter-probability matrix: alength= 4 w= 8 nsites= 1 E= 0
  0.582226	  0.083887	  0.083887	  0.250000	
  0.187656	  0.000623	  0.000623	  0.811097	
  0.117958	  0.000587	  0.000587	  0.880869	
  0.000587	  0.000587	  0.000587	  0.998239	
  0.000587	  0.000587	  0.000587	  0.998239	
  0.000587	  0.000587	  0.000587	  0.998239	
  0.000587	  0.000587	  0.000587	  0.998239	
  0.000767	  0.690951	  0.077454	  0.230828	

URL http://cisbp.ccbr.utoronto.ca/TFreport.php?versionNumber=2.00&searchTF=T146239_2.00

MOTIF M01557_2.00 (fgenesh1_pm.00866_

letter-probability matrix: alength= 4 w= 8 nsites= 1 E= 0
  0.009615	  0.009615	  0.009615	  0.971154	
  0.009615	  0.009615	  0.009615	  0.971154	
  0.971154	  0.009615	  0.009615	  0.009615	
  0.971154	  0.009615	  0.009615	  0.009615	
  0.009615	  0.009615	  0.009615	  0.971154	
  0.971154	  0.009615	  0.009615	  0.009615	
  0.971154	  0.009615	  0.009615	  0.009615	
  0.971154	  0.009615	  0.009615	  0.009615	

URL http://cisbp.ccbr.utoronto.ca/TFreport.php?versionNumber=2.00&searchTF=T259361_2.00

MOTIF M01566_2.00 (fgenesh1_pg.00866_

letter-probability matrix: alength= 4 w= 8 nsites= 1 E= 0
  0.270726	  0.299198	  0.159350	  0.270726	
  0.171103	  0.404343	  0.058690	  0.365865	
  0.701225	  0.048078	  0.204963	  0.045733	
  0.053179	  0.447494	  0.090348	  0.408979	
  0.407307	  0.049381	  0.055677	  0.487635	
  0.525518	  0.097943	  0.128302	  0.248237	
  0.510778	  0.094249	  0.117441	  0.277532	
  0.343791	  0.175921	  0.275898	  0.204391	

URL http://cisbp.ccbr.utoronto.ca/TFreport.php?versionNumber=2.00&searchTF=T335224_2.00

MOTIF M01567_2.00 (fgenesh1_pm.00168_

letter-probability matrix: alength= 4 w= 7 nsites= 1 E= 0
  0.315311	  0.189343	  0.207174	  0.288172	
  0.345705	  0.141966	  0.211788	  0.300541	
  0.271982	  0.110580	  0.155359	  0.462079	
  0.583542	  0.000869	  0.110954	  0.304636	
  0.219565	  0.006434	  0.188981	  0.585020	
  0.934996	  0.000354	  0.051964	  0.012687	
  0.422777	  0.000471	  0.095282	  0.481470	

URL http://cisbp.ccbr.utoronto.ca/TFreport.php?versionNumber=2.00&searchTF=T343282_2.00

MOTIF M01650_2.00 (fgenesh1_pg.00866_

letter-probability matrix: alength= 4 w= 7 nsites= 1 E= 0
  0.244709	  0.273163	  0.217037	  0.265090	
  0.259296	  0.165335	  0.343083	  0.232286	
  0.677036	  0.034389	  0.124926	  0.163649	
  0.005898	  0.967321	  0.013525	  0.013257	
  0.149512	  0.010149	  0.818420	  0.021919	
  0.010007	  0.874189	  0.003265	  0.112539	
  0.015323	  0.032764	  0.943248	  0.008665	

URL http://cisbp.ccbr.utoronto.ca/TFreport.php?versionNumber=2.00&searchTF=T013977_2.00

MOTIF M01651_2.00 (e_gw1.00103.1.1)_(Histoplasma_capsulatum)_(DBD_0.95)

letter-probability matrix: alength= 4 w= 10 nsites= 1 E= 0
  0.287386	  0.184982	  0.164060	  0.363572	
  0.268823	  0.245690	  0.172342	  0.313145	
  0.339997	  0.263260	  0.151658	  0.245086	
  0.153137	  0.201022	  0.101791	  0.544050	
  0.240409	  0.109919	  0.541436	  0.108237	
  0.108237	  0.541436	  0.109919	  0.240409	
  0.544050	  0.101791	  0.201022	  0.153137	
  0.245086	  0.151658	  0.263260	  0.339997	
  0.313145	  0.172342	  0.245690	  0.268823	
  0.363572	  0.164060	  0.184982	  0.287386	

URL http://cisbp.ccbr.utoronto.ca/TFreport.php?versionNumber=2.00&searchTF=T013969_2.00

MOTIF M01669_2.00 (fgenesh1_pg.00153_

letter-probability matrix: alength= 4 w= 8 nsites= 1 E= 0
  0.327371	  0.206664	  0.278967	  0.186997	
  0.090243	  0.314980	  0.037808	  0.556969	
  0.768095	  0.014210	  0.120773	  0.096923	
  0.116745	  0.111051	  0.072966	  0.699238	
  0.248575	  0.418109	  0.163325	  0.169991	
  0.313613	  0.190216	  0.256765	  0.239406	
  0.283505	  0.241587	  0.275126	  0.199782	
  0.264086	  0.231893	  0.272129	  0.231893	

URL http://cisbp.ccbr.utoronto.ca/TFreport.php?versionNumber=2.00&searchTF=T016287_2.00

MOTIF M01675_2.00 (fgenesh1_pm.00609_

letter-probability matrix: alength= 4 w= 9 nsites= 1 E= 0
  0.245292	  0.273814	  0.242851	  0.238043	
  0.237806	  0.293376	  0.242610	  0.226208	
  0.216345	  0.251357	  0.297935	  0.234364	
  0.258630	  0.241145	  0.263855	  0.236370	
  0.502489	  0.000517	  0.411403	  0.085591	
  0.353817	  0.295533	  0.000353	  0.350297	
  0.360997	  0.114305	  0.184725	  0.339974	
  0.355533	  0.121951	  0.207186	  0.315330	
  0.338774	  0.180428	  0.203432	  0.277365	

URL http://cisbp.ccbr.utoronto.ca/TFreport.php?versionNumber=2.00&searchTF=T018108_2.00

MOTIF M01689_2.00 (fgenesh1_pg.00866_

letter-probability matrix: alength= 4 w= 10 nsites= 1 E= 0
  0.433147	  0.079924	  0.290347	  0.196582	
  0.089120	  0.487838	  0.149902	  0.273140	
  0.379963	  0.149916	  0.267756	  0.202365	
  0.308475	  0.121710	  0.388246	  0.181570	
  0.315975	  0.088736	  0.349207	  0.246082	
  0.439824	  0.013962	  0.186117	  0.360097	
  0.418576	  0.082011	  0.186207	  0.313205	
  0.400654	  0.094926	  0.189255	  0.315165	
  0.341668	  0.121978	  0.248102	  0.288253	
  0.338234	  0.151978	  0.238349	  0.271439	

URL http://cisbp.ccbr.utoronto.ca/TFreport.php?versionNumber=2.00&searchTF=T018106_2.00

MOTIF M01764_2.00 (fgenesh1_pm.00083_

letter-probability matrix: alength= 4 w= 8 nsites= 1 E= 0
  0.155399	  0.605464	  0.085285	  0.153853	
  0.482785	  0.126415	  0.223536	  0.167264	
  0.050807	  0.711963	  0.000239	  0.236992	
  0.136010	  0.078471	  0.782682	  0.002837	
  0.112390	  0.135908	  0.000270	  0.751431	
  0.016247	  0.030505	  0.878218	  0.075030	
  0.336463	  0.336463	  0.136796	  0.190278	
  0.171491	  0.348812	  0.205312	  0.274385	

URL http://cisbp.ccbr.utoronto.ca/TFreport.php?versionNumber=2.00&searchTF=T052105_2.00

MOTIF M01790_2.00 (fgenesh1_pm.00118_

letter-probability matrix: alength= 4 w= 10 nsites= 1 E= 0
  0.154221	  0.132739	  0.506936	  0.206105	
  0.384330	  0.442085	  0.102668	  0.070916	
  0.058696	  0.013228	  0.037054	  0.891022	
  0.007506	  0.030745	  0.385962	  0.575787	
  0.911092	  0.000094	  0.061846	  0.026968	
  0.063690	  0.586417	  0.169700	  0.180193	
  0.278427	  0.160639	  0.196204	  0.364730	
  0.518034	  0.154476	  0.059742	  0.267747	
  0.729176	  0.086653	  0.088404	  0.095767	
  0.258065	  0.140220	  0.224351	  0.377364	

URL http://cisbp.ccbr.utoronto.ca/TFreport.php?versionNumber=2.00&searchTF=T073337_2.00

MOTIF M01791_2.00 (e_gw1.00042.98.1)_(Aspergillus_nidulans)_(DBD_0.91)

