MEME version 5.5.8 (Fri May 2 15:43:49 2025 -0700)

ALPHABET= ACGT

strands: + -

Background letter frequencies (from uniform background):
A 0.25000 C 0.25000 G 0.25000 T 0.25000 

MOTIF M01566_2.00 (17746)_(Saccharomyces_cerevisiae)_(DBD_0.52)

letter-probability matrix: alength= 4 w= 8 nsites= 1 E= 0
  0.270726	  0.299198	  0.159350	  0.270726	
  0.171103	  0.404343	  0.058690	  0.365865	
  0.701225	  0.048078	  0.204963	  0.045733	
  0.053179	  0.447494	  0.090348	  0.408979	
  0.407307	  0.049381	  0.055677	  0.487635	
  0.525518	  0.097943	  0.128302	  0.248237	
  0.510778	  0.094249	  0.117441	  0.277532	
  0.343791	  0.175921	  0.275898	  0.204391	

URL http://cisbp.ccbr.utoronto.ca/TFreport.php?versionNumber=2.00&searchTF=T333882_2.00

MOTIF M01687_2.00 (67318)_(Medicago_truncatula)_(DBD_0.77)

letter-probability matrix: alength= 4 w= 8 nsites= 1 E= 0
  0.839058	  0.000399	  0.120208	  0.040335	
  0.881610	  0.000294	  0.000294	  0.117803	
  0.832686	  0.000277	  0.000277	  0.166759	
  0.693951	  0.000277	  0.000277	  0.305494	
  0.166759	  0.000277	  0.000277	  0.832686	
  0.832686	  0.000277	  0.000277	  0.166759	
  0.764101	  0.029671	  0.000294	  0.205934	
  0.185281	  0.037352	  0.000370	  0.776997	

URL http://cisbp.ccbr.utoronto.ca/TFreport.php?versionNumber=2.00&searchTF=T017935_2.00

MOTIF M02248_2.00 (17545)_(Danio_rerio)_(DBD_0.52)

letter-probability matrix: alength= 4 w= 13 nsites= 1 E= 0
  0.221325	  0.221325	  0.336025	  0.221325	
  0.411769	  0.196077	  0.196077	  0.196077	
  0.551781	  0.149406	  0.149406	  0.149406	
  0.251241	  0.053489	  0.053489	  0.641780	
  0.026833	  0.026833	  0.821326	  0.125007	
  0.000136	  0.000136	  0.000136	  0.999593	
  0.098310	  0.000136	  0.000136	  0.901419	
  0.000136	  0.999593	  0.000136	  0.000136	
  0.028810	  0.214764	  0.028810	  0.727615	
  0.837825	  0.054058	  0.054058	  0.054058	
  0.100729	  0.100729	  0.100729	  0.697812	
  0.410061	  0.196646	  0.196646	  0.196646	
  0.223302	  0.223302	  0.223302	  0.330093	

URL http://cisbp.ccbr.utoronto.ca/TFreport.php?versionNumber=2.00&searchTF=T242669_2.00

MOTIF M02533_2.00 (60658)_(Ostreococcus_tauri)_(DBD_0.68)

letter-probability matrix: alength= 4 w= 9 nsites= 1 E= 0
  0.271308	  0.265936	  0.240628	  0.222128	
  0.288149	  0.231245	  0.271368	  0.209239	
  0.224414	  0.180096	  0.250508	  0.344982	
  0.163222	  0.233951	  0.201364	  0.401462	
  0.190314	  0.371918	  0.175682	  0.262086	
  0.430856	  0.117422	  0.378333	  0.073389	
  0.461800	  0.159993	  0.089580	  0.288626	
  0.502170	  0.131491	  0.234848	  0.131491	
  0.240171	  0.279039	  0.181518	  0.299272	

URL http://cisbp.ccbr.utoronto.ca/TFreport.php?versionNumber=2.00&searchTF=T345942_2.00

MOTIF M02534_2.00 (60657)_(Chlorella_vulgaris)_(DBD_0.62)

letter-probability matrix: alength= 4 w= 10 nsites= 1 E= 0
  0.325158	  0.217960	  0.193313	  0.263568	
  0.358359	  0.188960	  0.202661	  0.250019	
  0.376331	  0.147005	  0.219306	  0.257358	
  0.184463	  0.155625	  0.138027	  0.521885	
  0.198756	  0.111283	  0.133230	  0.556730	
  0.071722	  0.451598	  0.138766	  0.337914	
  0.700958	  0.002209	  0.240435	  0.056399	
  0.752532	  0.046221	  0.081732	  0.119515	
  0.746615	  0.060072	  0.100038	  0.093275	
  0.297928	  0.261609	  0.101175	  0.339288	

URL http://cisbp.ccbr.utoronto.ca/TFreport.php?versionNumber=2.00&searchTF=T345941_2.00

MOTIF M02698_2.00 (25571)_(Arabidopsis_thaliana)_(DBD_0.86)

letter-probability matrix: alength= 4 w= 11 nsites= 1 E= 0
  0.140000	  0.450000	  0.230000	  0.180000	
  0.160000	  0.270000	  0.550000	  0.020000	
  0.000000	  0.919192	  0.040404	  0.040404	
  0.000000	  0.050000	  0.930000	  0.020000	
  0.040404	  0.939394	  0.000000	  0.020202	
  0.040404	  0.020202	  0.020202	  0.919192	
  0.080808	  0.000000	  0.858586	  0.060606	
  0.960000	  0.000000	  0.020000	  0.020000	
  0.040000	  0.040000	  0.920000	  0.000000	
  0.020000	  0.550000	  0.260000	  0.170000	
  0.151515	  0.323232	  0.242424	  0.282828	

URL http://cisbp.ccbr.utoronto.ca/TFreport.php?versionNumber=2.00&searchTF=T283708_2.00

MOTIF M08106_2.00 (7640)_(Arabidopsis_thaliana)_(DBD_0.76)

letter-probability matrix: alength= 4 w= 10 nsites= 1 E= 0
  0.271537	  0.139904	  0.126809	  0.461751	
  0.244659	  0.233632	  0.399035	  0.122674	
  0.015851	  0.042729	  0.933839	  0.007581	
  0.014473	  0.947622	  0.015162	  0.022743	
  0.024121	  0.004135	  0.958649	  0.013094	
  0.004824	  0.975190	  0.012405	  0.007581	
  0.000689	  0.948312	  0.000689	  0.050310	
  0.942798	  0.006892	  0.014473	  0.035837	
  0.395589	  0.237767	  0.083391	  0.283253	
  0.368711	  0.201930	  0.230186	  0.199173	

URL http://cisbp.ccbr.utoronto.ca/TFreport.php?versionNumber=2.00&searchTF=T173795_2.00

MOTIF M08108_2.00 (23476)_(Homo_sapiens)_(DBD_0.73)

letter-probability matrix: alength= 4 w= 11 nsites= 1 E= 0
  0.204783	  0.244644	  0.387145	  0.163428	
  0.131041	  0.340807	  0.468361	  0.059791	
  0.023916	  0.035376	  0.927753	  0.012955	
  0.013951	  0.939711	  0.010962	  0.035376	
  0.006976	  0.026906	  0.962631	  0.003488	
  0.017937	  0.039860	  0.929248	  0.012955	
  0.013453	  0.015944	  0.956153	  0.014449	
  0.924265	  0.011958	  0.048829	  0.014948	
  0.819631	  0.084704	  0.068261	  0.027404	
  0.231689	  0.322372	  0.322870	  0.123069	
  0.189836	  0.300947	  0.322870	  0.186348	

URL http://cisbp.ccbr.utoronto.ca/TFreport.php?versionNumber=2.00&searchTF=T173788_2.00

