MEME version 5.5.8 (Fri May 2 15:43:49 2025 -0700)

ALPHABET= ACGT

strands: + -

Background letter frequencies (from uniform background):
A 0.25000 C 0.25000 G 0.25000 T 0.25000 

MOTIF M03368_2.00 (GAG_AVIER)_(Homo_sapiens)_(DBD_0.94)

letter-probability matrix: alength= 4 w= 18 nsites= 1 E= 0
  0.294227	  0.116676	  0.368715	  0.220381	
  0.001721	  0.060626	  0.013700	  0.923953	
  0.025844	  0.058492	  0.910372	  0.005292	
  0.761142	  0.012691	  0.008863	  0.217304	
  0.006591	  0.993409	  0.000000	  0.000000	
  0.000442	  0.997921	  0.001150	  0.000487	
  0.000000	  0.090683	  0.001980	  0.907338	
  0.013478	  0.463913	  0.058810	  0.463798	
  0.852353	  0.017166	  0.125401	  0.005080	
  0.001888	  0.203752	  0.012919	  0.781442	
  0.485207	  0.177024	  0.324039	  0.013729	
  0.884804	  0.007956	  0.106918	  0.000323	
  0.000000	  0.000000	  0.997948	  0.002052	
  0.001134	  0.000680	  0.995238	  0.002948	
  0.178487	  0.015384	  0.013364	  0.792766	
  0.007338	  0.949921	  0.023345	  0.019397	
  0.951037	  0.002867	  0.042723	  0.003373	
  0.193581	  0.454859	  0.062191	  0.289370	

URL http://cisbp.ccbr.utoronto.ca/TFreport.php?versionNumber=2.00&searchTF=T306950_2.00

