MEME version 5.5.8 (Fri May 2 15:43:49 2025 -0700)

ALPHABET= ACGT

strands: + -

Background letter frequencies (from uniform background):
A 0.25000 C 0.25000 G 0.25000 T 0.25000 

MOTIF M00209_2.00 (BATDEDRAFT_7668)_(Mus_musculus)_(DBD_0.33)

letter-probability matrix: alength= 4 w= 8 nsites= 1 E= 0
  0.298569	  0.212512	  0.246904	  0.242015	
  0.319250	  0.175208	  0.266660	  0.238883	
  0.357639	  0.192390	  0.237347	  0.212624	
  0.679599	  0.055230	  0.056345	  0.208826	
  0.056853	  0.555835	  0.186881	  0.200431	
  0.931608	  0.011904	  0.000958	  0.055529	
  0.869014	  0.026242	  0.081236	  0.023508	
  0.183811	  0.059974	  0.047177	  0.709038	

URL http://cisbp.ccbr.utoronto.ca/TFreport.php?versionNumber=2.00&searchTF=T326511_2.00

MOTIF M01102_2.00 (BATDEDRAFT_35964)_(PBM_CONSTRUCTS)_(DBD_0.62)

letter-probability matrix: alength= 4 w= 8 nsites= 1 E= 0
  0.520400	  0.150739	  0.150739	  0.178122	
  0.168349	  0.386085	  0.237629	  0.207937	
  0.828862	  0.000085	  0.162423	  0.008630	
  0.000085	  0.999744	  0.000085	  0.000085	
  0.000085	  0.000085	  0.982656	  0.017174	
  0.008630	  0.957023	  0.000085	  0.034262	
  0.008630	  0.017174	  0.965567	  0.008630	
  0.562344	  0.150050	  0.000125	  0.287481	

URL http://cisbp.ccbr.utoronto.ca/TFreport.php?versionNumber=2.00&searchTF=T011695_2.00

MOTIF M01116_2.00 (BATDEDRAFT_6202)_(Neurospora_crassa)_(DBD_0.71)

letter-probability matrix: alength= 4 w= 9 nsites= 1 E= 0
  0.205969	  0.329549	  0.234563	  0.229919	
  0.099121	  0.747209	  0.074914	  0.078755	
  0.515605	  0.238732	  0.140519	  0.105145	
  0.048574	  0.775174	  0.033218	  0.143035	
  0.095708	  0.119260	  0.781571	  0.003460	
  0.013930	  0.001606	  0.036747	  0.947716	
  0.000984	  0.004545	  0.976584	  0.017887	
  0.493454	  0.273535	  0.122907	  0.110104	
  0.129898	  0.406160	  0.186186	  0.277757	

URL http://cisbp.ccbr.utoronto.ca/TFreport.php?versionNumber=2.00&searchTF=T030751_2.00

MOTIF M01169_2.00 BATDEDRAFT_9451

letter-probability matrix: alength= 4 w= 10 nsites= 1 E= 0
  0.280784	  0.227599	  0.283606	  0.208010	
  0.195848	  0.254001	  0.203840	  0.346311	
  0.241712	  0.212246	  0.256659	  0.289382	
  0.187449	  0.258141	  0.263356	  0.291054	
  0.289445	  0.022375	  0.618913	  0.069267	
  0.025503	  0.836126	  0.125058	  0.013314	
  0.000076	  0.999679	  0.000025	  0.000220	
  0.155197	  0.000084	  0.832721	  0.011998	
  0.000256	  0.676003	  0.023016	  0.300725	
  0.433439	  0.164309	  0.087510	  0.314741	

URL http://cisbp.ccbr.utoronto.ca/TFreport.php?versionNumber=2.00&searchTF=T080990_2.00

MOTIF M01229_2.00 BATDEDRAFT_37200

letter-probability matrix: alength= 4 w= 8 nsites= 1 E= 0
  0.313884	  0.227927	  0.225659	  0.232531	
  0.133785	  0.342486	  0.231882	  0.291847	
  0.598906	  0.189636	  0.034643	  0.176815	
  0.002051	  0.003591	  0.990731	  0.003627	
  0.995053	  0.000330	  0.000255	  0.004361	
  0.004538	  0.000652	  0.000169	  0.994641	
  0.005671	  0.977820	  0.000465	  0.016044	
  0.377145	  0.176378	  0.231049	  0.215428	

URL http://cisbp.ccbr.utoronto.ca/TFreport.php?versionNumber=2.00&searchTF=T191752_2.00

MOTIF M01444_2.00 BATDEDRAFT_27309

letter-probability matrix: alength= 4 w= 9 nsites= 1 E= 0
  0.071156	  0.776557	  0.023924	  0.128364	
  0.490785	  0.182364	  0.214007	  0.112844	
  0.057356	  0.522843	  0.132858	  0.286942	
  0.167041	  0.251700	  0.201994	  0.379266	
  0.000116	  0.000026	  0.999816	  0.000041	
  0.000152	  0.999785	  0.000024	  0.000039	
  0.022009	  0.926517	  0.024323	  0.027151	
  0.562534	  0.141521	  0.032866	  0.263078	
  0.032632	  0.833209	  0.012005	  0.122154	

URL http://cisbp.ccbr.utoronto.ca/TFreport.php?versionNumber=2.00&searchTF=T080964_2.00

MOTIF M01566_2.00 (BATDEDRAFT_89692)_(Saccharomyces_cerevisiae)_(DBD_0.52)

letter-probability matrix: alength= 4 w= 8 nsites= 1 E= 0
  0.270726	  0.299198	  0.159350	  0.270726	
  0.171103	  0.404343	  0.058690	  0.365865	
  0.701225	  0.048078	  0.204963	  0.045733	
  0.053179	  0.447494	  0.090348	  0.408979	
  0.407307	  0.049381	  0.055677	  0.487635	
  0.525518	  0.097943	  0.128302	  0.248237	
  0.510778	  0.094249	  0.117441	  0.277532	
  0.343791	  0.175921	  0.275898	  0.204391	

URL http://cisbp.ccbr.utoronto.ca/TFreport.php?versionNumber=2.00&searchTF=T326515_2.00

MOTIF M01567_2.00 (BATDEDRAFT_90475)_(Saccharomyces_cerevisiae)_(DBD_0.93)

letter-probability matrix: alength= 4 w= 7 nsites= 1 E= 0
  0.315311	  0.189343	  0.207174	  0.288172	
  0.345705	  0.141966	  0.211788	  0.300541	
  0.271982	  0.110580	  0.155359	  0.462079	
  0.583542	  0.000869	  0.110954	  0.304636	
  0.219565	  0.006434	  0.188981	  0.585020	
  0.934996	  0.000354	  0.051964	  0.012687	
  0.422777	  0.000471	  0.095282	  0.481470	

URL http://cisbp.ccbr.utoronto.ca/TFreport.php?versionNumber=2.00&searchTF=T342136_2.00

MOTIF M01653_2.00 (BATDEDRAFT_7498)_(Neurospora_crassa)_(DBD_0.51)

letter-probability matrix: alength= 4 w= 7 nsites= 1 E= 0
  0.254004	  0.178993	  0.339458	  0.227545	
  0.499602	  0.072516	  0.169662	  0.258220	
  0.016037	  0.958019	  0.002259	  0.023686	
  0.245680	  0.015395	  0.667829	  0.071096	
  0.003258	  0.983503	  0.000671	  0.012568	
  0.006852	  0.044015	  0.948168	  0.000965	
  0.221910	  0.228668	  0.179877	  0.369545	

URL http://cisbp.ccbr.utoronto.ca/TFreport.php?versionNumber=2.00&searchTF=T011697_2.00

MOTIF M01654_2.00 (BATDEDRAFT_35432)_(Neurospora_crassa)_(DBD_0.65)

letter-probability matrix: alength= 4 w= 9 nsites= 1 E= 0
  0.267934	  0.217183	  0.260016	  0.254867	
  0.253271	  0.236148	  0.207361	  0.303220	
  0.244019	  0.201794	  0.295080	  0.259108	
  0.555310	  0.001732	  0.212624	  0.230333	
  0.031649	  0.841093	  0.000193	  0.127065	
  0.319537	  0.007220	  0.669729	  0.003514	
  0.097180	  0.809624	  0.007005	  0.086191	
  0.054095	  0.015344	  0.871960	  0.058601	
  0.292764	  0.177570	  0.157491	  0.372176	

URL http://cisbp.ccbr.utoronto.ca/TFreport.php?versionNumber=2.00&searchTF=T011694_2.00

MOTIF M02067_2.00 (BATDEDRAFT_7426)_(Cryptococcus_neoformans)_(DBD_0.41)

letter-probability matrix: alength= 4 w= 8 nsites= 1 E= 0
  0.074139	  0.064883	  0.194465	  0.666512	
  0.051153	  0.182501	  0.000073	  0.766273	
  0.825349	  0.026906	  0.100711	  0.047034	
  0.979805	  0.000067	  0.006732	  0.013396	
  0.033391	  0.000067	  0.000067	  0.966476	
  0.067163	  0.060454	  0.033615	  0.838768	
  0.702983	  0.000078	  0.226570	  0.070369	
  0.055642	  0.177810	  0.144491	  0.622057	

URL http://cisbp.ccbr.utoronto.ca/TFreport.php?versionNumber=2.00&searchTF=T204553_2.00

MOTIF M02075_2.00 (BATDEDRAFT_27558)_(Ciona_intestinalis)_(DBD_0.42)

letter-probability matrix: alength= 4 w= 8 nsites= 1 E= 0
  0.038786	  0.000384	  0.038786	  0.922043	
  0.000333	  0.000333	  0.000333	  0.999001	
  0.580219	  0.000322	  0.000322	  0.419137	
  0.966817	  0.000322	  0.000322	  0.032539	
  0.000322	  0.258054	  0.000322	  0.741302	
  0.000322	  0.000322	  0.419137	  0.580219	
  0.832557	  0.000333	  0.166778	  0.000333	
  0.000499	  0.699102	  0.050399	  0.250000	

URL http://cisbp.ccbr.utoronto.ca/TFreport.php?versionNumber=2.00&searchTF=T204551_2.00

MOTIF M02283_2.00 (BATDEDRAFT_7506)_(Dictyostelium_discoideum)_(DBD_0.96)

letter-probability matrix: alength= 4 w= 10 nsites= 1 E= 0
  0.233777	  0.598464	  0.083460	  0.084299	
  0.030948	  0.562453	  0.044359	  0.362240	
  0.506429	  0.042836	  0.155615	  0.295120	
  0.524310	  0.062308	  0.043907	  0.369475	
  0.657133	  0.044163	  0.042009	  0.256695	
  0.290800	  0.112464	  0.066862	  0.529873	
  0.281986	  0.340992	  0.131875	  0.245147	
  0.228299	  0.247314	  0.296088	  0.228299	
  0.301159	  0.033037	  0.594451	  0.071353	
  0.207356	  0.056511	  0.520315	  0.215818	

URL http://cisbp.ccbr.utoronto.ca/TFreport.php?versionNumber=2.00&searchTF=T252948_2.00

MOTIF M02486_2.00 (BATDEDRAFT_7789)_(Arabidopsis_thaliana)_(DBD_0.48)

letter-probability matrix: alength= 4 w= 7 nsites= 1 E= 0
  0.240152	  0.206700	  0.235396	  0.317752	
  0.316441	  0.197776	  0.207917	  0.277866	
  0.348064	  0.230993	  0.178107	  0.242836	
  0.281022	  0.168752	  0.167073	  0.383152	
  0.176275	  0.412420	  0.066823	  0.344482	
  0.478649	  0.076782	  0.441849	  0.002721	
  0.255694	  0.168003	  0.260859	  0.315444	

URL http://cisbp.ccbr.utoronto.ca/TFreport.php?versionNumber=2.00&searchTF=T326512_2.00

MOTIF M02698_2.00 (BATDEDRAFT_35936)_(Arabidopsis_thaliana)_(DBD_0.89)

letter-probability matrix: alength= 4 w= 11 nsites= 1 E= 0
  0.140000	  0.450000	  0.230000	  0.180000	
  0.160000	  0.270000	  0.550000	  0.020000	
  0.000000	  0.919192	  0.040404	  0.040404	
  0.000000	  0.050000	  0.930000	  0.020000	
  0.040404	  0.939394	  0.000000	  0.020202	
  0.040404	  0.020202	  0.020202	  0.919192	
  0.080808	  0.000000	  0.858586	  0.060606	
  0.960000	  0.000000	  0.020000	  0.020000	
  0.040000	  0.040000	  0.920000	  0.000000	
  0.020000	  0.550000	  0.260000	  0.170000	
  0.151515	  0.323232	  0.242424	  0.282828	

URL http://cisbp.ccbr.utoronto.ca/TFreport.php?versionNumber=2.00&searchTF=T266615_2.00

MOTIF M06452_2.00 (BATDEDRAFT_7482)_(Drosophila_melanogaster)_(DBD_0.40)

letter-probability matrix: alength= 4 w= 8 nsites= 1 E= 0
  0.058824	  0.588235	  0.000000	  0.352941	
  0.000000	  0.611111	  0.000000	  0.388889	
  0.000000	  1.000000	  0.000000	  0.000000	
  1.000000	  0.000000	  0.000000	  0.000000	
  0.000000	  0.000000	  0.000000	  1.000000	
  0.000000	  0.000000	  0.000000	  1.000000	
  0.000000	  0.555556	  0.444444	  0.000000	
  1.000000	  0.000000	  0.000000	  0.000000	

URL http://cisbp.ccbr.utoronto.ca/TFreport.php?versionNumber=2.00&searchTF=T326510_2.00

