MEME version 5.5.8 (Fri May 2 15:43:49 2025 -0700)

ALPHABET= ACGT

strands: + -

Background letter frequencies (from uniform background):
A 0.25000 C 0.25000 G 0.25000 T 0.25000 

MOTIF M00051_2.00 (BAUCODRAFT_472800)_(Saccharomyces_cerevisiae)_(DBD_0.83)

letter-probability matrix: alength= 4 w= 8 nsites= 1 E= 0
  0.270248	  0.432235	  0.000270	  0.297246	
  0.000196	  0.000196	  0.999412	  0.000196	
  0.999424	  0.000192	  0.000192	  0.000192	
  0.000192	  0.000192	  0.000192	  0.999424	
  0.980208	  0.000192	  0.019408	  0.000192	
  0.940635	  0.000196	  0.000196	  0.058973	
  0.022934	  0.113760	  0.840372	  0.022934	
  0.344697	  0.241391	  0.241391	  0.172521	

URL http://cisbp.ccbr.utoronto.ca/TFreport.php?versionNumber=2.00&searchTF=T191758_2.00

MOTIF M00061_2.00 (BAUCODRAFT_43903)_(Saccharomyces_cerevisiae)_(DBD_0.61)

letter-probability matrix: alength= 4 w= 8 nsites= 1 E= 0
  0.726984	  0.045578	  0.075863	  0.151575	
  0.056906	  0.193208	  0.068264	  0.681622	
  0.064288	  0.064288	  0.871332	  0.000092	
  0.000090	  0.000090	  0.999730	  0.000090	
  0.000090	  0.972713	  0.027107	  0.000090	
  0.000090	  0.963707	  0.009096	  0.027107	
  0.586810	  0.119622	  0.293459	  0.000109	
  0.142918	  0.057253	  0.742576	  0.057253	

URL http://cisbp.ccbr.utoronto.ca/TFreport.php?versionNumber=2.00&searchTF=T239718_2.00

MOTIF M00066_2.00 (BAUCODRAFT_23427)_(Saccharomyces_cerevisiae)_(DBD_0.51)

letter-probability matrix: alength= 4 w= 10 nsites= 1 E= 0
  0.228304	  0.228304	  0.228304	  0.315088	
  0.119950	  0.353086	  0.407015	  0.119950	
  0.000130	  0.000130	  0.999610	  0.000130	
  0.000130	  0.000130	  0.000130	  0.999610	
  0.000130	  0.000130	  0.000130	  0.999610	
  0.086914	  0.000130	  0.912826	  0.000130	
  0.000130	  0.999610	  0.000130	  0.000130	
  0.000130	  0.437251	  0.000130	  0.562489	
  0.934522	  0.021826	  0.021826	  0.021826	
  0.130180	  0.304898	  0.261306	  0.303616	

URL http://cisbp.ccbr.utoronto.ca/TFreport.php?versionNumber=2.00&searchTF=T318019_2.00

MOTIF M00070_2.00 (BAUCODRAFT_72427)_(Saccharomyces_cerevisiae)_(DBD_0.49)

letter-probability matrix: alength= 4 w= 11 nsites= 1 E= 0
  0.268573	  0.272224	  0.178881	  0.280322	
  0.509793	  0.098806	  0.292595	  0.098806	
  0.848016	  0.050661	  0.050661	  0.050661	
  0.999893	  0.000036	  0.000036	  0.000036	
  0.000036	  0.903786	  0.000036	  0.096142	
  0.903786	  0.000036	  0.000036	  0.096142	
  0.999893	  0.000036	  0.000036	  0.000036	
  0.000036	  0.000036	  0.000036	  0.999893	
  0.591260	  0.071155	  0.071155	  0.266431	
  0.345743	  0.151230	  0.257625	  0.245401	
  0.199374	  0.199374	  0.199374	  0.401877	

URL http://cisbp.ccbr.utoronto.ca/TFreport.php?versionNumber=2.00&searchTF=T326521_2.00

MOTIF M00197_2.00 (BAUCODRAFT_67524)_(Mus_musculus)_(DBD_0.38)

letter-probability matrix: alength= 4 w= 8 nsites= 1 E= 0
  0.312219	  0.201080	  0.253079	  0.233622	
  0.315226	  0.161304	  0.285228	  0.238242	
  0.425231	  0.166107	  0.217594	  0.191068	
  0.602919	  0.043025	  0.029719	  0.324337	
  0.058211	  0.504755	  0.245690	  0.191344	
  0.971833	  0.016431	  0.000386	  0.011350	
  0.890196	  0.031232	  0.078370	  0.000202	
  0.180233	  0.052157	  0.044003	  0.723608	

URL http://cisbp.ccbr.utoronto.ca/TFreport.php?versionNumber=2.00&searchTF=T326520_2.00

MOTIF M01102_2.00 (BAUCODRAFT_30837)_(PBM_CONSTRUCTS)_(DBD_0.74)

letter-probability matrix: alength= 4 w= 8 nsites= 1 E= 0
  0.520400	  0.150739	  0.150739	  0.178122	
  0.168349	  0.386085	  0.237629	  0.207937	
  0.828862	  0.000085	  0.162423	  0.008630	
  0.000085	  0.999744	  0.000085	  0.000085	
  0.000085	  0.000085	  0.982656	  0.017174	
  0.008630	  0.957023	  0.000085	  0.034262	
  0.008630	  0.017174	  0.965567	  0.008630	
  0.562344	  0.150050	  0.000125	  0.287481	

URL http://cisbp.ccbr.utoronto.ca/TFreport.php?versionNumber=2.00&searchTF=T011698_2.00

MOTIF M01116_2.00 (BAUCODRAFT_69437)_(Neurospora_crassa)_(DBD_0.96)

letter-probability matrix: alength= 4 w= 9 nsites= 1 E= 0
  0.205969	  0.329549	  0.234563	  0.229919	
  0.099121	  0.747209	  0.074914	  0.078755	
  0.515605	  0.238732	  0.140519	  0.105145	
  0.048574	  0.775174	  0.033218	  0.143035	
  0.095708	  0.119260	  0.781571	  0.003460	
  0.013930	  0.001606	  0.036747	  0.947716	
  0.000984	  0.004545	  0.976584	  0.017887	
  0.493454	  0.273535	  0.122907	  0.110104	
  0.129898	  0.406160	  0.186186	  0.277757	

URL http://cisbp.ccbr.utoronto.ca/TFreport.php?versionNumber=2.00&searchTF=T030762_2.00

MOTIF M01137_2.00 (BAUCODRAFT_23289)_(Aspergillus_nidulans)_(DBD_0.70)

letter-probability matrix: alength= 4 w= 10 nsites= 1 E= 0
  0.082192	  0.159024	  0.560627	  0.198156	
  0.399052	  0.492301	  0.065306	  0.043341	
  0.000135	  0.000379	  0.036950	  0.962536	
  0.006288	  0.063346	  0.323312	  0.607054	
  0.936896	  0.000420	  0.054739	  0.007945	
  0.032096	  0.543875	  0.256908	  0.167121	
  0.203011	  0.121907	  0.293906	  0.381176	
  0.429329	  0.154814	  0.042616	  0.373241	
  0.724723	  0.092369	  0.090540	  0.092369	
  0.385035	  0.115970	  0.205067	  0.293928	

URL http://cisbp.ccbr.utoronto.ca/TFreport.php?versionNumber=2.00&searchTF=T056982_2.00

MOTIF M01147_2.00 (BAUCODRAFT_49676)_(Neurospora_crassa)_(DBD_0.88)

letter-probability matrix: alength= 4 w= 10 nsites= 1 E= 0
  0.256344	  0.201648	  0.261523	  0.280485	
  0.466416	  0.147685	  0.263770	  0.122129	
  0.056276	  0.045162	  0.000477	  0.898085	
  0.076513	  0.037995	  0.643848	  0.241643	
  0.796372	  0.031502	  0.085633	  0.086493	
  0.072044	  0.711432	  0.042832	  0.173691	
  0.178754	  0.047276	  0.689532	  0.084438	
  0.163925	  0.196254	  0.078997	  0.560825	
  0.373050	  0.284779	  0.165954	  0.176216	
  0.318316	  0.178225	  0.258022	  0.245438	

URL http://cisbp.ccbr.utoronto.ca/TFreport.php?versionNumber=2.00&searchTF=T056990_2.00

MOTIF M01152_2.00 (BAUCODRAFT_249790)_(Neurospora_crassa)_(DBD_0.73)

letter-probability matrix: alength= 4 w= 13 nsites= 1 E= 0
  0.207726	  0.207726	  0.207726	  0.376822	
  0.294504	  0.207726	  0.290044	  0.207726	
  0.207726	  0.294504	  0.207726	  0.290044	
  0.376822	  0.207726	  0.207726	  0.207726	
  0.135212	  0.044794	  0.127261	  0.692734	
  0.085480	  0.087943	  0.210705	  0.615872	
  0.909025	  0.000186	  0.000186	  0.090604	
  0.000186	  0.914149	  0.000186	  0.085480	
  0.784437	  0.042460	  0.130644	  0.042460	
  0.608725	  0.127754	  0.042460	  0.221062	
  0.790154	  0.042460	  0.042460	  0.124927	
  0.213111	  0.042460	  0.127754	  0.616676	
  0.293150	  0.296066	  0.205392	  0.205392	

URL http://cisbp.ccbr.utoronto.ca/TFreport.php?versionNumber=2.00&searchTF=T056983_2.00

MOTIF M01178_2.00 (BAUCODRAFT_119725)_(Histoplasma_capsulatum)_(DBD_0.86)

letter-probability matrix: alength= 4 w= 10 nsites= 1 E= 0
  0.416285	  0.183345	  0.380456	  0.019913	
  0.664279	  0.131460	  0.026808	  0.177452	
  0.000106	  0.000010	  0.010353	  0.989531	
  0.000620	  0.973878	  0.000190	  0.025312	
  0.016845	  0.966850	  0.016184	  0.000121	
  0.104347	  0.160408	  0.116480	  0.618764	
  0.257094	  0.157503	  0.216902	  0.368501	
  0.148690	  0.446689	  0.164328	  0.240294	
  0.250703	  0.271583	  0.266205	  0.211509	
  0.284612	  0.223884	  0.265370	  0.226134	

URL http://cisbp.ccbr.utoronto.ca/TFreport.php?versionNumber=2.00&searchTF=T080995_2.00

MOTIF M01186_2.00 (BAUCODRAFT_86213)_(Schizosaccharomyces_pombe)_(DBD_0.76)

letter-probability matrix: alength= 4 w= 10 nsites= 1 E= 0
  0.256395	  0.163485	  0.193779	  0.386341	
  0.391732	  0.188779	  0.204502	  0.214987	
  0.022499	  0.937723	  0.013111	  0.026668	
  0.007099	  0.880037	  0.004015	  0.108849	
  0.000048	  0.996330	  0.002545	  0.001077	
  0.006410	  0.990227	  0.000453	  0.002909	
  0.208754	  0.040494	  0.529089	  0.221663	
  0.056743	  0.896529	  0.002093	  0.044636	
  0.382669	  0.216409	  0.131259	  0.269663	
  0.165510	  0.379566	  0.141038	  0.313886	

URL http://cisbp.ccbr.utoronto.ca/TFreport.php?versionNumber=2.00&searchTF=T081028_2.00

MOTIF M01192_2.00 (BAUCODRAFT_28427)_(Neurospora_crassa)_(DBD_0.83)

letter-probability matrix: alength= 4 w= 8 nsites= 1 E= 0
  0.238098	  0.442125	  0.231298	  0.088479	
  0.005803	  0.971099	  0.005803	  0.017295	
  0.000055	  0.933916	  0.000055	  0.065975	
  0.000055	  0.988849	  0.000055	  0.011042	
  0.005548	  0.884476	  0.000055	  0.109921	
  0.022150	  0.016626	  0.011103	  0.950122	
  0.246270	  0.000075	  0.447702	  0.305953	
  0.547243	  0.042193	  0.147412	  0.263152	

URL http://cisbp.ccbr.utoronto.ca/TFreport.php?versionNumber=2.00&searchTF=T081010_2.00

MOTIF M01193_2.00 (BAUCODRAFT_35270)_(Neurospora_crassa)_(DBD_0.91)

letter-probability matrix: alength= 4 w= 10 nsites= 1 E= 0
  0.171974	  0.307153	  0.259134	  0.261738	
  0.176120	  0.141339	  0.539781	  0.142760	
  0.201468	  0.325587	  0.241201	  0.231743	
  0.242179	  0.354135	  0.186733	  0.216953	
  0.187486	  0.174811	  0.494579	  0.143123	
  0.781029	  0.071565	  0.138464	  0.008941	
  0.008899	  0.010236	  0.050195	  0.930671	
  0.046751	  0.849653	  0.086906	  0.016690	
  0.257316	  0.290123	  0.290123	  0.162439	
  0.191340	  0.312327	  0.250648	  0.245685	

URL http://cisbp.ccbr.utoronto.ca/TFreport.php?versionNumber=2.00&searchTF=T081013_2.00

MOTIF M01197_2.00 (BAUCODRAFT_560772)_(Neurospora_crassa)_(DBD_0.84)

letter-probability matrix: alength= 4 w= 10 nsites= 1 E= 0
  0.241450	  0.165118	  0.243876	  0.349555	
  0.110135	  0.208870	  0.433421	  0.247574	
  0.659888	  0.250152	  0.014615	  0.075344	
  0.038265	  0.013798	  0.920151	  0.027786	
  0.001083	  0.992144	  0.000154	  0.006618	
  0.003632	  0.992121	  0.004014	  0.000232	
  0.006058	  0.080756	  0.561960	  0.351226	
  0.012396	  0.960449	  0.000382	  0.026773	
  0.538639	  0.175747	  0.152787	  0.132827	
  0.262424	  0.254668	  0.162383	  0.320525	

URL http://cisbp.ccbr.utoronto.ca/TFreport.php?versionNumber=2.00&searchTF=T081019_2.00

MOTIF M01198_2.00 (BAUCODRAFT_41705)_(Neurospora_crassa)_(DBD_0.96)

letter-probability matrix: alength= 4 w= 8 nsites= 1 E= 0
  0.008032	  0.985829	  0.000534	  0.005604	
  0.000361	  0.758996	  0.000317	  0.240326	
  0.065429	  0.872155	  0.039290	  0.023126	
  0.000001	  0.999660	  0.000134	  0.000205	
  0.499172	  0.000032	  0.489288	  0.011507	
  0.139979	  0.376715	  0.252520	  0.230786	
  0.284498	  0.230610	  0.244870	  0.240021	
  0.280918	  0.298289	  0.261926	  0.158866	

URL http://cisbp.ccbr.utoronto.ca/TFreport.php?versionNumber=2.00&searchTF=T081016_2.00

MOTIF M01235_2.00 (BAUCODRAFT_64949)_(Neurospora_crassa)_(DBD_0.92)

letter-probability matrix: alength= 4 w= 11 nsites= 1 E= 0
  0.224507	  0.326478	  0.224507	  0.224507	
  0.203126	  0.299039	  0.391867	  0.105967	
  0.225223	  0.724938	  0.024920	  0.024920	
  0.000216	  0.000216	  0.999351	  0.000216	
  0.999351	  0.000216	  0.000216	  0.000216	
  0.000216	  0.000216	  0.000216	  0.999351	
  0.000216	  0.999351	  0.000216	  0.000216	
  0.000216	  0.000216	  0.897514	  0.102053	
  0.347248	  0.117812	  0.509230	  0.025709	
  0.144249	  0.144249	  0.144249	  0.567252	
  0.225297	  0.324110	  0.225297	  0.225297	

URL http://cisbp.ccbr.utoronto.ca/TFreport.php?versionNumber=2.00&searchTF=T191762_2.00

MOTIF M01236_2.00 (BAUCODRAFT_63884)_(Neurospora_crassa)_(DBD_0.86)

letter-probability matrix: alength= 4 w= 8 nsites= 1 E= 0
  0.349800	  0.449601	  0.100299	  0.100299	
  0.200067	  0.799268	  0.000333	  0.000333	
  0.000322	  0.000322	  0.999034	  0.000322	
  0.999064	  0.000312	  0.000312	  0.000312	
  0.000312	  0.000312	  0.000312	  0.999064	
  0.000312	  0.999064	  0.000312	  0.000312	
  0.000322	  0.000322	  0.805735	  0.193621	
  0.624376	  0.208403	  0.083611	  0.083611	

URL http://cisbp.ccbr.utoronto.ca/TFreport.php?versionNumber=2.00&searchTF=T191760_2.00

MOTIF M01237_2.00 (BAUCODRAFT_52987)_(Neurospora_crassa)_(DBD_0.87)

letter-probability matrix: alength= 4 w= 8 nsites= 1 E= 0
  0.227143	  0.251032	  0.238789	  0.283037	
  0.422687	  0.229667	  0.067130	  0.280516	
  0.086439	  0.059112	  0.811951	  0.042497	
  0.921225	  0.000266	  0.017214	  0.061295	
  0.095561	  0.028212	  0.030869	  0.845358	
  0.509100	  0.209065	  0.076911	  0.204925	
  0.563117	  0.107070	  0.130776	  0.199036	
  0.224323	  0.222091	  0.373563	  0.180023	

URL http://cisbp.ccbr.utoronto.ca/TFreport.php?versionNumber=2.00&searchTF=T191759_2.00

MOTIF M01340_2.00 (BAUCODRAFT_118684)_(Aspergillus_nidulans)_(DBD_0.59)

letter-probability matrix: alength= 4 w= 10 nsites= 1 E= 0
  0.046433	  0.869579	  0.021933	  0.062054	
  0.000057	  0.044343	  0.955224	  0.000376	
  0.019614	  0.061329	  0.903473	  0.015584	
  0.469129	  0.204564	  0.212912	  0.113395	
  0.236270	  0.166496	  0.448081	  0.149153	
  0.629100	  0.156693	  0.117248	  0.096959	
  0.171324	  0.370020	  0.255585	  0.203071	
  0.414654	  0.023276	  0.013429	  0.548641	
  0.265093	  0.022876	  0.026578	  0.685453	
  0.358183	  0.156185	  0.097616	  0.388015	

URL http://cisbp.ccbr.utoronto.ca/TFreport.php?versionNumber=2.00&searchTF=T359812_2.00

MOTIF M01343_2.00 (BAUCODRAFT_78015)_(Aspergillus_nidulans)_(DBD_0.71)

letter-probability matrix: alength= 4 w= 10 nsites= 1 E= 0
  0.311791	  0.213222	  0.255273	  0.219715	
  0.219752	  0.245305	  0.282168	  0.252775	
  0.152362	  0.471662	  0.101115	  0.274860	
  0.047096	  0.226375	  0.073127	  0.653402	
  0.008170	  0.973139	  0.013881	  0.004809	
  0.000595	  0.006364	  0.992893	  0.000148	
  0.012469	  0.093999	  0.271316	  0.622215	
  0.618934	  0.019453	  0.286575	  0.075038	
  0.270230	  0.125120	  0.026823	  0.577827	
  0.308082	  0.221487	  0.108893	  0.361538	

URL http://cisbp.ccbr.utoronto.ca/TFreport.php?versionNumber=2.00&searchTF=T359923_2.00

MOTIF M01390_2.00 (BAUCODRAFT_124270)_(Aspergillus_nidulans)_(DBD_0.54)

letter-probability matrix: alength= 4 w= 8 nsites= 1 E= 0
  0.190589	  0.380703	  0.380703	  0.048004	
  0.000277	  0.000277	  0.000277	  0.999168	
  0.000277	  0.999168	  0.000277	  0.000277	
  0.000277	  0.000277	  0.999168	  0.000277	
  0.000277	  0.139012	  0.860433	  0.000277	
  0.000277	  0.721698	  0.028024	  0.250000	
  0.200057	  0.000285	  0.000285	  0.799372	
  0.922043	  0.038786	  0.038786	  0.000384	

URL http://cisbp.ccbr.utoronto.ca/TFreport.php?versionNumber=2.00&searchTF=T359823_2.00

MOTIF M01415_2.00 (BAUCODRAFT_53895)_(Fusarium_graminearum)_(DBD_0.59)

letter-probability matrix: alength= 4 w= 10 nsites= 1 E= 0
  0.167650	  0.179806	  0.112379	  0.540166	
  0.007925	  0.972680	  0.000852	  0.018542	
  0.001793	  0.021196	  0.976358	  0.000653	
  0.005496	  0.007419	  0.986356	  0.000729	
  0.603347	  0.109125	  0.233339	  0.054190	
  0.277880	  0.124860	  0.353255	  0.244005	
  0.379353	  0.080517	  0.072130	  0.468000	
  0.161471	  0.023204	  0.015554	  0.799771	
  0.663974	  0.111971	  0.100308	  0.123747	
  0.326255	  0.201881	  0.283632	  0.188232	

URL http://cisbp.ccbr.utoronto.ca/TFreport.php?versionNumber=2.00&searchTF=T359900_2.00

MOTIF M01421_2.00 (BAUCODRAFT_63686)_(Neurospora_crassa)_(DBD_0.73)

letter-probability matrix: alength= 4 w= 8 nsites= 1 E= 0
  0.561185	  0.157959	  0.157959	  0.122896	
  0.154807	  0.678367	  0.071514	  0.095312	
  0.040902	  0.020502	  0.357099	  0.581497	
  0.000093	  0.953443	  0.046372	  0.000093	
  0.000092	  0.045946	  0.953870	  0.000092	
  0.000093	  0.990466	  0.009348	  0.000093	
  0.000093	  0.018604	  0.971955	  0.009348	
  0.690267	  0.154807	  0.083413	  0.071514	

URL http://cisbp.ccbr.utoronto.ca/TFreport.php?versionNumber=2.00&searchTF=T359908_2.00

MOTIF M01430_2.00 (BAUCODRAFT_39053)_(Neurospora_crassa)_(DBD_0.85)

letter-probability matrix: alength= 4 w= 10 nsites= 1 E= 0
  0.210147	  0.310819	  0.204562	  0.274472	
  0.011851	  0.070129	  0.011851	  0.906168	
  0.000012	  0.999964	  0.000012	  0.000012	
  0.000012	  0.884310	  0.000012	  0.115666	
  0.000012	  0.115666	  0.884310	  0.000012	
  0.000012	  0.999964	  0.000012	  0.000012	
  0.000012	  0.000012	  0.999964	  0.000012	
  0.000012	  0.000012	  0.999964	  0.000012	
  0.388247	  0.181144	  0.320143	  0.110467	
  0.238161	  0.238161	  0.285518	  0.238161	

URL http://cisbp.ccbr.utoronto.ca/TFreport.php?versionNumber=2.00&searchTF=T359873_2.00

MOTIF M01447_2.00 (BAUCODRAFT_123056)_(Histoplasma_capsulatum)_(DBD_0.98)

letter-probability matrix: alength= 4 w= 9 nsites= 1 E= 0
  0.206440	  0.219205	  0.194417	  0.379938	
  0.329746	  0.175620	  0.313665	  0.180969	
  0.027591	  0.802292	  0.067862	  0.102255	
  0.028927	  0.902134	  0.014080	  0.054859	
  0.003857	  0.992123	  0.003896	  0.000125	
  0.003073	  0.994949	  0.001921	  0.000057	
  0.000483	  0.013239	  0.000758	  0.985519	
  0.082078	  0.078859	  0.537896	  0.301167	
  0.408119	  0.104748	  0.344316	  0.142816	

URL http://cisbp.ccbr.utoronto.ca/TFreport.php?versionNumber=2.00&searchTF=T080998_2.00

MOTIF M01448_2.00 (BAUCODRAFT_67601)_(Histoplasma_capsulatum)_(DBD_0.92)

letter-probability matrix: alength= 4 w= 10 nsites= 1 E= 0
  0.199492	  0.067072	  0.668993	  0.064443	
  0.146539	  0.259120	  0.082871	  0.511470	
  0.121144	  0.778198	  0.044566	  0.056091	
  0.172916	  0.615729	  0.036701	  0.174654	
  0.154373	  0.033763	  0.720086	  0.091778	
  0.216730	  0.046930	  0.051865	  0.684475	
  0.010124	  0.014082	  0.948547	  0.027247	
  0.029134	  0.881758	  0.023616	  0.065491	
  0.232021	  0.078793	  0.501112	  0.188073	
  0.095693	  0.391955	  0.194639	  0.317713	

URL http://cisbp.ccbr.utoronto.ca/TFreport.php?versionNumber=2.00&searchTF=T081023_2.00

MOTIF M01474_2.00 (BAUCODRAFT_124151)_(Neurospora_crassa)_(DBD_0.96)

letter-probability matrix: alength= 4 w= 10 nsites= 1 E= 0
  0.182660	  0.313445	  0.223101	  0.280795	
  0.189292	  0.109212	  0.530218	  0.171278	
  0.198474	  0.320749	  0.212865	  0.267912	
  0.293861	  0.334657	  0.195021	  0.176462	
  0.157266	  0.177317	  0.548912	  0.116505	
  0.974295	  0.000972	  0.024088	  0.000645	
  0.003870	  0.000302	  0.000238	  0.995590	
  0.098639	  0.736176	  0.088364	  0.076820	
  0.302958	  0.276883	  0.250534	  0.169626	
  0.173810	  0.307342	  0.232284	  0.286564	

URL http://cisbp.ccbr.utoronto.ca/TFreport.php?versionNumber=2.00&searchTF=T080999_2.00

MOTIF M01536_2.00 (BAUCODRAFT_120448)_(Saccharomyces_cerevisiae)_(DBD_0.91)

letter-probability matrix: alength= 4 w= 8 nsites= 1 E= 0
  0.582226	  0.083887	  0.083887	  0.250000	
  0.187656	  0.000623	  0.000623	  0.811097	
  0.117958	  0.000587	  0.000587	  0.880869	
  0.000587	  0.000587	  0.000587	  0.998239	
  0.000587	  0.000587	  0.000587	  0.998239	
  0.000587	  0.000587	  0.000587	  0.998239	
  0.000587	  0.000587	  0.000587	  0.998239	
  0.000767	  0.690951	  0.077454	  0.230828	

URL http://cisbp.ccbr.utoronto.ca/TFreport.php?versionNumber=2.00&searchTF=T080997_2.00

MOTIF M01557_2.00 (BAUCODRAFT_25460)_(Saccharomyces_cerevisiae)_(DBD_0.73)

letter-probability matrix: alength= 4 w= 8 nsites= 1 E= 0
  0.009615	  0.009615	  0.009615	  0.971154	
  0.009615	  0.009615	  0.009615	  0.971154	
  0.971154	  0.009615	  0.009615	  0.009615	
  0.971154	  0.009615	  0.009615	  0.009615	
  0.009615	  0.009615	  0.009615	  0.971154	
  0.971154	  0.009615	  0.009615	  0.009615	
  0.971154	  0.009615	  0.009615	  0.009615	
  0.971154	  0.009615	  0.009615	  0.009615	

URL http://cisbp.ccbr.utoronto.ca/TFreport.php?versionNumber=2.00&searchTF=T252949_2.00

MOTIF M01567_2.00 (BAUCODRAFT_76816)_(Saccharomyces_cerevisiae)_(DBD_0.92)

letter-probability matrix: alength= 4 w= 7 nsites= 1 E= 0
  0.315311	  0.189343	  0.207174	  0.288172	
  0.345705	  0.141966	  0.211788	  0.300541	
  0.271982	  0.110580	  0.155359	  0.462079	
  0.583542	  0.000869	  0.110954	  0.304636	
  0.219565	  0.006434	  0.188981	  0.585020	
  0.934996	  0.000354	  0.051964	  0.012687	
  0.422777	  0.000471	  0.095282	  0.481470	

URL http://cisbp.ccbr.utoronto.ca/TFreport.php?versionNumber=2.00&searchTF=T342137_2.00

MOTIF M01652_2.00 (BAUCODRAFT_71613)_(Nectria_haematococca)_(DBD_0.94)

letter-probability matrix: alength= 4 w= 10 nsites= 1 E= 0
  0.282479	  0.173160	  0.181256	  0.363105	
  0.200768	  0.319145	  0.136963	  0.343123	
  0.492646	  0.261305	  0.149200	  0.096849	
  0.029691	  0.074764	  0.001569	  0.893977	
  0.120064	  0.011447	  0.815301	  0.053187	
  0.053187	  0.815301	  0.011447	  0.120064	
  0.893977	  0.001569	  0.074764	  0.029691	
  0.096849	  0.149200	  0.261305	  0.492646	
  0.343123	  0.136963	  0.319145	  0.200768	
  0.363105	  0.181256	  0.173160	  0.282479	

URL http://cisbp.ccbr.utoronto.ca/TFreport.php?versionNumber=2.00&searchTF=T011700_2.00

MOTIF M01669_2.00 (BAUCODRAFT_567336)_(Neurospora_crassa)_(DBD_0.74)

letter-probability matrix: alength= 4 w= 8 nsites= 1 E= 0
  0.327371	  0.206664	  0.278967	  0.186997	
  0.090243	  0.314980	  0.037808	  0.556969	
  0.768095	  0.014210	  0.120773	  0.096923	
  0.116745	  0.111051	  0.072966	  0.699238	
  0.248575	  0.418109	  0.163325	  0.169991	
  0.313613	  0.190216	  0.256765	  0.239406	
  0.283505	  0.241587	  0.275126	  0.199782	
  0.264086	  0.231893	  0.272129	  0.231893	

URL http://cisbp.ccbr.utoronto.ca/TFreport.php?versionNumber=2.00&searchTF=T014166_2.00

MOTIF M01764_2.00 (BAUCODRAFT_190174)_(Neurospora_crassa)_(DBD_0.86)

letter-probability matrix: alength= 4 w= 8 nsites= 1 E= 0
  0.155399	  0.605464	  0.085285	  0.153853	
  0.482785	  0.126415	  0.223536	  0.167264	
  0.050807	  0.711963	  0.000239	  0.236992	
  0.136010	  0.078471	  0.782682	  0.002837	
  0.112390	  0.135908	  0.000270	  0.751431	
  0.016247	  0.030505	  0.878218	  0.075030	
  0.336463	  0.336463	  0.136796	  0.190278	
  0.171491	  0.348812	  0.205312	  0.274385	

URL http://cisbp.ccbr.utoronto.ca/TFreport.php?versionNumber=2.00&searchTF=T030756_2.00

MOTIF M01790_2.00 (BAUCODRAFT_63784)_(Aspergillus_nidulans)_(DBD_0.78)

letter-probability matrix: alength= 4 w= 10 nsites= 1 E= 0
  0.154221	  0.132739	  0.506936	  0.206105	
  0.384330	  0.442085	  0.102668	  0.070916	
  0.058696	  0.013228	  0.037054	  0.891022	
  0.007506	  0.030745	  0.385962	  0.575787	
  0.911092	  0.000094	  0.061846	  0.026968	
  0.063690	  0.586417	  0.169700	  0.180193	
  0.278427	  0.160639	  0.196204	  0.364730	
  0.518034	  0.154476	  0.059742	  0.267747	
  0.729176	  0.086653	  0.088404	  0.095767	
  0.258065	  0.140220	  0.224351	  0.377364	

URL http://cisbp.ccbr.utoronto.ca/TFreport.php?versionNumber=2.00&searchTF=T056992_2.00

MOTIF M01829_2.00 (BAUCODRAFT_33466)_(Schizosaccharomyces_pombe)_(DBD_0.74)

letter-probability matrix: alength= 4 w= 10 nsites= 1 E= 0
  0.570600	  0.126453	  0.170367	  0.132581	
  0.195785	  0.086320	  0.008371	  0.709524	
  0.193607	  0.163160	  0.313589	  0.329644	
  0.494817	  0.042071	  0.276108	  0.187005	
  0.071217	  0.695225	  0.054727	  0.178831	
  0.178831	  0.054727	  0.695225	  0.071217	
  0.187005	  0.276108	  0.042071	  0.494817	
  0.329644	  0.313589	  0.163160	  0.193607	
  0.709524	  0.008371	  0.086320	  0.195785	
  0.132581	  0.170367	  0.126453	  0.570600	

URL http://cisbp.ccbr.utoronto.ca/TFreport.php?versionNumber=2.00&searchTF=T056987_2.00

MOTIF M01833_2.00 (BAUCODRAFT_62407)_(Neurospora_crassa)_(DBD_0.82)

letter-probability matrix: alength= 4 w= 8 nsites= 1 E= 0
  0.071937	  0.071937	  0.071937	  0.784188	
  0.945903	  0.000525	  0.053046	  0.000525	
  0.053046	  0.893382	  0.000525	  0.053046	
  0.000525	  0.053046	  0.945903	  0.000525	
  0.000525	  0.000525	  0.000525	  0.998424	
  0.893382	  0.053046	  0.000525	  0.053046	
  0.998424	  0.000525	  0.000525	  0.000525	
  0.077454	  0.154141	  0.077454	  0.690951	

URL http://cisbp.ccbr.utoronto.ca/TFreport.php?versionNumber=2.00&searchTF=T056991_2.00

MOTIF M01838_2.00 (BAUCODRAFT_269899)_(Neurospora_crassa)_(DBD_0.77)

letter-probability matrix: alength= 4 w= 10 nsites= 1 E= 0
  0.205745	  0.195711	  0.371161	  0.227383	
  0.348492	  0.331496	  0.141686	  0.178326	
  0.158625	  0.112904	  0.146429	  0.582042	
  0.129977	  0.140802	  0.261741	  0.467480	
  0.680697	  0.045291	  0.180029	  0.093983	
  0.046524	  0.572470	  0.141169	  0.239837	
  0.243006	  0.136059	  0.341411	  0.279524	
  0.305636	  0.191023	  0.151775	  0.351566	
  0.458175	  0.155594	  0.171958	  0.214273	
  0.354470	  0.165774	  0.217158	  0.262598	

URL http://cisbp.ccbr.utoronto.ca/TFreport.php?versionNumber=2.00&searchTF=T056984_2.00

MOTIF M01875_2.00 (BAUCODRAFT_80627)_(Neurospora_crassa)_(DBD_0.87)

letter-probability matrix: alength= 4 w= 10 nsites= 1 E= 0
  0.228420	  0.351141	  0.177894	  0.242545	
  0.217337	  0.230776	  0.167578	  0.384309	
  0.291251	  0.274290	  0.306184	  0.128276	
  0.407416	  0.487765	  0.020902	  0.083917	
  0.011307	  0.002171	  0.977890	  0.008631	
  0.003258	  0.993412	  0.000230	  0.003099	
  0.006106	  0.991595	  0.001681	  0.000618	
  0.794394	  0.076522	  0.038382	  0.090702	
  0.006716	  0.948091	  0.008797	  0.036396	
  0.558969	  0.132435	  0.173485	  0.135111	

URL http://cisbp.ccbr.utoronto.ca/TFreport.php?versionNumber=2.00&searchTF=T081026_2.00

MOTIF M01888_2.00 (BAUCODRAFT_67300)_(Neurospora_crassa)_(DBD_0.94)

letter-probability matrix: alength= 4 w= 10 nsites= 1 E= 0
  0.230330	  0.239730	  0.206338	  0.323602	
  0.349754	  0.229805	  0.261708	  0.158734	
  0.116537	  0.733778	  0.065904	  0.083781	
  0.048500	  0.899247	  0.042164	  0.010090	
  0.047304	  0.885891	  0.065798	  0.001007	
  0.034535	  0.964849	  0.000217	  0.000399	
  0.354320	  0.029970	  0.441510	  0.174199	
  0.018674	  0.979590	  0.000218	  0.001518	
  0.239927	  0.308073	  0.230520	  0.221481	
  0.227471	  0.295014	  0.207893	  0.269622	

URL http://cisbp.ccbr.utoronto.ca/TFreport.php?versionNumber=2.00&searchTF=T081021_2.00

MOTIF M01890_2.00 (BAUCODRAFT_130739)_(Neurospora_crassa)_(DBD_0.90)

letter-probability matrix: alength= 4 w= 9 nsites= 1 E= 0
  0.139493	  0.644202	  0.059028	  0.157278	
  0.296341	  0.087489	  0.081574	  0.534596	
  0.231240	  0.296918	  0.315279	  0.156563	
  0.456611	  0.443116	  0.004322	  0.095950	
  0.013386	  0.000000	  0.986535	  0.000079	
  0.000000	  0.999883	  0.000000	  0.000117	
  0.184719	  0.811461	  0.000402	  0.003417	
  0.462362	  0.136503	  0.094288	  0.306847	
  0.079462	  0.599012	  0.057701	  0.263824	

URL http://cisbp.ccbr.utoronto.ca/TFreport.php?versionNumber=2.00&searchTF=T081001_2.00

MOTIF M01892_2.00 (BAUCODRAFT_113280)_(Neurospora_crassa)_(DBD_0.74)

letter-probability matrix: alength= 4 w= 10 nsites= 1 E= 0
  0.278551	  0.219116	  0.237366	  0.264966	
  0.245793	  0.220190	  0.300212	  0.233805	
  0.283666	  0.269831	  0.199896	  0.246607	
  0.199424	  0.140532	  0.211756	  0.448288	
  0.136535	  0.014106	  0.801580	  0.047779	
  0.013255	  0.948033	  0.020997	  0.017715	
  0.017069	  0.979689	  0.001333	  0.001910	
  0.000212	  0.000053	  0.000032	  0.999703	
  0.286954	  0.088175	  0.225726	  0.399144	
  0.306440	  0.227016	  0.261131	  0.205413	

URL http://cisbp.ccbr.utoronto.ca/TFreport.php?versionNumber=2.00&searchTF=T080992_2.00

MOTIF M01898_2.00 (BAUCODRAFT_144230)_(Neurospora_crassa)_(DBD_0.71)

letter-probability matrix: alength= 4 w= 8 nsites= 1 E= 0
  0.077454	  0.230828	  0.000767	  0.690951	
  0.166851	  0.000554	  0.832040	  0.000554	
  0.000525	  0.000525	  0.000525	  0.998424	
  0.000525	  0.998424	  0.000525	  0.000525	
  0.998424	  0.000525	  0.000525	  0.000525	
  0.000525	  0.998424	  0.000525	  0.000525	
  0.945903	  0.000525	  0.053046	  0.000525	
  0.077454	  0.614264	  0.077454	  0.230828	

URL http://cisbp.ccbr.utoronto.ca/TFreport.php?versionNumber=2.00&searchTF=T161082_2.00

MOTIF M01992_2.00 (BAUCODRAFT_451965)_(Neurospora_crassa)_(DBD_0.77)

letter-probability matrix: alength= 4 w= 8 nsites= 1 E= 0
  0.570513	  0.071937	  0.356838	  0.000712	
  0.059272	  0.000587	  0.000587	  0.939554	
  0.939554	  0.059272	  0.000587	  0.000587	
  0.998239	  0.000587	  0.000587	  0.000587	
  0.998239	  0.000587	  0.000587	  0.000587	
  0.000587	  0.880869	  0.000587	  0.117958	
  0.998239	  0.000587	  0.000587	  0.000587	
  0.499004	  0.200199	  0.000996	  0.299801	

URL http://cisbp.ccbr.utoronto.ca/TFreport.php?versionNumber=2.00&searchTF=T184601_2.00

MOTIF M02016_2.00 (BAUCODRAFT_64704)_(Neurospora_crassa)_(DBD_0.94)

letter-probability matrix: alength= 4 w= 9 nsites= 1 E= 0
  0.238290	  0.282447	  0.248015	  0.231248	
  0.249185	  0.272652	  0.259355	  0.218808	
  0.236587	  0.439798	  0.109543	  0.214073	
  0.059758	  0.068055	  0.757717	  0.114470	
  0.902683	  0.000129	  0.000123	  0.097064	
  0.048477	  0.051992	  0.000705	  0.898826	
  0.141843	  0.359503	  0.271706	  0.226948	
  0.208434	  0.289925	  0.254582	  0.247058	
  0.248381	  0.255945	  0.266390	  0.229284	

URL http://cisbp.ccbr.utoronto.ca/TFreport.php?versionNumber=2.00&searchTF=T191761_2.00

MOTIF M02017_2.00 (BAUCODRAFT_35909)_(Neurospora_crassa)_(DBD_0.94)

letter-probability matrix: alength= 4 w= 8 nsites= 1 E= 0
  0.246114	  0.263959	  0.251086	  0.238840	
  0.289615	  0.264688	  0.175661	  0.270036	
  0.101067	  0.108395	  0.696303	  0.094234	
  0.794489	  0.034733	  0.044598	  0.126179	
  0.025614	  0.062373	  0.046671	  0.865343	
  0.449630	  0.160521	  0.097361	  0.292488	
  0.295846	  0.232721	  0.265029	  0.206405	
  0.224078	  0.276441	  0.282025	  0.217456	

URL http://cisbp.ccbr.utoronto.ca/TFreport.php?versionNumber=2.00&searchTF=T191757_2.00

MOTIF M02192_2.00 (BAUCODRAFT_212345)_(Saccharomyces_cerevisiae)_(DBD_0.47)

letter-probability matrix: alength= 4 w= 11 nsites= 1 E= 0
  0.309211	  0.230263	  0.230263	  0.230263	
  0.211231	  0.211231	  0.211231	  0.366308	
  0.232350	  0.153266	  0.229750	  0.384634	
  0.245065	  0.000142	  0.000142	  0.754652	
  0.000142	  0.076625	  0.642318	  0.280916	
  0.999575	  0.000142	  0.000142	  0.000142	
  0.000142	  0.923092	  0.000142	  0.076625	
  0.239040	  0.000142	  0.760677	  0.000142	
  0.019879	  0.103699	  0.096008	  0.780414	
  0.403506	  0.518672	  0.038911	  0.038911	
  0.457115	  0.096875	  0.096875	  0.349135	

URL http://cisbp.ccbr.utoronto.ca/TFreport.php?versionNumber=2.00&searchTF=T204556_2.00

MOTIF M02222_2.00 (BAUCODRAFT_29233)_(Neurospora_crassa)_(DBD_0.54)

letter-probability matrix: alength= 4 w= 10 nsites= 1 E= 0
  0.392386	  0.150242	  0.178083	  0.279289	
  0.355327	  0.133358	  0.265878	  0.245437	
  0.103509	  0.436880	  0.087327	  0.372284	
  0.084687	  0.719789	  0.008926	  0.186598	
  0.857968	  0.020585	  0.090429	  0.031018	
  0.996783	  0.000373	  0.000348	  0.002496	
  0.000266	  0.001851	  0.000165	  0.997719	
  0.916164	  0.015183	  0.020701	  0.047952	
  0.376638	  0.070196	  0.044759	  0.508408	
  0.376650	  0.050467	  0.048975	  0.523908	

URL http://cisbp.ccbr.utoronto.ca/TFreport.php?versionNumber=2.00&searchTF=T204558_2.00

MOTIF M02224_2.00 (BAUCODRAFT_120297)_(Neurospora_crassa)_(DBD_0.63)

letter-probability matrix: alength= 4 w= 10 nsites= 1 E= 0
  0.167595	  0.270847	  0.354799	  0.206759	
  0.228200	  0.217070	  0.273205	  0.281525	
  0.091943	  0.145644	  0.165863	  0.596550	
  0.426137	  0.024161	  0.029217	  0.520485	
  0.611844	  0.034004	  0.137893	  0.216259	
  0.965123	  0.001720	  0.027447	  0.005710	
  0.055823	  0.041355	  0.293593	  0.609229	
  0.147332	  0.064244	  0.247817	  0.540606	
  0.271480	  0.078562	  0.569004	  0.080955	
  0.162588	  0.293307	  0.399902	  0.144203	

URL http://cisbp.ccbr.utoronto.ca/TFreport.php?versionNumber=2.00&searchTF=T204555_2.00

MOTIF M02225_2.00 (BAUCODRAFT_46155)_(Neurospora_crassa)_(DBD_0.86)

letter-probability matrix: alength= 4 w= 8 nsites= 1 E= 0
  0.209810	  0.248689	  0.243765	  0.297735	
  0.169404	  0.268348	  0.296570	  0.265678	
  0.128561	  0.266774	  0.173539	  0.431126	
  0.418284	  0.236550	  0.131126	  0.214040	
  0.620568	  0.129106	  0.226022	  0.024304	
  0.203970	  0.136725	  0.099283	  0.560021	
  0.279320	  0.235653	  0.176330	  0.308697	
  0.292088	  0.158706	  0.150966	  0.398240	

URL http://cisbp.ccbr.utoronto.ca/TFreport.php?versionNumber=2.00&searchTF=T204559_2.00

MOTIF M02226_2.00 (BAUCODRAFT_27052)_(Neurospora_crassa)_(DBD_0.95)

letter-probability matrix: alength= 4 w= 8 nsites= 1 E= 0
  0.059048	  0.059048	  0.176557	  0.705347	
  0.061378	  0.142945	  0.000204	  0.795473	
  0.881857	  0.019788	  0.000196	  0.098158	
  0.941776	  0.038624	  0.000192	  0.019408	
  0.019408	  0.000192	  0.000192	  0.980208	
  0.699640	  0.040168	  0.000200	  0.259992	
  0.087098	  0.021937	  0.000217	  0.890747	
  0.884989	  0.057363	  0.057363	  0.000285	

URL http://cisbp.ccbr.utoronto.ca/TFreport.php?versionNumber=2.00&searchTF=T204557_2.00

MOTIF M02247_2.00 (BAUCODRAFT_33067)_(Aspergillus_nidulans)_(DBD_0.77)

letter-probability matrix: alength= 4 w= 10 nsites= 1 E= 0
  0.354631	  0.215094	  0.219440	  0.210835	
  0.330282	  0.212714	  0.202340	  0.254665	
  0.214610	  0.210361	  0.307608	  0.267421	
  0.286586	  0.236995	  0.241782	  0.234637	
  0.124300	  0.022037	  0.071001	  0.782662	
  0.089295	  0.000287	  0.037410	  0.873008	
  0.077635	  0.814050	  0.043468	  0.064846	
  0.032211	  0.433685	  0.153288	  0.380816	
  0.614435	  0.084835	  0.185064	  0.115666	
  0.161120	  0.302520	  0.140071	  0.396290	

URL http://cisbp.ccbr.utoronto.ca/TFreport.php?versionNumber=2.00&searchTF=T239717_2.00

MOTIF M02283_2.00 (BAUCODRAFT_562991)_(Dictyostelium_discoideum)_(DBD_0.92)

letter-probability matrix: alength= 4 w= 10 nsites= 1 E= 0
  0.233777	  0.598464	  0.083460	  0.084299	
  0.030948	  0.562453	  0.044359	  0.362240	
  0.506429	  0.042836	  0.155615	  0.295120	
  0.524310	  0.062308	  0.043907	  0.369475	
  0.657133	  0.044163	  0.042009	  0.256695	
  0.290800	  0.112464	  0.066862	  0.529873	
  0.281986	  0.340992	  0.131875	  0.245147	
  0.228299	  0.247314	  0.296088	  0.228299	
  0.301159	  0.033037	  0.594451	  0.071353	
  0.207356	  0.056511	  0.520315	  0.215818	

URL http://cisbp.ccbr.utoronto.ca/TFreport.php?versionNumber=2.00&searchTF=T252950_2.00

MOTIF M02344_2.00 (BAUCODRAFT_53101)_(Neurospora_crassa)_(DBD_0.81)

letter-probability matrix: alength= 4 w= 10 nsites= 1 E= 0
  0.336194	  0.172033	  0.275252	  0.216521	
  0.201571	  0.356431	  0.180574	  0.261423	
  0.208098	  0.139493	  0.482032	  0.170377	
  0.686377	  0.101639	  0.050980	  0.161004	
  0.718030	  0.003375	  0.051240	  0.227355	
  0.127876	  0.633374	  0.101602	  0.137148	
  0.204685	  0.270824	  0.242614	  0.281877	
  0.280560	  0.248834	  0.266877	  0.203728	
  0.226410	  0.268365	  0.228686	  0.276538	
  0.269857	  0.218742	  0.210165	  0.301236	

URL http://cisbp.ccbr.utoronto.ca/TFreport.php?versionNumber=2.00&searchTF=T266639_2.00

MOTIF M02345_2.00 (BAUCODRAFT_299844)_(Neurospora_crassa)_(DBD_0.77)

letter-probability matrix: alength= 4 w= 8 nsites= 1 E= 0
  0.640274	  0.022574	  0.067498	  0.269654	
  0.381311	  0.000085	  0.618519	  0.000085	
  0.008276	  0.991560	  0.000082	  0.000082	
  0.000082	  0.999754	  0.000082	  0.000082	
  0.000082	  0.999754	  0.000082	  0.000082	
  0.000083	  0.016606	  0.000083	  0.983229	
  0.782377	  0.043568	  0.163081	  0.010973	
  0.365006	  0.174651	  0.285692	  0.174651	

URL http://cisbp.ccbr.utoronto.ca/TFreport.php?versionNumber=2.00&searchTF=T266632_2.00

MOTIF M02491_2.00 (BAUCODRAFT_47482)_(Neurospora_crassa)_(DBD_0.57)

letter-probability matrix: alength= 4 w= 8 nsites= 1 E= 0
  0.001106	  0.222345	  0.001106	  0.775442	
  0.071937	  0.926638	  0.000712	  0.000712	
  0.071937	  0.000712	  0.000712	  0.926638	
  0.000712	  0.000712	  0.000712	  0.997863	
  0.000712	  0.000712	  0.000712	  0.997863	
  0.000712	  0.000712	  0.997863	  0.000712	
  0.000712	  0.000712	  0.000712	  0.997863	
  0.001106	  0.332965	  0.001106	  0.664823	

URL http://cisbp.ccbr.utoronto.ca/TFreport.php?versionNumber=2.00&searchTF=T326519_2.00

MOTIF M02572_2.00 (BAUCODRAFT_47223)_(Aspergillus_nidulans)_(DBD_0.90)

letter-probability matrix: alength= 4 w= 9 nsites= 1 E= 0
  0.232821	  0.330388	  0.194468	  0.242322	
  0.186413	  0.364295	  0.099282	  0.350011	
  0.001056	  0.996408	  0.000514	  0.002022	
  0.000139	  0.018702	  0.981032	  0.000127	
  0.010380	  0.000134	  0.972542	  0.016944	
  0.611424	  0.132395	  0.173433	  0.082747	
  0.459116	  0.080584	  0.095517	  0.364783	
  0.331537	  0.263418	  0.215668	  0.189377	
  0.238698	  0.263802	  0.236323	  0.261177	

URL http://cisbp.ccbr.utoronto.ca/TFreport.php?versionNumber=2.00&searchTF=T359892_2.00

MOTIF M02583_2.00 (BAUCODRAFT_197012)_(Neurospora_crassa)_(DBD_0.87)

letter-probability matrix: alength= 4 w= 9 nsites= 1 E= 0
  0.252609	  0.287678	  0.221815	  0.237898	
  0.236963	  0.275312	  0.177311	  0.310414	
  0.031474	  0.906110	  0.001521	  0.060896	
  0.000481	  0.065911	  0.932905	  0.000703	
  0.000889	  0.036332	  0.955939	  0.006839	
  0.300107	  0.359293	  0.213607	  0.126994	
  0.412944	  0.158113	  0.132067	  0.296875	
  0.274119	  0.260750	  0.224429	  0.240702	
  0.272398	  0.251455	  0.244024	  0.232123	

URL http://cisbp.ccbr.utoronto.ca/TFreport.php?versionNumber=2.00&searchTF=T359845_2.00

MOTIF M02586_2.00 (BAUCODRAFT_31811)_(Neurospora_crassa)_(DBD_0.80)

letter-probability matrix: alength= 4 w= 10 nsites= 1 E= 0
  0.222080	  0.312010	  0.215516	  0.250394	
  0.179820	  0.204784	  0.230893	  0.384504	
  0.000170	  0.999054	  0.000140	  0.000636	
  0.000258	  0.140556	  0.858858	  0.000328	
  0.020279	  0.043797	  0.897466	  0.038458	
  0.200633	  0.351242	  0.217343	  0.230782	
  0.341989	  0.183971	  0.158345	  0.315695	
  0.284005	  0.234861	  0.188480	  0.292654	
  0.321432	  0.183605	  0.207014	  0.287950	
  0.289567	  0.225515	  0.225515	  0.259404	

URL http://cisbp.ccbr.utoronto.ca/TFreport.php?versionNumber=2.00&searchTF=T359862_2.00

MOTIF M02588_2.00 (BAUCODRAFT_66299)_(Neurospora_crassa)_(DBD_0.93)

letter-probability matrix: alength= 4 w= 7 nsites= 1 E= 0
  0.255487	  0.235845	  0.217712	  0.290956	
  0.279181	  0.219611	  0.204764	  0.296444	
  0.260708	  0.255546	  0.240664	  0.243083	
  0.078304	  0.217152	  0.572835	  0.131709	
  0.000009	  0.909640	  0.000060	  0.090292	
  0.006687	  0.000533	  0.992488	  0.000292	
  0.188275	  0.423224	  0.184546	  0.203955	

URL http://cisbp.ccbr.utoronto.ca/TFreport.php?versionNumber=2.00&searchTF=T359910_2.00

MOTIF M02594_2.00 (BAUCODRAFT_70890)_(Neurospora_crassa)_(DBD_0.72)

letter-probability matrix: alength= 4 w= 10 nsites= 1 E= 0
  0.206456	  0.295411	  0.291677	  0.206456	
  0.031062	  0.814370	  0.123507	  0.031062	
  0.000122	  0.092567	  0.907189	  0.000122	
  0.000122	  0.907189	  0.092567	  0.000122	
  0.000122	  0.000122	  0.999634	  0.000122	
  0.000122	  0.687140	  0.312616	  0.000122	
  0.000122	  0.217220	  0.189712	  0.592947	
  0.470010	  0.189712	  0.000122	  0.340157	
  0.764634	  0.043666	  0.148034	  0.043666	
  0.342819	  0.219060	  0.219060	  0.219060	

URL http://cisbp.ccbr.utoronto.ca/TFreport.php?versionNumber=2.00&searchTF=T359914_2.00

MOTIF M02596_2.00 (BAUCODRAFT_58822)_(Neurospora_crassa)_(DBD_0.76)

letter-probability matrix: alength= 4 w= 10 nsites= 1 E= 0
  0.255063	  0.237819	  0.287583	  0.219535	
  0.268046	  0.230709	  0.281788	  0.219457	
  0.218896	  0.262066	  0.304477	  0.214561	
  0.316902	  0.202065	  0.329835	  0.151198	
  0.199621	  0.241391	  0.123522	  0.435467	
  0.035062	  0.895261	  0.054988	  0.014689	
  0.009491	  0.177752	  0.812722	  0.000035	
  0.003896	  0.064714	  0.906857	  0.024532	
  0.235334	  0.262698	  0.293245	  0.208723	
  0.274648	  0.207575	  0.367047	  0.150730	

URL http://cisbp.ccbr.utoronto.ca/TFreport.php?versionNumber=2.00&searchTF=T359904_2.00

MOTIF M02606_2.00 (BAUCODRAFT_346869)_(Neurospora_crassa)_(DBD_0.70)

letter-probability matrix: alength= 4 w= 10 nsites= 1 E= 0
  0.265673	  0.260413	  0.228667	  0.245247	
  0.234009	  0.280160	  0.153755	  0.332075	
  0.051850	  0.887455	  0.014708	  0.045987	
  0.000227	  0.154190	  0.835627	  0.009956	
  0.024604	  0.036705	  0.937224	  0.001467	
  0.483959	  0.187167	  0.224079	  0.104794	
  0.349956	  0.173783	  0.239321	  0.236940	
  0.255909	  0.269030	  0.203328	  0.271733	
  0.342288	  0.195518	  0.203497	  0.258696	
