MEME version 5.5.8 (Fri May 2 15:43:49 2025 -0700)

ALPHABET= ACGT

strands: + -

Background letter frequencies (from uniform background):
A 0.25000 C 0.25000 G 0.25000 T 0.25000 

MOTIF M00160_2.00 (BGIBMGA014268)_(Mus_musculus)_(DBD_0.72)

letter-probability matrix: alength= 4 w= 10 nsites= 1 E= 0
  0.272342	  0.213287	  0.238265	  0.276106	
  0.383328	  0.071216	  0.521888	  0.023568	
  0.117428	  0.105265	  0.021002	  0.756305	
  0.834939	  0.152266	  0.000007	  0.012788	
  0.908292	  0.059096	  0.002967	  0.029645	
  0.977393	  0.014489	  0.001628	  0.006490	
  0.001282	  0.843632	  0.000001	  0.155085	
  0.965165	  0.012083	  0.006831	  0.015922	
  0.479654	  0.164189	  0.114694	  0.241463	
  0.417043	  0.185221	  0.142285	  0.255451	

URL http://cisbp.ccbr.utoronto.ca/TFreport.php?versionNumber=2.00&searchTF=T184637_2.00

MOTIF M00161_2.00 (BGIBMGA005669)_(Mus_musculus)_(DBD_0.68)

letter-probability matrix: alength= 4 w= 12 nsites= 1 E= 0
  0.394926	  0.201691	  0.201691	  0.201691	
  0.357836	  0.147163	  0.347838	  0.147163	
  0.159006	  0.172368	  0.068783	  0.599842	
  0.841382	  0.113021	  0.022798	  0.022798	
  0.999531	  0.000156	  0.000156	  0.000156	
  0.999531	  0.000156	  0.000156	  0.000156	
  0.000156	  0.999531	  0.000156	  0.000156	
  0.999531	  0.000156	  0.000156	  0.000156	
  0.854605	  0.048465	  0.048465	  0.048465	
  0.691020	  0.102993	  0.102993	  0.102993	
  0.181373	  0.360053	  0.181373	  0.277201	
  0.317926	  0.227358	  0.227358	  0.227358	

URL http://cisbp.ccbr.utoronto.ca/TFreport.php?versionNumber=2.00&searchTF=T184629_2.00

MOTIF M00195_2.00 (BGIBMGA010263)_(Mus_musculus)_(DBD_0.84)

letter-probability matrix: alength= 4 w= 10 nsites= 1 E= 0
  0.279067	  0.181426	  0.181426	  0.358081	
  0.289551	  0.189085	  0.212315	  0.309049	
  0.000105	  0.000105	  0.000105	  0.999685	
  0.000105	  0.000105	  0.999685	  0.000105	
  0.000105	  0.999685	  0.000105	  0.000105	
  0.000105	  0.000105	  0.000105	  0.999685	
  0.000105	  0.000105	  0.999685	  0.000105	
  0.999685	  0.000105	  0.000105	  0.000105	
  0.068679	  0.613130	  0.162332	  0.155859	
  0.241038	  0.147190	  0.147190	  0.464583	

URL http://cisbp.ccbr.utoronto.ca/TFreport.php?versionNumber=2.00&searchTF=T326578_2.00

MOTIF M00197_2.00 (BGIBMGA011668)_(Mus_musculus)_(DBD_0.68)

letter-probability matrix: alength= 4 w= 8 nsites= 1 E= 0
  0.312219	  0.201080	  0.253079	  0.233622	
  0.315226	  0.161304	  0.285228	  0.238242	
  0.425231	  0.166107	  0.217594	  0.191068	
  0.602919	  0.043025	  0.029719	  0.324337	
  0.058211	  0.504755	  0.245690	  0.191344	
  0.971833	  0.016431	  0.000386	  0.011350	
  0.890196	  0.031232	  0.078370	  0.000202	
  0.180233	  0.052157	  0.044003	  0.723608	

URL http://cisbp.ccbr.utoronto.ca/TFreport.php?versionNumber=2.00&searchTF=T326581_2.00

MOTIF M00264_2.00 (BGIBMGA004601)_(Homo_sapiens)_(DBD_0.88)

letter-probability matrix: alength= 4 w= 9 nsites= 1 E= 0
  0.233408	  0.265811	  0.293767	  0.207014	
  0.218699	  0.307260	  0.229912	  0.244129	
  0.170035	  0.133754	  0.053303	  0.642908	
  0.615562	  0.090246	  0.171149	  0.123043	
  0.889185	  0.026584	  0.061578	  0.022653	
  0.050885	  0.155955	  0.072935	  0.720226	
  0.195427	  0.193483	  0.209597	  0.401492	
  0.262679	  0.206630	  0.324061	  0.206630	
  0.264075	  0.227292	  0.322542	  0.186091	

URL http://cisbp.ccbr.utoronto.ca/TFreport.php?versionNumber=2.00&searchTF=T204602_2.00

MOTIF M00417_2.00 (BGIBMGA013948)_(Mus_musculus)_(DBD_1.00)

letter-probability matrix: alength= 4 w= 8 nsites= 1 E= 0
  0.281218	  0.216834	  0.307701	  0.194247	
  0.129122	  0.376440	  0.129122	  0.365315	
  0.165282	  0.184501	  0.049782	  0.600435	
  0.689510	  0.110607	  0.091467	  0.108417	
  0.925332	  0.042528	  0.028507	  0.003633	
  0.103670	  0.106828	  0.082370	  0.707132	
  0.155855	  0.155855	  0.181078	  0.507211	
  0.479837	  0.103902	  0.258126	  0.158135	

URL http://cisbp.ccbr.utoronto.ca/TFreport.php?versionNumber=2.00&searchTF=T204666_2.00

MOTIF M00431_2.00 (BGIBMGA007917)_(Mus_musculus)_(DBD_0.88)

letter-probability matrix: alength= 4 w= 8 nsites= 1 E= 0
  0.097409	  0.113174	  0.032751	  0.756666	
  0.789979	  0.041763	  0.110168	  0.058091	
  0.961786	  0.000398	  0.018152	  0.019664	
  0.015867	  0.053209	  0.038253	  0.892672	
  0.109607	  0.104261	  0.116385	  0.669747	
  0.466764	  0.086127	  0.316026	  0.131082	
  0.311503	  0.148622	  0.408058	  0.131816	
  0.205307	  0.309360	  0.213686	  0.271648	

URL http://cisbp.ccbr.utoronto.ca/TFreport.php?versionNumber=2.00&searchTF=T204628_2.00

MOTIF M00446_2.00 (BGIBMGA006397)_(Mus_musculus)_(DBD_0.53)

letter-probability matrix: alength= 4 w= 8 nsites= 1 E= 0
  0.207406	  0.312522	  0.197290	  0.282782	
  0.212544	  0.078190	  0.070750	  0.638516	
  0.637557	  0.086284	  0.186353	  0.089805	
  0.761956	  0.050194	  0.052767	  0.135083	
  0.078717	  0.160109	  0.131087	  0.630087	
  0.157976	  0.172853	  0.344620	  0.324551	
  0.338739	  0.140503	  0.342143	  0.178615	
  0.200480	  0.314415	  0.267927	  0.217177	

URL http://cisbp.ccbr.utoronto.ca/TFreport.php?versionNumber=2.00&searchTF=T204614_2.00

MOTIF M00458_2.00 (BGIBMGA013872)_(Mus_musculus)_(DBD_1.00)

letter-probability matrix: alength= 4 w= 7 nsites= 1 E= 0
  0.207112	  0.268610	  0.252968	  0.271310	
  0.229210	  0.070431	  0.130927	  0.569432	
  0.521448	  0.073450	  0.236656	  0.168445	
  0.627941	  0.108034	  0.128053	  0.135972	
  0.172464	  0.088251	  0.270478	  0.468806	
  0.209059	  0.140136	  0.302661	  0.348144	
  0.255000	  0.139947	  0.428917	  0.176137	

URL http://cisbp.ccbr.utoronto.ca/TFreport.php?versionNumber=2.00&searchTF=T204662_2.00

MOTIF M00468_2.00 (BGIBMGA011254)_(Mus_musculus)_(DBD_0.83)

letter-probability matrix: alength= 4 w= 10 nsites= 1 E= 0
  0.273727	  0.219671	  0.235599	  0.271003	
  0.251042	  0.222654	  0.246071	  0.280233	
  0.174794	  0.193177	  0.137498	  0.494531	
  0.074726	  0.046704	  0.815526	  0.063044	
  0.715968	  0.000627	  0.187473	  0.095932	
  0.054401	  0.876887	  0.000243	  0.068469	
  0.623674	  0.022774	  0.283051	  0.070501	
  0.161831	  0.182463	  0.414283	  0.241423	
  0.204355	  0.287109	  0.314147	  0.194389	
  0.205527	  0.274673	  0.197469	  0.322331	

URL http://cisbp.ccbr.utoronto.ca/TFreport.php?versionNumber=2.00&searchTF=T204654_2.00

MOTIF M00476_2.00 (BGIBMGA006392)_(Mus_musculus)_(DBD_1.00)

letter-probability matrix: alength= 4 w= 9 nsites= 1 E= 0
  0.219817	  0.202917	  0.222026	  0.355240	
  0.214850	  0.129017	  0.132946	  0.523188	
  0.513373	  0.061621	  0.131763	  0.293243	
  0.787783	  0.015788	  0.077418	  0.119012	
  0.061583	  0.194490	  0.104625	  0.639303	
  0.168088	  0.140399	  0.363030	  0.328483	
  0.320844	  0.119218	  0.380298	  0.179640	
  0.183628	  0.344782	  0.238153	  0.233437	
  0.224687	  0.297291	  0.224687	  0.253334	

URL http://cisbp.ccbr.utoronto.ca/TFreport.php?versionNumber=2.00&searchTF=T204611_2.00

MOTIF M00483_2.00 (BGIBMGA011285)_(Mus_musculus)_(DBD_0.96)

letter-probability matrix: alength= 4 w= 7 nsites= 1 E= 0
  0.247356	  0.242458	  0.265291	  0.244895	
  0.187686	  0.245862	  0.203318	  0.363134	
  0.206531	  0.145540	  0.437226	  0.210703	
  0.818609	  0.111900	  0.033704	  0.035788	
  0.126658	  0.170970	  0.099632	  0.602740	
  0.539508	  0.337193	  0.043409	  0.079890	
  0.146793	  0.419484	  0.179294	  0.254430	

URL http://cisbp.ccbr.utoronto.ca/TFreport.php?versionNumber=2.00&searchTF=T204655_2.00

MOTIF M00485_2.00 (BGIBMGA008482)_(Mus_musculus)_(DBD_0.91)

letter-probability matrix: alength= 4 w= 7 nsites= 1 E= 0
  0.187295	  0.271153	  0.247815	  0.293737	
  0.250771	  0.201249	  0.229188	  0.318793	
  0.296001	  0.169078	  0.244781	  0.290140	
  0.718437	  0.000173	  0.207904	  0.073485	
  0.249149	  0.003519	  0.152635	  0.594697	
  0.242601	  0.126649	  0.230769	  0.399981	
  0.470117	  0.042224	  0.321495	  0.166165	

URL http://cisbp.ccbr.utoronto.ca/TFreport.php?versionNumber=2.00&searchTF=T204632_2.00

MOTIF M00504_2.00 (BGIBMGA006395)_(Mus_musculus)_(DBD_0.88)

letter-probability matrix: alength= 4 w= 9 nsites= 1 E= 0
  0.187953	  0.312996	  0.166699	  0.332351	
  0.123462	  0.059498	  0.023949	  0.793091	
  0.836264	  0.023546	  0.099379	  0.040811	
  0.958798	  0.008548	  0.007734	  0.024920	
  0.020845	  0.118761	  0.058388	  0.802005	
  0.122114	  0.113858	  0.421979	  0.342049	
  0.445655	  0.068686	  0.354088	  0.131571	
  0.186220	  0.326010	  0.277808	  0.209962	
  0.215548	  0.296837	  0.224345	  0.263271	

URL http://cisbp.ccbr.utoronto.ca/TFreport.php?versionNumber=2.00&searchTF=T204613_2.00

MOTIF M00506_2.00 (BGIBMGA010706)_(Mus_musculus)_(DBD_0.91)

letter-probability matrix: alength= 4 w= 9 nsites= 1 E= 0
  0.222072	  0.252902	  0.183644	  0.341382	
  0.190880	  0.144264	  0.176205	  0.488650	
  0.671910	  0.026579	  0.219231	  0.082280	
  0.946942	  0.002124	  0.008275	  0.042659	
  0.048899	  0.017112	  0.727602	  0.206387	
  0.181881	  0.050066	  0.158119	  0.609934	
  0.334214	  0.016976	  0.579278	  0.069532	
  0.135232	  0.297969	  0.339336	  0.227464	
  0.208040	  0.278030	  0.218707	  0.295223	

URL http://cisbp.ccbr.utoronto.ca/TFreport.php?versionNumber=2.00&searchTF=T204648_2.00

MOTIF M00531_2.00 (BGIBMGA006478)_(Mus_musculus)_(DBD_0.65)

letter-probability matrix: alength= 4 w= 8 nsites= 1 E= 0
  0.197705	  0.297905	  0.188063	  0.316327	
  0.149881	  0.075932	  0.046518	  0.727668	
  0.769845	  0.044088	  0.131130	  0.054937	
  0.865682	  0.028037	  0.030070	  0.076212	
  0.059224	  0.157799	  0.096672	  0.686305	
  0.154873	  0.134640	  0.362348	  0.348140	
  0.399402	  0.099481	  0.340348	  0.160769	
  0.198563	  0.308310	  0.260111	  0.233016	

URL http://cisbp.ccbr.utoronto.ca/TFreport.php?versionNumber=2.00&searchTF=T204617_2.00

MOTIF M00554_2.00 (BGIBMGA006385)_(Drosophila_melanogaster)_(DBD_0.98)

letter-probability matrix: alength= 4 w= 10 nsites= 1 E= 0
  0.251496	  0.177226	  0.199822	  0.371455	
  0.148997	  0.073254	  0.136173	  0.641576	
  0.122081	  0.052704	  0.056525	  0.768690	
  0.381649	  0.037883	  0.070422	  0.510046	
  0.882245	  0.000299	  0.060489	  0.056967	
  0.048121	  0.268735	  0.096905	  0.586239	
  0.165526	  0.087281	  0.407129	  0.340063	
  0.403411	  0.084771	  0.354234	  0.157584	
  0.125944	  0.405791	  0.231791	  0.236474	
  0.189990	  0.335953	  0.201738	  0.272318	

URL http://cisbp.ccbr.utoronto.ca/TFreport.php?versionNumber=2.00&searchTF=T204608_2.00

MOTIF M00555_2.00 (BGIBMGA010695)_(Drosophila_melanogaster)_(DBD_0.98)

letter-probability matrix: alength= 4 w= 8 nsites= 1 E= 0
  0.102338	  0.069985	  0.032730	  0.794948	
  0.792313	  0.045831	  0.074066	  0.087791	
  0.951444	  0.000214	  0.021285	  0.027058	
  0.034616	  0.020995	  0.051640	  0.892749	
  0.077589	  0.068130	  0.095720	  0.758561	
  0.350452	  0.037684	  0.507361	  0.104504	
  0.214873	  0.273157	  0.327028	  0.184943	
  0.211851	  0.274755	  0.209743	  0.303652	

URL http://cisbp.ccbr.utoronto.ca/TFreport.php?versionNumber=2.00&searchTF=T204646_2.00

MOTIF M00556_2.00 (BGIBMGA006484)_(Drosophila_melanogaster)_(DBD_0.53)

letter-probability matrix: alength= 4 w= 10 nsites= 1 E= 0
  0.225403	  0.225403	  0.323790	  0.225403	
  0.125576	  0.231347	  0.418331	  0.224745	
  0.000115	  0.000115	  0.000115	  0.999655	
  0.999655	  0.000115	  0.000115	  0.000115	
  0.999655	  0.000115	  0.000115	  0.000115	
  0.000115	  0.000115	  0.000115	  0.999655	
  0.000115	  0.000115	  0.000115	  0.999655	
  0.999655	  0.000115	  0.000115	  0.000115	
  0.322805	  0.120694	  0.531790	  0.024712	
  0.219817	  0.229876	  0.223708	  0.326600	

URL http://cisbp.ccbr.utoronto.ca/TFreport.php?versionNumber=2.00&searchTF=T204623_2.00

MOTIF M00557_2.00 (BGIBMGA010833)_(Drosophila_melanogaster)_(DBD_1.00)

letter-probability matrix: alength= 4 w= 9 nsites= 1 E= 0
  0.243483	  0.258539	  0.306448	  0.191530	
  0.206850	  0.317982	  0.181634	  0.293534	
  0.110856	  0.033389	  0.011684	  0.844070	
  0.894610	  0.051233	  0.053860	  0.000297	
  0.947543	  0.000984	  0.023427	  0.028047	
  0.139344	  0.033346	  0.087090	  0.740219	
  0.192569	  0.124022	  0.232864	  0.450544	
  0.357775	  0.064709	  0.468673	  0.108843	
  0.187431	  0.305947	  0.291025	  0.215597	

URL http://cisbp.ccbr.utoronto.ca/TFreport.php?versionNumber=2.00&searchTF=T204651_2.00

MOTIF M00558_2.00 (BGIBMGA006390)_(Drosophila_melanogaster)_(DBD_1.00)

letter-probability matrix: alength= 4 w= 9 nsites= 1 E= 0
  0.217791	  0.178312	  0.203067	  0.400830	
  0.182540	  0.115234	  0.102204	  0.600023	
  0.599068	  0.030126	  0.087827	  0.282979	
  0.818970	  0.020864	  0.080483	  0.079682	
  0.075605	  0.178667	  0.083557	  0.662171	
  0.132125	  0.112590	  0.370091	  0.385195	
  0.393154	  0.095986	  0.355740	  0.155120	
  0.161580	  0.381840	  0.236276	  0.220303	
  0.218514	  0.319529	  0.197719	  0.264238	

URL http://cisbp.ccbr.utoronto.ca/TFreport.php?versionNumber=2.00&searchTF=T204610_2.00

MOTIF M00559_2.00 (BGIBMGA010704)_(Drosophila_melanogaster)_(DBD_0.75)

letter-probability matrix: alength= 4 w= 11 nsites= 1 E= 0
  0.178082	  0.365928	  0.178082	  0.277909	
  0.199231	  0.098875	  0.098875	  0.603018	
  0.026064	  0.331412	  0.026064	  0.616459	
  0.999569	  0.000144	  0.000144	  0.000144	
  0.999569	  0.000144	  0.000144	  0.000144	
  0.000144	  0.000144	  0.999569	  0.000144	
  0.000144	  0.000144	  0.000144	  0.999569	
  0.103827	  0.000144	  0.895886	  0.000144	
  0.072062	  0.175745	  0.680131	  0.072062	
  0.247437	  0.248030	  0.151268	  0.353265	
  0.224079	  0.224079	  0.224079	  0.327762	

URL http://cisbp.ccbr.utoronto.ca/TFreport.php?versionNumber=2.00&searchTF=T204647_2.00

MOTIF M00563_2.00 (BGIBMGA000091)_(Drosophila_melanogaster)_(DBD_0.91)

letter-probability matrix: alength= 4 w= 9 nsites= 1 E= 0
  0.304796	  0.208438	  0.219125	  0.267640	
  0.204503	  0.208634	  0.183200	  0.403663	
  0.192685	  0.087449	  0.498226	  0.221640	
  0.950847	  0.044583	  0.000055	  0.004515	
  0.142274	  0.292292	  0.142274	  0.423161	
  0.521793	  0.307130	  0.042405	  0.128672	
  0.156958	  0.510801	  0.109506	  0.222734	
  0.200454	  0.358018	  0.208634	  0.232894	
  0.249520	  0.257119	  0.206343	  0.287017	

URL http://cisbp.ccbr.utoronto.ca/TFreport.php?versionNumber=2.00&searchTF=T204584_2.00

MOTIF M00708_2.00 (BGIBMGA005084)_(Caenorhabditis_elegans)_(DBD_0.81)

letter-probability matrix: alength= 4 w= 10 nsites= 1 E= 0
  0.168663	  0.275311	  0.239344	  0.316683	
  0.176492	  0.296864	  0.205054	  0.321589	
  0.099868	  0.334905	  0.233655	  0.331572	
  0.572889	  0.124051	  0.200475	  0.102585	
  0.711682	  0.128719	  0.063284	  0.096316	
  0.139239	  0.068456	  0.676002	  0.116303	
  0.601869	  0.036600	  0.275901	  0.085630	
  0.375126	  0.319661	  0.021699	  0.283514	
  0.395081	  0.114330	  0.326716	  0.163873	
  0.242351	  0.212807	  0.230531	  0.314312	

URL http://cisbp.ccbr.utoronto.ca/TFreport.php?versionNumber=2.00&searchTF=T316405_2.00

MOTIF M00796_2.00 (BGIBMGA013330)_(Mus_musculus)_(DBD_0.92)

letter-probability matrix: alength= 4 w= 10 nsites= 1 E= 0
  0.359371	  0.149061	  0.090410	  0.401158	
  0.421728	  0.136232	  0.263581	  0.178459	
  0.287711	  0.194796	  0.208921	  0.308572	
  0.387293	  0.104499	  0.432326	  0.075882	
  0.213252	  0.166081	  0.058118	  0.562548	
  0.555669	  0.284341	  0.048919	  0.111071	
  0.768444	  0.096967	  0.051130	  0.083460	
  0.771861	  0.058487	  0.089910	  0.079743	
  0.062825	  0.561351	  0.051953	  0.323871	
  0.748482	  0.072099	  0.068583	  0.110835	

URL http://cisbp.ccbr.utoronto.ca/TFreport.php?versionNumber=2.00&searchTF=T184636_2.00

MOTIF M00823_2.00 (BGIBMGA007758)_(Mus_musculus)_(DBD_0.48)

letter-probability matrix: alength= 4 w= 10 nsites= 1 E= 0
  0.059337	  0.000621	  0.928182	  0.011861	
  0.018760	  0.033505	  0.039319	  0.908416	
  0.149151	  0.185853	  0.022759	  0.642237	
  0.267523	  0.020475	  0.560711	  0.151291	
  0.048693	  0.717326	  0.051704	  0.182278	
  0.060788	  0.307168	  0.088890	  0.543155	
  0.623033	  0.036401	  0.279947	  0.060619	
  0.227931	  0.165512	  0.292669	  0.313889	
  0.107270	  0.169924	  0.611157	  0.111648	
  0.120378	  0.281643	  0.340577	  0.257402	

URL http://cisbp.ccbr.utoronto.ca/TFreport.php?versionNumber=2.00&searchTF=T318025_2.00

MOTIF M00832_2.00 (BGIBMGA013132)_(Mus_musculus)_(DBD_0.73)

letter-probability matrix: alength= 4 w= 11 nsites= 1 E= 0
  0.538889	  0.153704	  0.153704	  0.153704	
  0.235964	  0.059136	  0.571481	  0.133420	
  0.019402	  0.019402	  0.941795	  0.019402	
  0.000143	  0.000143	  0.000143	  0.999572	
  0.000143	  0.000143	  0.999572	  0.000143	
  0.000143	  0.000143	  0.000143	  0.999572	
  0.000143	  0.000143	  0.796563	  0.203152	
  0.999572	  0.000143	  0.000143	  0.000143	
  0.710684	  0.096439	  0.096439	  0.096439	
  0.268043	  0.191007	  0.274907	  0.266044	
  0.307777	  0.230741	  0.230741	  0.230741	

URL http://cisbp.ccbr.utoronto.ca/TFreport.php?versionNumber=2.00&searchTF=T339314_2.00

MOTIF M00938_2.00 (BGIBMGA004944)_(Homo_sapiens)_(DBD_0.86)

letter-probability matrix: alength= 4 w= 8 nsites= 1 E= 0
  0.154807	  0.725964	  0.035816	  0.083413	
  0.043175	  0.956653	  0.000086	  0.000086	
  0.845970	  0.007767	  0.100046	  0.046217	
  0.000076	  0.839515	  0.000076	  0.160333	
  0.229014	  0.000076	  0.770833	  0.000076	
  0.015339	  0.152701	  0.000076	  0.831883	
  0.000081	  0.000081	  0.999758	  0.000081	
  0.197699	  0.476639	  0.081474	  0.244189	

URL http://cisbp.ccbr.utoronto.ca/TFreport.php?versionNumber=2.00&searchTF=T030811_2.00

MOTIF M01012_2.00 (BGIBMGA000445)_(Drosophila_melanogaster)_(DBD_0.83)

letter-probability matrix: alength= 4 w= 10 nsites= 1 E= 0
  0.286397	  0.223046	  0.246504	  0.244052	
  0.304560	  0.204153	  0.244415	  0.246872	
  0.289449	  0.220959	  0.261904	  0.227688	
  0.238916	  0.251165	  0.229548	  0.280371	
  0.191173	  0.159681	  0.535489	  0.113656	
  0.970300	  0.001459	  0.001729	  0.026512	
  0.150692	  0.695922	  0.001180	  0.152206	
  0.042000	  0.000476	  0.932304	  0.025221	
  0.023255	  0.969232	  0.000648	  0.006865	
  0.186996	  0.257517	  0.287461	  0.268027	

URL http://cisbp.ccbr.utoronto.ca/TFreport.php?versionNumber=2.00&searchTF=T184620_2.00

MOTIF M01026_2.00 (BGIBMGA004151)_(Homo_sapiens)_(DBD_0.75)

letter-probability matrix: alength= 4 w= 8 nsites= 1 E= 0
  0.866667	  0.000000	  0.133333	  0.000000	
  1.000000	  0.000000	  0.000000	  0.000000	
  0.000000	  1.000000	  0.000000	  0.000000	
  1.000000	  0.000000	  0.000000	  0.000000	
  0.952381	  0.047619	  0.000000	  0.000000	
  0.714286	  0.000000	  0.000000	  0.285714	
  0.111111	  0.000000	  0.888889	  0.000000	
  0.250000	  0.083333	  0.583333	  0.083333	

URL http://cisbp.ccbr.utoronto.ca/TFreport.php?versionNumber=2.00&searchTF=T326562_2.00

MOTIF M01044_2.00 (BGIBMGA007867)_(Drosophila_melanogaster)_(DBD_0.91)

letter-probability matrix: alength= 4 w= 10 nsites= 1 E= 0
  0.014692	  0.197808	  0.110753	  0.676747	
  0.218945	  0.477622	  0.163828	  0.139605	
  0.086541	  0.074486	  0.117992	  0.720982	
  0.056885	  0.781354	  0.029995	  0.131766	
  0.090451	  0.224710	  0.055413	  0.629427	
  0.091422	  0.536725	  0.149229	  0.222624	
  0.098937	  0.116103	  0.226893	  0.558067	
  0.063931	  0.332890	  0.086298	  0.516880	
  0.072483	  0.119504	  0.085059	  0.722955	
  0.108404	  0.703357	  0.068434	  0.119805	

URL http://cisbp.ccbr.utoronto.ca/TFreport.php?versionNumber=2.00&searchTF=T081357_2.00

MOTIF M01104_2.00 (BGIBMGA007330)_(Fusarium_graminearum)_(DBD_0.62)

letter-probability matrix: alength= 4 w= 10 nsites= 1 E= 0
  0.275242	  0.208023	  0.170315	  0.346420	
  0.354896	  0.194771	  0.226292	  0.224040	
  0.393688	  0.199449	  0.175135	  0.231727	
  0.446255	  0.101584	  0.226080	  0.226080	
  0.369831	  0.085888	  0.123106	  0.421174	
  0.504457	  0.044857	  0.076975	  0.373711	
  0.796844	  0.000336	  0.000336	  0.202484	
  0.605595	  0.000062	  0.000397	  0.393945	
  0.296896	  0.000116	  0.028887	  0.674102	
  0.306380	  0.261080	  0.107214	  0.325326	

URL http://cisbp.ccbr.utoronto.ca/TFreport.php?versionNumber=2.00&searchTF=T017239_2.00

MOTIF M01227_2.00 (BGIBMGA008311)_(Homo_sapiens)_(DBD_0.68)

letter-probability matrix: alength= 4 w= 8 nsites= 1 E= 0
  0.009615	  0.009615	  0.971154	  0.009615	
  0.009615	  0.009615	  0.009615	  0.971154	
  0.971154	  0.009615	  0.009615	  0.009615	
  0.971154	  0.009615	  0.009615	  0.009615	
  0.971154	  0.009615	  0.009615	  0.009615	
  0.009615	  0.971154	  0.009615	  0.009615	
  0.971154	  0.009615	  0.009615	  0.009615	
  0.971154	  0.009615	  0.009615	  0.009615	

URL http://cisbp.ccbr.utoronto.ca/TFreport.php?versionNumber=2.00&searchTF=T184632_2.00

MOTIF M01302_2.00 (BGIBMGA013358)_(Drosophila_melanogaster)_(DBD_0.95)

letter-probability matrix: alength= 4 w= 10 nsites= 1 E= 0
  0.177457	  0.329879	  0.339926	  0.152738	
  0.401341	  0.125815	  0.306375	  0.166469	
  0.415852	  0.142641	  0.148462	  0.293046	
  0.020216	  0.435500	  0.467077	  0.077207	
  0.093553	  0.698217	  0.088105	  0.120125	
  0.302454	  0.000750	  0.615188	  0.081608	
  0.057821	  0.148021	  0.193902	  0.600255	
  0.295725	  0.110989	  0.502416	  0.090870	
  0.537427	  0.112933	  0.147938	  0.201702	
  0.234556	  0.559864	  0.092545	  0.113035	

URL http://cisbp.ccbr.utoronto.ca/TFreport.php?versionNumber=2.00&searchTF=T311439_2.00

MOTIF M01478_2.00 (BGIBMGA001714)_(Mus_musculus)_(DBD_0.90)

letter-probability matrix: alength= 4 w= 10 nsites= 1 E= 0
  0.259502	  0.251832	  0.278318	  0.210348	
  0.409997	  0.140632	  0.261426	  0.187945	
  0.135358	  0.582846	  0.206010	  0.075787	
  0.163979	  0.772583	  0.035507	  0.027931	
  0.039875	  0.037930	  0.876329	  0.045867	
  0.047517	  0.012821	  0.916990	  0.022671	
  0.910702	  0.016848	  0.052679	  0.019771	
  0.580099	  0.084200	  0.041813	  0.293888	
  0.279024	  0.153131	  0.498347	  0.069498	
  0.147561	  0.282659	  0.122027	  0.447753	

URL http://cisbp.ccbr.utoronto.ca/TFreport.php?versionNumber=2.00&searchTF=T175498_2.00

MOTIF M01664_2.00 (BGIBMGA004104)_(Drosophila_melanogaster)_(DBD_0.89)

letter-probability matrix: alength= 4 w= 8 nsites= 1 E= 0
  0.227052	  0.269126	  0.203401	  0.300420	
  0.364833	  0.112105	  0.244555	  0.278506	
  0.954295	  0.000150	  0.000361	  0.045194	
  0.003226	  0.022006	  0.000879	  0.973889	
  0.180785	  0.422972	  0.060178	  0.336065	
  0.601595	  0.071492	  0.188592	  0.138322	
  0.500975	  0.146431	  0.170129	  0.182465	
  0.400462	  0.148803	  0.221987	  0.228748	

URL http://cisbp.ccbr.utoronto.ca/TFreport.php?versionNumber=2.00&searchTF=T014181_2.00

MOTIF M01671_2.00 (BGIBMGA004695)_(Arabidopsis_thaliana)_(DBD_0.53)

letter-probability matrix: alength= 4 w= 9 nsites= 1 E= 0
  0.241564	  0.266970	  0.261683	  0.229783	
  0.209390	  0.306188	  0.250685	  0.233737	
  0.345181	  0.182011	  0.303102	  0.169706	
  0.329720	  0.179153	  0.251701	  0.239426	
  0.411309	  0.042920	  0.202217	  0.343554	
  0.710467	  0.047747	  0.000515	  0.241271	
  0.886835	  0.000921	  0.045045	  0.067199	
  0.454667	  0.009772	  0.038075	  0.497485	
  0.212559	  0.177544	  0.097438	  0.512458	

URL http://cisbp.ccbr.utoronto.ca/TFreport.php?versionNumber=2.00&searchTF=T017238_2.00

MOTIF M01729_2.00 (BGIBMGA003134)_(Mus_musculus)_(DBD_0.94)

letter-probability matrix: alength= 4 w= 10 nsites= 1 E= 0
  0.412746	  0.175491	  0.236272	  0.175491	
  0.413869	  0.220536	  0.298563	  0.067033	
  0.000046	  0.999862	  0.000046	  0.000046	
  0.999862	  0.000046	  0.000046	  0.000046	
  0.000046	  0.000046	  0.000046	  0.999862	
  0.999862	  0.000046	  0.000046	  0.000046	
  0.000046	  0.000046	  0.000046	  0.999862	
  0.000046	  0.000046	  0.999862	  0.000046	
  0.074555	  0.134874	  0.651658	  0.138914	
  0.183013	  0.272775	  0.183013	  0.361199	

URL http://cisbp.ccbr.utoronto.ca/TFreport.php?versionNumber=2.00&searchTF=T030804_2.00

MOTIF M01746_2.00 (BGIBMGA012033)_(Mus_musculus)_(DBD_0.92)

letter-probability matrix: alength= 4 w= 9 nsites= 1 E= 0
  0.745050	  0.002475	  0.250000	  0.002475	
  0.747512	  0.250000	  0.001244	  0.001244	
  0.001244	  0.996269	  0.001244	  0.001244	
  0.996269	  0.001244	  0.001244	  0.001244	
  0.001244	  0.001244	  0.374378	  0.623134	
  0.623134	  0.374378	  0.001244	  0.001244	
  0.001244	  0.001244	  0.001244	  0.996269	
  0.001244	  0.001244	  0.996269	  0.001244	
  0.002475	  0.002475	  0.497525	  0.497525	

URL http://cisbp.ccbr.utoronto.ca/TFreport.php?versionNumber=2.00&searchTF=T030832_2.00

MOTIF M01896_2.00 BGIBMGA004818

letter-probability matrix: alength= 4 w= 10 nsites= 1 E= 0
  0.234003	  0.269167	  0.213862	  0.282968	
  0.165030	  0.378465	  0.117463	  0.339042	
  0.161689	  0.623702	  0.107305	  0.107305	
  0.189188	  0.117066	  0.634438	  0.059308	
  0.000295	  0.880381	  0.000177	  0.119147	
  0.110357	  0.107095	  0.694866	  0.087682	
  0.291421	  0.222465	  0.300296	  0.185818	
  0.262292	  0.257099	  0.223511	  0.257099	
  0.235549	  0.255168	  0.200722	  0.308561	
  0.248131	  0.238401	  0.222284	  0.291184	

URL http://cisbp.ccbr.utoronto.ca/TFreport.php?versionNumber=2.00&searchTF=T161084_2.00

MOTIF M01904_2.00 BGIBMGA013198

letter-probability matrix: alength= 4 w= 8 nsites= 1 E= 0
  0.323441	  0.204183	  0.227925	  0.244451	
  0.124915	  0.390580	  0.177263	  0.307242	
  0.183240	  0.469092	  0.121608	  0.226060	
  0.416853	  0.062348	  0.421042	  0.099757	
  0.885618	  0.004935	  0.057185	  0.052263	
  0.095238	  0.001659	  0.017398	  0.885704	
  0.230967	  0.597213	  0.047573	  0.124247	
  0.438839	  0.136201	  0.263521	  0.161440	

URL http://cisbp.ccbr.utoronto.ca/TFreport.php?versionNumber=2.00&searchTF=T166508_2.00

MOTIF M01907_2.00 BGIBMGA012843

letter-probability matrix: alength= 4 w= 12 nsites= 1 E= 0
  0.199396	  0.199396	  0.199396	  0.401812	
  0.256959	  0.242577	  0.148560	  0.351904	
  0.057166	  0.713712	  0.057166	  0.171955	
  0.139009	  0.024219	  0.812553	  0.024219	
  0.000211	  0.999368	  0.000211	  0.000211	
  0.000211	  0.000211	  0.999368	  0.000211	
  0.131998	  0.088765	  0.094228	  0.685009	
  0.779026	  0.000211	  0.088765	  0.131998	
  0.348070	  0.273603	  0.139597	  0.238730	
  0.383478	  0.190432	  0.324439	  0.101651	
  0.193045	  0.420866	  0.193045	  0.193045	
  0.225991	  0.225991	  0.322026	  0.225991	

URL http://cisbp.ccbr.utoronto.ca/TFreport.php?versionNumber=2.00&searchTF=T167760_2.00

MOTIF M01931_2.00 (BGIBMGA003558)_(Homo_sapiens)_(DBD_0.87)

letter-probability matrix: alength= 4 w= 10 nsites= 1 E= 0
  0.152291	  0.152291	  0.246263	  0.449154	
  0.765274	  0.048025	  0.048025	  0.138675	
  0.999536	  0.000155	  0.000155	  0.000155	
  0.000155	  0.000155	  0.000155	  0.999536	
  0.129788	  0.000155	  0.489012	  0.381045	
  0.000155	  0.000155	  0.000155	  0.999536	
  0.908886	  0.000155	  0.000155	  0.090805	
  0.091796	  0.000155	  0.000155	  0.907895	
  0.279387	  0.195482	  0.097864	  0.427268	
  0.393611	  0.202130	  0.202130	  0.202130	

URL http://cisbp.ccbr.utoronto.ca/TFreport.php?versionNumber=2.00&searchTF=T168877_2.00

MOTIF M01960_2.00 (BGIBMGA003403)_(Anolis_carolinensis)_(DBD_0.75)

letter-probability matrix: alength= 4 w= 10 nsites= 1 E= 0
  0.307475	  0.184036	  0.092326	  0.416163	
  0.313491	  0.136178	  0.301445	  0.248886	
  0.144688	  0.420844	  0.312444	  0.122024	
  0.000373	  0.150500	  0.849086	  0.000042	
  0.000094	  0.999849	  0.000021	  0.000036	
  0.000036	  0.000021	  0.999849	  0.000094	
  0.000042	  0.849086	  0.150500	  0.000373	
  0.122024	  0.312444	  0.420844	  0.144688	
  0.248886	  0.301445	  0.136178	  0.313491	
  0.416163	  0.092326	  0.184036	  0.307475	

URL http://cisbp.ccbr.utoronto.ca/TFreport.php?versionNumber=2.00&searchTF=T172302_2.00

MOTIF M01978_2.00 (BGIBMGA010490)_(Homo_sapiens)_(DBD_0.94)

letter-probability matrix: alength= 4 w= 8 nsites= 1 E= 0
  0.374378	  0.001244	  0.623134	  0.001244	
  0.001106	  0.001106	  0.001106	  0.996681	
  0.996681	  0.001106	  0.001106	  0.001106	
  0.996681	  0.001106	  0.001106	  0.001106	
  0.996681	  0.001106	  0.001106	  0.001106	
  0.001106	  0.996681	  0.001106	  0.001106	
  0.996681	  0.001106	  0.001106	  0.001106	
  0.498344	  0.167219	  0.001656	  0.332781	

URL http://cisbp.ccbr.utoronto.ca/TFreport.php?versionNumber=2.00&searchTF=T184634_2.00

MOTIF M02036_2.00 (BGIBMGA003176)_(Anopheles_gambiae)_(DBD_0.86)

letter-probability matrix: alength= 4 w= 10 nsites= 1 E= 0
  0.261771	  0.225308	  0.232170	  0.280751	
  0.223856	  0.240087	  0.181454	  0.354604	
  0.302711	  0.096813	  0.282246	  0.318231	
  0.801923	  0.050755	  0.112958	  0.034364	
  0.000105	  0.981683	  0.000051	  0.018161	
  0.641522	  0.118373	  0.136162	  0.103943	
  0.273446	  0.233015	  0.156195	  0.337344	
  0.179068	  0.227640	  0.436054	  0.157239	
  0.300476	  0.243561	  0.271882	  0.184080	
  0.249336	  0.249336	  0.244399	  0.256929	

URL http://cisbp.ccbr.utoronto.ca/TFreport.php?versionNumber=2.00&searchTF=T204595_2.00

MOTIF M02085_2.00 (BGIBMGA002127)_(Homo_sapiens)_(DBD_0.95)

letter-probability matrix: alength= 4 w= 10 nsites= 1 E= 0
  0.220232	  0.271696	  0.222446	  0.285626	
  0.291351	  0.229185	  0.263625	  0.215838	
  0.194386	  0.333568	  0.204352	  0.267694	
  0.106702	  0.252155	  0.096548	  0.544595	
  0.708900	  0.012106	  0.207206	  0.071788	
  0.671736	  0.131613	  0.027657	  0.168994	
  0.144596	  0.205191	  0.069682	  0.580531	
  0.155780	  0.110880	  0.270007	  0.463333	
  0.512218	  0.101367	  0.192241	  0.194173	
  0.253879	  0.199708	  0.363893	  0.182520	

URL http://cisbp.ccbr.utoronto.ca/TFreport.php?versionNumber=2.00&searchTF=T204593_2.00

MOTIF M02113_2.00 (BGIBMGA011098)_(Drosophila_melanogaster)_(DBD_0.93)

letter-probability matrix: alength= 4 w= 10 nsites= 1 E= 0
  0.209338	  0.253142	  0.321807	  0.215713	
  0.269176	  0.231682	  0.207548	  0.291594	
  0.108996	  0.124128	  0.038142	  0.728735	
  0.818862	  0.018319	  0.138091	  0.024728	
  0.925508	  0.028799	  0.000527	  0.045166	
  0.090056	  0.159244	  0.124019	  0.626680	
  0.097497	  0.244649	  0.314135	  0.343719	
  0.322285	  0.084389	  0.452794	  0.140532	
  0.204560	  0.257459	  0.351027	  0.186954	
  0.179474	  0.298877	  0.181278	  0.340370	

URL http://cisbp.ccbr.utoronto.ca/TFreport.php?versionNumber=2.00&searchTF=T204653_2.00

MOTIF M02116_2.00 (BGIBMGA003208)_(Drosophila_melanogaster)_(DBD_0.91)

letter-probability matrix: alength= 4 w= 10 nsites= 1 E= 0
  0.253051	  0.238314	  0.279665	  0.228970	
  0.242653	  0.302365	  0.260248	  0.194734	
  0.195915	  0.264458	  0.272512	  0.267116	
  0.289959	  0.184886	  0.184886	  0.340270	
  0.356070	  0.158401	  0.280095	  0.205435	
  0.793922	  0.007822	  0.142164	  0.056092	
  0.130027	  0.075773	  0.143702	  0.650499	
  0.108948	  0.192650	  0.185096	  0.513306	
  0.487798	  0.044252	  0.372375	  0.095574	
  0.230097	  0.239487	  0.313720	  0.216697	

URL http://cisbp.ccbr.utoronto.ca/TFreport.php?versionNumber=2.00&searchTF=T204596_2.00

MOTIF M02121_2.00 (BGIBMGA003888)_(Drosophila_melanogaster)_(DBD_0.96)

letter-probability matrix: alength= 4 w= 10 nsites= 1 E= 0
  0.292329	  0.229079	  0.288644	  0.189949	
  0.136427	  0.336877	  0.156525	  0.370171	
  0.034513	  0.118059	  0.009674	  0.837754	
  0.801571	  0.072692	  0.093201	  0.032536	
  0.970781	  0.007894	  0.008025	  0.013300	
  0.013300	  0.008025	  0.007894	  0.970781	
  0.032536	  0.093201	  0.072692	  0.801571	
  0.837754	  0.009674	  0.118059	  0.034513	
  0.370171	  0.156525	  0.336877	  0.136427	
  0.189949	  0.288644	  0.229079	  0.292329	

URL http://cisbp.ccbr.utoronto.ca/TFreport.php?versionNumber=2.00&searchTF=T204600_2.00

MOTIF M02126_2.00 (BGIBMGA012499)_(Drosophila_melanogaster)_(DBD_0.88)

letter-probability matrix: alength= 4 w= 8 nsites= 1 E= 0
  0.172390	  0.270362	  0.216970	  0.340277	
  0.175398	  0.147977	  0.175398	  0.501227	
  0.437799	  0.142845	  0.145731	  0.273625	
  0.559761	  0.114150	  0.154086	  0.172003	
  0.276316	  0.165927	  0.137215	  0.420543	
  0.209315	  0.226748	  0.174835	  0.389102	
  0.299659	  0.080854	  0.524604	  0.094883	
  0.166927	  0.313424	  0.241666	  0.277982	

URL http://cisbp.ccbr.utoronto.ca/TFreport.php?versionNumber=2.00&searchTF=T204659_2.00

MOTIF M02127_2.00 (BGIBMGA005254)_(Drosophila_melanogaster)_(DBD_1.00)

letter-probability matrix: alength= 4 w= 8 nsites= 1 E= 0
  0.111726	  0.775442	  0.111726	  0.001106	
  0.000906	  0.000906	  0.000906	  0.997283	
  0.906703	  0.091486	  0.000906	  0.000906	
  0.997283	  0.000906	  0.000906	  0.000906	
  0.000906	  0.000906	  0.000906	  0.997283	
  0.000906	  0.000906	  0.000906	  0.997283	
  0.997283	  0.000906	  0.000906	  0.000906	
  0.143466	  0.143466	  0.143466	  0.569602	

URL http://cisbp.ccbr.utoronto.ca/TFreport.php?versionNumber=2.00&searchTF=T204604_2.00

MOTIF M02147_2.00 (BGIBMGA009546)_(Nematostella_vectensis)_(DBD_0.54)

letter-probability matrix: alength= 4 w= 10 nsites= 1 E= 0
  0.278816	  0.247673	  0.255282	  0.218229	
  0.193819	  0.291332	  0.190112	  0.324737	
  0.267659	  0.193115	  0.126695	  0.412532	
  0.419900	  0.162984	  0.208787	  0.208330	
  0.569557	  0.167110	  0.130840	  0.132493	
  0.132493	  0.130840	  0.167110	  0.569557	
  0.208330	  0.208787	  0.162984	  0.419900	
  0.412532	  0.126695	  0.193115	  0.267659	
  0.324737	  0.190112	  0.291332	  0.193819	
  0.218229	  0.255282	  0.247673	  0.278816	

URL http://cisbp.ccbr.utoronto.ca/TFreport.php?versionNumber=2.00&searchTF=T204635_2.00

MOTIF M02238_2.00 (BGIBMGA010300)_(Mus_musculus)_(DBD_0.53)

letter-probability matrix: alength= 4 w= 9 nsites= 1 E= 0
  0.180149	  0.324987	  0.156614	  0.338250	
  0.084204	  0.129443	  0.011059	  0.775294	
  0.783421	  0.002595	  0.178336	  0.035647	
  0.735450	  0.121569	  0.023819	  0.119162	
  0.004057	  0.126521	  0.006426	  0.862996	
  0.103010	  0.097011	  0.224714	  0.575264	
  0.583676	  0.184813	  0.060907	  0.170604	
  0.323909	  0.183179	  0.327165	  0.165747	
  0.235105	  0.278671	  0.320548	  0.165676	

URL http://cisbp.ccbr.utoronto.ca/TFreport.php?versionNumber=2.00&searchTF=T204644_2.00

MOTIF M02388_2.00 (BGIBMGA009688)_(Aedes_aegypti)_(DBD_0.97)

letter-probability matrix: alength= 4 w= 7 nsites= 1 E= 0
  0.216235	  0.261482	  0.332409	  0.189875	
  0.458281	  0.091605	  0.427298	  0.022816	
  0.000000	  0.000000	  0.882881	  0.117119	
  0.000000	  0.000000	  0.959301	  0.040699	
  0.000001	  0.000000	  0.010252	  0.989748	
  0.001291	  0.884772	  0.042748	  0.071188	
  0.722899	  0.000287	  0.276793	  0.000020	

URL http://cisbp.ccbr.utoronto.ca/TFreport.php?versionNumber=2.00&searchTF=T301321_2.00

MOTIF M02394_2.00 (BGIBMGA000670)_(Homo_sapiens)_(DBD_0.69)

letter-probability matrix: alength= 4 w= 10 nsites= 1 E= 0
  0.346956	  0.221671	  0.130706	  0.300668	
  0.153582	  0.051885	  0.742649	  0.051885	
  0.906497	  0.093236	  0.000133	  0.000133	
  0.000133	  0.085093	  0.914640	  0.000133	
  0.000133	  0.000133	  0.999600	  0.000133	
  0.000133	  0.000133	  0.000133	  0.999600	
  0.000133	  0.999600	  0.000133	  0.000133	
  0.999600	  0.000133	  0.000133	  0.000133	
  0.433349	  0.119428	  0.327796	  0.119428	
  0.198249	  0.198249	  0.198249	  0.405254	

URL http://cisbp.ccbr.utoronto.ca/TFreport.php?versionNumber=2.00&searchTF=T301311_2.00

MOTIF M02407_2.00 (BGIBMGA000716)_(Drosophila_melanogaster)_(DBD_0.96)

letter-probability matrix: alength= 4 w= 8 nsites= 1 E= 0
  0.682505	  0.000244	  0.317008	  0.000244	
  0.692036	  0.000154	  0.307657	  0.000154	
  0.000143	  0.000143	  0.999572	  0.000143	
  0.000143	  0.000143	  0.999572	  0.000143	
  0.000143	  0.014420	  0.000143	  0.985294	
  0.000143	  0.999572	  0.000143	  0.000143	
  0.861162	  0.000154	  0.138530	  0.000154	
  0.229184	  0.291632	  0.104288	  0.374896	

URL http://cisbp.ccbr.utoronto.ca/TFreport.php?versionNumber=2.00&searchTF=T301312_2.00

MOTIF M02408_2.00 (BGIBMGA002000)_(Drosophila_melanogaster)_(DBD_0.77)

letter-probability matrix: alength= 4 w= 12 nsites= 1 E= 0
  0.200832	  0.200832	  0.200832	  0.397504	
  0.198971	  0.109814	  0.581401	  0.109814	
  0.760318	  0.194141	  0.022771	  0.022771	
  0.106323	  0.329688	  0.541218	  0.022771	
  0.000202	  0.000202	  0.999393	  0.000202	
  0.000202	  0.000202	  0.000202	  0.999393	
  0.000202	  0.999393	  0.000202	  0.000202	
  0.999393	  0.000202	  0.000202	  0.000202	
  0.756390	  0.049370	  0.144869	  0.049370	
  0.226166	  0.140388	  0.230661	  0.402784	
  0.227432	  0.227432	  0.227432	  0.317705	
  0.227432	  0.227432	  0.227432	  0.317705	

URL http://cisbp.ccbr.utoronto.ca/TFreport.php?versionNumber=2.00&searchTF=T301313_2.00

MOTIF M02410_2.00 Q969A9_BOMMO

letter-probability matrix: alength= 4 w= 8 nsites= 1 E= 0
  0.252862	  0.194970	  0.433913	  0.118255	
  0.307626	  0.068641	  0.571855	  0.051878	
  0.055251	  0.027713	  0.830385	  0.086651	
  0.050136	  0.000465	  0.866739	  0.082660	
  0.009992	  0.083243	  0.092923	  0.813842	
  0.030964	  0.737172	  0.075401	  0.156463	
  0.554706	  0.071410	  0.230082	  0.143802	
  0.245915	  0.282870	  0.207470	  0.263746	

URL http://cisbp.ccbr.utoronto.ca/TFreport.php?versionNumber=2.00&searchTF=T305944_2.00

MOTIF M02449_2.00 (BGIBMGA012712)_(Homo_sapiens)_(DBD_0.87)

letter-probability matrix: alength= 4 w= 10 nsites= 1 E= 0
  0.124103	  0.344161	  0.320894	  0.210842	
  0.056063	  0.000439	  0.940564	  0.002934	
  0.013407	  0.026465	  0.029542	  0.930586	
  0.224224	  0.187288	  0.014478	  0.574010	
  0.251727	  0.025748	  0.577291	  0.145234	
  0.040419	  0.705772	  0.043349	  0.210459	
  0.014183	  0.388407	  0.073116	  0.524294	
  0.777527	  0.053310	  0.094266	  0.074897	
  0.350279	  0.118953	  0.283931	  0.246837	
  0.085723	  0.150072	  0.679336	  0.084870	

URL http://cisbp.ccbr.utoronto.ca/TFreport.php?versionNumber=2.00&searchTF=T318026_2.00

MOTIF M02487_2.00 (BGIBMGA005325)_(Mus_musculus)_(DBD_0.55)

letter-probability matrix: alength= 4 w= 11 nsites= 1 E= 0
  0.198724	  0.198724	  0.198724	  0.403828	
  0.316423	  0.127420	  0.127420	  0.428737	
  0.932065	  0.022645	  0.022645	  0.022645	
  0.000193	  0.000193	  0.000193	  0.999420	
  0.189343	  0.000193	  0.000193	  0.810271	
  0.999420	  0.000193	  0.000193	  0.000193	
  0.000193	  0.000193	  0.000193	  0.999420	
  0.578424	  0.000193	  0.093202	  0.328180	
  0.149498	  0.177554	  0.051469	  0.621478	
  0.407566	  0.122773	  0.122773	  0.346887	
  0.227548	  0.227548	  0.227548	  0.317355	

URL http://cisbp.ccbr.utoronto.ca/TFreport.php?versionNumber=2.00&searchTF=T326566_2.00

MOTIF M02490_2.00 (BGIBMGA005289)_(Neurospora_crassa)_(DBD_0.45)

letter-probability matrix: alength= 4 w= 10 nsites= 1 E= 0
  0.329130	  0.229626	  0.220622	  0.220622	
  0.346994	  0.223477	  0.251969	  0.177560	
  0.448098	  0.134965	  0.110500	  0.306437	
  0.335755	  0.153912	  0.139266	  0.371067	
  0.248453	  0.220358	  0.178619	  0.352571	
  0.233539	  0.293933	  0.209213	  0.263315	
  0.195880	  0.356917	  0.275201	  0.172001	
  0.140053	  0.396240	  0.262965	  0.200742	
  0.596865	  0.017317	  0.262878	  0.122939	
  0.143083	  0.219956	  0.147441	  0.489520	

URL http://cisbp.ccbr.utoronto.ca/TFreport.php?versionNumber=2.00&searchTF=T326565_2.00

MOTIF M02524_2.00 BGIBMGA008956

letter-probability matrix: alength= 4 w= 9 nsites= 1 E= 0
  0.990132	  0.003289	  0.003289	  0.003289	
  0.829470	  0.001656	  0.001656	  0.167219	
  0.001656	  0.001656	  0.001656	  0.995033	
  0.001656	  0.001656	  0.001656	  0.995033	
  0.001656	  0.167219	  0.001656	  0.829470	
  0.829470	  0.001656	  0.167219	  0.001656	
  0.994048	  0.001984	  0.001984	  0.001984	
  0.992574	  0.002475	  0.002475	  0.002475	
  0.661184	  0.003289	  0.003289	  0.332237	

URL http://cisbp.ccbr.utoronto.ca/TFreport.php?versionNumber=2.00&searchTF=T345187_2.00

MOTIF M02680_2.00 (BGIBMGA012276)_(Homo_sapiens)_(DBD_0.87)

letter-probability matrix: alength= 4 w= 14 nsites= 1 E= 0
  0.037037	  0.370370	  0.259259	  0.333333	
  0.370370	  0.259259	  0.185185	  0.185185	
