MEME version 5.5.8 (Fri May 2 15:43:49 2025 -0700)

ALPHABET= ACGT

strands: + -

Background letter frequencies (from uniform background):
A 0.25000 C 0.25000 G 0.25000 T 0.25000 

MOTIF M00111_2.00 (e_gw.327.57.1)_(Mus_musculus)_(DBD_0.84)

letter-probability matrix: alength= 4 w= 10 nsites= 1 E= 0
  0.220377	  0.335405	  0.102037	  0.342181	
  0.111784	  0.193750	  0.669524	  0.024942	
  0.009553	  0.989147	  0.000370	  0.000929	
  0.000437	  0.891193	  0.000324	  0.108046	
  0.046223	  0.377462	  0.191229	  0.385087	
  0.132612	  0.336106	  0.329451	  0.201830	
  0.430307	  0.248265	  0.229178	  0.092250	
  0.301624	  0.024759	  0.651437	  0.022180	
  0.055101	  0.000431	  0.943092	  0.001376	
  0.095237	  0.349453	  0.435445	  0.119865	

URL http://cisbp.ccbr.utoronto.ca/TFreport.php?versionNumber=2.00&searchTF=T011210_2.00

MOTIF M00120_2.00 (estExt_fgenesh2_pg.C_2260029)_(Mus_musculus)_(DBD_0.77)

letter-probability matrix: alength= 4 w= 9 nsites= 1 E= 0
  0.289475	  0.254187	  0.269905	  0.186433	
  0.052590	  0.774738	  0.052067	  0.120605	
  0.533145	  0.105509	  0.232478	  0.128869	
  0.266544	  0.300527	  0.261266	  0.171664	
  0.190214	  0.458588	  0.173843	  0.177355	
  0.000604	  0.000378	  0.000312	  0.998705	
  0.001765	  0.002135	  0.869844	  0.126256	
  0.234495	  0.165246	  0.146560	  0.453699	
  0.018343	  0.468373	  0.072187	  0.441097	

URL http://cisbp.ccbr.utoronto.ca/TFreport.php?versionNumber=2.00&searchTF=T048392_2.00

MOTIF M00137_2.00 (estExt_gwp.C_400285)_(Mus_musculus)_(DBD_0.91)

letter-probability matrix: alength= 4 w= 10 nsites= 1 E= 0
  0.207272	  0.352141	  0.166340	  0.274248	
  0.074916	  0.894594	  0.006530	  0.023960	
  0.252946	  0.641094	  0.034924	  0.071035	
  0.119889	  0.457861	  0.024205	  0.398045	
  0.215900	  0.203327	  0.552700	  0.028073	
  0.059790	  0.493158	  0.162525	  0.284528	
  0.183884	  0.144648	  0.274322	  0.397146	
  0.121150	  0.079601	  0.740279	  0.058970	
  0.235070	  0.267704	  0.183072	  0.314154	
  0.057682	  0.125832	  0.604832	  0.211653	

URL http://cisbp.ccbr.utoronto.ca/TFreport.php?versionNumber=2.00&searchTF=T138927_2.00

MOTIF M00158_2.00 (estExt_fgenesh2_pg.C_1670022)_(Mus_musculus)_(DBD_0.77)

letter-probability matrix: alength= 4 w= 10 nsites= 1 E= 0
  0.497929	  0.096588	  0.145541	  0.259942	
  0.239502	  0.275493	  0.259450	  0.225555	
  0.238666	  0.401443	  0.297397	  0.062494	
  0.339402	  0.554011	  0.093427	  0.013160	
  0.009336	  0.001239	  0.986255	  0.003171	
  0.006697	  0.003195	  0.983988	  0.006120	
  0.979497	  0.004380	  0.005458	  0.010666	
  0.868199	  0.019815	  0.004602	  0.107385	
  0.352316	  0.096017	  0.530876	  0.020791	
  0.123743	  0.244253	  0.082947	  0.549058	

URL http://cisbp.ccbr.utoronto.ca/TFreport.php?versionNumber=2.00&searchTF=T177946_2.00

MOTIF M00161_2.00 (estExt_fgenesh2_pg.C_170078)_(Mus_musculus)_(DBD_0.73)

letter-probability matrix: alength= 4 w= 12 nsites= 1 E= 0
  0.394926	  0.201691	  0.201691	  0.201691	
  0.357836	  0.147163	  0.347838	  0.147163	
  0.159006	  0.172368	  0.068783	  0.599842	
  0.841382	  0.113021	  0.022798	  0.022798	
  0.999531	  0.000156	  0.000156	  0.000156	
  0.999531	  0.000156	  0.000156	  0.000156	
  0.000156	  0.999531	  0.000156	  0.000156	
  0.999531	  0.000156	  0.000156	  0.000156	
  0.854605	  0.048465	  0.048465	  0.048465	
  0.691020	  0.102993	  0.102993	  0.102993	
  0.181373	  0.360053	  0.181373	  0.277201	
  0.317926	  0.227358	  0.227358	  0.227358	

URL http://cisbp.ccbr.utoronto.ca/TFreport.php?versionNumber=2.00&searchTF=T189286_2.00

MOTIF M00163_2.00 (estExt_fgenesh2_pg.C_1390059)_(Mus_musculus)_(DBD_0.92)

letter-probability matrix: alength= 4 w= 8 nsites= 1 E= 0
  0.309467	  0.142959	  0.547336	  0.000238	
  0.295052	  0.000164	  0.000164	  0.704620	
  0.619510	  0.295749	  0.000141	  0.084600	
  0.888534	  0.069545	  0.000139	  0.041782	
  0.999584	  0.000139	  0.000139	  0.000139	
  0.000139	  0.957940	  0.000139	  0.041782	
  0.999572	  0.000143	  0.000143	  0.000143	
  0.660068	  0.132164	  0.056750	  0.151018	

URL http://cisbp.ccbr.utoronto.ca/TFreport.php?versionNumber=2.00&searchTF=T189285_2.00

MOTIF M00172_2.00 (fgenesh2_pg.scaffold_402000006)_(Mus_musculus)_(DBD_0.96)

letter-probability matrix: alength= 4 w= 10 nsites= 1 E= 0
  0.183789	  0.303016	  0.164644	  0.348551	
  0.107098	  0.054258	  0.023191	  0.815454	
  0.868219	  0.022566	  0.074176	  0.035038	
  0.965411	  0.017682	  0.000907	  0.015999	
  0.018285	  0.097133	  0.050708	  0.833874	
  0.113053	  0.096338	  0.418995	  0.371615	
  0.447592	  0.063681	  0.359201	  0.129526	
  0.204977	  0.311967	  0.273937	  0.209118	
  0.227740	  0.286634	  0.210231	  0.275395	
  0.212729	  0.249640	  0.210612	  0.327019	

URL http://cisbp.ccbr.utoronto.ca/TFreport.php?versionNumber=2.00&searchTF=T227535_2.00

MOTIF M00188_2.00 (e_gw.28.108.1)_(Mus_musculus)_(DBD_0.91)

letter-probability matrix: alength= 4 w= 10 nsites= 1 E= 0
  0.104605	  0.584172	  0.194454	  0.116769	
  0.266268	  0.282733	  0.156727	  0.294272	
  0.098718	  0.112423	  0.073867	  0.714991	
  0.512814	  0.101485	  0.365006	  0.020695	
  0.255170	  0.103744	  0.573599	  0.067487	
  0.184311	  0.457887	  0.038345	  0.319457	
  0.484397	  0.018971	  0.233435	  0.263197	
  0.869982	  0.053972	  0.047869	  0.028176	
  0.021911	  0.904128	  0.002656	  0.071305	
  0.236202	  0.300271	  0.335186	  0.128340	

URL http://cisbp.ccbr.utoronto.ca/TFreport.php?versionNumber=2.00&searchTF=T319029_2.00

MOTIF M00192_2.00 (estExt_fgenesh2_pg.C_1720042)_(Mus_musculus)_(DBD_0.83)

letter-probability matrix: alength= 4 w= 10 nsites= 1 E= 0
  0.288710	  0.216031	  0.234024	  0.261235	
  0.267885	  0.210726	  0.228276	  0.293113	
  0.254675	  0.244689	  0.210606	  0.290031	
  0.178353	  0.381367	  0.197110	  0.243170	
  0.142077	  0.390086	  0.214084	  0.253754	
  0.577609	  0.339984	  0.075861	  0.006546	
  0.069047	  0.067007	  0.858163	  0.005782	
  0.628592	  0.263350	  0.048110	  0.059948	
  0.080759	  0.917332	  0.000028	  0.001880	
  0.388991	  0.137491	  0.312172	  0.161347	

URL http://cisbp.ccbr.utoronto.ca/TFreport.php?versionNumber=2.00&searchTF=T325355_2.00

MOTIF M00194_2.00 (e_gw.61.169.1)_(Mus_musculus)_(DBD_0.78)

letter-probability matrix: alength= 4 w= 8 nsites= 1 E= 0
  0.226419	  0.257852	  0.260443	  0.255286	
  0.256789	  0.177373	  0.194077	  0.371762	
  0.185974	  0.312814	  0.363438	  0.137773	
  0.505770	  0.103139	  0.144906	  0.246185	
  0.528531	  0.076715	  0.198364	  0.196390	
  0.225196	  0.166830	  0.131233	  0.476741	
  0.220657	  0.150899	  0.414308	  0.214136	
  0.349045	  0.129697	  0.335359	  0.185899	

URL http://cisbp.ccbr.utoronto.ca/TFreport.php?versionNumber=2.00&searchTF=T333988_2.00

MOTIF M00195_2.00 (gw.448.64.1)_(Mus_musculus)_(DBD_0.99)

letter-probability matrix: alength= 4 w= 10 nsites= 1 E= 0
  0.279067	  0.181426	  0.181426	  0.358081	
  0.289551	  0.189085	  0.212315	  0.309049	
  0.000105	  0.000105	  0.000105	  0.999685	
  0.000105	  0.000105	  0.999685	  0.000105	
  0.000105	  0.999685	  0.000105	  0.000105	
  0.000105	  0.000105	  0.000105	  0.999685	
  0.000105	  0.000105	  0.999685	  0.000105	
  0.999685	  0.000105	  0.000105	  0.000105	
  0.068679	  0.613130	  0.162332	  0.155859	
  0.241038	  0.147190	  0.147190	  0.464583	

URL http://cisbp.ccbr.utoronto.ca/TFreport.php?versionNumber=2.00&searchTF=T334270_2.00

MOTIF M00201_2.00 (estExt_fgenesh2_pg.C_1670092)_(Mus_musculus)_(DBD_0.66)

letter-probability matrix: alength= 4 w= 10 nsites= 1 E= 0
  0.806958	  0.018417	  0.014929	  0.159696	
  0.000158	  0.063550	  0.009411	  0.926882	
  0.000162	  0.000157	  0.000079	  0.999602	
  0.261590	  0.078790	  0.649875	  0.009745	
  0.083298	  0.023393	  0.028572	  0.864737	
  0.102484	  0.262358	  0.142552	  0.492606	
  0.245858	  0.288517	  0.199289	  0.266335	
  0.201761	  0.272348	  0.161917	  0.363974	
  0.224773	  0.248413	  0.285743	  0.241071	
  0.193695	  0.309911	  0.195642	  0.300752	

URL http://cisbp.ccbr.utoronto.ca/TFreport.php?versionNumber=2.00&searchTF=T334016_2.00

MOTIF M00214_2.00 (e_gw.60.234.1)_(Mus_musculus)_(DBD_0.52)

letter-probability matrix: alength= 4 w= 10 nsites= 1 E= 0
  0.271418	  0.222218	  0.260775	  0.245589	
  0.276412	  0.204771	  0.245155	  0.273662	
  0.272770	  0.221103	  0.251798	  0.254329	
  0.267470	  0.208305	  0.298570	  0.225655	
  0.409172	  0.169718	  0.217922	  0.203189	
  0.328851	  0.083563	  0.116234	  0.471352	
  0.122925	  0.296360	  0.442117	  0.138598	
  0.861430	  0.012662	  0.082154	  0.043754	
  0.852026	  0.047352	  0.093468	  0.007154	
  0.231452	  0.044450	  0.088621	  0.635476	

URL http://cisbp.ccbr.utoronto.ca/TFreport.php?versionNumber=2.00&searchTF=T333987_2.00

MOTIF M00238_2.00 (e_gw.11.853.1)_(Homo_sapiens)_(DBD_0.87)

letter-probability matrix: alength= 4 w= 9 nsites= 1 E= 0
  0.351796	  0.247906	  0.191148	  0.209150	
  0.666768	  0.093920	  0.052062	  0.187250	
  0.650725	  0.113079	  0.088066	  0.148130	
  0.152463	  0.094342	  0.103226	  0.649969	
  0.166062	  0.615454	  0.125507	  0.092978	
  0.356325	  0.175185	  0.149283	  0.319208	
  0.216526	  0.289371	  0.298183	  0.195920	
  0.281196	  0.175748	  0.272885	  0.270170	
  0.256671	  0.199896	  0.313499	  0.229935	

URL http://cisbp.ccbr.utoronto.ca/TFreport.php?versionNumber=2.00&searchTF=T138011_2.00

MOTIF M00249_2.00 (fgenesh2_pg.scaffold_80000039)_(Homo_sapiens)_(DBD_0.80)

letter-probability matrix: alength= 4 w= 11 nsites= 1 E= 0
  0.307654	  0.294673	  0.198837	  0.198837	
  0.097668	  0.706996	  0.097668	  0.097668	
  0.024894	  0.324730	  0.024894	  0.625481	
  0.000229	  0.999312	  0.000229	  0.000229	
  0.000229	  0.999312	  0.000229	  0.000229	
  0.000229	  0.999312	  0.000229	  0.000229	
  0.097056	  0.902485	  0.000229	  0.000229	
  0.000229	  0.999312	  0.000229	  0.000229	
  0.258716	  0.154144	  0.535748	  0.051393	
  0.152561	  0.542316	  0.152561	  0.152561	
  0.323995	  0.225335	  0.225335	  0.225335	

URL http://cisbp.ccbr.utoronto.ca/TFreport.php?versionNumber=2.00&searchTF=T139673_2.00

MOTIF M00282_2.00 (fgenesh2_pg.scaffold_127000037)_(Homo_sapiens)_(DBD_1.00)

letter-probability matrix: alength= 4 w= 8 nsites= 1 E= 0
  0.000303	  0.091102	  0.000303	  0.908293	
  0.972192	  0.000270	  0.027268	  0.000270	
  0.999190	  0.000270	  0.000270	  0.000270	
  0.000270	  0.000270	  0.000270	  0.999190	
  0.000270	  0.000270	  0.000270	  0.999190	
  0.742295	  0.000285	  0.257135	  0.000285	
  0.143010	  0.107347	  0.642297	  0.107347	
  0.105567	  0.210609	  0.105567	  0.578256	

URL http://cisbp.ccbr.utoronto.ca/TFreport.php?versionNumber=2.00&searchTF=T227502_2.00

MOTIF M00284_2.00 (estExt_fgenesh2_pg.C_140022)_(Homo_sapiens)_(DBD_0.74)

letter-probability matrix: alength= 4 w= 8 nsites= 1 E= 0
  0.212142	  0.267001	  0.332704	  0.188153	
  0.181967	  0.331565	  0.248098	  0.238370	
  0.130633	  0.095813	  0.021811	  0.751743	
  0.696930	  0.117529	  0.124796	  0.060745	
  0.798766	  0.051577	  0.039373	  0.110285	
  0.149564	  0.065873	  0.107525	  0.677037	
  0.193150	  0.156564	  0.312144	  0.338142	
  0.343299	  0.116583	  0.360900	  0.179218	

URL http://cisbp.ccbr.utoronto.ca/TFreport.php?versionNumber=2.00&searchTF=T227361_2.00

MOTIF M00287_2.00 (gw.8.441.1)_(Homo_sapiens)_(DBD_0.98)

letter-probability matrix: alength= 4 w= 10 nsites= 1 E= 0
  0.276533	  0.274138	  0.272562	  0.176767	
  0.096569	  0.200738	  0.096569	  0.606124	
  0.000039	  0.000039	  0.000039	  0.999883	
  0.999883	  0.000039	  0.000039	  0.000039	
  0.999883	  0.000039	  0.000039	  0.000039	
  0.000039	  0.000039	  0.000039	  0.999883	
  0.000039	  0.000039	  0.000039	  0.999883	
  0.999883	  0.000039	  0.000039	  0.000039	
  0.187323	  0.073272	  0.666133	  0.073272	
  0.248701	  0.250739	  0.247869	  0.252690	

URL http://cisbp.ccbr.utoronto.ca/TFreport.php?versionNumber=2.00&searchTF=T227660_2.00

MOTIF M00290_2.00 (estExt_gwp.C_540071)_(Homo_sapiens)_(DBD_0.96)

letter-probability matrix: alength= 4 w= 8 nsites= 1 E= 0
  0.157555	  0.127712	  0.069392	  0.645340	
  0.632466	  0.076679	  0.146882	  0.143973	
  0.886949	  0.005685	  0.055025	  0.052341	
  0.068959	  0.060553	  0.110335	  0.760153	
  0.143566	  0.126064	  0.153975	  0.576395	
  0.315323	  0.085080	  0.443012	  0.156585	
  0.236009	  0.260830	  0.300026	  0.203135	
  0.240835	  0.263516	  0.226810	  0.268839	

URL http://cisbp.ccbr.utoronto.ca/TFreport.php?versionNumber=2.00&searchTF=T227436_2.00

MOTIF M00291_2.00 (estExt_fgenesh2_pg.C_600126)_(Homo_sapiens)_(DBD_0.56)

letter-probability matrix: alength= 4 w= 9 nsites= 1 E= 0
  0.229986	  0.249141	  0.336305	  0.184568	
  0.246864	  0.272827	  0.223371	  0.256938	
  0.138211	  0.078948	  0.026279	  0.756562	
  0.687501	  0.059327	  0.198952	  0.054221	
  0.906213	  0.000196	  0.044224	  0.049367	
  0.083473	  0.100940	  0.106115	  0.709473	
  0.143309	  0.150657	  0.147674	  0.558360	
  0.390818	  0.075811	  0.410855	  0.122516	
  0.276767	  0.222111	  0.341441	  0.159681	

URL http://cisbp.ccbr.utoronto.ca/TFreport.php?versionNumber=2.00&searchTF=T227388_2.00

MOTIF M00313_2.00 (estExt_GenewiseH_1.C_2900002)_(Homo_sapiens)_(DBD_0.93)

letter-probability matrix: alength= 4 w= 8 nsites= 1 E= 0
  0.236754	  0.264283	  0.191909	  0.307053	
  0.206447	  0.060343	  0.054601	  0.678609	
  0.695907	  0.033623	  0.143339	  0.127131	
  0.911180	  0.028638	  0.048654	  0.011528	
  0.071152	  0.047220	  0.245873	  0.635756	
  0.157348	  0.600920	  0.093547	  0.148185	
  0.119260	  0.534486	  0.103680	  0.242574	
  0.228531	  0.327560	  0.213081	  0.230828	

URL http://cisbp.ccbr.utoronto.ca/TFreport.php?versionNumber=2.00&searchTF=T227428_2.00

MOTIF M00319_2.00 (estExt_fgenesh2_pg.C_60220)_(Homo_sapiens)_(DBD_0.74)

letter-probability matrix: alength= 4 w= 8 nsites= 1 E= 0
  0.188828	  0.042016	  0.188828	  0.580327	
  0.049768	  0.105004	  0.000055	  0.845172	
  0.944304	  0.020248	  0.020248	  0.015199	
  0.989750	  0.005100	  0.000050	  0.005100	
  0.005100	  0.000050	  0.000050	  0.994799	
  0.036503	  0.020881	  0.046917	  0.895699	
  0.648166	  0.027648	  0.234487	  0.089699	
  0.057766	  0.134660	  0.624856	  0.182718	

URL http://cisbp.ccbr.utoronto.ca/TFreport.php?versionNumber=2.00&searchTF=T227389_2.00

MOTIF M00330_2.00 (estExt_fgenesh2_pg.C_4020005)_(Homo_sapiens)_(DBD_0.95)

letter-probability matrix: alength= 4 w= 8 nsites= 1 E= 0
  0.050417	  0.165492	  0.143915	  0.640175	
  0.016355	  0.103293	  0.000054	  0.880298	
  0.854797	  0.119198	  0.005232	  0.020773	
  0.984304	  0.005232	  0.010412	  0.000052	
  0.010412	  0.020773	  0.005232	  0.963583	
  0.047915	  0.037279	  0.196820	  0.717986	
  0.736714	  0.000066	  0.250000	  0.013220	
  0.063130	  0.198217	  0.225234	  0.513419	

URL http://cisbp.ccbr.utoronto.ca/TFreport.php?versionNumber=2.00&searchTF=T227380_2.00

MOTIF M00342_2.00 (fgenesh2_pg.scaffold_199000043)_(Homo_sapiens)_(DBD_0.83)

letter-probability matrix: alength= 4 w= 14 nsites= 1 E= 0
  0.222869	  0.222869	  0.222869	  0.331393	
  0.301150	  0.196775	  0.305300	  0.196775	
  0.173218	  0.173218	  0.173218	  0.480345	
  0.290347	  0.101116	  0.507421	  0.101116	
  0.147808	  0.755127	  0.048533	  0.048533	
  0.226946	  0.118673	  0.128567	  0.525813	
  0.692134	  0.307374	  0.000246	  0.000246	
  0.999261	  0.000246	  0.000246	  0.000246	
  0.027377	  0.027377	  0.027377	  0.917868	
  0.053471	  0.053471	  0.053471	  0.839587	
  0.768916	  0.077028	  0.077028	  0.077028	
  0.342275	  0.149130	  0.260189	  0.248406	
  0.201714	  0.201714	  0.201714	  0.394859	
  0.226053	  0.226053	  0.321841	  0.226053	

URL http://cisbp.ccbr.utoronto.ca/TFreport.php?versionNumber=2.00&searchTF=T237733_2.00

MOTIF M00385_2.00 (estExt_fgenesh2_kg.C_1360002)_(Mus_musculus)_(DBD_0.93)

letter-probability matrix: alength= 4 w= 8 nsites= 1 E= 0
  0.255055	  0.187069	  0.145689	  0.412187	
  0.156259	  0.305367	  0.217351	  0.321023	
  0.515678	  0.042755	  0.332115	  0.109452	
  0.874267	  0.000203	  0.046219	  0.079312	
  0.114396	  0.028210	  0.706034	  0.151360	
  0.240421	  0.043484	  0.196840	  0.519254	
  0.348669	  0.028336	  0.499757	  0.123239	
  0.135811	  0.293320	  0.330718	  0.240150	

URL http://cisbp.ccbr.utoronto.ca/TFreport.php?versionNumber=2.00&searchTF=T227349_2.00

MOTIF M00386_2.00 (gw.90.185.1)_(Mus_musculus)_(DBD_0.98)

letter-probability matrix: alength= 4 w= 9 nsites= 1 E= 0
  0.268445	  0.240482	  0.255353	  0.235720	
  0.200643	  0.235457	  0.276312	  0.287588	
  0.315755	  0.080236	  0.258518	  0.345491	
  0.782420	  0.011733	  0.091139	  0.114708	
  0.101611	  0.743341	  0.043867	  0.111181	
  0.671433	  0.112103	  0.066647	  0.149817	
  0.308060	  0.244764	  0.116780	  0.330396	
  0.231796	  0.229489	  0.363528	  0.175187	
  0.271804	  0.243491	  0.248410	  0.236295	

URL http://cisbp.ccbr.utoronto.ca/TFreport.php?versionNumber=2.00&searchTF=T227661_2.00

MOTIF M00388_2.00 (e_gw.601.16.1)_(Mus_musculus)_(DBD_0.95)

letter-probability matrix: alength= 4 w= 10 nsites= 1 E= 0
  0.247073	  0.284202	  0.206373	  0.262352	
  0.149870	  0.075171	  0.040036	  0.734924	
  0.706549	  0.090958	  0.126519	  0.075974	
  0.851645	  0.008910	  0.044131	  0.095313	
  0.070692	  0.091682	  0.096383	  0.741243	
  0.120799	  0.217919	  0.226813	  0.434469	
  0.367812	  0.088905	  0.402450	  0.140833	
  0.215590	  0.296895	  0.274069	  0.213445	
  0.220651	  0.269503	  0.211999	  0.297847	
  0.238452	  0.238452	  0.243269	  0.279826	

URL http://cisbp.ccbr.utoronto.ca/TFreport.php?versionNumber=2.00&searchTF=T227324_2.00

MOTIF M00393_2.00 (estExt_fgenesh2_kg.C_2600002)_(Mus_musculus)_(DBD_0.96)

letter-probability matrix: alength= 4 w= 8 nsites= 1 E= 0
  0.235698	  0.265748	  0.314993	  0.183561	
  0.194613	  0.361771	  0.230676	  0.212940	
  0.142042	  0.092400	  0.025949	  0.739610	
  0.699379	  0.079059	  0.175949	  0.045613	
  0.870945	  0.043362	  0.006683	  0.079010	
  0.058490	  0.192260	  0.064641	  0.684609	
  0.137513	  0.209290	  0.328232	  0.324966	
  0.380775	  0.133247	  0.314885	  0.171093	

URL http://cisbp.ccbr.utoronto.ca/TFreport.php?versionNumber=2.00&searchTF=T227353_2.00

MOTIF M00405_2.00 (e_gw.94.75.1)_(Mus_musculus)_(DBD_1.00)

letter-probability matrix: alength= 4 w= 9 nsites= 1 E= 0
  0.166699	  0.079535	  0.057179	  0.696587	
  0.658460	  0.072959	  0.164006	  0.104575	
  0.860814	  0.014554	  0.044163	  0.080469	
  0.057497	  0.058075	  0.037402	  0.847026	
  0.146493	  0.115235	  0.184376	  0.553896	
  0.427710	  0.071410	  0.368133	  0.132747	
  0.333758	  0.210696	  0.276004	  0.179543	
  0.279203	  0.233210	  0.202743	  0.284843	
  0.269584	  0.207863	  0.189973	  0.332580	

URL http://cisbp.ccbr.utoronto.ca/TFreport.php?versionNumber=2.00&searchTF=T227333_2.00

MOTIF M00408_2.00 (fgenesh2_kg.scaffold_157000001)_(Mus_musculus)_(DBD_0.93)

letter-probability matrix: alength= 4 w= 8 nsites= 1 E= 0
  0.239820	  0.259794	  0.183074	  0.317313	
  0.220380	  0.185927	  0.127148	  0.466545	
  0.477055	  0.158798	  0.088911	  0.275237	
  0.656404	  0.076461	  0.061361	  0.205774	
  0.035142	  0.691865	  0.093634	  0.179359	
  0.172604	  0.340700	  0.165836	  0.320859	
  0.328951	  0.207662	  0.253638	  0.209749	
  0.264945	  0.228041	  0.304760	  0.202254	

URL http://cisbp.ccbr.utoronto.ca/TFreport.php?versionNumber=2.00&searchTF=T227493_2.00

MOTIF M00413_2.00 (e_gw.600.33.1)_(Mus_musculus)_(DBD_0.95)

letter-probability matrix: alength= 4 w= 10 nsites= 1 E= 0
  0.226902	  0.245800	  0.321989	  0.205309	
  0.242216	  0.287100	  0.200303	  0.270381	
  0.160115	  0.052242	  0.025685	  0.761958	
  0.833901	  0.014384	  0.087892	  0.063823	
  0.916212	  0.019111	  0.030884	  0.033793	
  0.098357	  0.140978	  0.128844	  0.631820	
  0.120820	  0.238483	  0.315544	  0.325154	
  0.252984	  0.097839	  0.489472	  0.159705	
  0.192219	  0.295490	  0.272772	  0.239520	
  0.187034	  0.293327	  0.188913	  0.330726	

URL http://cisbp.ccbr.utoronto.ca/TFreport.php?versionNumber=2.00&searchTF=T227323_2.00

MOTIF M00416_2.00 (e_gw.90.129.1)_(Mus_musculus)_(DBD_0.93)

letter-probability matrix: alength= 4 w= 8 nsites= 1 E= 0
  0.262564	  0.254804	  0.249759	  0.232873	
  0.275648	  0.244478	  0.251924	  0.227950	
  0.207360	  0.229168	  0.266256	  0.297216	
  0.311690	  0.111276	  0.242744	  0.334290	
  0.708550	  0.043957	  0.124365	  0.123128	
  0.169491	  0.597527	  0.115908	  0.117073	
  0.675885	  0.093319	  0.088768	  0.142028	
  0.337236	  0.221580	  0.120396	  0.320789	

URL http://cisbp.ccbr.utoronto.ca/TFreport.php?versionNumber=2.00&searchTF=T227332_2.00

MOTIF M00417_2.00 (e_gw.421.53.1)_(Mus_musculus)_(DBD_0.96)

letter-probability matrix: alength= 4 w= 8 nsites= 1 E= 0
  0.281218	  0.216834	  0.307701	  0.194247	
  0.129122	  0.376440	  0.129122	  0.365315	
  0.165282	  0.184501	  0.049782	  0.600435	
  0.689510	  0.110607	  0.091467	  0.108417	
  0.925332	  0.042528	  0.028507	  0.003633	
  0.103670	  0.106828	  0.082370	  0.707132	
  0.155855	  0.155855	  0.181078	  0.507211	
  0.479837	  0.103902	  0.258126	  0.158135	

URL http://cisbp.ccbr.utoronto.ca/TFreport.php?versionNumber=2.00&searchTF=T227302_2.00

MOTIF M00418_2.00 (estExt_fgenesh2_pm.C_80046)_(Mus_musculus)_(DBD_1.00)

letter-probability matrix: alength= 4 w= 8 nsites= 1 E= 0
  0.244685	  0.262426	  0.184929	  0.307960	
  0.195722	  0.063860	  0.036477	  0.703941	
  0.712083	  0.037645	  0.106505	  0.143767	
  0.921471	  0.039884	  0.018840	  0.019806	
  0.072358	  0.024572	  0.250040	  0.653030	
  0.149500	  0.630995	  0.082872	  0.136633	
  0.112604	  0.499634	  0.129525	  0.258237	
  0.173100	  0.309164	  0.276959	  0.240777	

URL http://cisbp.ccbr.utoronto.ca/TFreport.php?versionNumber=2.00&searchTF=T227400_2.00

MOTIF M00419_2.00 (fgenesh2_pg.scaffold_505000025)_(Mus_musculus)_(DBD_0.68)

letter-probability matrix: alength= 4 w= 8 nsites= 1 E= 0
  0.185619	  0.362743	  0.201079	  0.250559	
  0.199750	  0.175399	  0.218561	  0.406289	
  0.364381	  0.146672	  0.346610	  0.142337	
  0.136241	  0.057652	  0.661442	  0.144665	
  0.187515	  0.094053	  0.108187	  0.610245	
  0.293166	  0.154584	  0.148523	  0.403727	
  0.426725	  0.129819	  0.216186	  0.227270	
  0.308388	  0.196637	  0.247487	  0.247487	

URL http://cisbp.ccbr.utoronto.ca/TFreport.php?versionNumber=2.00&searchTF=T227541_2.00

MOTIF M00424_2.00 (e_gw.35.232.1)_(Mus_musculus)_(DBD_0.53)

letter-probability matrix: alength= 4 w= 8 nsites= 1 E= 0
  0.304614	  0.223418	  0.292670	  0.179297	
  0.117074	  0.396553	  0.109159	  0.377213	
  0.077200	  0.160196	  0.022792	  0.739813	
  0.820659	  0.043821	  0.081460	  0.054061	
  0.990441	  0.001375	  0.006877	  0.001308	
  0.026666	  0.029767	  0.015232	  0.928335	
  0.152387	  0.122294	  0.075673	  0.649645	
  0.599625	  0.071258	  0.189863	  0.139255	

URL http://cisbp.ccbr.utoronto.ca/TFreport.php?versionNumber=2.00&searchTF=T227294_2.00

MOTIF M00433_2.00 (fgenesh2_pg.scaffold_432000036)_(Mus_musculus)_(DBD_1.00)

letter-probability matrix: alength= 4 w= 9 nsites= 1 E= 0
  0.239869	  0.317378	  0.190584	  0.252168	
  0.133763	  0.050707	  0.022333	  0.793196	
  0.850989	  0.020830	  0.051749	  0.076432	
  0.959274	  0.011777	  0.004509	  0.024439	
  0.324957	  0.077765	  0.136141	  0.461136	
  0.139125	  0.306548	  0.136371	  0.417956	
  0.193728	  0.061958	  0.611831	  0.132483	
  0.201560	  0.269370	  0.319285	  0.209785	
  0.174474	  0.290550	  0.187125	  0.347851	

URL http://cisbp.ccbr.utoronto.ca/TFreport.php?versionNumber=2.00&searchTF=T227536_2.00

MOTIF M00437_2.00 (estExt_fgenesh2_pm.C_1200015)_(Mus_musculus)_(DBD_1.00)

letter-probability matrix: alength= 4 w= 9 nsites= 1 E= 0
  0.279714	  0.187498	  0.226732	  0.306056	
  0.133384	  0.136078	  0.089410	  0.641128	
  0.028209	  0.031489	  0.906531	  0.033772	
  0.787150	  0.003969	  0.102352	  0.106529	
  0.042661	  0.891832	  0.004969	  0.060538	
  0.758156	  0.019315	  0.172585	  0.049943	
  0.174931	  0.152077	  0.461457	  0.211535	
  0.174360	  0.324123	  0.333994	  0.167523	
  0.196701	  0.255107	  0.167617	  0.380575	

URL http://cisbp.ccbr.utoronto.ca/TFreport.php?versionNumber=2.00&searchTF=T227399_2.00

MOTIF M00438_2.00 (fgenesh2_kg.scaffold_52000001)_(Mus_musculus)_(DBD_0.96)

letter-probability matrix: alength= 4 w= 9 nsites= 1 E= 0
  0.211292	  0.263287	  0.243044	  0.282377	
  0.249961	  0.185175	  0.148607	  0.416257	
  0.165668	  0.301867	  0.221404	  0.311061	
  0.494881	  0.045346	  0.355781	  0.103992	
  0.869196	  0.000051	  0.015449	  0.115304	
  0.101810	  0.062998	  0.673917	  0.161274	
  0.247088	  0.045139	  0.174120	  0.533653	
  0.334033	  0.038522	  0.503326	  0.124119	
  0.129395	  0.311957	  0.305780	  0.252868	

URL http://cisbp.ccbr.utoronto.ca/TFreport.php?versionNumber=2.00&searchTF=T227497_2.00

MOTIF M00441_2.00 (estExt_fgenesh2_kg.C_90001)_(Mus_musculus)_(DBD_0.91)

letter-probability matrix: alength= 4 w= 9 nsites= 1 E= 0
  0.212858	  0.299055	  0.164125	  0.323962	
  0.153798	  0.038307	  0.030742	  0.777153	
  0.777780	  0.031389	  0.089698	  0.101134	
  0.945835	  0.014470	  0.014615	  0.025080	
  0.045414	  0.028101	  0.156932	  0.769554	
  0.119773	  0.689246	  0.071208	  0.119773	
  0.076693	  0.566686	  0.114412	  0.242210	
  0.157784	  0.314576	  0.287500	  0.240141	
  0.219437	  0.296208	  0.221642	  0.262713	

URL http://cisbp.ccbr.utoronto.ca/TFreport.php?versionNumber=2.00&searchTF=T227357_2.00

MOTIF M00442_2.00 (fgenesh2_pg.scaffold_185000054)_(Mus_musculus)_(DBD_0.98)

letter-probability matrix: alength= 4 w= 10 nsites= 1 E= 0
  0.232947	  0.273366	  0.293187	  0.200499	
  0.212847	  0.340554	  0.181376	  0.265223	
  0.136717	  0.049300	  0.011335	  0.802648	
  0.797526	  0.087489	  0.088368	  0.026616	
  0.889584	  0.000658	  0.045639	  0.064120	
  0.150641	  0.058844	  0.122107	  0.668408	
  0.186789	  0.142591	  0.242253	  0.428367	
  0.315574	  0.091322	  0.456867	  0.136237	
  0.212950	  0.281760	  0.314523	  0.190768	
  0.193573	  0.288776	  0.231748	  0.285903	

URL http://cisbp.ccbr.utoronto.ca/TFreport.php?versionNumber=2.00&searchTF=T227517_2.00

MOTIF M00443_2.00 (e_gw.5.490.1)_(Mus_musculus)_(DBD_0.93)

letter-probability matrix: alength= 4 w= 8 nsites= 1 E= 0
  0.205661	  0.300734	  0.189849	  0.303757	
  0.125034	  0.075837	  0.035114	  0.764015	
  0.752473	  0.068263	  0.113678	  0.065586	
  0.947059	  0.000567	  0.020767	  0.031606	
  0.052681	  0.078591	  0.069010	  0.799717	
  0.162578	  0.134445	  0.157773	  0.545203	
  0.352715	  0.124669	  0.349206	  0.173410	
  0.314813	  0.200734	  0.311680	  0.172773	

URL http://cisbp.ccbr.utoronto.ca/TFreport.php?versionNumber=2.00&searchTF=T227313_2.00

MOTIF M00450_2.00 (estExt_fgenesh2_kg.C_4020003)_(Mus_musculus)_(DBD_0.91)

letter-probability matrix: alength= 4 w= 9 nsites= 1 E= 0
  0.196325	  0.259764	  0.216973	  0.326938	
  0.168024	  0.144619	  0.100897	  0.586460	
  0.700378	  0.000665	  0.217374	  0.081583	
  0.964678	  0.000287	  0.006765	  0.028270	
  0.099760	  0.022937	  0.086727	  0.790576	
  0.079382	  0.133523	  0.297160	  0.489935	
  0.592997	  0.034302	  0.309572	  0.063130	
  0.209422	  0.321935	  0.297183	  0.171460	
  0.160609	  0.343427	  0.206226	  0.289737	

URL http://cisbp.ccbr.utoronto.ca/TFreport.php?versionNumber=2.00&searchTF=T227354_2.00

MOTIF M00451_2.00 (fgenesh2_pg.scaffold_222000058)_(Mus_musculus)_(DBD_0.89)

letter-probability matrix: alength= 4 w= 8 nsites= 1 E= 0
  0.745050	  0.002475	  0.002475	  0.250000	
  0.200397	  0.001984	  0.001984	  0.795635	
  0.001984	  0.001984	  0.001984	  0.994048	
  0.795635	  0.001984	  0.001984	  0.200397	
  0.994048	  0.001984	  0.001984	  0.001984	
  0.001984	  0.001984	  0.001984	  0.994048	
  0.200397	  0.001984	  0.001984	  0.795635	
  0.992574	  0.002475	  0.002475	  0.002475	

URL http://cisbp.ccbr.utoronto.ca/TFreport.php?versionNumber=2.00&searchTF=T227524_2.00

MOTIF M00458_2.00 (estExt_fgenesh2_kg.C_1460001)_(Mus_musculus)_(DBD_1.00)

letter-probability matrix: alength= 4 w= 7 nsites= 1 E= 0
  0.207112	  0.268610	  0.252968	  0.271310	
  0.229210	  0.070431	  0.130927	  0.569432	
  0.521448	  0.073450	  0.236656	  0.168445	
  0.627941	  0.108034	  0.128053	  0.135972	
  0.172464	  0.088251	  0.270478	  0.468806	
  0.209059	  0.140136	  0.302661	  0.348144	
  0.255000	  0.139947	  0.428917	  0.176137	

URL http://cisbp.ccbr.utoronto.ca/TFreport.php?versionNumber=2.00&searchTF=T227351_2.00

MOTIF M00462_2.00 (estExt_fgenesh2_pg.C_340237)_(Mus_musculus)_(DBD_0.98)

letter-probability matrix: alength= 4 w= 7 nsites= 1 E= 0
  0.198929	  0.327978	  0.255430	  0.217663	
  0.220805	  0.126126	  0.131273	  0.521797	
  0.509991	  0.118438	  0.182070	  0.189501	
  0.706385	  0.038868	  0.107787	  0.146960	
  0.169953	  0.139146	  0.120967	  0.569934	
  0.143686	  0.234541	  0.190115	  0.431657	
  0.324622	  0.125544	  0.396494	  0.153340	

URL http://cisbp.ccbr.utoronto.ca/TFreport.php?versionNumber=2.00&searchTF=T227379_2.00

MOTIF M00466_2.00 (estExt_GenewiseH_1.C_2940047)_(Mus_musculus)_(DBD_1.00)

letter-probability matrix: alength= 4 w= 9 nsites= 1 E= 0
  0.319806	  0.179059	  0.239299	  0.261835	
  0.326964	  0.089108	  0.142572	  0.441355	
  0.104999	  0.140324	  0.052665	  0.702012	
  0.632389	  0.042927	  0.165588	  0.159096	
  0.902412	  0.000373	  0.035342	  0.061872	
  0.062494	  0.001133	  0.033956	  0.902416	
  0.174093	  0.139713	  0.298744	  0.387450	
  0.522018	  0.055573	  0.301178	  0.121231	
  0.164852	  0.331971	  0.291502	  0.211674	

URL http://cisbp.ccbr.utoronto.ca/TFreport.php?versionNumber=2.00&searchTF=T227429_2.00

MOTIF M00476_2.00 (e_gw.260.32.1)_(Mus_musculus)_(DBD_0.98)

letter-probability matrix: alength= 4 w= 9 nsites= 1 E= 0
  0.219817	  0.202917	  0.222026	  0.355240	
  0.214850	  0.129017	  0.132946	  0.523188	
  0.513373	  0.061621	  0.131763	  0.293243	
  0.787783	  0.015788	  0.077418	  0.119012	
  0.061583	  0.194490	  0.104625	  0.639303	
  0.168088	  0.140399	  0.363030	  0.328483	
  0.320844	  0.119218	  0.380298	  0.179640	
  0.183628	  0.344782	  0.238153	  0.233437	
  0.224687	  0.297291	  0.224687	  0.253334	

URL http://cisbp.ccbr.utoronto.ca/TFreport.php?versionNumber=2.00&searchTF=T227278_2.00

MOTIF M00478_2.00 (e_gw.260.11.1)_(Mus_musculus)_(DBD_0.96)

letter-probability matrix: alength= 4 w= 9 nsites= 1 E= 0
  0.197615	  0.274876	  0.191775	  0.335734	
  0.172181	  0.077366	  0.072860	  0.677593	
  0.653012	  0.064174	  0.139993	  0.142821	
  0.767213	  0.043500	  0.059905	  0.129381	
  0.077594	  0.142807	  0.113465	  0.666135	
  0.137746	  0.146263	  0.352626	  0.363365	
  0.380293	  0.108956	  0.354582	  0.156169	
  0.199945	  0.316728	  0.264553	  0.218775	
  0.222950	  0.292056	  0.220731	  0.264263	

URL http://cisbp.ccbr.utoronto.ca/TFreport.php?versionNumber=2.00&searchTF=T227277_2.00

MOTIF M00483_2.00 (fgenesh2_pg.scaffold_136000063)_(Mus_musculus)_(DBD_0.98)

letter-probability matrix: alength= 4 w= 7 nsites= 1 E= 0
  0.247356	  0.242458	  0.265291	  0.244895	
  0.187686	  0.245862	  0.203318	  0.363134	
  0.206531	  0.145540	  0.437226	  0.210703	
  0.818609	  0.111900	  0.033704	  0.035788	
  0.126658	  0.170970	  0.099632	  0.602740	
  0.539508	  0.337193	  0.043409	  0.079890	
  0.146793	  0.419484	  0.179294	  0.254430	

URL http://cisbp.ccbr.utoronto.ca/TFreport.php?versionNumber=2.00&searchTF=T227509_2.00

MOTIF M00484_2.00 (e_gw.53.179.1)_(Mus_musculus)_(DBD_0.90)

letter-probability matrix: alength= 4 w= 8 nsites= 1 E= 0
  0.260569	  0.255410	  0.285108	  0.198913	
  0.177845	  0.320830	  0.230652	  0.270673	
  0.114497	  0.403649	  0.048938	  0.432917	
  0.580843	  0.152091	  0.107177	  0.159889	
  0.790662	  0.111371	  0.053137	  0.044830	
  0.121087	  0.104221	  0.012262	  0.762430	
  0.136206	  0.248183	  0.120804	  0.494807	
  0.509367	  0.130735	  0.162905	  0.196993	

URL http://cisbp.ccbr.utoronto.ca/TFreport.php?versionNumber=2.00&searchTF=T227307_2.00

MOTIF M00485_2.00 (gw.473.22.1)_(Mus_musculus)_(DBD_0.95)

letter-probability matrix: alength= 4 w= 7 nsites= 1 E= 0
  0.187295	  0.271153	  0.247815	  0.293737	
  0.250771	  0.201249	  0.229188	  0.318793	
  0.296001	  0.169078	  0.244781	  0.290140	
  0.718437	  0.000173	  0.207904	  0.073485	
  0.249149	  0.003519	  0.152635	  0.594697	
  0.242601	  0.126649	  0.230769	  0.399981	
  0.470117	  0.042224	  0.321495	  0.166165	

URL http://cisbp.ccbr.utoronto.ca/TFreport.php?versionNumber=2.00&searchTF=T227651_2.00

MOTIF M00486_2.00 (e_gw.11.371.1)_(Mus_musculus)_(DBD_0.95)

letter-probability matrix: alength= 4 w= 7 nsites= 1 E= 0
  0.153626	  0.124527	  0.117275	  0.604572	
  0.593609	  0.094275	  0.189847	  0.122269	
  0.704175	  0.030785	  0.098202	  0.166839	
  0.084709	  0.138271	  0.119011	  0.658009	
  0.158625	  0.155484	  0.189908	  0.495983	
  0.362402	  0.126818	  0.341297	  0.169483	
  0.274738	  0.195550	  0.352771	  0.176941	

URL http://cisbp.ccbr.utoronto.ca/TFreport.php?versionNumber=2.00&searchTF=T227245_2.00

MOTIF M00493_2.00 (e_gw.260.40.1)_(Mus_musculus)_(DBD_0.70)

letter-probability matrix: alength= 4 w= 8 nsites= 1 E= 0
  0.220461	  0.118596	  0.155356	  0.505587	
  0.167954	  0.119545	  0.132117	  0.580384	
  0.294321	  0.124546	  0.137644	  0.443489	
  0.487902	  0.138395	  0.183115	  0.190588	
  0.151536	  0.327281	  0.137115	  0.384068	
  0.172500	  0.139826	  0.391662	  0.296012	
  0.398017	  0.146422	  0.274924	  0.180638	
  0.151095	  0.332923	  0.256701	  0.259281	

URL http://cisbp.ccbr.utoronto.ca/TFreport.php?versionNumber=2.00&searchTF=T227281_2.00

MOTIF M00495_2.00 (estExt_fgenesh2_pg.C_2100001)_(Mus_musculus)_(DBD_0.91)

letter-probability matrix: alength= 4 w= 9 nsites= 1 E= 0
  0.184447	  0.364076	  0.184447	  0.267030	
  0.116544	  0.046445	  0.001308	  0.835703	
  0.822965	  0.097799	  0.078485	  0.000750	
  0.891592	  0.011056	  0.021179	  0.076173	
  0.116988	  0.045699	  0.100693	  0.736620	
  0.189372	  0.123188	  0.282510	  0.404930	
  0.430266	  0.105047	  0.303203	  0.161484	
  0.227412	  0.274998	  0.297901	  0.199689	
  0.184723	  0.307617	  0.234829	  0.272832	

URL http://cisbp.ccbr.utoronto.ca/TFreport.php?versionNumber=2.00&searchTF=T227373_2.00

MOTIF M00497_2.00 (estExt_fgenesh2_pg.C_1430014)_(Mus_musculus)_(DBD_0.95)

letter-probability matrix: alength= 4 w= 9 nsites= 1 E= 0
  0.245645	  0.217868	  0.155072	  0.381415	
  0.155646	  0.286456	  0.182652	  0.375247	
  0.590071	  0.027667	  0.267800	  0.114462	
  0.898778	  0.013079	  0.023360	  0.064783	
  0.070908	  0.007549	  0.728793	  0.192749	
  0.205889	  0.053375	  0.175447	  0.565289	
  0.315679	  0.022081	  0.558205	  0.104035	
  0.130473	  0.305262	  0.324138	  0.240127	
  0.222604	  0.274622	  0.222604	  0.280170	

URL http://cisbp.ccbr.utoronto.ca/TFreport.php?versionNumber=2.00&searchTF=T227363_2.00

MOTIF M00506_2.00 (estExt_fgenesh2_pg.C_1430013)_(Mus_musculus)_(DBD_0.96)

letter-probability matrix: alength= 4 w= 9 nsites= 1 E= 0
  0.222072	  0.252902	  0.183644	  0.341382	
  0.190880	  0.144264	  0.176205	  0.488650	
  0.671910	  0.026579	  0.219231	  0.082280	
  0.946942	  0.002124	  0.008275	  0.042659	
  0.048899	  0.017112	  0.727602	  0.206387	
  0.181881	  0.050066	  0.158119	  0.609934	
  0.334214	  0.016976	  0.579278	  0.069532	
  0.135232	  0.297969	  0.339336	  0.227464	
  0.208040	  0.278030	  0.218707	  0.295223	

URL http://cisbp.ccbr.utoronto.ca/TFreport.php?versionNumber=2.00&searchTF=T227362_2.00

MOTIF M00509_2.00 (e_gw.260.52.1)_(Mus_musculus)_(DBD_0.86)

letter-probability matrix: alength= 4 w= 8 nsites= 1 E= 0
  0.232472	  0.141002	  0.172220	  0.454306	
  0.195416	  0.163225	  0.130991	  0.510367	
  0.290449	  0.153152	  0.144233	  0.412167	
  0.482720	  0.165577	  0.179368	  0.172335	
  0.150739	  0.256095	  0.144828	  0.448338	
  0.186948	  0.177830	  0.317611	  0.317611	
  0.334627	  0.169528	  0.302783	  0.193063	
  0.186800	  0.323772	  0.242267	  0.247161	

URL http://cisbp.ccbr.utoronto.ca/TFreport.php?versionNumber=2.00&searchTF=T227283_2.00

MOTIF M00516_2.00 (fgenesh2_pg.scaffold_191000076)_(Mus_musculus)_(DBD_0.86)

letter-probability matrix: alength= 4 w= 9 nsites= 1 E= 0
  0.266806	  0.229642	  0.205721	  0.297830	
  0.116229	  0.082729	  0.031676	  0.769366	
  0.886269	  0.000274	  0.097224	  0.016233	
  0.956010	  0.016164	  0.000365	  0.027461	
  0.057873	  0.196026	  0.082125	  0.663976	
  0.104695	  0.230685	  0.333971	  0.330648	
  0.326888	  0.077449	  0.441252	  0.154411	
  0.189730	  0.271946	  0.338866	  0.199458	
  0.170012	  0.319216	  0.175189	  0.335583	

URL http://cisbp.ccbr.utoronto.ca/TFreport.php?versionNumber=2.00&searchTF=T227518_2.00

MOTIF M00541_2.00 (fgenesh2_kg.scaffold_211000002)_(Mus_musculus)_(DBD_0.95)

letter-probability matrix: alength= 4 w= 8 nsites= 1 E= 0
  0.202576	  0.296223	  0.210843	  0.290358	
  0.194598	  0.365379	  0.185107	  0.254916	
  0.389438	  0.176744	  0.318845	  0.114974	
  0.693175	  0.069497	  0.118071	  0.119257	
  0.066258	  0.040188	  0.061779	  0.831775	
  0.128430	  0.097066	  0.064418	  0.710086	
  0.607661	  0.091800	  0.081420	  0.219119	
  0.240532	  0.222039	  0.257972	  0.279458	

URL http://cisbp.ccbr.utoronto.ca/TFreport.php?versionNumber=2.00&searchTF=T237731_2.00

MOTIF M00556_2.00 (e_gw.549.21.1)_(Drosophila_melanogaster)_(DBD_0.86)

letter-probability matrix: alength= 4 w= 10 nsites= 1 E= 0
  0.225403	  0.225403	  0.323790	  0.225403	
  0.125576	  0.231347	  0.418331	  0.224745	
  0.000115	  0.000115	  0.000115	  0.999655	
  0.999655	  0.000115	  0.000115	  0.000115	
  0.999655	  0.000115	  0.000115	  0.000115	
  0.000115	  0.000115	  0.000115	  0.999655	
  0.000115	  0.000115	  0.000115	  0.999655	
  0.999655	  0.000115	  0.000115	  0.000115	
  0.322805	  0.120694	  0.531790	  0.024712	
  0.219817	  0.229876	  0.223708	  0.326600	

URL http://cisbp.ccbr.utoronto.ca/TFreport.php?versionNumber=2.00&searchTF=T227314_2.00

MOTIF M00563_2.00 (e_gw.52.107.1)_(Drosophila_melanogaster)_(DBD_0.83)

letter-probability matrix: alength= 4 w= 9 nsites= 1 E= 0
  0.304796	  0.208438	  0.219125	  0.267640	
  0.204503	  0.208634	  0.183200	  0.403663	
  0.192685	  0.087449	  0.498226	  0.221640	
  0.950847	  0.044583	  0.000055	  0.004515	
  0.142274	  0.292292	  0.142274	  0.423161	
  0.521793	  0.307130	  0.042405	  0.128672	
  0.156958	  0.510801	  0.109506	  0.222734	
  0.200454	  0.358018	  0.208634	  0.232894	
  0.249520	  0.257119	  0.206343	  0.287017	

URL http://cisbp.ccbr.utoronto.ca/TFreport.php?versionNumber=2.00&searchTF=T227305_2.00

MOTIF M00650_2.00 (e_gw.598.24.1)_(Caenorhabditis_elegans)_(DBD_0.72)

letter-probability matrix: alength= 4 w= 8 nsites= 1 E= 0
  0.491059	  0.157959	  0.263149	  0.087833	
  0.986454	  0.000132	  0.000132	  0.013282	
  0.947002	  0.000132	  0.052735	  0.000132	
  0.013282	  0.000132	  0.933851	  0.052735	
  0.000132	  0.013282	  0.000132	  0.986454	
  0.026433	  0.013282	  0.013282	  0.947002	
  0.034631	  0.155238	  0.120779	  0.689352	
  0.200050	  0.200050	  0.449800	  0.150100	

URL http://cisbp.ccbr.utoronto.ca/TFreport.php?versionNumber=2.00&searchTF=T159483_2.00

MOTIF M00656_2.00 (e_gw.304.55.1)_(Caenorhabditis_elegans)_(DBD_0.85)

letter-probability matrix: alength= 4 w= 10 nsites= 1 E= 0
  0.399025	  0.136869	  0.188486	  0.275620	
  0.310127	  0.107445	  0.086227	  0.496201	
  0.141909	  0.062501	  0.661946	  0.133645	
  0.088249	  0.038098	  0.002204	  0.871450	
  0.698396	  0.039204	  0.103419	  0.158981	
  0.217536	  0.066179	  0.106951	  0.609334	
  0.133729	  0.655771	  0.067075	  0.143425	
  0.388300	  0.157871	  0.198697	  0.255132	
  0.411135	  0.162215	  0.172246	  0.254404	
  0.291260	  0.149040	  0.185715	  0.373985	

URL http://cisbp.ccbr.utoronto.ca/TFreport.php?versionNumber=2.00&searchTF=T169494_2.00

MOTIF M00817_2.00 (fgenesh2_pm.scaffold_42000026)_(Mus_musculus)_(DBD_0.94)

letter-probability matrix: alength= 4 w= 8 nsites= 1 E= 0
  0.186667	  0.506667	  0.226667	  0.080000	
  0.796610	  0.008475	  0.135593	  0.059322	
