MEME version 5.5.8 (Fri May 2 15:43:49 2025 -0700)

ALPHABET= ACGT

strands: + -

Background letter frequencies (from uniform background):
A 0.25000 C 0.25000 G 0.25000 T 0.25000 

MOTIF M06608_2.00 (Q3HS43_BRANA)_(Arabidopsis_thaliana)_(DBD_0.96)

letter-probability matrix: alength= 4 w= 15 nsites= 1 E= 0
  0.187291	  0.371237	  0.132107	  0.309365	
  0.215719	  0.419732	  0.123746	  0.240803	
  0.316054	  0.143813	  0.262542	  0.277592	
  0.242475	  0.342809	  0.117057	  0.297659	
  0.225753	  0.466555	  0.095318	  0.212375	
  0.252508	  0.096990	  0.319398	  0.331104	
  0.093645	  0.526756	  0.080268	  0.299331	
  0.065217	  0.821071	  0.016722	  0.096990	
  0.747492	  0.000000	  0.252508	  0.000000	
  0.000000	  1.000000	  0.000000	  0.000000	
  0.000000	  1.000000	  0.000000	  0.000000	
  0.000000	  0.000000	  1.000000	  0.000000	
  0.802675	  0.081940	  0.006689	  0.108696	
  0.001672	  0.998328	  0.000000	  0.000000	
  0.749164	  0.000000	  0.204013	  0.046823	

URL http://cisbp.ccbr.utoronto.ca/TFreport.php?versionNumber=2.00&searchTF=T010123_2.00

MOTIF M06678_2.00 (Q8S2T5_BRANA)_(Arabidopsis_thaliana)_(DBD_0.90)

letter-probability matrix: alength= 4 w= 13 nsites= 1 E= 0
  0.239531	  0.147404	  0.254606	  0.358459	
  0.155779	  0.276382	  0.108878	  0.458961	
  0.095477	  0.410385	  0.159129	  0.335008	
  0.479062	  0.000000	  0.520938	  0.000000	
  0.000000	  0.964824	  0.000000	  0.035176	
  0.000000	  1.000000	  0.000000	  0.000000	
  0.000000	  0.000000	  1.000000	  0.000000	
  1.000000	  0.000000	  0.000000	  0.000000	
  0.000000	  1.000000	  0.000000	  0.000000	
  0.673367	  0.087102	  0.182580	  0.056951	
  0.164154	  0.120603	  0.028476	  0.686767	
  0.291457	  0.318258	  0.217755	  0.172529	
  0.408710	  0.130653	  0.271357	  0.189280	

URL http://cisbp.ccbr.utoronto.ca/TFreport.php?versionNumber=2.00&searchTF=T010129_2.00

