MEME version 5.5.8 (Fri May 2 15:43:49 2025 -0700)

ALPHABET= ACGT

strands: + -

Background letter frequencies (from uniform background):
A 0.25000 C 0.25000 G 0.25000 T 0.25000 

MOTIF M00159_2.00 (BTMF_0001332301)_(Mus_musculus)_(DBD_0.63)

letter-probability matrix: alength= 4 w= 10 nsites= 1 E= 0
  0.401213	  0.134894	  0.189519	  0.274374	
  0.288005	  0.299758	  0.235798	  0.176439	
  0.207310	  0.504826	  0.205247	  0.082617	
  0.276376	  0.615087	  0.084925	  0.023612	
  0.001256	  0.018138	  0.980434	  0.000172	
  0.005077	  0.055966	  0.893136	  0.045821	
  0.810468	  0.028435	  0.076525	  0.084573	
  0.293995	  0.181919	  0.067597	  0.456488	
  0.285185	  0.231166	  0.308937	  0.174712	
  0.171414	  0.277017	  0.125723	  0.425847	

URL http://cisbp.ccbr.utoronto.ca/TFreport.php?versionNumber=2.00&searchTF=T178383_2.00

MOTIF M00163_2.00 (BTMF_0001249101)_(Mus_musculus)_(DBD_0.70)

letter-probability matrix: alength= 4 w= 8 nsites= 1 E= 0
  0.309467	  0.142959	  0.547336	  0.000238	
  0.295052	  0.000164	  0.000164	  0.704620	
  0.619510	  0.295749	  0.000141	  0.084600	
  0.888534	  0.069545	  0.000139	  0.041782	
  0.999584	  0.000139	  0.000139	  0.000139	
  0.000139	  0.957940	  0.000139	  0.041782	
  0.999572	  0.000143	  0.000143	  0.000143	
  0.660068	  0.132164	  0.056750	  0.151018	

URL http://cisbp.ccbr.utoronto.ca/TFreport.php?versionNumber=2.00&searchTF=T190349_2.00

MOTIF M00195_2.00 (BTMF_0001637101)_(Mus_musculus)_(DBD_0.84)

letter-probability matrix: alength= 4 w= 10 nsites= 1 E= 0
  0.279067	  0.181426	  0.181426	  0.358081	
  0.289551	  0.189085	  0.212315	  0.309049	
  0.000105	  0.000105	  0.000105	  0.999685	
  0.000105	  0.000105	  0.999685	  0.000105	
  0.000105	  0.999685	  0.000105	  0.000105	
  0.000105	  0.000105	  0.000105	  0.999685	
  0.000105	  0.000105	  0.999685	  0.000105	
  0.999685	  0.000105	  0.000105	  0.000105	
  0.068679	  0.613130	  0.162332	  0.155859	
  0.241038	  0.147190	  0.147190	  0.464583	

URL http://cisbp.ccbr.utoronto.ca/TFreport.php?versionNumber=2.00&searchTF=T336093_2.00

MOTIF M00376_2.00 (BTMF_0000783401)_(Caenorhabditis_elegans)_(DBD_0.91)

letter-probability matrix: alength= 4 w= 10 nsites= 1 E= 0
  0.214617	  0.090818	  0.075102	  0.619463	
  0.069859	  0.360136	  0.209869	  0.360136	
  0.722064	  0.000065	  0.260373	  0.017498	
  0.991898	  0.000023	  0.004261	  0.003818	
  0.000309	  0.000156	  0.977664	  0.021871	
  0.127581	  0.009014	  0.083827	  0.779578	
  0.331797	  0.010325	  0.629247	  0.028632	
  0.038565	  0.396364	  0.362249	  0.202823	
  0.184394	  0.295029	  0.197764	  0.322813	
  0.196154	  0.281154	  0.168832	  0.353860	

URL http://cisbp.ccbr.utoronto.ca/TFreport.php?versionNumber=2.00&searchTF=T233223_2.00

MOTIF M00393_2.00 (BTMF_0001049001)_(Mus_musculus)_(DBD_0.88)

letter-probability matrix: alength= 4 w= 8 nsites= 1 E= 0
  0.235698	  0.265748	  0.314993	  0.183561	
  0.194613	  0.361771	  0.230676	  0.212940	
  0.142042	  0.092400	  0.025949	  0.739610	
  0.699379	  0.079059	  0.175949	  0.045613	
  0.870945	  0.043362	  0.006683	  0.079010	
  0.058490	  0.192260	  0.064641	  0.684609	
  0.137513	  0.209290	  0.328232	  0.324966	
  0.380775	  0.133247	  0.314885	  0.171093	

URL http://cisbp.ccbr.utoronto.ca/TFreport.php?versionNumber=2.00&searchTF=T233235_2.00

MOTIF M00432_2.00 (BTMF_0000970401)_(Mus_musculus)_(DBD_0.84)

letter-probability matrix: alength= 4 w= 8 nsites= 1 E= 0
  0.233021	  0.233021	  0.237729	  0.296228	
  0.299569	  0.128040	  0.147281	  0.425109	
  0.394212	  0.088845	  0.184360	  0.332583	
  0.791037	  0.010521	  0.120704	  0.077738	
  0.125342	  0.030909	  0.107883	  0.735866	
  0.111249	  0.116952	  0.215243	  0.556556	
  0.502249	  0.069345	  0.330001	  0.098405	
  0.304872	  0.239820	  0.275859	  0.179449	

URL http://cisbp.ccbr.utoronto.ca/TFreport.php?versionNumber=2.00&searchTF=T233230_2.00

MOTIF M00458_2.00 (BTMF_0000283501)_(Mus_musculus)_(DBD_0.90)

letter-probability matrix: alength= 4 w= 7 nsites= 1 E= 0
  0.207112	  0.268610	  0.252968	  0.271310	
  0.229210	  0.070431	  0.130927	  0.569432	
  0.521448	  0.073450	  0.236656	  0.168445	
  0.627941	  0.108034	  0.128053	  0.135972	
  0.172464	  0.088251	  0.270478	  0.468806	
  0.209059	  0.140136	  0.302661	  0.348144	
  0.255000	  0.139947	  0.428917	  0.176137	

URL http://cisbp.ccbr.utoronto.ca/TFreport.php?versionNumber=2.00&searchTF=T233207_2.00

MOTIF M00484_2.00 (BTMF_0000838401)_(Mus_musculus)_(DBD_0.74)

letter-probability matrix: alength= 4 w= 8 nsites= 1 E= 0
  0.260569	  0.255410	  0.285108	  0.198913	
  0.177845	  0.320830	  0.230652	  0.270673	
  0.114497	  0.403649	  0.048938	  0.432917	
  0.580843	  0.152091	  0.107177	  0.159889	
  0.790662	  0.111371	  0.053137	  0.044830	
  0.121087	  0.104221	  0.012262	  0.762430	
  0.136206	  0.248183	  0.120804	  0.494807	
  0.509367	  0.130735	  0.162905	  0.196993	

URL http://cisbp.ccbr.utoronto.ca/TFreport.php?versionNumber=2.00&searchTF=T233224_2.00

MOTIF M00495_2.00 (BTMF_0001481201)_(Mus_musculus)_(DBD_0.79)

letter-probability matrix: alength= 4 w= 9 nsites= 1 E= 0
  0.184447	  0.364076	  0.184447	  0.267030	
  0.116544	  0.046445	  0.001308	  0.835703	
  0.822965	  0.097799	  0.078485	  0.000750	
  0.891592	  0.011056	  0.021179	  0.076173	
  0.116988	  0.045699	  0.100693	  0.736620	
  0.189372	  0.123188	  0.282510	  0.404930	
  0.430266	  0.105047	  0.303203	  0.161484	
  0.227412	  0.274998	  0.297901	  0.199689	
  0.184723	  0.307617	  0.234829	  0.272832	

URL http://cisbp.ccbr.utoronto.ca/TFreport.php?versionNumber=2.00&searchTF=T233247_2.00

MOTIF M00516_2.00 (BTMF_0000946801)_(Mus_musculus)_(DBD_0.90)

letter-probability matrix: alength= 4 w= 9 nsites= 1 E= 0
  0.266806	  0.229642	  0.205721	  0.297830	
  0.116229	  0.082729	  0.031676	  0.769366	
  0.886269	  0.000274	  0.097224	  0.016233	
  0.956010	  0.016164	  0.000365	  0.027461	
  0.057873	  0.196026	  0.082125	  0.663976	
  0.104695	  0.230685	  0.333971	  0.330648	
  0.326888	  0.077449	  0.441252	  0.154411	
  0.189730	  0.271946	  0.338866	  0.199458	
  0.170012	  0.319216	  0.175189	  0.335583	

URL http://cisbp.ccbr.utoronto.ca/TFreport.php?versionNumber=2.00&searchTF=T233229_2.00

MOTIF M00531_2.00 (BTMF_0001812401)_(Mus_musculus)_(DBD_0.68)

letter-probability matrix: alength= 4 w= 8 nsites= 1 E= 0
  0.197705	  0.297905	  0.188063	  0.316327	
  0.149881	  0.075932	  0.046518	  0.727668	
  0.769845	  0.044088	  0.131130	  0.054937	
  0.865682	  0.028037	  0.030070	  0.076212	
  0.059224	  0.157799	  0.096672	  0.686305	
  0.154873	  0.134640	  0.362348	  0.348140	
  0.399402	  0.099481	  0.340348	  0.160769	
  0.198563	  0.308310	  0.260111	  0.233016	

URL http://cisbp.ccbr.utoronto.ca/TFreport.php?versionNumber=2.00&searchTF=T233250_2.00

MOTIF M00605_2.00 (BTMF_0000787301)_(Caenorhabditis_elegans)_(DBD_0.62)

letter-probability matrix: alength= 4 w= 13 nsites= 1 E= 0
  0.230644	  0.230644	  0.230644	  0.308069	
  0.230644	  0.230644	  0.308069	  0.230644	
  0.195361	  0.042431	  0.042431	  0.719777	
  0.105121	  0.022865	  0.128036	  0.743978	
  0.853680	  0.022865	  0.100590	  0.022865	
  0.000176	  0.673192	  0.000176	  0.326456	
  0.236202	  0.000176	  0.687605	  0.076018	
  0.076018	  0.420964	  0.077601	  0.425417	
  0.790056	  0.095374	  0.019532	  0.095037	
  0.780883	  0.097796	  0.019532	  0.101789	
  0.376765	  0.207745	  0.207745	  0.207745	
  0.227311	  0.227311	  0.227311	  0.318067	
  0.318067	  0.227311	  0.227311	  0.227311	

URL http://cisbp.ccbr.utoronto.ca/TFreport.php?versionNumber=2.00&searchTF=T074216_2.00

MOTIF M00614_2.00 (BTMF_0001741201)_(Caenorhabditis_elegans)_(DBD_0.94)

letter-probability matrix: alength= 4 w= 8 nsites= 1 E= 0
  0.368172	  0.210609	  0.105567	  0.315651	
  0.000344	  0.998967	  0.000344	  0.000344	
  0.000344	  0.998967	  0.000344	  0.000344	
  0.000344	  0.000344	  0.998967	  0.000344	
  0.000344	  0.000344	  0.000344	  0.998967	
  0.000344	  0.000344	  0.000344	  0.998967	
  0.998967	  0.000344	  0.000344	  0.000344	
  0.000525	  0.368172	  0.210609	  0.420693	

URL http://cisbp.ccbr.utoronto.ca/TFreport.php?versionNumber=2.00&searchTF=T152436_2.00

MOTIF M00618_2.00 (BTMF_0000075201)_(Caenorhabditis_elegans)_(DBD_0.85)

letter-probability matrix: alength= 4 w= 9 nsites= 1 E= 0
  0.225760	  0.223668	  0.227729	  0.322842	
  0.000071	  0.000071	  0.999788	  0.000071	
  0.000071	  0.999788	  0.000071	  0.000071	
  0.000071	  0.000071	  0.000071	  0.999788	
  0.893475	  0.000071	  0.000071	  0.106383	
  0.000071	  0.999788	  0.000071	  0.000071	
  0.000071	  0.504333	  0.000071	  0.495526	
  0.000071	  0.000071	  0.999788	  0.000071	
  0.098444	  0.098444	  0.286131	  0.516980	

URL http://cisbp.ccbr.utoronto.ca/TFreport.php?versionNumber=2.00&searchTF=T152373_2.00

MOTIF M00622_2.00 (BTMF_0000380401)_(Caenorhabditis_elegans)_(DBD_0.97)

letter-probability matrix: alength= 4 w= 8 nsites= 1 E= 0
  0.042013	  0.915557	  0.000416	  0.042013	
  0.133489	  0.233356	  0.566245	  0.066911	
  0.000303	  0.999092	  0.000303	  0.000303	
  0.000303	  0.999092	  0.000303	  0.000303	
  0.000303	  0.968826	  0.000303	  0.030569	
  0.575363	  0.333232	  0.091102	  0.000303	
  0.000303	  0.999092	  0.000303	  0.000303	
  0.166805	  0.083611	  0.665973	  0.083611	

URL http://cisbp.ccbr.utoronto.ca/TFreport.php?versionNumber=2.00&searchTF=T152387_2.00

MOTIF M00632_2.00 (BTMF_0000199301)_(Caenorhabditis_elegans)_(DBD_0.94)

letter-probability matrix: alength= 4 w= 10 nsites= 1 E= 0
  0.310430	  0.229857	  0.229857	  0.229857	
  0.141167	  0.374062	  0.141167	  0.343604	
  0.570189	  0.429360	  0.000225	  0.000225	
  0.000225	  0.999324	  0.000225	  0.000225	
  0.085811	  0.000225	  0.913738	  0.000225	
  0.000225	  0.999324	  0.000225	  0.000225	
  0.000225	  0.999324	  0.000225	  0.000225	
  0.000225	  0.999324	  0.000225	  0.000225	
  0.217940	  0.667367	  0.020369	  0.094324	
  0.109058	  0.359751	  0.109058	  0.422132	

URL http://cisbp.ccbr.utoronto.ca/TFreport.php?versionNumber=2.00&searchTF=T152379_2.00

MOTIF M00638_2.00 (BTMF_0001757301)_(Caenorhabditis_elegans)_(DBD_0.80)

letter-probability matrix: alength= 4 w= 10 nsites= 1 E= 0
  0.210067	  0.246516	  0.190077	  0.353339	
  0.208071	  0.223158	  0.264511	  0.304260	
  0.273165	  0.099492	  0.172444	  0.454899	
  0.377830	  0.255813	  0.134888	  0.231469	
  0.223435	  0.756818	  0.000076	  0.019671	
  0.002609	  0.971445	  0.014714	  0.011232	
  0.010416	  0.002468	  0.001382	  0.985734	
  0.008187	  0.965392	  0.000305	  0.026116	
  0.575778	  0.180498	  0.152280	  0.091444	
  0.290872	  0.279467	  0.181796	  0.247865	

URL http://cisbp.ccbr.utoronto.ca/TFreport.php?versionNumber=2.00&searchTF=T152438_2.00

MOTIF M00652_2.00 (BTMF_0001264901)_(Caenorhabditis_elegans)_(DBD_0.89)

letter-probability matrix: alength= 4 w= 7 nsites= 1 E= 0
  0.184698	  0.237157	  0.179240	  0.398905	
  0.193622	  0.297648	  0.090551	  0.418179	
  0.105524	  0.010902	  0.533222	  0.350352	
  0.000005	  0.999851	  0.000007	  0.000138	
  0.000006	  0.075843	  0.923961	  0.000190	
  0.008049	  0.184102	  0.784849	  0.023000	
  0.452392	  0.109349	  0.222416	  0.215843	

URL http://cisbp.ccbr.utoronto.ca/TFreport.php?versionNumber=2.00&searchTF=T168785_2.00

MOTIF M00658_2.00 (BTMF_0001659501)_(Caenorhabditis_elegans)_(DBD_0.87)

letter-probability matrix: alength= 4 w= 8 nsites= 1 E= 0
  0.403423	  0.149903	  0.162387	  0.284287	
  0.453150	  0.139243	  0.153888	  0.253718	
  0.182050	  0.082622	  0.099911	  0.635417	
  0.082523	  0.121885	  0.653981	  0.141610	
  0.103082	  0.000752	  0.002329	  0.893837	
  0.286797	  0.095466	  0.089907	  0.527830	
  0.140755	  0.083681	  0.289171	  0.486393	
  0.222139	  0.421283	  0.138838	  0.217741	

URL http://cisbp.ccbr.utoronto.ca/TFreport.php?versionNumber=2.00&searchTF=T169722_2.00

MOTIF M00660_2.00 (BTMF_0000940801)_(Caenorhabditis_elegans)_(DBD_0.64)

letter-probability matrix: alength= 4 w= 10 nsites= 1 E= 0
  0.096878	  0.086787	  0.048592	  0.767743	
  0.004260	  0.001972	  0.991566	  0.002202	
  0.002889	  0.002776	  0.001140	  0.993195	
  0.120377	  0.093749	  0.020300	  0.765574	
  0.209974	  0.017584	  0.762792	  0.009650	
  0.632316	  0.357591	  0.001599	  0.008494	
  0.992452	  0.001974	  0.002117	  0.003456	
  0.865828	  0.008791	  0.004635	  0.120746	
  0.435155	  0.077922	  0.097096	  0.389827	
  0.300175	  0.171463	  0.150561	  0.377801	

URL http://cisbp.ccbr.utoronto.ca/TFreport.php?versionNumber=2.00&searchTF=T169720_2.00

MOTIF M00665_2.00 (BTMF_0000846601)_(Caenorhabditis_elegans)_(DBD_0.90)

letter-probability matrix: alength= 4 w= 11 nsites= 1 E= 0
  0.290290	  0.211015	  0.287681	  0.211015	
  0.243370	  0.086173	  0.086173	  0.584284	
  0.215478	  0.060026	  0.664470	  0.060026	
  0.151281	  0.076299	  0.000121	  0.772299	
  0.919668	  0.080090	  0.000121	  0.000121	
  0.922970	  0.076788	  0.000121	  0.000121	
  0.999637	  0.000121	  0.000121	  0.000121	
  0.000121	  0.668017	  0.000121	  0.331741	
  0.882680	  0.039107	  0.039107	  0.039107	
  0.508155	  0.163948	  0.163948	  0.163948	
  0.429714	  0.190095	  0.190095	  0.190095	

URL http://cisbp.ccbr.utoronto.ca/TFreport.php?versionNumber=2.00&searchTF=T190345_2.00

MOTIF M00671_2.00 (BTMF_0001439101)_(Caenorhabditis_elegans)_(DBD_0.67)

letter-probability matrix: alength= 4 w= 10 nsites= 1 E= 0
  0.271803	  0.163217	  0.084359	  0.480621	
  0.100398	  0.101407	  0.033755	  0.764439	
  0.843498	  0.017246	  0.067192	  0.072064	
  0.923696	  0.014417	  0.007377	  0.054510	
  0.030333	  0.028566	  0.032208	  0.908893	
  0.073324	  0.018447	  0.099971	  0.808259	
  0.601590	  0.017986	  0.323622	  0.056802	
  0.201761	  0.297997	  0.346223	  0.154020	
  0.139530	  0.323202	  0.194081	  0.343187	
  0.146951	  0.379972	  0.174181	  0.298896	

URL http://cisbp.ccbr.utoronto.ca/TFreport.php?versionNumber=2.00&searchTF=T233246_2.00

MOTIF M00679_2.00 (BTMF_0000859501)_(Caenorhabditis_elegans)_(DBD_0.61)

letter-probability matrix: alength= 4 w= 8 nsites= 1 E= 0
  0.194710	  0.274328	  0.106246	  0.424717	
  0.041153	  0.000068	  0.000068	  0.958710	
  0.999801	  0.000066	  0.000066	  0.000066	
  0.993181	  0.000066	  0.006687	  0.000066	
  0.006687	  0.000066	  0.046412	  0.946835	
  0.006687	  0.973318	  0.000066	  0.019928	
  0.000087	  0.573800	  0.069628	  0.356485	
  0.151948	  0.341726	  0.265815	  0.240511	

URL http://cisbp.ccbr.utoronto.ca/TFreport.php?versionNumber=2.00&searchTF=T233225_2.00

MOTIF M00682_2.00 (BTMF_0001609701)_(Caenorhabditis_elegans)_(DBD_0.72)

letter-probability matrix: alength= 4 w= 8 nsites= 1 E= 0
  0.004902	  0.004902	  0.004902	  0.985294	
  0.004902	  0.004902	  0.004902	  0.985294	
  0.004902	  0.985294	  0.004902	  0.004902	
  0.004902	  0.495098	  0.004902	  0.495098	
  0.985294	  0.004902	  0.004902	  0.004902	
  0.004902	  0.004902	  0.985294	  0.004902	
  0.985294	  0.004902	  0.004902	  0.004902	
  0.985294	  0.004902	  0.004902	  0.004902	

URL http://cisbp.ccbr.utoronto.ca/TFreport.php?versionNumber=2.00&searchTF=T243655_2.00

MOTIF M00686_2.00 (BTMF_0001388101)_(Caenorhabditis_elegans)_(DBD_0.93)

letter-probability matrix: alength= 4 w= 8 nsites= 1 E= 0
  0.844325	  0.000767	  0.154141	  0.000767	
  0.263130	  0.105567	  0.578256	  0.053046	
  0.083611	  0.042013	  0.042013	  0.832363	
  0.000416	  0.000416	  0.998752	  0.000416	
  0.998752	  0.000416	  0.000416	  0.000416	
  0.000416	  0.000416	  0.000416	  0.998752	
  0.000416	  0.998752	  0.000416	  0.000416	
  0.998503	  0.000499	  0.000499	  0.000499	

URL http://cisbp.ccbr.utoronto.ca/TFreport.php?versionNumber=2.00&searchTF=T308255_2.00

MOTIF M00687_2.00 (BTMF_0000273701)_(Caenorhabditis_elegans)_(DBD_0.90)

letter-probability matrix: alength= 4 w= 10 nsites= 1 E= 0
  0.424708	  0.167570	  0.181526	  0.226196	
  0.394760	  0.138142	  0.230046	  0.237052	
  0.621952	  0.129394	  0.123084	  0.125570	
  0.127104	  0.096063	  0.661826	  0.115008	
  0.473338	  0.032454	  0.247104	  0.247104	
  0.178424	  0.238451	  0.102942	  0.480182	
  0.124009	  0.620395	  0.086518	  0.169077	
  0.778907	  0.000116	  0.190165	  0.030812	
  0.331200	  0.215448	  0.235738	  0.217614	
  0.270667	  0.235307	  0.206622	  0.287404	

URL http://cisbp.ccbr.utoronto.ca/TFreport.php?versionNumber=2.00&searchTF=T308238_2.00

MOTIF M00796_2.00 (BTMF_0000237101)_(Mus_musculus)_(DBD_0.64)

letter-probability matrix: alength= 4 w= 10 nsites= 1 E= 0
  0.359371	  0.149061	  0.090410	  0.401158	
  0.421728	  0.136232	  0.263581	  0.178459	
  0.287711	  0.194796	  0.208921	  0.308572	
  0.387293	  0.104499	  0.432326	  0.075882	
  0.213252	  0.166081	  0.058118	  0.562548	
  0.555669	  0.284341	  0.048919	  0.111071	
  0.768444	  0.096967	  0.051130	  0.083460	
  0.771861	  0.058487	  0.089910	  0.079743	
  0.062825	  0.561351	  0.051953	  0.323871	
  0.748482	  0.072099	  0.068583	  0.110835	

URL http://cisbp.ccbr.utoronto.ca/TFreport.php?versionNumber=2.00&searchTF=T190341_2.00

MOTIF M00829_2.00 (BTMF_0001335601)_(Mus_musculus)_(DBD_0.58)

letter-probability matrix: alength= 4 w= 8 nsites= 1 E= 0
  0.260870	  0.173913	  0.130435	  0.434783	
  0.806452	  0.032258	  0.032258	  0.129032	
  0.914286	  0.028571	  0.028571	  0.028571	
  0.028571	  0.885714	  0.028571	  0.057143	
  0.914286	  0.028571	  0.028571	  0.028571	
  0.914286	  0.028571	  0.028571	  0.028571	
  0.028571	  0.028571	  0.028571	  0.914286	
  0.320000	  0.120000	  0.360000	  0.200000	

URL http://cisbp.ccbr.utoronto.ca/TFreport.php?versionNumber=2.00&searchTF=T336090_2.00

MOTIF M01141_2.00 (BTMF_0001510901)_(Caenorhabditis_briggsae)_(DBD_0.79)

letter-probability matrix: alength= 4 w= 10 nsites= 1 E= 0
  0.396695	  0.167866	  0.144484	  0.290955	
  0.555037	  0.047420	  0.379568	  0.017976	
  0.002357	  0.007982	  0.000117	  0.989544	
  0.003280	  0.003849	  0.990076	  0.002795	
  0.956624	  0.000420	  0.009056	  0.033900	
  0.002941	  0.779543	  0.011344	  0.206172	
  0.146554	  0.034035	  0.818434	  0.000978	
  0.022269	  0.029172	  0.011059	  0.937500	
  0.135371	  0.516987	  0.272603	  0.075040	
  0.635454	  0.133532	  0.127019	  0.103995	

URL http://cisbp.ccbr.utoronto.ca/TFreport.php?versionNumber=2.00&searchTF=T074224_2.00

MOTIF M01207_2.00 (BTMF_0000180501)_(Nematostella_vectensis)_(DBD_0.72)

letter-probability matrix: alength= 4 w= 8 nsites= 1 E= 0
  0.232170	  0.212188	  0.304135	  0.251507	
  0.318185	  0.224221	  0.224221	  0.233372	
  0.298893	  0.175930	  0.235118	  0.290059	
  0.223616	  0.112160	  0.512823	  0.151401	
  0.457101	  0.032619	  0.335259	  0.175021	
  0.190205	  0.175581	  0.002713	  0.631501	
  0.460236	  0.057497	  0.380596	  0.101671	
  0.203386	  0.149173	  0.475851	  0.171590	

URL http://cisbp.ccbr.utoronto.ca/TFreport.php?versionNumber=2.00&searchTF=T165735_2.00

MOTIF M01225_2.00 (BTMF_0000402301)_(Physcomitrella_patens)_(DBD_0.66)

letter-probability matrix: alength= 4 w= 10 nsites= 1 E= 0
  0.190589	  0.347275	  0.407531	  0.054605	
  0.053131	  0.125558	  0.759581	  0.061730	
  0.006389	  0.948224	  0.000029	  0.045358	
  0.045581	  0.000042	  0.924726	  0.029651	
  0.016651	  0.814394	  0.092060	  0.076895	
  0.118839	  0.496592	  0.220913	  0.163656	
  0.407444	  0.259798	  0.072960	  0.259798	
  0.440817	  0.140982	  0.104442	  0.313760	
  0.395676	  0.129101	  0.157685	  0.317538	
  0.315183	  0.176470	  0.156515	  0.351832	

URL http://cisbp.ccbr.utoronto.ca/TFreport.php?versionNumber=2.00&searchTF=T174232_2.00

MOTIF M01241_2.00 (BTMF_0000921401)_(Caenorhabditis_briggsae)_(DBD_0.95)

letter-probability matrix: alength= 4 w= 8 nsites= 1 E= 0
  0.266652	  0.200044	  0.155639	  0.377664	
  0.016280	  0.000161	  0.000161	  0.983398	
  0.999516	  0.000161	  0.000161	  0.000161	
  0.999516	  0.000161	  0.000161	  0.000161	
  0.000161	  0.000161	  0.000161	  0.999516	
  0.016547	  0.983126	  0.000164	  0.000164	
  0.055699	  0.869911	  0.000185	  0.074204	
  0.222253	  0.305494	  0.194506	  0.277747	

URL http://cisbp.ccbr.utoronto.ca/TFreport.php?versionNumber=2.00&searchTF=T233228_2.00

MOTIF M01667_2.00 (BTMF_0000158501)_(Caenorhabditis_elegans)_(DBD_0.85)

letter-probability matrix: alength= 4 w= 8 nsites= 1 E= 0
  0.245252	  0.271045	  0.215355	  0.268348	
  0.308320	  0.196593	  0.254968	  0.240120	
  0.941882	  0.000249	  0.000593	  0.057276	
  0.051763	  0.035046	  0.000248	  0.912942	
  0.191668	  0.309749	  0.088745	  0.409838	
  0.562171	  0.100666	  0.162683	  0.174479	
  0.502612	  0.159145	  0.175883	  0.162360	
  0.416728	  0.148775	  0.235670	  0.198827	

URL http://cisbp.ccbr.utoronto.ca/TFreport.php?versionNumber=2.00&searchTF=T016486_2.00

MOTIF M01830_2.00 (BTMF_0000617301)_(Caenorhabditis_elegans)_(DBD_0.65)

letter-probability matrix: alength= 4 w= 9 nsites= 1 E= 0
  0.990132	  0.003289	  0.003289	  0.003289	
  0.001656	  0.001656	  0.001656	  0.995033	
  0.167219	  0.001656	  0.001656	  0.829470	
  0.995033	  0.001656	  0.001656	  0.001656	
  0.001656	  0.663907	  0.001656	  0.332781	
  0.498344	  0.001656	  0.498344	  0.001656	
  0.001656	  0.167219	  0.001656	  0.829470	
  0.995033	  0.001656	  0.001656	  0.001656	
  0.990132	  0.003289	  0.003289	  0.003289	

URL http://cisbp.ccbr.utoronto.ca/TFreport.php?versionNumber=2.00&searchTF=T074215_2.00

MOTIF M01923_2.00 (BTMF_0001653601)_(Brugia_malayi)_(DBD_1.00)

letter-probability matrix: alength= 4 w= 10 nsites= 1 E= 0
  0.343826	  0.219233	  0.206466	  0.230474	
  0.425834	  0.159820	  0.187551	  0.226796	
  0.468789	  0.145497	  0.181300	  0.204415	
  0.217236	  0.106803	  0.036270	  0.639691	
  0.040545	  0.006004	  0.918203	  0.035248	
  0.018850	  0.000405	  0.001745	  0.979000	
  0.167120	  0.027350	  0.033741	  0.771789	
  0.050915	  0.017290	  0.323809	  0.607986	
  0.215218	  0.534670	  0.116939	  0.133173	
  0.360732	  0.192123	  0.197974	  0.249170	

URL http://cisbp.ccbr.utoronto.ca/TFreport.php?versionNumber=2.00&searchTF=T169721_2.00

MOTIF M01930_2.00 (BTMF_0000779601)_(Homo_sapiens)_(DBD_0.94)

letter-probability matrix: alength= 4 w= 10 nsites= 1 E= 0
  0.391936	  0.183295	  0.148576	  0.276193	
  0.378242	  0.182278	  0.150737	  0.288742	
  0.278003	  0.143686	  0.091618	  0.486692	
  0.161592	  0.078655	  0.558398	  0.201355	
  0.131885	  0.106904	  0.107979	  0.653232	
  0.417907	  0.098029	  0.168218	  0.315847	
  0.288677	  0.108344	  0.224822	  0.378157	
  0.189159	  0.451505	  0.137357	  0.221980	
  0.330255	  0.192455	  0.235066	  0.242224	
  0.345463	  0.193424	  0.222491	  0.238623	

URL http://cisbp.ccbr.utoronto.ca/TFreport.php?versionNumber=2.00&searchTF=T169719_2.00

MOTIF M01971_2.00 (BTMF_0000479701)_(Tetraodon_nigroviridis)_(DBD_0.84)

letter-probability matrix: alength= 4 w= 8 nsites= 1 E= 0
  0.001420	  0.995739	  0.001420	  0.001420	
  0.001106	  0.996681	  0.001106	  0.001106	
  0.001106	  0.001106	  0.996681	  0.001106	
  0.001106	  0.001106	  0.996681	  0.001106	
  0.996681	  0.001106	  0.001106	  0.001106	
  0.886062	  0.001106	  0.001106	  0.111726	
  0.222345	  0.001106	  0.775442	  0.001106	
  0.001656	  0.167219	  0.001656	  0.829470	

URL http://cisbp.ccbr.utoronto.ca/TFreport.php?versionNumber=2.00&searchTF=T178381_2.00

MOTIF M02062_2.00 (BTMF_0000505701)_(Caenorhabditis_briggsae)_(DBD_0.93)

letter-probability matrix: alength= 4 w= 10 nsites= 1 E= 0
  0.229831	  0.163587	  0.191971	  0.414612	
  0.145017	  0.118730	  0.111816	  0.624437	
  0.595085	  0.033405	  0.112023	  0.259487	
  0.785686	  0.060133	  0.067125	  0.087056	
  0.085373	  0.150962	  0.087098	  0.676567	
  0.132663	  0.069256	  0.418976	  0.379105	
  0.354546	  0.079905	  0.369015	  0.196534	
  0.139295	  0.286173	  0.374876	  0.199656	
  0.245825	  0.277167	  0.205330	  0.271678	
  0.236252	  0.236252	  0.178556	  0.348940	

URL http://cisbp.ccbr.utoronto.ca/TFreport.php?versionNumber=2.00&searchTF=T233215_2.00

MOTIF M02065_2.00 (BTMF_0000901301)_(Caenorhabditis_briggsae)_(DBD_0.48)

letter-probability matrix: alength= 4 w= 12 nsites= 1 E= 0
  0.320068	  0.226644	  0.226644	  0.226644	
  0.386072	  0.204643	  0.204643	  0.204643	
  0.344281	  0.244282	  0.255159	  0.156277	
  0.127075	  0.033651	  0.033651	  0.805622	
  0.000231	  0.000231	  0.905884	  0.093655	
  0.999308	  0.000231	  0.000231	  0.000231	
  0.000231	  0.999308	  0.000231	  0.000231	
  0.999308	  0.000231	  0.000231	  0.000231	
  0.122430	  0.023587	  0.601205	  0.252778	
  0.045588	  0.432473	  0.382825	  0.139115	
  0.093953	  0.093953	  0.093953	  0.718140	
  0.216580	  0.350261	  0.216580	  0.216580	

URL http://cisbp.ccbr.utoronto.ca/TFreport.php?versionNumber=2.00&searchTF=T233227_2.00

MOTIF M02085_2.00 (BTMF_0001016201)_(Homo_sapiens)_(DBD_0.94)

letter-probability matrix: alength= 4 w= 10 nsites= 1 E= 0
  0.220232	  0.271696	  0.222446	  0.285626	
  0.291351	  0.229185	  0.263625	  0.215838	
  0.194386	  0.333568	  0.204352	  0.267694	
  0.106702	  0.252155	  0.096548	  0.544595	
  0.708900	  0.012106	  0.207206	  0.071788	
  0.671736	  0.131613	  0.027657	  0.168994	
  0.144596	  0.205191	  0.069682	  0.580531	
  0.155780	  0.110880	  0.270007	  0.463333	
  0.512218	  0.101367	  0.192241	  0.194173	
  0.253879	  0.199708	  0.363893	  0.182520	

URL http://cisbp.ccbr.utoronto.ca/TFreport.php?versionNumber=2.00&searchTF=T233234_2.00

MOTIF M02147_2.00 (BTMF_0001218901)_(Nematostella_vectensis)_(DBD_0.54)

letter-probability matrix: alength= 4 w= 10 nsites= 1 E= 0
  0.278816	  0.247673	  0.255282	  0.218229	
  0.193819	  0.291332	  0.190112	  0.324737	
  0.267659	  0.193115	  0.126695	  0.412532	
  0.419900	  0.162984	  0.208787	  0.208330	
  0.569557	  0.167110	  0.130840	  0.132493	
  0.132493	  0.130840	  0.167110	  0.569557	
  0.208330	  0.208787	  0.162984	  0.419900	
  0.412532	  0.126695	  0.193115	  0.267659	
  0.324737	  0.190112	  0.291332	  0.193819	
  0.218229	  0.255282	  0.247673	  0.278816	

URL http://cisbp.ccbr.utoronto.ca/TFreport.php?versionNumber=2.00&searchTF=T233238_2.00

MOTIF M02181_2.00 (BTMF_0000537401)_(Caenorhabditis_elegans)_(DBD_0.86)

letter-probability matrix: alength= 4 w= 9 nsites= 1 E= 0
  0.254632	  0.175883	  0.145448	  0.424037	
  0.142356	  0.323220	  0.198013	  0.336411	
  0.548573	  0.056110	  0.295102	  0.100215	
  0.843985	  0.010785	  0.015152	  0.130078	
  0.093756	  0.069456	  0.658981	  0.177806	
  0.242854	  0.064229	  0.135974	  0.556942	
  0.319548	  0.055529	  0.506187	  0.118736	
  0.129420	  0.285164	  0.344834	  0.240582	
  0.215414	  0.271120	  0.219766	  0.293701	

URL http://cisbp.ccbr.utoronto.ca/TFreport.php?versionNumber=2.00&searchTF=T233218_2.00

MOTIF M02182_2.00 (BTMF_0000983601)_(Caenorhabditis_elegans)_(DBD_0.88)

letter-probability matrix: alength= 4 w= 9 nsites= 1 E= 0
  0.102760	  0.331092	  0.052060	  0.514088	
  0.037888	  0.013258	  0.010021	  0.938833	
  0.838941	  0.048528	  0.102734	  0.009798	
  0.985048	  0.003500	  0.004405	  0.007048	
  0.001644	  0.011673	  0.006940	  0.979743	
  0.011338	  0.019651	  0.116530	  0.852480	
  0.680890	  0.006255	  0.291022	  0.021833	
  0.180951	  0.304365	  0.402714	  0.111970	
  0.176341	  0.311818	  0.238035	  0.273806	

URL http://cisbp.ccbr.utoronto.ca/TFreport.php?versionNumber=2.00&searchTF=T233231_2.00

MOTIF M02183_2.00 (BTMF_0001276401)_(Caenorhabditis_elegans)_(DBD_0.79)

letter-probability matrix: alength= 4 w= 8 nsites= 1 E= 0
  0.091486	  0.000906	  0.906703	  0.000906	
  0.000767	  0.307515	  0.000767	  0.690951	
  0.921012	  0.077454	  0.000767	  0.000767	
  0.997699	  0.000767	  0.000767	  0.000767	
  0.000767	  0.000767	  0.000767	  0.997699	
  0.537577	  0.000767	  0.000767	  0.460890	
  0.997508	  0.000831	  0.000831	  0.000831	
  0.886062	  0.111726	  0.001106	  0.001106	

URL http://cisbp.ccbr.utoronto.ca/TFreport.php?versionNumber=2.00&searchTF=T233241_2.00

MOTIF M02184_2.00 (BTMF_0001400701)_(Caenorhabditis_elegans)_(DBD_0.90)

letter-probability matrix: alength= 4 w= 10 nsites= 1 E= 0
  0.196206	  0.267513	  0.196206	  0.340075	
  0.206027	  0.289457	  0.269888	  0.234629	
  0.264340	  0.165213	  0.253975	  0.316472	
  0.736792	  0.022028	  0.159542	  0.081639	
  0.022762	  0.173314	  0.115020	  0.688905	
  0.178968	  0.190035	  0.203814	  0.427182	
  0.311224	  0.124029	  0.395643	  0.169104	
  0.172860	  0.341204	  0.250255	  0.235681	
  0.205780	  0.286233	  0.227422	  0.280565	
  0.260873	  0.271519	  0.226792	  0.240816	

URL http://cisbp.ccbr.utoronto.ca/TFreport.php?versionNumber=2.00&searchTF=T233243_2.00

MOTIF M02187_2.00 (BTMF_0001257301)_(Caenorhabditis_elegans)_(DBD_0.67)

letter-probability matrix: alength= 4 w= 10 nsites= 1 E= 0
  0.309702	  0.193945	  0.280095	  0.216257	
  0.203114	  0.260004	  0.277136	  0.259746	
  0.107811	  0.194476	  0.057731	  0.639982	
  0.701896	  0.080347	  0.095031	  0.122726	
  0.827165	  0.045609	  0.045661	  0.081566	
  0.081566	  0.045661	  0.045609	  0.827165	
  0.122726	  0.095031	  0.080347	  0.701896	
  0.639982	  0.057731	  0.194476	  0.107811	
  0.259746	  0.277136	  0.260004	  0.203114	
  0.216257	  0.280095	  0.193945	  0.309702	

URL http://cisbp.ccbr.utoronto.ca/TFreport.php?versionNumber=2.00&searchTF=T233240_2.00

MOTIF M02213_2.00 (BTMF_0000368801)_(Podocoryne_carnea)_(DBD_0.28)

letter-probability matrix: alength= 4 w= 10 nsites= 1 E= 0
  0.225846	  0.322461	  0.225846	  0.225846	
  0.152897	  0.220775	  0.251282	  0.375046	
  0.000130	  0.085698	  0.000130	  0.914042	
  0.918263	  0.000130	  0.000130	  0.081477	
  0.999610	  0.000130	  0.000130	  0.000130	
  0.000130	  0.000130	  0.000130	  0.999610	
  0.081477	  0.000130	  0.000130	  0.918263	
  0.915764	  0.000130	  0.083976	  0.000130	
  0.232887	  0.120901	  0.457466	  0.188745	
  0.178580	  0.178580	  0.261207	  0.381632	

URL http://cisbp.ccbr.utoronto.ca/TFreport.php?versionNumber=2.00&searchTF=T233211_2.00

MOTIF M02392_2.00 (BTMF_0001157701)_(Caenorhabditis_briggsae)_(DBD_0.67)

letter-probability matrix: alength= 4 w= 8 nsites= 1 E= 0
  0.466090	  0.000665	  0.532580	  0.000665	
  0.924926	  0.000370	  0.074334	  0.000370	
  0.000370	  0.000370	  0.998891	  0.000370	
  0.000370	  0.000370	  0.998891	  0.000370	
  0.000370	  0.000370	  0.000370	  0.998891	
  0.000370	  0.998891	  0.000370	  0.000370	
  0.998891	  0.000370	  0.000370	  0.000370	
  0.399701	  0.250000	  0.100299	  0.250000	

URL http://cisbp.ccbr.utoronto.ca/TFreport.php?versionNumber=2.00&searchTF=T308246_2.00

MOTIF M02408_2.00 (BTMF_0000437701)_(Drosophila_melanogaster)_(DBD_0.81)

letter-probability matrix: alength= 4 w= 12 nsites= 1 E= 0
  0.200832	  0.200832	  0.200832	  0.397504	
  0.198971	  0.109814	  0.581401	  0.109814	
  0.760318	  0.194141	  0.022771	  0.022771	
  0.106323	  0.329688	  0.541218	  0.022771	
  0.000202	  0.000202	  0.999393	  0.000202	
  0.000202	  0.000202	  0.000202	  0.999393	
  0.000202	  0.999393	  0.000202	  0.000202	
  0.999393	  0.000202	  0.000202	  0.000202	
  0.756390	  0.049370	  0.144869	  0.049370	
  0.226166	  0.140388	  0.230661	  0.402784	
  0.227432	  0.227432	  0.227432	  0.317705	
  0.227432	  0.227432	  0.227432	  0.317705	

URL http://cisbp.ccbr.utoronto.ca/TFreport.php?versionNumber=2.00&searchTF=T308239_2.00

MOTIF M02409_2.00 (BTMF_0001091401)_(Drosophila_pseudoobscura)_(DBD_0.90)

letter-probability matrix: alength= 4 w= 8 nsites= 1 E= 0
  0.399402	  0.000996	  0.598606	  0.000996	
  0.816123	  0.000906	  0.091486	  0.091486	
  0.000906	  0.091486	  0.906703	  0.000906	
  0.997283	  0.000906	  0.000906	  0.000906	
  0.000906	  0.000906	  0.000906	  0.997283	
  0.000906	  0.906703	  0.091486	  0.000906	
  0.997283	  0.000906	  0.000906	  0.000906	
  0.569602	  0.285511	  0.001420	  0.143466	

URL http://cisbp.ccbr.utoronto.ca/TFreport.php?versionNumber=2.00&searchTF=T308243_2.00

MOTIF M02413_2.00 (BTMF_0000217201)_(Caenorhabditis_elegans)_(DBD_0.89)

letter-probability matrix: alength= 4 w= 9 nsites= 1 E= 0
  0.255660	  0.274198	  0.209317	  0.260825	
  0.207494	  0.261151	  0.297407	  0.233948	
  0.273268	  0.217120	  0.252258	  0.257354	
  0.175594	  0.206062	  0.431892	  0.186452	
  0.603473	  0.056980	  0.086721	  0.252826	
  0.143184	  0.335000	  0.173145	  0.348671	
  0.150014	  0.555978	  0.087420	  0.206588	
  0.717194	  0.006205	  0.156859	  0.119743	
  0.312507	  0.266301	  0.205332	  0.215860	

URL http://cisbp.ccbr.utoronto.ca/TFreport.php?versionNumber=2.00&searchTF=T308236_2.00

MOTIF M02439_2.00 (BTMF_0000266401)_(Meloidogyne_incognita)_(DBD_0.80)

letter-probability matrix: alength= 4 w= 10 nsites= 1 E= 0
  0.227850	  0.227850	  0.316450	  0.227850	
  0.025345	  0.923964	  0.025345	  0.025345	
  0.000094	  0.999718	  0.000094	  0.000094	
  0.086058	  0.295303	  0.523896	  0.094742	
  0.999718	  0.000094	  0.000094	  0.000094	
  0.999718	  0.000094	  0.000094	  0.000094	
  0.613558	  0.000094	  0.000094	  0.386254	
  0.173939	  0.000094	  0.000094	  0.825873	
  0.104182	  0.022244	  0.022244	  0.851330	
  0.224749	  0.224749	  0.224749	  0.325754	

URL http://cisbp.ccbr.utoronto.ca/TFreport.php?versionNumber=2.00&searchTF=T315006_2.00

MOTIF M02484_2.00 (BTMF_0000952301)_(Caenorhabditis_elegans)_(DBD_0.83)

letter-probability matrix: alength= 4 w= 11 nsites= 1 E= 0
  0.217039	  0.217039	  0.348883	  0.217039	
  0.142386	  0.255945	  0.241673	  0.359996	
  0.109560	  0.836436	  0.027002	  0.027002	
  0.000115	  0.785254	  0.000115	  0.214516	
  0.999656	  0.000115	  0.000115	  0.000115	
  0.000115	  0.000115	  0.999656	  0.000115	
  0.917099	  0.000115	  0.000115	  0.082672	
  0.082672	  0.917099	  0.000115	  0.000115	
  0.900773	  0.033076	  0.033076	  0.033076	
  0.199199	  0.299748	  0.228295	  0.272757	
  0.223112	  0.223112	  0.223112	  0.330663	

URL http://cisbp.ccbr.utoronto.ca/TFreport.php?versionNumber=2.00&searchTF=T325611_2.00

MOTIF M02490_2.00 (BTMF_0001006201)_(Neurospora_crassa)_(DBD_0.35)

letter-probability matrix: alength= 4 w= 10 nsites= 1 E= 0
  0.329130	  0.229626	  0.220622	  0.220622	
  0.346994	  0.223477	  0.251969	  0.177560	
  0.448098	  0.134965	  0.110500	  0.306437	
  0.335755	  0.153912	  0.139266	  0.371067	
  0.248453	  0.220358	  0.178619	  0.352571	
  0.233539	  0.293933	  0.209213	  0.263315	
  0.195880	  0.356917	  0.275201	  0.172001	
  0.140053	  0.396240	  0.262965	  0.200742	
  0.596865	  0.017317	  0.262878	  0.122939	
  0.143083	  0.219956	  0.147441	  0.489520	

URL http://cisbp.ccbr.utoronto.ca/TFreport.php?versionNumber=2.00&searchTF=T336086_2.00

MOTIF M02529_2.00 (BTMF_0000216201)_(Drosophila_yakuba)_(DBD_0.76)

letter-probability matrix: alength= 4 w= 8 nsites= 1 E= 0
  0.216253	  0.000270	  0.270248	  0.513229	
  0.000192	  0.000192	  0.000192	  0.999424	
  0.000192	  0.019408	  0.000192	  0.980208	
  0.096272	  0.615104	  0.000192	  0.288432	
  0.845696	  0.000192	  0.153920	  0.000192	
  0.999424	  0.000192	  0.000192	  0.000192	
  0.960992	  0.019408	  0.000192	  0.019408	
  0.088425	  0.235311	  0.000294	  0.675969	

URL http://cisbp.ccbr.utoronto.ca/TFreport.php?versionNumber=2.00&searchTF=T346253_2.00

MOTIF M02990_2.00 (BTMF_0000163201)_(Homo_sapiens)_(DBD_0.04)

letter-probability matrix: alength= 4 w= 15 nsites= 1 E= 0
  0.097427	  0.657435	  0.171872	  0.073267	
  0.140189	  0.774182	  0.050675	  0.034955	
  0.013728	  0.027455	  0.937346	  0.021471	
  0.044646	  0.040618	  0.900302	  0.014434	
  0.978856	  0.003253	  0.005964	  0.011927	
  0.966694	  0.019339	  0.009132	  0.004835	
  0.104595	  0.399033	  0.495768	  0.000605	
  0.023743	  0.908483	  0.002374	  0.065400	
  0.005612	  0.000374	  0.993640	  0.000374	
  0.000752	  0.000376	  0.998872	  0.000000	
  0.978781	  0.000806	  0.018533	  0.001880	
  0.993769	  0.002709	  0.001626	  0.001897	
  0.102740	  0.017466	  0.878425	  0.001370	
  0.004188	  0.321329	  0.015634	  0.658850	
  0.347770	  0.116354	  0.456690	  0.079186	

URL http://cisbp.ccbr.utoronto.ca/TFreport.php?versionNumber=2.00&searchTF=T178380_2.00

MOTIF M03044_2.00 (BTMF_0001233201)_(Homo_sapiens)_(DBD_0.87)

letter-probability matrix: alength= 4 w= 14 nsites= 1 E= 0
  0.363023	  0.149142	  0.132145	  0.355691	
  0.286254	  0.083768	  0.600659	  0.029319	
  0.118021	  0.164811	  0.023917	  0.693251	
  0.569976	  0.366280	  0.012749	  0.050996	
  0.947880	  0.020771	  0.014902	  0.016447	
  0.948261	  0.026216	  0.006246	  0.019277	
  0.002036	  0.286817	  0.012470	  0.698677	
  0.663727	  0.009345	  0.326927	  0.000000	
  0.044282	  0.013598	  0.021095	  0.921025	
  0.027374	  0.022676	  0.010209	  0.939742	
  0.568213	  0.010216	  0.031462	  0.390109	
  0.377689	  0.018540	  0.240241	  0.363530	
  0.020509	  0.471055	  0.143636	  0.364800	
  0.301729	  0.190370	  0.154133	  0.353769	

URL http://cisbp.ccbr.utoronto.ca/TFreport.php?versionNumber=2.00&searchTF=T190348_2.00

MOTIF M03087_2.00 (BTMF_0001647601)_(Homo_sapiens)_(DBD_0.61)

letter-probability matrix: alength= 4 w= 8 nsites= 1 E= 0
  0.050776	  0.567735	  0.037679	  0.343811	
  0.096070	  0.163832	  0.029930	  0.710167	
  0.886769	  0.040902	  0.036132	  0.036197	
  0.970260	  0.011009	  0.012296	  0.006434	
  0.012245	  0.014168	  0.007333	  0.966254	
  0.055381	  0.046932	  0.060685	  0.837003	
  0.722030	  0.027451	  0.177528	  0.072990	
  0.193501	  0.261956	  0.269545	  0.274998	

URL http://cisbp.ccbr.utoronto.ca/TFreport.php?versionNumber=2.00&searchTF=T233248_2.00

MOTIF M03168_2.00 (BTMF_0001012201)_(Homo_sapiens)_(DBD_0.40)

letter-probability matrix: alength= 4 w= 8 nsites= 1 E= 0
  0.072612	  0.450780	  0.073912	  0.402697	
  0.096614	  0.141577	  0.014371	  0.747439	
  0.795066	  0.130619	  0.028606	  0.045709	
  0.940555	  0.027395	  0.008236	  0.023814	
  0.050778	  0.014703	  0.036416	  0.898102	
  0.063239	  0.039960	  0.242873	  0.653928	
  0.742999	  0.012306	  0.188402	  0.056294	
  0.185954	  0.363723	  0.177579	  0.272745	

URL http://cisbp.ccbr.utoronto.ca/TFreport.php?versionNumber=2.00&searchTF=T233233_2.00

MOTIF M03199_2.00 (BTMF_0001115601)_(Homo_sapiens)_(DBD_0.81)

letter-probability matrix: alength= 4 w= 13 nsites= 1 E= 0
  0.223717	  0.230900	  0.237299	  0.308084	
  0.088391	  0.037946	  0.011373	  0.862290	
  0.829326	  0.007039	  0.074399	  0.089235	
  0.997655	  0.000651	  0.001433	  0.000261	
  0.016734	  0.012551	  0.028424	  0.942291	
  0.045455	  0.058251	  0.112305	  0.783989	
  0.396187	  0.149125	  0.238705	  0.215983	
  0.416907	  0.081187	  0.467606	  0.034300	
  0.749352	  0.016537	  0.195853	  0.038257	
  0.001040	  0.002080	  0.001430	  0.995450	
  0.057752	  0.055575	  0.009167	  0.877507	
  0.786162	  0.009753	  0.064162	  0.139924	
  0.255778	  0.179788	  0.306437	  0.257997	

URL http://cisbp.ccbr.utoronto.ca/TFreport.php?versionNumber=2.00&searchTF=T233237_2.00

MOTIF M03233_2.00 (BTMF_0000078301)_(Homo_sapiens)_(DBD_0.84)

letter-probability matrix: alength= 4 w= 11 nsites= 1 E= 0
  0.128887	  0.307132	  0.235146	  0.328834	
  0.180386	  0.173504	  0.355347	  0.290762	
  0.156964	  0.179104	  0.129448	  0.534484	
  0.133379	  0.100398	  0.033272	  0.732952	
  0.769137	  0.000000	  0.124287	  0.106576	
  0.983214	  0.000000	  0.016786	  0.000000	
  0.054051	  0.028179	  0.332443	  0.585327	
  0.036134	  0.202331	  0.027586	  0.733949	
  0.080054	  0.018102	  0.849562	  0.052282	
  0.164108	  0.335892	  0.282160	  0.217840	
  0.159100	  0.252151	  0.142555	  0.446195	

URL http://cisbp.ccbr.utoronto.ca/TFreport.php?versionNumber=2.00&searchTF=T233204_2.00

MOTIF M03368_2.00 (BTMF_0001429801)_(Homo_sapiens)_(DBD_0.63)

letter-probability matrix: alength= 4 w= 18 nsites= 1 E= 0
  0.294227	  0.116676	  0.368715	  0.220381	
  0.001721	  0.060626	  0.013700	  0.923953	
  0.025844	  0.058492	  0.910372	  0.005292	
  0.761142	  0.012691	  0.008863	  0.217304	
  0.006591	  0.993409	  0.000000	  0.000000	
  0.000442	  0.997921	  0.001150	  0.000487	
  0.000000	  0.090683	  0.001980	  0.907338	
  0.013478	  0.463913	  0.058810	  0.463798	
  0.852353	  0.017166	  0.125401	  0.005080	
  0.001888	  0.203752	  0.012919	  0.781442	
  0.485207	  0.177024	  0.324039	  0.013729	
