MEME version 5.5.8 (Fri May 2 15:43:49 2025 -0700)

ALPHABET= ACGT

strands: + -

Background letter frequencies (from uniform background):
A 0.25000 C 0.25000 G 0.25000 T 0.25000 

MOTIF M00126_2.00 (CRE29626)_(Mus_musculus)_(DBD_0.42)

letter-probability matrix: alength= 4 w= 13 nsites= 1 E= 0
  0.311331	  0.229556	  0.229556	  0.229556	
  0.263927	  0.336617	  0.247677	  0.151778	
  0.046512	  0.046512	  0.860463	  0.046512	
  0.020238	  0.020238	  0.020238	  0.939286	
  0.020238	  0.939286	  0.020238	  0.020238	
  0.919257	  0.000209	  0.000209	  0.080326	
  0.000209	  0.000209	  0.999374	  0.000209	
  0.000209	  0.999374	  0.000209	  0.000209	
  0.938043	  0.020652	  0.020652	  0.020652	
  0.403239	  0.220542	  0.175901	  0.200318	
  0.203696	  0.203696	  0.203696	  0.388911	
  0.229971	  0.229971	  0.229971	  0.310088	
  0.229971	  0.229971	  0.229971	  0.310088	

URL http://cisbp.ccbr.utoronto.ca/TFreport.php?versionNumber=2.00&searchTF=T058570_2.00

MOTIF M00159_2.00 (CRE00614)_(Mus_musculus)_(DBD_0.65)

letter-probability matrix: alength= 4 w= 10 nsites= 1 E= 0
  0.401213	  0.134894	  0.189519	  0.274374	
  0.288005	  0.299758	  0.235798	  0.176439	
  0.207310	  0.504826	  0.205247	  0.082617	
  0.276376	  0.615087	  0.084925	  0.023612	
  0.001256	  0.018138	  0.980434	  0.000172	
  0.005077	  0.055966	  0.893136	  0.045821	
  0.810468	  0.028435	  0.076525	  0.084573	
  0.293995	  0.181919	  0.067597	  0.456488	
  0.285185	  0.231166	  0.308937	  0.174712	
  0.171414	  0.277017	  0.125723	  0.425847	

URL http://cisbp.ccbr.utoronto.ca/TFreport.php?versionNumber=2.00&searchTF=T175591_2.00

MOTIF M00282_2.00 (CRE03857)_(Homo_sapiens)_(DBD_0.88)

letter-probability matrix: alength= 4 w= 8 nsites= 1 E= 0
  0.000303	  0.091102	  0.000303	  0.908293	
  0.972192	  0.000270	  0.027268	  0.000270	
  0.999190	  0.000270	  0.000270	  0.000270	
  0.000270	  0.000270	  0.000270	  0.999190	
  0.000270	  0.000270	  0.000270	  0.999190	
  0.742295	  0.000285	  0.257135	  0.000285	
  0.143010	  0.107347	  0.642297	  0.107347	
  0.105567	  0.210609	  0.105567	  0.578256	

URL http://cisbp.ccbr.utoronto.ca/TFreport.php?versionNumber=2.00&searchTF=T206210_2.00

MOTIF M00287_2.00 (CRE04711)_(Homo_sapiens)_(DBD_0.86)

letter-probability matrix: alength= 4 w= 10 nsites= 1 E= 0
  0.276533	  0.274138	  0.272562	  0.176767	
  0.096569	  0.200738	  0.096569	  0.606124	
  0.000039	  0.000039	  0.000039	  0.999883	
  0.999883	  0.000039	  0.000039	  0.000039	
  0.999883	  0.000039	  0.000039	  0.000039	
  0.000039	  0.000039	  0.000039	  0.999883	
  0.000039	  0.000039	  0.000039	  0.999883	
  0.999883	  0.000039	  0.000039	  0.000039	
  0.187323	  0.073272	  0.666133	  0.073272	
  0.248701	  0.250739	  0.247869	  0.252690	

URL http://cisbp.ccbr.utoronto.ca/TFreport.php?versionNumber=2.00&searchTF=T206216_2.00

MOTIF M00342_2.00 (CRE07226)_(Homo_sapiens)_(DBD_0.85)

letter-probability matrix: alength= 4 w= 14 nsites= 1 E= 0
  0.222869	  0.222869	  0.222869	  0.331393	
  0.301150	  0.196775	  0.305300	  0.196775	
  0.173218	  0.173218	  0.173218	  0.480345	
  0.290347	  0.101116	  0.507421	  0.101116	
  0.147808	  0.755127	  0.048533	  0.048533	
  0.226946	  0.118673	  0.128567	  0.525813	
  0.692134	  0.307374	  0.000246	  0.000246	
  0.999261	  0.000246	  0.000246	  0.000246	
  0.027377	  0.027377	  0.027377	  0.917868	
  0.053471	  0.053471	  0.053471	  0.839587	
  0.768916	  0.077028	  0.077028	  0.077028	
  0.342275	  0.149130	  0.260189	  0.248406	
  0.201714	  0.201714	  0.201714	  0.394859	
  0.226053	  0.226053	  0.321841	  0.226053	

URL http://cisbp.ccbr.utoronto.ca/TFreport.php?versionNumber=2.00&searchTF=T237248_2.00

MOTIF M00376_2.00 (CRE12861)_(Caenorhabditis_elegans)_(DBD_0.98)

letter-probability matrix: alength= 4 w= 10 nsites= 1 E= 0
  0.214617	  0.090818	  0.075102	  0.619463	
  0.069859	  0.360136	  0.209869	  0.360136	
  0.722064	  0.000065	  0.260373	  0.017498	
  0.991898	  0.000023	  0.004261	  0.003818	
  0.000309	  0.000156	  0.977664	  0.021871	
  0.127581	  0.009014	  0.083827	  0.779578	
  0.331797	  0.010325	  0.629247	  0.028632	
  0.038565	  0.396364	  0.362249	  0.202823	
  0.184394	  0.295029	  0.197764	  0.322813	
  0.196154	  0.281154	  0.168832	  0.353860	

URL http://cisbp.ccbr.utoronto.ca/TFreport.php?versionNumber=2.00&searchTF=T206243_2.00

MOTIF M00385_2.00 (CRE27318)_(Mus_musculus)_(DBD_0.70)

letter-probability matrix: alength= 4 w= 8 nsites= 1 E= 0
  0.255055	  0.187069	  0.145689	  0.412187	
  0.156259	  0.305367	  0.217351	  0.321023	
  0.515678	  0.042755	  0.332115	  0.109452	
  0.874267	  0.000203	  0.046219	  0.079312	
  0.114396	  0.028210	  0.706034	  0.151360	
  0.240421	  0.043484	  0.196840	  0.519254	
  0.348669	  0.028336	  0.499757	  0.123239	
  0.135811	  0.293320	  0.330718	  0.240150	

URL http://cisbp.ccbr.utoronto.ca/TFreport.php?versionNumber=2.00&searchTF=T206305_2.00

MOTIF M00396_2.00 (CRE07788)_(Mus_musculus)_(DBD_0.81)

letter-probability matrix: alength= 4 w= 8 nsites= 1 E= 0
  0.243137	  0.255603	  0.173058	  0.328201	
  0.180751	  0.050761	  0.028138	  0.740350	
  0.754094	  0.029830	  0.091425	  0.124651	
  0.948503	  0.020184	  0.016361	  0.014953	
  0.061921	  0.014525	  0.234126	  0.689428	
  0.144617	  0.648127	  0.069692	  0.137564	
  0.112198	  0.502838	  0.114465	  0.270499	
  0.173843	  0.301314	  0.278148	  0.246695	

URL http://cisbp.ccbr.utoronto.ca/TFreport.php?versionNumber=2.00&searchTF=T206227_2.00

MOTIF M00405_2.00 (CRE23969)_(Mus_musculus)_(DBD_0.96)

letter-probability matrix: alength= 4 w= 9 nsites= 1 E= 0
  0.166699	  0.079535	  0.057179	  0.696587	
  0.658460	  0.072959	  0.164006	  0.104575	
  0.860814	  0.014554	  0.044163	  0.080469	
  0.057497	  0.058075	  0.037402	  0.847026	
  0.146493	  0.115235	  0.184376	  0.553896	
  0.427710	  0.071410	  0.368133	  0.132747	
  0.333758	  0.210696	  0.276004	  0.179543	
  0.279203	  0.233210	  0.202743	  0.284843	
  0.269584	  0.207863	  0.189973	  0.332580	

URL http://cisbp.ccbr.utoronto.ca/TFreport.php?versionNumber=2.00&searchTF=T206286_2.00

MOTIF M00423_2.00 (CRE20260)_(Mus_musculus)_(DBD_0.81)

letter-probability matrix: alength= 4 w= 9 nsites= 1 E= 0
  0.304718	  0.228009	  0.194297	  0.272977	
  0.151961	  0.073967	  0.021405	  0.752667	
  0.823630	  0.052653	  0.108172	  0.015545	
  0.943177	  0.000270	  0.024761	  0.031793	
  0.083189	  0.065438	  0.100596	  0.750777	
  0.166825	  0.139344	  0.182536	  0.511295	
  0.341885	  0.086011	  0.430296	  0.141808	
  0.195606	  0.309854	  0.288906	  0.205635	
  0.223337	  0.278296	  0.225582	  0.272785	

URL http://cisbp.ccbr.utoronto.ca/TFreport.php?versionNumber=2.00&searchTF=T206266_2.00

MOTIF M00426_2.00 (CRE03807)_(Mus_musculus)_(DBD_0.86)

letter-probability matrix: alength= 4 w= 9 nsites= 1 E= 0
  0.269860	  0.244180	  0.310413	  0.175547	
  0.222956	  0.322782	  0.189991	  0.264271	
  0.095770	  0.046616	  0.010402	  0.847212	
  0.799391	  0.056478	  0.097891	  0.046240	
  0.967307	  0.000597	  0.022077	  0.010019	
  0.039713	  0.048993	  0.055795	  0.855498	
  0.112128	  0.104548	  0.131584	  0.651740	
  0.377268	  0.097803	  0.400597	  0.124332	
  0.274391	  0.207380	  0.363054	  0.155175	

URL http://cisbp.ccbr.utoronto.ca/TFreport.php?versionNumber=2.00&searchTF=T206209_2.00

MOTIF M00430_2.00 (CRE00056)_(Mus_musculus)_(DBD_0.84)

letter-probability matrix: alength= 4 w= 7 nsites= 1 E= 0
  0.143815	  0.343274	  0.223303	  0.289608	
  0.074562	  0.321060	  0.036658	  0.567720	
  0.673560	  0.162809	  0.098749	  0.064882	
  0.883750	  0.060593	  0.022069	  0.033588	
  0.044040	  0.070464	  0.000928	  0.884568	
  0.163964	  0.310956	  0.088204	  0.436876	
  0.481574	  0.126098	  0.155564	  0.236763	

URL http://cisbp.ccbr.utoronto.ca/TFreport.php?versionNumber=2.00&searchTF=T206178_2.00

MOTIF M00432_2.00 (CRE17200)_(Mus_musculus)_(DBD_0.82)

letter-probability matrix: alength= 4 w= 8 nsites= 1 E= 0
  0.233021	  0.233021	  0.237729	  0.296228	
  0.299569	  0.128040	  0.147281	  0.425109	
  0.394212	  0.088845	  0.184360	  0.332583	
  0.791037	  0.010521	  0.120704	  0.077738	
  0.125342	  0.030909	  0.107883	  0.735866	
  0.111249	  0.116952	  0.215243	  0.556556	
  0.502249	  0.069345	  0.330001	  0.098405	
  0.304872	  0.239820	  0.275859	  0.179449	

URL http://cisbp.ccbr.utoronto.ca/TFreport.php?versionNumber=2.00&searchTF=T206258_2.00

MOTIF M00433_2.00 (CRE00442)_(Mus_musculus)_(DBD_0.81)

letter-probability matrix: alength= 4 w= 9 nsites= 1 E= 0
  0.239869	  0.317378	  0.190584	  0.252168	
  0.133763	  0.050707	  0.022333	  0.793196	
  0.850989	  0.020830	  0.051749	  0.076432	
  0.959274	  0.011777	  0.004509	  0.024439	
  0.324957	  0.077765	  0.136141	  0.461136	
  0.139125	  0.306548	  0.136371	  0.417956	
  0.193728	  0.061958	  0.611831	  0.132483	
  0.201560	  0.269370	  0.319285	  0.209785	
  0.174474	  0.290550	  0.187125	  0.347851	

URL http://cisbp.ccbr.utoronto.ca/TFreport.php?versionNumber=2.00&searchTF=T206185_2.00

MOTIF M00442_2.00 (CRE00302)_(Mus_musculus)_(DBD_0.90)

letter-probability matrix: alength= 4 w= 10 nsites= 1 E= 0
  0.232947	  0.273366	  0.293187	  0.200499	
  0.212847	  0.340554	  0.181376	  0.265223	
  0.136717	  0.049300	  0.011335	  0.802648	
  0.797526	  0.087489	  0.088368	  0.026616	
  0.889584	  0.000658	  0.045639	  0.064120	
  0.150641	  0.058844	  0.122107	  0.668408	
  0.186789	  0.142591	  0.242253	  0.428367	
  0.315574	  0.091322	  0.456867	  0.136237	
  0.212950	  0.281760	  0.314523	  0.190768	
  0.193573	  0.288776	  0.231748	  0.285903	

URL http://cisbp.ccbr.utoronto.ca/TFreport.php?versionNumber=2.00&searchTF=T206182_2.00

MOTIF M00443_2.00 (CRE07705)_(Mus_musculus)_(DBD_0.90)

letter-probability matrix: alength= 4 w= 8 nsites= 1 E= 0
  0.205661	  0.300734	  0.189849	  0.303757	
  0.125034	  0.075837	  0.035114	  0.764015	
  0.752473	  0.068263	  0.113678	  0.065586	
  0.947059	  0.000567	  0.020767	  0.031606	
  0.052681	  0.078591	  0.069010	  0.799717	
  0.162578	  0.134445	  0.157773	  0.545203	
  0.352715	  0.124669	  0.349206	  0.173410	
  0.314813	  0.200734	  0.311680	  0.172773	

URL http://cisbp.ccbr.utoronto.ca/TFreport.php?versionNumber=2.00&searchTF=T206226_2.00

MOTIF M00450_2.00 (CRE01183)_(Mus_musculus)_(DBD_0.72)

letter-probability matrix: alength= 4 w= 9 nsites= 1 E= 0
  0.196325	  0.259764	  0.216973	  0.326938	
  0.168024	  0.144619	  0.100897	  0.586460	
  0.700378	  0.000665	  0.217374	  0.081583	
  0.964678	  0.000287	  0.006765	  0.028270	
  0.099760	  0.022937	  0.086727	  0.790576	
  0.079382	  0.133523	  0.297160	  0.489935	
  0.592997	  0.034302	  0.309572	  0.063130	
  0.209422	  0.321935	  0.297183	  0.171460	
  0.160609	  0.343427	  0.206226	  0.289737	

URL http://cisbp.ccbr.utoronto.ca/TFreport.php?versionNumber=2.00&searchTF=T206192_2.00

MOTIF M00483_2.00 (CRE27322)_(Mus_musculus)_(DBD_0.90)

letter-probability matrix: alength= 4 w= 7 nsites= 1 E= 0
  0.247356	  0.242458	  0.265291	  0.244895	
  0.187686	  0.245862	  0.203318	  0.363134	
  0.206531	  0.145540	  0.437226	  0.210703	
  0.818609	  0.111900	  0.033704	  0.035788	
  0.126658	  0.170970	  0.099632	  0.602740	
  0.539508	  0.337193	  0.043409	  0.079890	
  0.146793	  0.419484	  0.179294	  0.254430	

URL http://cisbp.ccbr.utoronto.ca/TFreport.php?versionNumber=2.00&searchTF=T206306_2.00

MOTIF M00484_2.00 (CRE06735)_(Mus_musculus)_(DBD_0.82)

letter-probability matrix: alength= 4 w= 8 nsites= 1 E= 0
  0.260569	  0.255410	  0.285108	  0.198913	
  0.177845	  0.320830	  0.230652	  0.270673	
  0.114497	  0.403649	  0.048938	  0.432917	
  0.580843	  0.152091	  0.107177	  0.159889	
  0.790662	  0.111371	  0.053137	  0.044830	
  0.121087	  0.104221	  0.012262	  0.762430	
  0.136206	  0.248183	  0.120804	  0.494807	
  0.509367	  0.130735	  0.162905	  0.196993	

URL http://cisbp.ccbr.utoronto.ca/TFreport.php?versionNumber=2.00&searchTF=T206223_2.00

MOTIF M00516_2.00 (CRE26490)_(Mus_musculus)_(DBD_0.88)

letter-probability matrix: alength= 4 w= 9 nsites= 1 E= 0
  0.266806	  0.229642	  0.205721	  0.297830	
  0.116229	  0.082729	  0.031676	  0.769366	
  0.886269	  0.000274	  0.097224	  0.016233	
  0.956010	  0.016164	  0.000365	  0.027461	
  0.057873	  0.196026	  0.082125	  0.663976	
  0.104695	  0.230685	  0.333971	  0.330648	
  0.326888	  0.077449	  0.441252	  0.154411	
  0.189730	  0.271946	  0.338866	  0.199458	
  0.170012	  0.319216	  0.175189	  0.335583	

URL http://cisbp.ccbr.utoronto.ca/TFreport.php?versionNumber=2.00&searchTF=T206298_2.00

MOTIF M00524_2.00 (CRE00289)_(Mus_musculus)_(DBD_0.81)

letter-probability matrix: alength= 4 w= 10 nsites= 1 E= 0
  0.221818	  0.204764	  0.161073	  0.412344	
  0.207435	  0.166471	  0.084337	  0.541758	
  0.621586	  0.036682	  0.185355	  0.156378	
  0.910510	  0.013383	  0.034261	  0.041846	
  0.138801	  0.083349	  0.268550	  0.509300	
  0.088820	  0.300850	  0.045450	  0.564880	
  0.170729	  0.062808	  0.652021	  0.114443	
  0.204093	  0.304470	  0.254315	  0.237122	
  0.175698	  0.304530	  0.186563	  0.333209	
  0.196959	  0.273964	  0.238173	  0.290905	

URL http://cisbp.ccbr.utoronto.ca/TFreport.php?versionNumber=2.00&searchTF=T206181_2.00

MOTIF M00554_2.00 (CRE24470)_(Drosophila_melanogaster)_(DBD_0.86)

letter-probability matrix: alength= 4 w= 10 nsites= 1 E= 0
  0.251496	  0.177226	  0.199822	  0.371455	
  0.148997	  0.073254	  0.136173	  0.641576	
  0.122081	  0.052704	  0.056525	  0.768690	
  0.381649	  0.037883	  0.070422	  0.510046	
  0.882245	  0.000299	  0.060489	  0.056967	
  0.048121	  0.268735	  0.096905	  0.586239	
  0.165526	  0.087281	  0.407129	  0.340063	
  0.403411	  0.084771	  0.354234	  0.157584	
  0.125944	  0.405791	  0.231791	  0.236474	
  0.189990	  0.335953	  0.201738	  0.272318	

URL http://cisbp.ccbr.utoronto.ca/TFreport.php?versionNumber=2.00&searchTF=T206292_2.00

MOTIF M00555_2.00 (CRE03292)_(Drosophila_melanogaster)_(DBD_0.86)

letter-probability matrix: alength= 4 w= 8 nsites= 1 E= 0
  0.102338	  0.069985	  0.032730	  0.794948	
  0.792313	  0.045831	  0.074066	  0.087791	
  0.951444	  0.000214	  0.021285	  0.027058	
  0.034616	  0.020995	  0.051640	  0.892749	
  0.077589	  0.068130	  0.095720	  0.758561	
  0.350452	  0.037684	  0.507361	  0.104504	
  0.214873	  0.273157	  0.327028	  0.184943	
  0.211851	  0.274755	  0.209743	  0.303652	

URL http://cisbp.ccbr.utoronto.ca/TFreport.php?versionNumber=2.00&searchTF=T206207_2.00

MOTIF M00587_2.00 (CRE01489)_(Caenorhabditis_elegans)_(DBD_1.00)

letter-probability matrix: alength= 4 w= 8 nsites= 1 E= 0
  0.074832	  0.102859	  0.037463	  0.784847	
  0.000066	  0.999803	  0.000066	  0.000066	
  0.000066	  0.026375	  0.973494	  0.000066	
  0.592015	  0.032952	  0.374967	  0.000066	
  0.000066	  0.000066	  0.999803	  0.000066	
  0.993225	  0.000066	  0.006643	  0.000066	
  0.140532	  0.280981	  0.363599	  0.214888	
  0.092027	  0.402229	  0.034582	  0.471163	

URL http://cisbp.ccbr.utoronto.ca/TFreport.php?versionNumber=2.00&searchTF=T025823_2.00

MOTIF M00589_2.00 (CRE29755)_(Caenorhabditis_elegans)_(DBD_0.96)

letter-probability matrix: alength= 4 w= 13 nsites= 1 E= 0
  0.206177	  0.206177	  0.299803	  0.287842	
  0.206177	  0.206177	  0.287842	  0.299803	
  0.427648	  0.245227	  0.163562	  0.163562	
  0.122423	  0.796060	  0.040758	  0.040758	
  0.760019	  0.202061	  0.018960	  0.018960	
  0.999635	  0.000122	  0.000122	  0.000122	
  0.000122	  0.000122	  0.000122	  0.999635	
  0.999635	  0.000122	  0.000122	  0.000122	
  0.043944	  0.043944	  0.043944	  0.868167	
  0.043944	  0.043944	  0.639677	  0.272434	
  0.086559	  0.086559	  0.578808	  0.248074	
  0.209363	  0.209363	  0.209363	  0.371910	
  0.306516	  0.231161	  0.231161	  0.231161	

URL http://cisbp.ccbr.utoronto.ca/TFreport.php?versionNumber=2.00&searchTF=T032477_2.00

MOTIF M00590_2.00 (CRE21236)_(Caenorhabditis_elegans)_(DBD_0.83)

letter-probability matrix: alength= 4 w= 9 nsites= 1 E= 0
  0.264626	  0.230055	  0.343202	  0.162117	
  0.035056	  0.229738	  0.009650	  0.725557	
  0.000776	  0.000130	  0.998484	  0.000610	
  0.000515	  0.999363	  0.000060	  0.000062	
  0.000655	  0.000121	  0.999191	  0.000033	
  0.015327	  0.953021	  0.012931	  0.018721	
  0.398849	  0.009012	  0.577428	  0.014711	
  0.371096	  0.072709	  0.439862	  0.116333	
  0.247681	  0.247681	  0.211060	  0.293578	

URL http://cisbp.ccbr.utoronto.ca/TFreport.php?versionNumber=2.00&searchTF=T055540_2.00

MOTIF M00592_2.00 (CRE02259)_(Caenorhabditis_elegans)_(DBD_0.86)

letter-probability matrix: alength= 4 w= 10 nsites= 1 E= 0
  0.369233	  0.252504	  0.293368	  0.084896	
  0.065436	  0.042995	  0.019319	  0.872250	
  0.031899	  0.073889	  0.369652	  0.524561	
  0.424684	  0.034513	  0.460054	  0.080749	
  0.025845	  0.653359	  0.087543	  0.233254	
  0.049159	  0.021651	  0.911464	  0.017726	
  0.000020	  0.608158	  0.000147	  0.391676	
  0.884019	  0.036397	  0.074031	  0.005554	
  0.942769	  0.048367	  0.004388	  0.004476	
  0.031283	  0.276736	  0.134702	  0.557279	

URL http://cisbp.ccbr.utoronto.ca/TFreport.php?versionNumber=2.00&searchTF=T058547_2.00

MOTIF M00593_2.00 (CRE15399)_(Caenorhabditis_elegans)_(DBD_0.97)

letter-probability matrix: alength= 4 w= 11 nsites= 1 E= 0
  0.190205	  0.190205	  0.370889	  0.248700	
  0.117636	  0.117636	  0.591055	  0.173673	
  0.459760	  0.277889	  0.161189	  0.101162	
  0.000143	  0.000143	  0.000143	  0.999572	
  0.058638	  0.000143	  0.941077	  0.000143	
  0.941077	  0.000143	  0.000143	  0.058638	
  0.000143	  0.999572	  0.000143	  0.000143	
  0.058638	  0.000143	  0.941077	  0.000143	
  0.059937	  0.059937	  0.059937	  0.820188	
  0.228456	  0.440635	  0.198402	  0.132507	
  0.553058	  0.148981	  0.148981	  0.148981	

URL http://cisbp.ccbr.utoronto.ca/TFreport.php?versionNumber=2.00&searchTF=T058558_2.00

MOTIF M00594_2.00 (CRE14776)_(Caenorhabditis_elegans)_(DBD_0.75)

letter-probability matrix: alength= 4 w= 9 nsites= 1 E= 0
  0.188407	  0.512143	  0.146731	  0.152720	
  0.141526	  0.166082	  0.058118	  0.634274	
  0.140550	  0.059476	  0.480855	  0.319119	
  0.916142	  0.001116	  0.007540	  0.075202	
  0.040298	  0.850903	  0.016384	  0.092416	
  0.089481	  0.042693	  0.815682	  0.052145	
  0.059662	  0.024747	  0.000794	  0.914797	
  0.274311	  0.095992	  0.485055	  0.144642	
  0.179118	  0.031755	  0.554488	  0.234638	

URL http://cisbp.ccbr.utoronto.ca/TFreport.php?versionNumber=2.00&searchTF=T058557_2.00

MOTIF M00597_2.00 (CRE06933)_(Caenorhabditis_elegans)_(DBD_0.77)

letter-probability matrix: alength= 4 w= 13 nsites= 1 E= 0
  0.228084	  0.228084	  0.228084	  0.315748	
  0.315748	  0.228084	  0.228084	  0.228084	
  0.183803	  0.183803	  0.367187	  0.265207	
  0.441206	  0.157043	  0.157043	  0.244708	
  0.304988	  0.162743	  0.024620	  0.507649	
  0.000152	  0.138275	  0.284790	  0.576783	
  0.999544	  0.000152	  0.000152	  0.000152	
  0.000152	  0.999544	  0.000152	  0.000152	
  0.022068	  0.022068	  0.933796	  0.022068	
  0.022068	  0.022068	  0.022068	  0.933796	
  0.066349	  0.183161	  0.684141	  0.066349	
  0.209921	  0.093109	  0.174988	  0.521983	
  0.323405	  0.225532	  0.225532	  0.225532	

URL http://cisbp.ccbr.utoronto.ca/TFreport.php?versionNumber=2.00&searchTF=T058552_2.00

MOTIF M00599_2.00 (CRE01903)_(Caenorhabditis_elegans)_(DBD_0.89)

letter-probability matrix: alength= 4 w= 9 nsites= 1 E= 0
  0.602686	  0.107313	  0.182689	  0.107313	
  0.000099	  0.055805	  0.000099	  0.943998	
  0.000099	  0.000099	  0.999703	  0.000099	
  0.999703	  0.000099	  0.000099	  0.000099	
  0.055805	  0.865590	  0.000099	  0.078506	
  0.055805	  0.000099	  0.194374	  0.749722	
  0.207820	  0.791982	  0.000099	  0.000099	
  0.999703	  0.000099	  0.000099	  0.000099	
  0.142786	  0.240096	  0.142786	  0.474332	

URL http://cisbp.ccbr.utoronto.ca/TFreport.php?versionNumber=2.00&searchTF=T058546_2.00

MOTIF M00601_2.00 (CRE04094)_(Caenorhabditis_elegans)_(DBD_0.93)

letter-probability matrix: alength= 4 w= 9 nsites= 1 E= 0
  0.535636	  0.078528	  0.369982	  0.015855	
  0.001169	  0.000261	  0.000246	  0.998325	
  0.054873	  0.137693	  0.716963	  0.090471	
  0.854058	  0.002509	  0.100484	  0.042948	
  0.024415	  0.611073	  0.048677	  0.315834	
  0.195600	  0.103139	  0.611597	  0.089664	
  0.168167	  0.236266	  0.115003	  0.480563	
  0.192128	  0.410824	  0.230019	  0.167028	
  0.491395	  0.118777	  0.190042	  0.199786	

URL http://cisbp.ccbr.utoronto.ca/TFreport.php?versionNumber=2.00&searchTF=T058551_2.00

MOTIF M00603_2.00 (CRE11919)_(Caenorhabditis_elegans)_(DBD_0.97)

letter-probability matrix: alength= 4 w= 10 nsites= 1 E= 0
  0.334671	  0.277113	  0.154677	  0.233539	
  0.074512	  0.606884	  0.153373	  0.165231	
  0.999755	  0.000082	  0.000082	  0.000082	
  0.000082	  0.999755	  0.000082	  0.000082	
  0.000082	  0.000082	  0.999755	  0.000082	
  0.000082	  0.000082	  0.000082	  0.999755	
  0.000082	  0.000082	  0.999755	  0.000082	
  0.000082	  0.000082	  0.838902	  0.160935	
  0.169546	  0.639645	  0.095404	  0.095404	
  0.387356	  0.175570	  0.261504	  0.175570	

URL http://cisbp.ccbr.utoronto.ca/TFreport.php?versionNumber=2.00&searchTF=T058554_2.00

MOTIF M00605_2.00 (CRE30851)_(Caenorhabditis_elegans)_(DBD_0.86)

letter-probability matrix: alength= 4 w= 13 nsites= 1 E= 0
  0.230644	  0.230644	  0.230644	  0.308069	
  0.230644	  0.230644	  0.308069	  0.230644	
  0.195361	  0.042431	  0.042431	  0.719777	
  0.105121	  0.022865	  0.128036	  0.743978	
  0.853680	  0.022865	  0.100590	  0.022865	
  0.000176	  0.673192	  0.000176	  0.326456	
  0.236202	  0.000176	  0.687605	  0.076018	
  0.076018	  0.420964	  0.077601	  0.425417	
  0.790056	  0.095374	  0.019532	  0.095037	
  0.780883	  0.097796	  0.019532	  0.101789	
  0.376765	  0.207745	  0.207745	  0.207745	
  0.227311	  0.227311	  0.227311	  0.318067	
  0.318067	  0.227311	  0.227311	  0.227311	

URL http://cisbp.ccbr.utoronto.ca/TFreport.php?versionNumber=2.00&searchTF=T058574_2.00

MOTIF M00606_2.00 (CRE10200)_(Caenorhabditis_elegans)_(DBD_0.79)

letter-probability matrix: alength= 4 w= 8 nsites= 1 E= 0
  0.003289	  0.003289	  0.003289	  0.990132	
  0.003289	  0.003289	  0.990132	  0.003289	
  0.990132	  0.003289	  0.003289	  0.003289	
  0.003289	  0.990132	  0.003289	  0.003289	
  0.003289	  0.003289	  0.990132	  0.003289	
  0.003289	  0.003289	  0.003289	  0.990132	
  0.661184	  0.332237	  0.003289	  0.003289	
  0.985294	  0.004902	  0.004902	  0.004902	

URL http://cisbp.ccbr.utoronto.ca/TFreport.php?versionNumber=2.00&searchTF=T058553_2.00

MOTIF M00608_2.00 (CRE29493)_(Caenorhabditis_elegans)_(DBD_0.99)

letter-probability matrix: alength= 4 w= 7 nsites= 1 E= 0
  0.004902	  0.985294	  0.004902	  0.004902	
  0.004902	  0.985294	  0.004902	  0.004902	
  0.004902	  0.004902	  0.004902	  0.985294	
  0.004902	  0.004902	  0.985294	  0.004902	
  0.004902	  0.004902	  0.004902	  0.985294	
  0.004902	  0.004902	  0.004902	  0.985294	
  0.004902	  0.004902	  0.985294	  0.004902	

URL http://cisbp.ccbr.utoronto.ca/TFreport.php?versionNumber=2.00&searchTF=T085085_2.00

MOTIF M00609_2.00 (CRE23561)_(Caenorhabditis_elegans)_(DBD_1.00)

letter-probability matrix: alength= 4 w= 10 nsites= 1 E= 0
  0.238283	  0.141664	  0.334776	  0.285277	
  0.080386	  0.029572	  0.868567	  0.021474	
  0.948968	  0.043614	  0.000136	  0.007282	
  0.961389	  0.000100	  0.007992	  0.030520	
  0.189051	  0.024829	  0.640352	  0.145768	
  0.138328	  0.772496	  0.000088	  0.089088	
  0.124153	  0.773957	  0.025066	  0.076824	
  0.242280	  0.411618	  0.117931	  0.228171	
  0.171263	  0.217718	  0.136074	  0.474945	
  0.453981	  0.131375	  0.160462	  0.254183	

URL http://cisbp.ccbr.utoronto.ca/TFreport.php?versionNumber=2.00&searchTF=T085064_2.00

MOTIF M00612_2.00 (CRE00807)_(Caenorhabditis_elegans)_(DBD_1.00)

letter-probability matrix: alength= 4 w= 9 nsites= 1 E= 0
  0.273764	  0.271040	  0.221909	  0.233287	
  0.229673	  0.212015	  0.283343	  0.274969	
  0.068229	  0.023170	  0.856516	  0.052085	
  0.041108	  0.850828	  0.036097	  0.071967	
  0.104146	  0.000738	  0.009932	  0.885184	
  0.399712	  0.080701	  0.055188	  0.464399	
  0.316180	  0.205678	  0.231901	  0.246241	
  0.250374	  0.271227	  0.169518	  0.308881	
  0.268680	  0.226676	  0.222188	  0.282456	

URL http://cisbp.ccbr.utoronto.ca/TFreport.php?versionNumber=2.00&searchTF=T084959_2.00

MOTIF M00613_2.00 (CRE02078)_(Caenorhabditis_elegans)_(DBD_1.00)

letter-probability matrix: alength= 4 w= 8 nsites= 1 E= 0
  0.197699	  0.104719	  0.127964	  0.569619	
  0.041753	  0.083403	  0.156289	  0.718555	
  0.040489	  0.010198	  0.030392	  0.918922	
  0.010198	  0.000101	  0.000101	  0.989600	
  0.010198	  0.000101	  0.000101	  0.989600	
  0.080876	  0.020295	  0.060683	  0.838146	
  0.101070	  0.030392	  0.090973	  0.777565	
  0.171473	  0.428469	  0.157196	  0.242861	

URL http://cisbp.ccbr.utoronto.ca/TFreport.php?versionNumber=2.00&searchTF=T084965_2.00

MOTIF M00614_2.00 (CRE25436)_(Caenorhabditis_elegans)_(DBD_1.00)

letter-probability matrix: alength= 4 w= 8 nsites= 1 E= 0
  0.368172	  0.210609	  0.105567	  0.315651	
  0.000344	  0.998967	  0.000344	  0.000344	
  0.000344	  0.998967	  0.000344	  0.000344	
  0.000344	  0.000344	  0.998967	  0.000344	
  0.000344	  0.000344	  0.000344	  0.998967	
  0.000344	  0.000344	  0.000344	  0.998967	
  0.998967	  0.000344	  0.000344	  0.000344	
  0.000525	  0.368172	  0.210609	  0.420693	

URL http://cisbp.ccbr.utoronto.ca/TFreport.php?versionNumber=2.00&searchTF=T085069_2.00

MOTIF M00615_2.00 (CRE00458)_(Caenorhabditis_elegans)_(DBD_1.00)

letter-probability matrix: alength= 4 w= 10 nsites= 1 E= 0
  0.194145	  0.371892	  0.184676	  0.249287	
  0.053905	  0.142199	  0.092502	  0.711394	
  0.999361	  0.000033	  0.000001	  0.000605	
  0.001640	  0.929810	  0.000856	  0.067693	
  0.341787	  0.499789	  0.064340	  0.094084	
  0.107662	  0.000537	  0.888023	  0.003777	
  0.051787	  0.006032	  0.010352	  0.931828	
  0.824022	  0.055935	  0.053742	  0.066300	
  0.285208	  0.226607	  0.125615	  0.362570	
  0.182831	  0.316893	  0.163787	  0.336489	

URL http://cisbp.ccbr.utoronto.ca/TFreport.php?versionNumber=2.00&searchTF=T084956_2.00

MOTIF M00616_2.00 (CRE00068)_(Caenorhabditis_elegans)_(DBD_1.00)

letter-probability matrix: alength= 4 w= 10 nsites= 1 E= 0
  0.324441	  0.053630	  0.503762	  0.118168	
  0.063423	  0.734966	  0.001310	  0.200302	
  0.272717	  0.216683	  0.310578	  0.200023	
  0.109808	  0.326600	  0.262102	  0.301490	
  0.409532	  0.133622	  0.055424	  0.401422	
  0.114193	  0.029901	  0.107543	  0.748363	
  0.165220	  0.669999	  0.051794	  0.112987	
  0.300863	  0.360199	  0.161848	  0.177090	
  0.219733	  0.279336	  0.145826	  0.355105	
  0.226599	  0.240611	  0.162908	  0.369882	

URL http://cisbp.ccbr.utoronto.ca/TFreport.php?versionNumber=2.00&searchTF=T084953_2.00

MOTIF M00617_2.00 (CRE26517)_(Caenorhabditis_elegans)_(DBD_0.96)

letter-probability matrix: alength= 4 w= 9 nsites= 1 E= 0
  0.234890	  0.383414	  0.146807	  0.234890	
  0.194417	  0.478190	  0.094633	  0.232760	
  0.522892	  0.361180	  0.059703	  0.056226	
  0.008275	  0.985594	  0.000001	  0.006130	
  0.193067	  0.000000	  0.729993	  0.076941	
  0.000000	  0.999999	  0.000000	  0.000001	
  0.002831	  0.992854	  0.004308	  0.000007	
  0.001012	  0.806139	  0.003752	  0.189096	
  0.354676	  0.233039	  0.084877	  0.327408	

URL http://cisbp.ccbr.utoronto.ca/TFreport.php?versionNumber=2.00&searchTF=T085071_2.00

MOTIF M00618_2.00 (CRE00192)_(Caenorhabditis_elegans)_(DBD_0.96)

letter-probability matrix: alength= 4 w= 9 nsites= 1 E= 0
  0.225760	  0.223668	  0.227729	  0.322842	
  0.000071	  0.000071	  0.999788	  0.000071	
  0.000071	  0.999788	  0.000071	  0.000071	
  0.000071	  0.000071	  0.000071	  0.999788	
  0.893475	  0.000071	  0.000071	  0.106383	
  0.000071	  0.999788	  0.000071	  0.000071	
  0.000071	  0.504333	  0.000071	  0.495526	
  0.000071	  0.000071	  0.999788	  0.000071	
  0.098444	  0.098444	  0.286131	  0.516980	

URL http://cisbp.ccbr.utoronto.ca/TFreport.php?versionNumber=2.00&searchTF=T084954_2.00

MOTIF M00619_2.00 (CRE07651)_(Caenorhabditis_elegans)_(DBD_0.98)

letter-probability matrix: alength= 4 w= 10 nsites= 1 E= 0
  0.274010	  0.193092	  0.217711	  0.315187	
  0.537707	  0.199799	  0.149503	  0.112992	
  0.927283	  0.004024	  0.005115	  0.063577	
  0.980498	  0.000868	  0.005197	  0.013438	
  0.027444	  0.019730	  0.016316	  0.936509	
  0.025516	  0.924537	  0.030855	  0.019092	
  0.424335	  0.102568	  0.065400	  0.407697	
  0.124680	  0.409833	  0.349237	  0.116251	
  0.253181	  0.161436	  0.294155	  0.291228	
  0.211911	  0.127251	  0.453123	  0.207715	

URL http://cisbp.ccbr.utoronto.ca/TFreport.php?versionNumber=2.00&searchTF=T084981_2.00

MOTIF M00620_2.00 (CRE27649)_(Caenorhabditis_elegans)_(DBD_0.98)

letter-probability matrix: alength= 4 w= 10 nsites= 1 E= 0
  0.191185	  0.299838	  0.187399	  0.321578	
  0.434373	  0.011634	  0.338290	  0.215703	
  0.072394	  0.118170	  0.556755	  0.252680	
  0.038220	  0.058169	  0.002755	  0.900857	
  0.004021	  0.003566	  0.721592	  0.270821	
  0.004412	  0.007060	  0.001776	  0.986752	
  0.942731	  0.006289	  0.023076	  0.027904	
  0.839473	  0.104875	  0.025605	  0.030047	
  0.329916	  0.186576	  0.080547	  0.402961	
  0.389696	  0.175101	  0.282977	  0.152226	

URL http://cisbp.ccbr.utoronto.ca/TFreport.php?versionNumber=2.00&searchTF=T085076_2.00

MOTIF M00621_2.00 (CRE00505)_(Caenorhabditis_elegans)_(DBD_0.92)

letter-probability matrix: alength= 4 w= 10 nsites= 1 E= 0
  0.158491	  0.717447	  0.094226	  0.029836	
  0.334191	  0.529383	  0.084920	  0.051507	
  0.130169	  0.497121	  0.000733	  0.371977	
  0.210344	  0.110913	  0.670984	  0.007758	
  0.034127	  0.665199	  0.169032	  0.131642	
  0.154948	  0.185507	  0.134706	  0.524839	
  0.101157	  0.052809	  0.834368	  0.011666	
  0.183876	  0.263555	  0.207320	  0.345248	
  0.044287	  0.172549	  0.578641	  0.204523	
  0.411663	  0.340428	  0.091854	  0.156054	

URL http://cisbp.ccbr.utoronto.ca/TFreport.php?versionNumber=2.00&searchTF=T084957_2.00

MOTIF M00622_2.00 (CRE15316)_(Caenorhabditis_elegans)_(DBD_0.99)

letter-probability matrix: alength= 4 w= 8 nsites= 1 E= 0
  0.042013	  0.915557	  0.000416	  0.042013	
  0.133489	  0.233356	  0.566245	  0.066911	
  0.000303	  0.999092	  0.000303	  0.000303	
  0.000303	  0.999092	  0.000303	  0.000303	
  0.000303	  0.968826	  0.000303	  0.030569	
  0.575363	  0.333232	  0.091102	  0.000303	
  0.000303	  0.999092	  0.000303	  0.000303	
  0.166805	  0.083611	  0.665973	  0.083611	

URL http://cisbp.ccbr.utoronto.ca/TFreport.php?versionNumber=2.00&searchTF=T085028_2.00

MOTIF M00629_2.00 (CRE01684)_(Caenorhabditis_elegans)_(DBD_0.96)

letter-probability matrix: alength= 4 w= 8 nsites= 1 E= 0
  0.229320	  0.255984	  0.263780	  0.250916	
  0.269109	  0.243500	  0.233953	  0.253438	
  0.342370	  0.106260	  0.184176	  0.367194	
  0.058705	  0.005220	  0.344651	  0.591423	
  0.002948	  0.000705	  0.926167	  0.070179	
  0.025929	  0.000737	  0.930155	  0.043179	
  0.000100	  0.361129	  0.000198	  0.638573	
  0.022737	  0.000293	  0.976500	  0.000470	

URL http://cisbp.ccbr.utoronto.ca/TFreport.php?versionNumber=2.00&searchTF=T084963_2.00

MOTIF M00631_2.00 (CRE13917)_(Caenorhabditis_elegans)_(DBD_0.97)

letter-probability matrix: alength= 4 w= 10 nsites= 1 E= 0
  0.260133	  0.221671	  0.247446	  0.270749	
  0.259622	  0.194266	  0.264867	  0.281245	
  0.227287	  0.077185	  0.356456	  0.339072	
  0.065470	  0.855419	  0.046600	  0.032511	
  0.044926	  0.013263	  0.039449	  0.902361	
  0.160036	  0.031356	  0.569863	  0.238745	
  0.445816	  0.052452	  0.252120	  0.249612	
  0.847867	  0.059903	  0.012971	  0.079259	
  0.871246	  0.039249	  0.007242	  0.082263	
  0.239707	  0.295721	  0.194303	  0.270269	

URL http://cisbp.ccbr.utoronto.ca/TFreport.php?versionNumber=2.00&searchTF=T085000_2.00

MOTIF M00632_2.00 (CRE28577)_(Caenorhabditis_elegans)_(DBD_0.99)

letter-probability matrix: alength= 4 w= 10 nsites= 1 E= 0
  0.310430	  0.229857	  0.229857	  0.229857	
  0.141167	  0.374062	  0.141167	  0.343604	
  0.570189	  0.429360	  0.000225	  0.000225	
  0.000225	  0.999324	  0.000225	  0.000225	
  0.085811	  0.000225	  0.913738	  0.000225	
  0.000225	  0.999324	  0.000225	  0.000225	
  0.000225	  0.999324	  0.000225	  0.000225	
  0.000225	  0.999324	  0.000225	  0.000225	
  0.217940	  0.667367	  0.020369	  0.094324	
  0.109058	  0.359751	  0.109058	  0.422132	

URL http://cisbp.ccbr.utoronto.ca/TFreport.php?versionNumber=2.00&searchTF=T085079_2.00

MOTIF M00635_2.00 (CRE01013)_(Caenorhabditis_elegans)_(DBD_0.95)

letter-probability matrix: alength= 4 w= 10 nsites= 1 E= 0
  0.332893	  0.225387	  0.278055	  0.163665	
  0.252319	  0.165786	  0.311281	  0.270614	
  0.096915	  0.021842	  0.857343	  0.023899	
  0.035298	  0.919486	  0.000344	  0.044872	
  0.105247	  0.000158	  0.000055	  0.894540	
  0.141315	  0.068101	  0.097611	  0.692973	
  0.270975	  0.265610	  0.151719	  0.311696	
  0.388158	  0.127921	  0.099625	  0.384296	
  0.342291	  0.229445	  0.161687	  0.266577	
  0.196870	  0.296647	  0.268418	  0.238065	

URL http://cisbp.ccbr.utoronto.ca/TFreport.php?versionNumber=2.00&searchTF=T084961_2.00

MOTIF M00637_2.00 (CRE13956)_(Caenorhabditis_elegans)_(DBD_0.98)

letter-probability matrix: alength= 4 w= 8 nsites= 1 E= 0
  0.000227	  0.999319	  0.000227	  0.000227	
  0.244902	  0.122553	  0.428426	  0.204119	
  0.000189	  0.999434	  0.000189	  0.000189	
  0.019042	  0.980581	  0.000189	  0.000189	
  0.000189	  0.980581	  0.000189	  0.019042	
  0.519024	  0.346080	  0.038624	  0.096272	
  0.000192	  0.999424	  0.000192	  0.000192	
  0.281211	  0.187578	  0.468477	  0.062734	

URL http://cisbp.ccbr.utoronto.ca/TFreport.php?versionNumber=2.00&searchTF=T085001_2.00

MOTIF M00638_2.00 (CRE17142)_(Caenorhabditis_elegans)_(DBD_1.00)

letter-probability matrix: alength= 4 w= 10 nsites= 1 E= 0
  0.210067	  0.246516	  0.190077	  0.353339	
  0.208071	  0.223158	  0.264511	  0.304260	
  0.273165	  0.099492	  0.172444	  0.454899	
  0.377830	  0.255813	  0.134888	  0.231469	
  0.223435	  0.756818	  0.000076	  0.019671	
  0.002609	  0.971445	  0.014714	  0.011232	
  0.010416	  0.002468	  0.001382	  0.985734	
  0.008187	  0.965392	  0.000305	  0.026116	
  0.575778	  0.180498	  0.152280	  0.091444	
  0.290872	  0.279467	  0.181796	  0.247865	

URL http://cisbp.ccbr.utoronto.ca/TFreport.php?versionNumber=2.00&searchTF=T085032_2.00

MOTIF M00640_2.00 (CRE20982)_(Caenorhabditis_elegans)_(DBD_0.93)

letter-probability matrix: alength= 4 w= 8 nsites= 1 E= 0
  0.170809	  0.097710	  0.195175	  0.536306	
  0.062656	  0.083472	  0.770400	  0.083472	
  0.000208	  0.000208	  0.000208	  0.999376	
  0.000208	  0.000208	  0.999376	  0.000208	
  0.000208	  0.000208	  0.000208	  0.999376	
  0.021024	  0.000208	  0.957744	  0.021024	
  0.145920	  0.000208	  0.041840	  0.812032	
  0.161405	  0.096972	  0.644652	  0.096972	

URL http://cisbp.ccbr.utoronto.ca/TFreport.php?versionNumber=2.00&searchTF=T085045_2.00

MOTIF M00641_2.00 (CRE30875)_(Caenorhabditis_elegans)_(DBD_1.00)

letter-probability matrix: alength= 4 w= 10 nsites= 1 E= 0
  0.423533	  0.155809	  0.281078	  0.139579	
  0.237052	  0.254240	  0.246726	  0.261983	
  0.030814	  0.031436	  0.032719	  0.905030	
  0.022675	  0.003426	  0.973874	  0.000025	
  0.814440	  0.000029	  0.035251	  0.150280	
  0.015413	  0.958364	  0.007208	  0.019015	
  0.025164	  0.968160	  0.002260	  0.004417	
  0.560196	  0.106515	  0.269963	  0.063325	
  0.199576	  0.322529	  0.241337	  0.236558	
  0.194301	  0.267577	  0.146849	  0.391273	

URL http://cisbp.ccbr.utoronto.ca/TFreport.php?versionNumber=2.00&searchTF=T085092_2.00

MOTIF M00642_2.00 (CRE31391)_(Caenorhabditis_elegans)_(DBD_0.92)

letter-probability matrix: alength= 4 w= 7 nsites= 1 E= 0
  0.001244	  0.996269	  0.001244	  0.001244	
  0.996269	  0.001244	  0.001244	  0.001244	
  0.001244	  0.996269	  0.001244	  0.001244	
  0.001244	  0.996269	  0.001244	  0.001244	
  0.001244	  0.001244	  0.001244	  0.996269	
  0.001244	  0.001244	  0.996269	  0.001244	
  0.001244	  0.001244	  0.001244	  0.996269	

URL http://cisbp.ccbr.utoronto.ca/TFreport.php?versionNumber=2.00&searchTF=T085097_2.00

MOTIF M00645_2.00 (CRE07023)_(Caenorhabditis_elegans)_(DBD_1.00)

letter-probability matrix: alength= 4 w= 10 nsites= 1 E= 0
  0.213172	  0.469703	  0.172794	  0.144330	
  0.261036	  0.209486	  0.300263	  0.229215	
  0.050698	  0.930657	  0.008810	  0.009834	
  0.013592	  0.943421	  0.040428	  0.002559	
  0.042494	  0.742012	  0.017277	  0.198217	
  0.486741	  0.423152	  0.024233	  0.065873	
  0.008541	  0.958010	  0.013665	  0.019784	
  0.126714	  0.112385	  0.545624	  0.215278	
  0.084287	  0.641772	  0.074756	  0.199185	
  0.533295	  0.139641	  0.198160	  0.128905	

URL http://cisbp.ccbr.utoronto.ca/TFreport.php?versionNumber=2.00&searchTF=T084978_2.00

MOTIF M00647_2.00 (CRE07114)_(Caenorhabditis_elegans)_(DBD_1.00)

letter-probability matrix: alength= 4 w= 7 nsites= 1 E= 0
  0.075029	  0.852250	  0.010675	  0.062046	
  0.031289	  0.504351	  0.034580	  0.429780	
  0.029995	  0.846430	  0.005535	  0.118040	
  0.031806	  0.943554	  0.003742	  0.020898	
  0.011157	  0.700663	  0.008953	  0.279227	
  0.348034	  0.358634	  0.050517	  0.242815	
  0.151820	  0.479478	  0.059901	  0.308801	

URL http://cisbp.ccbr.utoronto.ca/TFreport.php?versionNumber=2.00&searchTF=T084979_2.00

MOTIF M00648_2.00 (CRE27386)_(Caenorhabditis_elegans)_(DBD_1.00)

letter-probability matrix: alength= 4 w= 9 nsites= 1 E= 0
  0.060943	  0.156014	  0.144019	  0.639025	
  0.019398	  0.001180	  0.977680	  0.001742	
  0.045941	  0.026242	  0.014258	  0.913559	
  0.014620	  0.927396	  0.049027	  0.008957	
  0.487319	  0.198129	  0.262151	  0.052401	
  0.194260	  0.589455	  0.029642	  0.186643	
  0.253891	  0.427053	  0.163515	  0.155541	
  0.268590	  0.215548	  0.233501	  0.282361	
  0.304291	  0.234624	  0.214431	  0.246654	

URL http://cisbp.ccbr.utoronto.ca/TFreport.php?versionNumber=2.00&searchTF=T085074_2.00

MOTIF M00649_2.00 (CRE30071)_(PBM_CONSTRUCTS)_(DBD_0.94)

letter-probability matrix: alength= 4 w= 9 nsites= 1 E= 0
  0.267836	  0.287257	  0.157650	  0.287257	
  0.202870	  0.396456	  0.106972	  0.293702	
  0.119236	  0.459946	  0.036639	  0.384179	
  0.458684	  0.016749	  0.360813	  0.163753	
  0.223303	  0.371865	  0.123783	  0.281049	
  0.240921	  0.309349	  0.124520	  0.325210	
  0.265437	  0.279046	  0.156238	  0.299279	
  0.238733	  0.303488	  0.163260	  0.294519	
  0.285522	  0.359358	  0.159863	  0.195257	

URL http://cisbp.ccbr.utoronto.ca/TFreport.php?versionNumber=2.00&searchTF=T085089_2.00

MOTIF M00650_2.00 (CRE08084)_(Caenorhabditis_elegans)_(DBD_1.00)

letter-probability matrix: alength= 4 w= 8 nsites= 1 E= 0
  0.491059	  0.157959	  0.263149	  0.087833	
  0.986454	  0.000132	  0.000132	  0.013282	
  0.947002	  0.000132	  0.052735	  0.000132	
  0.013282	  0.000132	  0.933851	  0.052735	
  0.000132	  0.013282	  0.000132	  0.986454	
  0.026433	  0.013282	  0.013282	  0.947002	
  0.034631	  0.155238	  0.120779	  0.689352	
  0.200050	  0.200050	  0.449800	  0.150100	

URL http://cisbp.ccbr.utoronto.ca/TFreport.php?versionNumber=2.00&searchTF=T158877_2.00

MOTIF M00652_2.00 (CRE24477)_(Caenorhabditis_elegans)_(DBD_0.94)

letter-probability matrix: alength= 4 w= 7 nsites= 1 E= 0
  0.184698	  0.237157	  0.179240	  0.398905	
  0.193622	  0.297648	  0.090551	  0.418179	
  0.105524	  0.010902	  0.533222	  0.350352	
  0.000005	  0.999851	  0.000007	  0.000138	
  0.000006	  0.075843	  0.923961	  0.000190	
  0.008049	  0.184102	  0.784849	  0.023000	
  0.452392	  0.109349	  0.222416	  0.215843	

URL http://cisbp.ccbr.utoronto.ca/TFreport.php?versionNumber=2.00&searchTF=T167774_2.00

MOTIF M00653_2.00 (CRE05176)_(Caenorhabditis_elegans)_(DBD_0.90)

letter-probability matrix: alength= 4 w= 10 nsites= 1 E= 0
  0.351108	  0.161986	  0.238670	  0.248236	
  0.606659	  0.082432	  0.082432	  0.228477	
  0.000076	  0.000076	  0.000076	  0.999772	
  0.000076	  0.000076	  0.999772	  0.000076	
