MEME version 5.5.8 (Fri May 2 15:43:49 2025 -0700)

ALPHABET= ACGT

strands: + -

Background letter frequencies (from uniform background):
A 0.25000 C 0.25000 G 0.25000 T 0.25000 

MOTIF M00126_2.00 (maf-1)_(Mus_musculus)_(DBD_0.41)

letter-probability matrix: alength= 4 w= 13 nsites= 1 E= 0
  0.311331	  0.229556	  0.229556	  0.229556	
  0.263927	  0.336617	  0.247677	  0.151778	
  0.046512	  0.046512	  0.860463	  0.046512	
  0.020238	  0.020238	  0.020238	  0.939286	
  0.020238	  0.939286	  0.020238	  0.020238	
  0.919257	  0.000209	  0.000209	  0.080326	
  0.000209	  0.000209	  0.999374	  0.000209	
  0.000209	  0.999374	  0.000209	  0.000209	
  0.938043	  0.020652	  0.020652	  0.020652	
  0.403239	  0.220542	  0.175901	  0.200318	
  0.203696	  0.203696	  0.203696	  0.388911	
  0.229971	  0.229971	  0.229971	  0.310088	
  0.229971	  0.229971	  0.229971	  0.310088	

URL http://cisbp.ccbr.utoronto.ca/TFreport.php?versionNumber=2.00&searchTF=T069421_2.00

MOTIF M00159_2.00 (ets-4)_(Mus_musculus)_(DBD_0.64)

letter-probability matrix: alength= 4 w= 10 nsites= 1 E= 0
  0.401213	  0.134894	  0.189519	  0.274374	
  0.288005	  0.299758	  0.235798	  0.176439	
  0.207310	  0.504826	  0.205247	  0.082617	
  0.276376	  0.615087	  0.084925	  0.023612	
  0.001256	  0.018138	  0.980434	  0.000172	
  0.005077	  0.055966	  0.893136	  0.045821	
  0.810468	  0.028435	  0.076525	  0.084573	
  0.293995	  0.181919	  0.067597	  0.456488	
  0.285185	  0.231166	  0.308937	  0.174712	
  0.171414	  0.277017	  0.125723	  0.425847	

URL http://cisbp.ccbr.utoronto.ca/TFreport.php?versionNumber=2.00&searchTF=T177608_2.00

MOTIF M00282_2.00 (ceh-17)_(Homo_sapiens)_(DBD_0.88)

letter-probability matrix: alength= 4 w= 8 nsites= 1 E= 0
  0.000303	  0.091102	  0.000303	  0.908293	
  0.972192	  0.000270	  0.027268	  0.000270	
  0.999190	  0.000270	  0.000270	  0.000270	
  0.000270	  0.000270	  0.000270	  0.999190	
  0.000270	  0.000270	  0.000270	  0.999190	
  0.742295	  0.000285	  0.257135	  0.000285	
  0.143010	  0.107347	  0.642297	  0.107347	
  0.105567	  0.210609	  0.105567	  0.578256	

URL http://cisbp.ccbr.utoronto.ca/TFreport.php?versionNumber=2.00&searchTF=T224607_2.00

MOTIF M00287_2.00 (ceh-10)_(Homo_sapiens)_(DBD_0.82)

letter-probability matrix: alength= 4 w= 10 nsites= 1 E= 0
  0.276533	  0.274138	  0.272562	  0.176767	
  0.096569	  0.200738	  0.096569	  0.606124	
  0.000039	  0.000039	  0.000039	  0.999883	
  0.999883	  0.000039	  0.000039	  0.000039	
  0.999883	  0.000039	  0.000039	  0.000039	
  0.000039	  0.000039	  0.000039	  0.999883	
  0.000039	  0.000039	  0.000039	  0.999883	
  0.999883	  0.000039	  0.000039	  0.000039	
  0.187323	  0.073272	  0.666133	  0.073272	
  0.248701	  0.250739	  0.247869	  0.252690	

URL http://cisbp.ccbr.utoronto.ca/TFreport.php?versionNumber=2.00&searchTF=T224602_2.00

MOTIF M00342_2.00 (vab-3)_(Homo_sapiens)_(DBD_0.83)

letter-probability matrix: alength= 4 w= 14 nsites= 1 E= 0
  0.222869	  0.222869	  0.222869	  0.331393	
  0.301150	  0.196775	  0.305300	  0.196775	
  0.173218	  0.173218	  0.173218	  0.480345	
  0.290347	  0.101116	  0.507421	  0.101116	
  0.147808	  0.755127	  0.048533	  0.048533	
  0.226946	  0.118673	  0.128567	  0.525813	
  0.692134	  0.307374	  0.000246	  0.000246	
  0.999261	  0.000246	  0.000246	  0.000246	
  0.027377	  0.027377	  0.027377	  0.917868	
  0.053471	  0.053471	  0.053471	  0.839587	
  0.768916	  0.077028	  0.077028	  0.077028	
  0.342275	  0.149130	  0.260189	  0.248406	
  0.201714	  0.201714	  0.201714	  0.394859	
  0.226053	  0.226053	  0.321841	  0.226053	

URL http://cisbp.ccbr.utoronto.ca/TFreport.php?versionNumber=2.00&searchTF=T237679_2.00

MOTIF M00376_2.00 ceh-22

letter-probability matrix: alength= 4 w= 10 nsites= 1 E= 0
  0.214617	  0.090818	  0.075102	  0.619463	
  0.069859	  0.360136	  0.209869	  0.360136	
  0.722064	  0.000065	  0.260373	  0.017498	
  0.991898	  0.000023	  0.004261	  0.003818	
  0.000309	  0.000156	  0.977664	  0.021871	
  0.127581	  0.009014	  0.083827	  0.779578	
  0.331797	  0.010325	  0.629247	  0.028632	
  0.038565	  0.396364	  0.362249	  0.202823	
  0.184394	  0.295029	  0.197764	  0.322813	
  0.196154	  0.281154	  0.168832	  0.353860	

URL http://cisbp.ccbr.utoronto.ca/TFreport.php?versionNumber=2.00&searchTF=T224610_2.00

MOTIF M00396_2.00 (ttx-1)_(Mus_musculus)_(DBD_0.81)

letter-probability matrix: alength= 4 w= 8 nsites= 1 E= 0
  0.243137	  0.255603	  0.173058	  0.328201	
  0.180751	  0.050761	  0.028138	  0.740350	
  0.754094	  0.029830	  0.091425	  0.124651	
  0.948503	  0.020184	  0.016361	  0.014953	
  0.061921	  0.014525	  0.234126	  0.689428	
  0.144617	  0.648127	  0.069692	  0.137564	
  0.112198	  0.502838	  0.114465	  0.270499	
  0.173843	  0.301314	  0.278148	  0.246695	

URL http://cisbp.ccbr.utoronto.ca/TFreport.php?versionNumber=2.00&searchTF=T224641_2.00

MOTIF M00405_2.00 (lin-11)_(Mus_musculus)_(DBD_0.96)

letter-probability matrix: alength= 4 w= 9 nsites= 1 E= 0
  0.166699	  0.079535	  0.057179	  0.696587	
  0.658460	  0.072959	  0.164006	  0.104575	
  0.860814	  0.014554	  0.044163	  0.080469	
  0.057497	  0.058075	  0.037402	  0.847026	
  0.146493	  0.115235	  0.184376	  0.553896	
  0.427710	  0.071410	  0.368133	  0.132747	
  0.333758	  0.210696	  0.276004	  0.179543	
  0.279203	  0.233210	  0.202743	  0.284843	
  0.269584	  0.207863	  0.189973	  0.332580	

URL http://cisbp.ccbr.utoronto.ca/TFreport.php?versionNumber=2.00&searchTF=T224631_2.00

MOTIF M00423_2.00 (ceh-43)_(Mus_musculus)_(DBD_0.79)

letter-probability matrix: alength= 4 w= 9 nsites= 1 E= 0
  0.304718	  0.228009	  0.194297	  0.272977	
  0.151961	  0.073967	  0.021405	  0.752667	
  0.823630	  0.052653	  0.108172	  0.015545	
  0.943177	  0.000270	  0.024761	  0.031793	
  0.083189	  0.065438	  0.100596	  0.750777	
  0.166825	  0.139344	  0.182536	  0.511295	
  0.341885	  0.086011	  0.430296	  0.141808	
  0.195606	  0.309854	  0.288906	  0.205635	
  0.223337	  0.278296	  0.225582	  0.272785	

URL http://cisbp.ccbr.utoronto.ca/TFreport.php?versionNumber=2.00&searchTF=T224624_2.00

MOTIF M00426_2.00 (ceh-8)_(Mus_musculus)_(DBD_0.82)

letter-probability matrix: alength= 4 w= 9 nsites= 1 E= 0
  0.269860	  0.244180	  0.310413	  0.175547	
  0.222956	  0.322782	  0.189991	  0.264271	
  0.095770	  0.046616	  0.010402	  0.847212	
  0.799391	  0.056478	  0.097891	  0.046240	
  0.967307	  0.000597	  0.022077	  0.010019	
  0.039713	  0.048993	  0.055795	  0.855498	
  0.112128	  0.104548	  0.131584	  0.651740	
  0.377268	  0.097803	  0.400597	  0.124332	
  0.274391	  0.207380	  0.363054	  0.155175	

URL http://cisbp.ccbr.utoronto.ca/TFreport.php?versionNumber=2.00&searchTF=T224600_2.00

MOTIF M00432_2.00 (lim-6)_(Mus_musculus)_(DBD_0.82)

letter-probability matrix: alength= 4 w= 8 nsites= 1 E= 0
  0.233021	  0.233021	  0.237729	  0.296228	
  0.299569	  0.128040	  0.147281	  0.425109	
  0.394212	  0.088845	  0.184360	  0.332583	
  0.791037	  0.010521	  0.120704	  0.077738	
  0.125342	  0.030909	  0.107883	  0.735866	
  0.111249	  0.116952	  0.215243	  0.556556	
  0.502249	  0.069345	  0.330001	  0.098405	
  0.304872	  0.239820	  0.275859	  0.179449	

URL http://cisbp.ccbr.utoronto.ca/TFreport.php?versionNumber=2.00&searchTF=T224629_2.00

MOTIF M00433_2.00 (ceh-31)_(Mus_musculus)_(DBD_0.81)

letter-probability matrix: alength= 4 w= 9 nsites= 1 E= 0
  0.239869	  0.317378	  0.190584	  0.252168	
  0.133763	  0.050707	  0.022333	  0.793196	
  0.850989	  0.020830	  0.051749	  0.076432	
  0.959274	  0.011777	  0.004509	  0.024439	
  0.324957	  0.077765	  0.136141	  0.461136	
  0.139125	  0.306548	  0.136371	  0.417956	
  0.193728	  0.061958	  0.611831	  0.132483	
  0.201560	  0.269370	  0.319285	  0.209785	
  0.174474	  0.290550	  0.187125	  0.347851	

URL http://cisbp.ccbr.utoronto.ca/TFreport.php?versionNumber=2.00&searchTF=T224616_2.00

MOTIF M00435_2.00 (ceh-14)_(Mus_musculus)_(DBD_0.90)

letter-probability matrix: alength= 4 w= 9 nsites= 1 E= 0
  0.336764	  0.194296	  0.190449	  0.278490	
  0.293592	  0.187202	  0.219684	  0.299522	
  0.143147	  0.291160	  0.156628	  0.409065	
  0.060921	  0.242154	  0.011817	  0.685107	
  0.768466	  0.128303	  0.074024	  0.029207	
  0.954390	  0.018561	  0.016964	  0.010085	
  0.035549	  0.016296	  0.012819	  0.935337	
  0.150061	  0.196574	  0.074518	  0.578848	
  0.582945	  0.073559	  0.135381	  0.208115	

URL http://cisbp.ccbr.utoronto.ca/TFreport.php?versionNumber=2.00&searchTF=T224605_2.00

MOTIF M00443_2.00 (unc-4)_(Mus_musculus)_(DBD_0.90)

letter-probability matrix: alength= 4 w= 8 nsites= 1 E= 0
  0.205661	  0.300734	  0.189849	  0.303757	
  0.125034	  0.075837	  0.035114	  0.764015	
  0.752473	  0.068263	  0.113678	  0.065586	
  0.947059	  0.000567	  0.020767	  0.031606	
  0.052681	  0.078591	  0.069010	  0.799717	
  0.162578	  0.134445	  0.157773	  0.545203	
  0.352715	  0.124669	  0.349206	  0.173410	
  0.314813	  0.200734	  0.311680	  0.172773	

URL http://cisbp.ccbr.utoronto.ca/TFreport.php?versionNumber=2.00&searchTF=T224643_2.00

MOTIF M00450_2.00 (ceh-13)_(Mus_musculus)_(DBD_0.72)

letter-probability matrix: alength= 4 w= 9 nsites= 1 E= 0
  0.196325	  0.259764	  0.216973	  0.326938	
  0.168024	  0.144619	  0.100897	  0.586460	
  0.700378	  0.000665	  0.217374	  0.081583	
  0.964678	  0.000287	  0.006765	  0.028270	
  0.099760	  0.022937	  0.086727	  0.790576	
  0.079382	  0.133523	  0.297160	  0.489935	
  0.592997	  0.034302	  0.309572	  0.063130	
  0.209422	  0.321935	  0.297183	  0.171460	
  0.160609	  0.343427	  0.206226	  0.289737	

URL http://cisbp.ccbr.utoronto.ca/TFreport.php?versionNumber=2.00&searchTF=T224604_2.00

MOTIF M00483_2.00 (ceh-32)_(Mus_musculus)_(DBD_0.90)

letter-probability matrix: alength= 4 w= 7 nsites= 1 E= 0
  0.247356	  0.242458	  0.265291	  0.244895	
  0.187686	  0.245862	  0.203318	  0.363134	
  0.206531	  0.145540	  0.437226	  0.210703	
  0.818609	  0.111900	  0.033704	  0.035788	
  0.126658	  0.170970	  0.099632	  0.602740	
  0.539508	  0.337193	  0.043409	  0.079890	
  0.146793	  0.419484	  0.179294	  0.254430	

URL http://cisbp.ccbr.utoronto.ca/TFreport.php?versionNumber=2.00&searchTF=T224617_2.00

MOTIF M00495_2.00 (ceh-2)_(Mus_musculus)_(DBD_0.84)

letter-probability matrix: alength= 4 w= 9 nsites= 1 E= 0
  0.184447	  0.364076	  0.184447	  0.267030	
  0.116544	  0.046445	  0.001308	  0.835703	
  0.822965	  0.097799	  0.078485	  0.000750	
  0.891592	  0.011056	  0.021179	  0.076173	
  0.116988	  0.045699	  0.100693	  0.736620	
  0.189372	  0.123188	  0.282510	  0.404930	
  0.430266	  0.105047	  0.303203	  0.161484	
  0.227412	  0.274998	  0.297901	  0.199689	
  0.184723	  0.307617	  0.234829	  0.272832	

URL http://cisbp.ccbr.utoronto.ca/TFreport.php?versionNumber=2.00&searchTF=T224597_2.00

MOTIF M00516_2.00 (tab-1)_(Mus_musculus)_(DBD_0.88)

letter-probability matrix: alength= 4 w= 9 nsites= 1 E= 0
  0.266806	  0.229642	  0.205721	  0.297830	
  0.116229	  0.082729	  0.031676	  0.769366	
  0.886269	  0.000274	  0.097224	  0.016233	
  0.956010	  0.016164	  0.000365	  0.027461	
  0.057873	  0.196026	  0.082125	  0.663976	
  0.104695	  0.230685	  0.333971	  0.330648	
  0.326888	  0.077449	  0.441252	  0.154411	
  0.189730	  0.271946	  0.338866	  0.199458	
  0.170012	  0.319216	  0.175189	  0.335583	

URL http://cisbp.ccbr.utoronto.ca/TFreport.php?versionNumber=2.00&searchTF=T224640_2.00

MOTIF M00554_2.00 (php-3)_(Drosophila_melanogaster)_(DBD_0.86)

letter-probability matrix: alength= 4 w= 10 nsites= 1 E= 0
  0.251496	  0.177226	  0.199822	  0.371455	
  0.148997	  0.073254	  0.136173	  0.641576	
  0.122081	  0.052704	  0.056525	  0.768690	
  0.381649	  0.037883	  0.070422	  0.510046	
  0.882245	  0.000299	  0.060489	  0.056967	
  0.048121	  0.268735	  0.096905	  0.586239	
  0.165526	  0.087281	  0.407129	  0.340063	
  0.403411	  0.084771	  0.354234	  0.157584	
  0.125944	  0.405791	  0.231791	  0.236474	
  0.189990	  0.335953	  0.201738	  0.272318	

URL http://cisbp.ccbr.utoronto.ca/TFreport.php?versionNumber=2.00&searchTF=T224639_2.00

MOTIF M00555_2.00 (vab-15)_(Drosophila_melanogaster)_(DBD_0.86)

letter-probability matrix: alength= 4 w= 8 nsites= 1 E= 0
  0.102338	  0.069985	  0.032730	  0.794948	
  0.792313	  0.045831	  0.074066	  0.087791	
  0.951444	  0.000214	  0.021285	  0.027058	
  0.034616	  0.020995	  0.051640	  0.892749	
  0.077589	  0.068130	  0.095720	  0.758561	
  0.350452	  0.037684	  0.507361	  0.104504	
  0.214873	  0.273157	  0.327028	  0.184943	
  0.211851	  0.274755	  0.209743	  0.303652	

URL http://cisbp.ccbr.utoronto.ca/TFreport.php?versionNumber=2.00&searchTF=T224649_2.00

MOTIF M00557_2.00 (ceh-1)_(Drosophila_melanogaster)_(DBD_0.88)

letter-probability matrix: alength= 4 w= 9 nsites= 1 E= 0
  0.243483	  0.258539	  0.306448	  0.191530	
  0.206850	  0.317982	  0.181634	  0.293534	
  0.110856	  0.033389	  0.011684	  0.844070	
  0.894610	  0.051233	  0.053860	  0.000297	
  0.947543	  0.000984	  0.023427	  0.028047	
  0.139344	  0.033346	  0.087090	  0.740219	
  0.192569	  0.124022	  0.232864	  0.450544	
  0.357775	  0.064709	  0.468673	  0.108843	
  0.187431	  0.305947	  0.291025	  0.215597	

URL http://cisbp.ccbr.utoronto.ca/TFreport.php?versionNumber=2.00&searchTF=T224596_2.00

MOTIF M00587_2.00 bed-3

letter-probability matrix: alength= 4 w= 8 nsites= 1 E= 0
  0.074832	  0.102859	  0.037463	  0.784847	
  0.000066	  0.999803	  0.000066	  0.000066	
  0.000066	  0.026375	  0.973494	  0.000066	
  0.592015	  0.032952	  0.374967	  0.000066	
  0.000066	  0.000066	  0.999803	  0.000066	
  0.993225	  0.000066	  0.006643	  0.000066	
  0.140532	  0.280981	  0.363599	  0.214888	
  0.092027	  0.402229	  0.034582	  0.471163	

URL http://cisbp.ccbr.utoronto.ca/TFreport.php?versionNumber=2.00&searchTF=T027895_2.00

MOTIF M00588_2.00 hlh-12

letter-probability matrix: alength= 4 w= 8 nsites= 1 E= 0
  0.711648	  0.143466	  0.143466	  0.001420	
  0.767638	  0.230828	  0.000767	  0.000767	
  0.000767	  0.997699	  0.000767	  0.000767	
  0.997699	  0.000767	  0.000767	  0.000767	
  0.000767	  0.000767	  0.384202	  0.614264	
  0.230828	  0.767638	  0.000767	  0.000767	
  0.000767	  0.000767	  0.000767	  0.997699	
  0.000767	  0.000767	  0.997699	  0.000767	

URL http://cisbp.ccbr.utoronto.ca/TFreport.php?versionNumber=2.00&searchTF=T046280_2.00

MOTIF M00589_2.00 hlh-16

letter-probability matrix: alength= 4 w= 13 nsites= 1 E= 0
  0.206177	  0.206177	  0.299803	  0.287842	
  0.206177	  0.206177	  0.287842	  0.299803	
  0.427648	  0.245227	  0.163562	  0.163562	
  0.122423	  0.796060	  0.040758	  0.040758	
  0.760019	  0.202061	  0.018960	  0.018960	
  0.999635	  0.000122	  0.000122	  0.000122	
  0.000122	  0.000122	  0.000122	  0.999635	
  0.999635	  0.000122	  0.000122	  0.000122	
  0.043944	  0.043944	  0.043944	  0.868167	
  0.043944	  0.043944	  0.639677	  0.272434	
  0.086559	  0.086559	  0.578808	  0.248074	
  0.209363	  0.209363	  0.209363	  0.371910	
  0.306516	  0.231161	  0.231161	  0.231161	

URL http://cisbp.ccbr.utoronto.ca/TFreport.php?versionNumber=2.00&searchTF=T046284_2.00

MOTIF M00590_2.00 Y44A6D.3

letter-probability matrix: alength= 4 w= 9 nsites= 1 E= 0
  0.264626	  0.230055	  0.343202	  0.162117	
  0.035056	  0.229738	  0.009650	  0.725557	
  0.000776	  0.000130	  0.998484	  0.000610	
  0.000515	  0.999363	  0.000060	  0.000062	
  0.000655	  0.000121	  0.999191	  0.000033	
  0.015327	  0.953021	  0.012931	  0.018721	
  0.398849	  0.009012	  0.577428	  0.014711	
  0.371096	  0.072709	  0.439862	  0.116333	
  0.247681	  0.247681	  0.211060	  0.293578	

URL http://cisbp.ccbr.utoronto.ca/TFreport.php?versionNumber=2.00&searchTF=T055742_2.00

MOTIF M00591_2.00 Y48G1C.6

letter-probability matrix: alength= 4 w= 10 nsites= 1 E= 0
  0.241923	  0.267367	  0.278278	  0.212432	
  0.285520	  0.318720	  0.318720	  0.077039	
  0.126390	  0.281286	  0.079788	  0.512536	
  0.092558	  0.000000	  0.886994	  0.020447	
  0.064346	  0.840728	  0.010636	  0.084290	
  0.830881	  0.121813	  0.001588	  0.045718	
  0.785091	  0.068429	  0.059489	  0.086991	
  0.144739	  0.136311	  0.452567	  0.266383	
  0.318800	  0.166428	  0.189533	  0.325240	
  0.242259	  0.237462	  0.221408	  0.298870	

URL http://cisbp.ccbr.utoronto.ca/TFreport.php?versionNumber=2.00&searchTF=T055744_2.00

MOTIF M00592_2.00 atf-2

letter-probability matrix: alength= 4 w= 10 nsites= 1 E= 0
  0.369233	  0.252504	  0.293368	  0.084896	
  0.065436	  0.042995	  0.019319	  0.872250	
  0.031899	  0.073889	  0.369652	  0.524561	
  0.424684	  0.034513	  0.460054	  0.080749	
  0.025845	  0.653359	  0.087543	  0.233254	
  0.049159	  0.021651	  0.911464	  0.017726	
  0.000020	  0.608158	  0.000147	  0.391676	
  0.884019	  0.036397	  0.074031	  0.005554	
  0.942769	  0.048367	  0.004388	  0.004476	
  0.031283	  0.276736	  0.134702	  0.557279	

URL http://cisbp.ccbr.utoronto.ca/TFreport.php?versionNumber=2.00&searchTF=T069393_2.00

MOTIF M00593_2.00 atf-5

letter-probability matrix: alength= 4 w= 11 nsites= 1 E= 0
  0.190205	  0.190205	  0.370889	  0.248700	
  0.117636	  0.117636	  0.591055	  0.173673	
  0.459760	  0.277889	  0.161189	  0.101162	
  0.000143	  0.000143	  0.000143	  0.999572	
  0.058638	  0.000143	  0.941077	  0.000143	
  0.941077	  0.000143	  0.000143	  0.058638	
  0.000143	  0.999572	  0.000143	  0.000143	
  0.058638	  0.000143	  0.941077	  0.000143	
  0.059937	  0.059937	  0.059937	  0.820188	
  0.228456	  0.440635	  0.198402	  0.132507	
  0.553058	  0.148981	  0.148981	  0.148981	

URL http://cisbp.ccbr.utoronto.ca/TFreport.php?versionNumber=2.00&searchTF=T069394_2.00

MOTIF M00594_2.00 atf-6

letter-probability matrix: alength= 4 w= 9 nsites= 1 E= 0
  0.188407	  0.512143	  0.146731	  0.152720	
  0.141526	  0.166082	  0.058118	  0.634274	
  0.140550	  0.059476	  0.480855	  0.319119	
  0.916142	  0.001116	  0.007540	  0.075202	
  0.040298	  0.850903	  0.016384	  0.092416	
  0.089481	  0.042693	  0.815682	  0.052145	
  0.059662	  0.024747	  0.000794	  0.914797	
  0.274311	  0.095992	  0.485055	  0.144642	
  0.179118	  0.031755	  0.554488	  0.234638	

URL http://cisbp.ccbr.utoronto.ca/TFreport.php?versionNumber=2.00&searchTF=T069395_2.00

MOTIF M00595_2.00 atf-7

letter-probability matrix: alength= 4 w= 10 nsites= 1 E= 0
  0.275256	  0.135848	  0.360715	  0.228181	
  0.628116	  0.044667	  0.282551	  0.044667	
  0.000048	  0.000048	  0.000048	  0.999855	
  0.000048	  0.000048	  0.999855	  0.000048	
  0.999855	  0.000048	  0.000048	  0.000048	
  0.000048	  0.999855	  0.000048	  0.000048	
  0.000048	  0.000048	  0.999855	  0.000048	
  0.000048	  0.000048	  0.000048	  0.999855	
  0.204469	  0.362470	  0.318861	  0.114200	
  0.383856	  0.205381	  0.205381	  0.205381	

URL http://cisbp.ccbr.utoronto.ca/TFreport.php?versionNumber=2.00&searchTF=T069396_2.00

MOTIF M00597_2.00 xbp-1

letter-probability matrix: alength= 4 w= 13 nsites= 1 E= 0
  0.228084	  0.228084	  0.228084	  0.315748	
  0.315748	  0.228084	  0.228084	  0.228084	
  0.183803	  0.183803	  0.367187	  0.265207	
  0.441206	  0.157043	  0.157043	  0.244708	
  0.304988	  0.162743	  0.024620	  0.507649	
  0.000152	  0.138275	  0.284790	  0.576783	
  0.999544	  0.000152	  0.000152	  0.000152	
  0.000152	  0.999544	  0.000152	  0.000152	
  0.022068	  0.022068	  0.933796	  0.022068	
  0.022068	  0.022068	  0.022068	  0.933796	
  0.066349	  0.183161	  0.684141	  0.066349	
  0.209921	  0.093109	  0.174988	  0.521983	
  0.323405	  0.225532	  0.225532	  0.225532	

URL http://cisbp.ccbr.utoronto.ca/TFreport.php?versionNumber=2.00&searchTF=T069403_2.00

MOTIF M00598_2.00 zip-6

letter-probability matrix: alength= 4 w= 8 nsites= 1 E= 0
  0.308365	  0.212998	  0.252468	  0.226169	
  0.234473	  0.177211	  0.143644	  0.444673	
  0.055809	  0.034881	  0.873005	  0.036304	
  0.568667	  0.159700	  0.003014	  0.268619	
  0.909677	  0.048091	  0.013641	  0.028591	
  0.938697	  0.017366	  0.012610	  0.031327	
  0.047546	  0.198680	  0.087505	  0.666270	
  0.304990	  0.290116	  0.198399	  0.206496	

URL http://cisbp.ccbr.utoronto.ca/TFreport.php?versionNumber=2.00&searchTF=T069405_2.00

MOTIF M00599_2.00 jun-1

letter-probability matrix: alength= 4 w= 9 nsites= 1 E= 0
  0.602686	  0.107313	  0.182689	  0.107313	
  0.000099	  0.055805	  0.000099	  0.943998	
  0.000099	  0.000099	  0.999703	  0.000099	
  0.999703	  0.000099	  0.000099	  0.000099	
  0.055805	  0.865590	  0.000099	  0.078506	
  0.055805	  0.000099	  0.194374	  0.749722	
  0.207820	  0.791982	  0.000099	  0.000099	
  0.999703	  0.000099	  0.000099	  0.000099	
  0.142786	  0.240096	  0.142786	  0.474332	

URL http://cisbp.ccbr.utoronto.ca/TFreport.php?versionNumber=2.00&searchTF=T069406_2.00

MOTIF M00600_2.00 zip-10

letter-probability matrix: alength= 4 w= 10 nsites= 1 E= 0
  0.298947	  0.260958	  0.176162	  0.263933	
  0.164907	  0.082520	  0.082520	  0.670053	
  0.069342	  0.000105	  0.000105	  0.930448	
  0.999686	  0.000105	  0.000105	  0.000105	
  0.000105	  0.930448	  0.000105	  0.069342	
  0.069342	  0.000105	  0.930448	  0.000105	
  0.930448	  0.000105	  0.000105	  0.069342	
  0.999686	  0.000105	  0.000105	  0.000105	
  0.244351	  0.073942	  0.073942	  0.607764	
  0.243525	  0.167585	  0.167585	  0.421305	

URL http://cisbp.ccbr.utoronto.ca/TFreport.php?versionNumber=2.00&searchTF=T069407_2.00

MOTIF M00601_2.00 zip-3

letter-probability matrix: alength= 4 w= 9 nsites= 1 E= 0
  0.535636	  0.078528	  0.369982	  0.015855	
  0.001169	  0.000261	  0.000246	  0.998325	
  0.054873	  0.137693	  0.716963	  0.090471	
  0.854058	  0.002509	  0.100484	  0.042948	
  0.024415	  0.611073	  0.048677	  0.315834	
  0.195600	  0.103139	  0.611597	  0.089664	
  0.168167	  0.236266	  0.115003	  0.480563	
  0.192128	  0.410824	  0.230019	  0.167028	
  0.491395	  0.118777	  0.190042	  0.199786	

URL http://cisbp.ccbr.utoronto.ca/TFreport.php?versionNumber=2.00&searchTF=T069408_2.00

MOTIF M00602_2.00 zip-7

letter-probability matrix: alength= 4 w= 12 nsites= 1 E= 0
  0.128375	  0.128375	  0.128375	  0.614876	
  0.128375	  0.128375	  0.212086	  0.531164	
  0.688815	  0.103728	  0.103728	  0.103728	
  0.084068	  0.747796	  0.084068	  0.084068	
  0.122357	  0.000109	  0.877424	  0.000109	
  0.000109	  0.120666	  0.000109	  0.879115	
  0.999672	  0.000109	  0.000109	  0.000109	
  0.999672	  0.000109	  0.000109	  0.000109	
  0.121735	  0.121735	  0.121735	  0.634796	
  0.547448	  0.209082	  0.121735	  0.121735	
  0.318700	  0.305676	  0.146381	  0.229243	
  0.248903	  0.166041	  0.166041	  0.419014	

URL http://cisbp.ccbr.utoronto.ca/TFreport.php?versionNumber=2.00&searchTF=T069409_2.00

MOTIF M00603_2.00 crh-2

letter-probability matrix: alength= 4 w= 10 nsites= 1 E= 0
  0.334671	  0.277113	  0.154677	  0.233539	
  0.074512	  0.606884	  0.153373	  0.165231	
  0.999755	  0.000082	  0.000082	  0.000082	
  0.000082	  0.999755	  0.000082	  0.000082	
  0.000082	  0.000082	  0.999755	  0.000082	
  0.000082	  0.000082	  0.000082	  0.999755	
  0.000082	  0.000082	  0.999755	  0.000082	
  0.000082	  0.000082	  0.838902	  0.160935	
  0.169546	  0.639645	  0.095404	  0.095404	
  0.387356	  0.175570	  0.261504	  0.175570	

URL http://cisbp.ccbr.utoronto.ca/TFreport.php?versionNumber=2.00&searchTF=T069412_2.00

MOTIF M00604_2.00 cebp-1

letter-probability matrix: alength= 4 w= 15 nsites= 1 E= 0
  0.327426	  0.224191	  0.224191	  0.224191	
  0.327426	  0.224191	  0.224191	  0.224191	
  0.289712	  0.202351	  0.202351	  0.305586	
  0.094024	  0.094024	  0.094024	  0.717927	
  0.024381	  0.116341	  0.024381	  0.834897	
  0.712753	  0.024381	  0.238485	  0.024381	
  0.024381	  0.433975	  0.024381	  0.517263	
  0.170897	  0.000133	  0.725602	  0.103368	
  0.735701	  0.117902	  0.025942	  0.120455	
  0.742853	  0.025942	  0.117902	  0.113303	
  0.681291	  0.139742	  0.047782	  0.131184	
  0.156109	  0.156109	  0.248069	  0.439714	
  0.322744	  0.225752	  0.225752	  0.225752	
  0.225752	  0.225752	  0.225752	  0.322744	
  0.322744	  0.225752	  0.225752	  0.225752	

URL http://cisbp.ccbr.utoronto.ca/TFreport.php?versionNumber=2.00&searchTF=T069414_2.00

MOTIF M00605_2.00 atf-8

letter-probability matrix: alength= 4 w= 13 nsites= 1 E= 0
  0.230644	  0.230644	  0.230644	  0.308069	
  0.230644	  0.230644	  0.308069	  0.230644	
  0.195361	  0.042431	  0.042431	  0.719777	
  0.105121	  0.022865	  0.128036	  0.743978	
  0.853680	  0.022865	  0.100590	  0.022865	
  0.000176	  0.673192	  0.000176	  0.326456	
  0.236202	  0.000176	  0.687605	  0.076018	
  0.076018	  0.420964	  0.077601	  0.425417	
  0.790056	  0.095374	  0.019532	  0.095037	
  0.780883	  0.097796	  0.019532	  0.101789	
  0.376765	  0.207745	  0.207745	  0.207745	
  0.227311	  0.227311	  0.227311	  0.318067	
  0.318067	  0.227311	  0.227311	  0.227311	

URL http://cisbp.ccbr.utoronto.ca/TFreport.php?versionNumber=2.00&searchTF=T069415_2.00

MOTIF M00606_2.00 zip-11

letter-probability matrix: alength= 4 w= 8 nsites= 1 E= 0
  0.003289	  0.003289	  0.003289	  0.990132	
  0.003289	  0.003289	  0.990132	  0.003289	
  0.990132	  0.003289	  0.003289	  0.003289	
  0.003289	  0.990132	  0.003289	  0.003289	
  0.003289	  0.003289	  0.990132	  0.003289	
  0.003289	  0.003289	  0.003289	  0.990132	
  0.661184	  0.332237	  0.003289	  0.003289	
  0.985294	  0.004902	  0.004902	  0.004902	

URL http://cisbp.ccbr.utoronto.ca/TFreport.php?versionNumber=2.00&searchTF=T069417_2.00

MOTIF M00607_2.00 hpo-39

letter-probability matrix: alength= 4 w= 8 nsites= 1 E= 0
  0.873441	  0.062968	  0.000623	  0.062968	
  0.665973	  0.000416	  0.042013	  0.291597	
  0.922043	  0.000384	  0.000384	  0.077189	
  0.115591	  0.000384	  0.000384	  0.883641	
  0.730031	  0.000384	  0.000384	  0.269201	
  0.922043	  0.000384	  0.000384	  0.077189	
  0.873960	  0.000416	  0.000416	  0.125208	
  0.158088	  0.000525	  0.000525	  0.840861	

URL http://cisbp.ccbr.utoronto.ca/TFreport.php?versionNumber=2.00&searchTF=T069418_2.00

MOTIF M00608_2.00 ces-1

letter-probability matrix: alength= 4 w= 7 nsites= 1 E= 0
  0.004902	  0.985294	  0.004902	  0.004902	
  0.004902	  0.985294	  0.004902	  0.004902	
  0.004902	  0.004902	  0.004902	  0.985294	
  0.004902	  0.004902	  0.985294	  0.004902	
  0.004902	  0.004902	  0.004902	  0.985294	
  0.004902	  0.004902	  0.004902	  0.985294	
  0.004902	  0.004902	  0.985294	  0.004902	

URL http://cisbp.ccbr.utoronto.ca/TFreport.php?versionNumber=2.00&searchTF=T131549_2.00

MOTIF M00609_2.00 che-1

letter-probability matrix: alength= 4 w= 10 nsites= 1 E= 0
  0.238283	  0.141664	  0.334776	  0.285277	
  0.080386	  0.029572	  0.868567	  0.021474	
  0.948968	  0.043614	  0.000136	  0.007282	
  0.961389	  0.000100	  0.007992	  0.030520	
  0.189051	  0.024829	  0.640352	  0.145768	
  0.138328	  0.772496	  0.000088	  0.089088	
  0.124153	  0.773957	  0.025066	  0.076824	
  0.242280	  0.411618	  0.117931	  0.228171	
  0.171263	  0.217718	  0.136074	  0.474945	
  0.453981	  0.131375	  0.160462	  0.254183	

URL http://cisbp.ccbr.utoronto.ca/TFreport.php?versionNumber=2.00&searchTF=T131550_2.00

MOTIF M00610_2.00 die-1

letter-probability matrix: alength= 4 w= 10 nsites= 1 E= 0
  0.592549	  0.110035	  0.187381	  0.110035	
  0.419600	  0.144385	  0.181393	  0.254622	
  0.000134	  0.000134	  0.000134	  0.999598	
  0.000134	  0.000134	  0.000134	  0.999598	
  0.000134	  0.000134	  0.000134	  0.999598	
  0.999598	  0.000134	  0.000134	  0.000134	
  0.999598	  0.000134	  0.000134	  0.000134	
  0.999598	  0.000134	  0.000134	  0.000134	
  0.416613	  0.303189	  0.140099	  0.140099	
  0.303954	  0.232015	  0.232015	  0.232015	

URL http://cisbp.ccbr.utoronto.ca/TFreport.php?versionNumber=2.00&searchTF=T131551_2.00

MOTIF M00611_2.00 egl-43

letter-probability matrix: alength= 4 w= 10 nsites= 1 E= 0
  0.261863	  0.162037	  0.295250	  0.280850	
  0.275451	  0.120110	  0.350166	  0.254273	
  0.211982	  0.491029	  0.135166	  0.161823	
  0.129991	  0.191995	  0.283573	  0.394441	
  0.069908	  0.802053	  0.075730	  0.052309	
  0.767316	  0.050044	  0.065556	  0.117085	
  0.000536	  0.019825	  0.000225	  0.979414	
  0.005489	  0.985130	  0.000240	  0.009141	
  0.259453	  0.423509	  0.110894	  0.206144	
  0.159694	  0.293906	  0.176489	  0.369910	

URL http://cisbp.ccbr.utoronto.ca/TFreport.php?versionNumber=2.00&searchTF=T131552_2.00

MOTIF M00612_2.00 ham-2

letter-probability matrix: alength= 4 w= 9 nsites= 1 E= 0
  0.273764	  0.271040	  0.221909	  0.233287	
  0.229673	  0.212015	  0.283343	  0.274969	
  0.068229	  0.023170	  0.856516	  0.052085	
  0.041108	  0.850828	  0.036097	  0.071967	
  0.104146	  0.000738	  0.009932	  0.885184	
  0.399712	  0.080701	  0.055188	  0.464399	
  0.316180	  0.205678	  0.231901	  0.246241	
  0.250374	  0.271227	  0.169518	  0.308881	
  0.268680	  0.226676	  0.222188	  0.282456	

URL http://cisbp.ccbr.utoronto.ca/TFreport.php?versionNumber=2.00&searchTF=T131556_2.00

MOTIF M00613_2.00 lin-29

letter-probability matrix: alength= 4 w= 8 nsites= 1 E= 0
  0.197699	  0.104719	  0.127964	  0.569619	
  0.041753	  0.083403	  0.156289	  0.718555	
  0.040489	  0.010198	  0.030392	  0.918922	
  0.010198	  0.000101	  0.000101	  0.989600	
  0.010198	  0.000101	  0.000101	  0.989600	
  0.080876	  0.020295	  0.060683	  0.838146	
  0.101070	  0.030392	  0.090973	  0.777565	
  0.171473	  0.428469	  0.157196	  0.242861	

URL http://cisbp.ccbr.utoronto.ca/TFreport.php?versionNumber=2.00&searchTF=T131559_2.00

MOTIF M00614_2.00 lin-48

letter-probability matrix: alength= 4 w= 8 nsites= 1 E= 0
  0.368172	  0.210609	  0.105567	  0.315651	
  0.000344	  0.998967	  0.000344	  0.000344	
  0.000344	  0.998967	  0.000344	  0.000344	
  0.000344	  0.000344	  0.998967	  0.000344	
  0.000344	  0.000344	  0.000344	  0.998967	
  0.000344	  0.000344	  0.000344	  0.998967	
  0.998967	  0.000344	  0.000344	  0.000344	
  0.000525	  0.368172	  0.210609	  0.420693	

URL http://cisbp.ccbr.utoronto.ca/TFreport.php?versionNumber=2.00&searchTF=T131560_2.00

MOTIF M00615_2.00 lsy-2

letter-probability matrix: alength= 4 w= 10 nsites= 1 E= 0
  0.194145	  0.371892	  0.184676	  0.249287	
  0.053905	  0.142199	  0.092502	  0.711394	
  0.999361	  0.000033	  0.000001	  0.000605	
  0.001640	  0.929810	  0.000856	  0.067693	
  0.341787	  0.499789	  0.064340	  0.094084	
  0.107662	  0.000537	  0.888023	  0.003777	
  0.051787	  0.006032	  0.010352	  0.931828	
  0.824022	  0.055935	  0.053742	  0.066300	
  0.285208	  0.226607	  0.125615	  0.362570	
  0.182831	  0.316893	  0.163787	  0.336489	

URL http://cisbp.ccbr.utoronto.ca/TFreport.php?versionNumber=2.00&searchTF=T131561_2.00

MOTIF M00616_2.00 mnm-2

letter-probability matrix: alength= 4 w= 10 nsites= 1 E= 0
  0.324441	  0.053630	  0.503762	  0.118168	
  0.063423	  0.734966	  0.001310	  0.200302	
  0.272717	  0.216683	  0.310578	  0.200023	
  0.109808	  0.326600	  0.262102	  0.301490	
  0.409532	  0.133622	  0.055424	  0.401422	
  0.114193	  0.029901	  0.107543	  0.748363	
  0.165220	  0.669999	  0.051794	  0.112987	
  0.300863	  0.360199	  0.161848	  0.177090	
  0.219733	  0.279336	  0.145826	  0.355105	
  0.226599	  0.240611	  0.162908	  0.369882	

URL http://cisbp.ccbr.utoronto.ca/TFreport.php?versionNumber=2.00&searchTF=T131562_2.00

MOTIF M00617_2.00 klf-3

letter-probability matrix: alength= 4 w= 9 nsites= 1 E= 0
  0.234890	  0.383414	  0.146807	  0.234890	
  0.194417	  0.478190	  0.094633	  0.232760	
  0.522892	  0.361180	  0.059703	  0.056226	
  0.008275	  0.985594	  0.000001	  0.006130	
  0.193067	  0.000000	  0.729993	  0.076941	
  0.000000	  0.999999	  0.000000	  0.000001	
  0.002831	  0.992854	  0.004308	  0.000007	
  0.001012	  0.806139	  0.003752	  0.189096	
  0.354676	  0.233039	  0.084877	  0.327408	

URL http://cisbp.ccbr.utoronto.ca/TFreport.php?versionNumber=2.00&searchTF=T131563_2.00

MOTIF M00618_2.00 odd-2

letter-probability matrix: alength= 4 w= 9 nsites= 1 E= 0
  0.225760	  0.223668	  0.227729	  0.322842	
  0.000071	  0.000071	  0.999788	  0.000071	
  0.000071	  0.999788	  0.000071	  0.000071	
  0.000071	  0.000071	  0.000071	  0.999788	
  0.893475	  0.000071	  0.000071	  0.106383	
  0.000071	  0.999788	  0.000071	  0.000071	
  0.000071	  0.504333	  0.000071	  0.495526	
  0.000071	  0.000071	  0.999788	  0.000071	
  0.098444	  0.098444	  0.286131	  0.516980	

URL http://cisbp.ccbr.utoronto.ca/TFreport.php?versionNumber=2.00&searchTF=T131565_2.00

MOTIF M00619_2.00 pag-3

letter-probability matrix: alength= 4 w= 10 nsites= 1 E= 0
  0.274010	  0.193092	  0.217711	  0.315187	
  0.537707	  0.199799	  0.149503	  0.112992	
  0.927283	  0.004024	  0.005115	  0.063577	
  0.980498	  0.000868	  0.005197	  0.013438	
  0.027444	  0.019730	  0.016316	  0.936509	
  0.025516	  0.924537	  0.030855	  0.019092	
  0.424335	  0.102568	  0.065400	  0.407697	
  0.124680	  0.409833	  0.349237	  0.116251	
  0.253181	  0.161436	  0.294155	  0.291228	
  0.211911	  0.127251	  0.453123	  0.207715	

URL http://cisbp.ccbr.utoronto.ca/TFreport.php?versionNumber=2.00&searchTF=T131567_2.00

MOTIF M00620_2.00 pat-9

letter-probability matrix: alength= 4 w= 10 nsites= 1 E= 0
  0.191185	  0.299838	  0.187399	  0.321578	
  0.434373	  0.011634	  0.338290	  0.215703	
  0.072394	  0.118170	  0.556755	  0.252680	
  0.038220	  0.058169	  0.002755	  0.900857	
  0.004021	  0.003566	  0.721592	  0.270821	
  0.004412	  0.007060	  0.001776	  0.986752	
  0.942731	  0.006289	  0.023076	  0.027904	
  0.839473	  0.104875	  0.025605	  0.030047	
  0.329916	  0.186576	  0.080547	  0.402961	
  0.389696	  0.175101	  0.282977	  0.152226	

URL http://cisbp.ccbr.utoronto.ca/TFreport.php?versionNumber=2.00&searchTF=T131568_2.00

MOTIF M00621_2.00 ref-2

letter-probability matrix: alength= 4 w= 10 nsites= 1 E= 0
  0.158491	  0.717447	  0.094226	  0.029836	
  0.334191	  0.529383	  0.084920	  0.051507	
  0.130169	  0.497121	  0.000733	  0.371977	
  0.210344	  0.110913	  0.670984	  0.007758	
  0.034127	  0.665199	  0.169032	  0.131642	
  0.154948	  0.185507	  0.134706	  0.524839	
  0.101157	  0.052809	  0.834368	  0.011666	
  0.183876	  0.263555	  0.207320	  0.345248	
  0.044287	  0.172549	  0.578641	  0.204523	
  0.411663	  0.340428	  0.091854	  0.156054	

URL http://cisbp.ccbr.utoronto.ca/TFreport.php?versionNumber=2.00&searchTF=T131569_2.00

MOTIF M00622_2.00 egrh-1

letter-probability matrix: alength= 4 w= 8 nsites= 1 E= 0
  0.042013	  0.915557	  0.000416	  0.042013	
  0.133489	  0.233356	  0.566245	  0.066911	
  0.000303	  0.999092	  0.000303	  0.000303	
  0.000303	  0.999092	  0.000303	  0.000303	
  0.000303	  0.968826	  0.000303	  0.030569	
  0.575363	  0.333232	  0.091102	  0.000303	
  0.000303	  0.999092	  0.000303	  0.000303	
  0.166805	  0.083611	  0.665973	  0.083611	

URL http://cisbp.ccbr.utoronto.ca/TFreport.php?versionNumber=2.00&searchTF=T131578_2.00

MOTIF M00623_2.00 F10B5.3

letter-probability matrix: alength= 4 w= 10 nsites= 1 E= 0
  0.164926	  0.100032	  0.079479	  0.655563	
  0.199248	  0.107184	  0.025395	  0.668173	
  0.103839	  0.873794	  0.022261	  0.000106	
  0.177346	  0.172105	  0.143754	  0.506794	
  0.228366	  0.305195	  0.337292	  0.129147	
  0.204342	  0.214818	  0.502599	  0.078241	
  0.410815	  0.006099	  0.549025	  0.034061	
  0.885088	  0.031680	  0.036441	  0.046791	
  0.689280	  0.081912	  0.099052	  0.129755	
  0.488561	  0.122911	  0.061036	  0.327492	

URL http://cisbp.ccbr.utoronto.ca/TFreport.php?versionNumber=2.00&searchTF=T131579_2.00

MOTIF M00624_2.00 lsy-27

letter-probability matrix: alength= 4 w= 10 nsites= 1 E= 0
  0.342803	  0.236786	  0.261689	  0.158722	
  0.385544	  0.092264	  0.306327	  0.215865	
  0.057891	  0.000559	  0.933147	  0.008403	
  0.003180	  0.989312	  0.006278	  0.001230	
  0.018938	  0.000185	  0.007108	  0.973770	
  0.009543	  0.000490	  0.001833	  0.988135	
  0.186879	  0.459648	  0.111103	  0.242369	
  0.447311	  0.110305	  0.072476	  0.369908	
  0.226935	  0.282778	  0.274421	  0.215867	
  0.220752	  0.378813	  0.246421	  0.154014	

URL http://cisbp.ccbr.utoronto.ca/TFreport.php?versionNumber=2.00&searchTF=T131585_2.00

MOTIF M00625_2.00 F52B5.7

letter-probability matrix: alength= 4 w= 8 nsites= 1 E= 0
  0.083444	  0.516489	  0.050133	  0.349933	
  0.038082	  0.404985	  0.000127	  0.556807	
  0.999684	  0.000105	  0.000105	  0.000105	
  0.010627	  0.000105	  0.000105	  0.989162	
  0.010627	  0.000105	  0.978641	  0.010627	
  0.021838	  0.000109	  0.967080	  0.010973	
  0.137556	  0.012619	  0.699775	  0.150050	
  0.152608	  0.084858	  0.440549	  0.321985	

URL http://cisbp.ccbr.utoronto.ca/TFreport.php?versionNumber=2.00&searchTF=T131586_2.00

MOTIF M00626_2.00 lsl-1

letter-probability matrix: alength= 4 w= 10 nsites= 1 E= 0
  0.050361	  0.028197	  0.042065	  0.879377	
  0.869224	  0.029009	  0.018871	  0.082897	
  0.023898	  0.865910	  0.021624	  0.088569	
  0.046986	  0.072230	  0.473359	  0.407424	
  0.046598	  0.016972	  0.890296	  0.046134	
  0.025404	  0.002472	  0.004459	  0.967666	
  0.732418	  0.082794	  0.116321	  0.068467	
  0.137318	  0.166052	  0.451375	  0.245255	
  0.115886	  0.337851	  0.172881	  0.373383	
  0.316372	  0.236729	  0.127347	  0.319551	

URL http://cisbp.ccbr.utoronto.ca/TFreport.php?versionNumber=2.00&searchTF=T131587_2.00

MOTIF M00627_2.00 K11D2.4

letter-probability matrix: alength= 4 w= 10 nsites= 1 E= 0
  0.316560	  0.179023	  0.212196	  0.292221	
  0.232441	  0.313762	  0.272772	  0.181025	
  0.154328	  0.188497	  0.198161	  0.459014	
  0.017410	  0.004337	  0.018121	  0.960132	
  0.038265	  0.014077	  0.018257	  0.929401	
  0.029428	  0.015059	  0.009796	  0.945718	
  0.048096	  0.014199	  0.018788	  0.918917	
  0.086451	  0.044682	  0.015174	  0.853694	
  0.347176	  0.340301	  0.077465	  0.235058	
  0.076746	  0.154547	  0.239966	  0.528741	

URL http://cisbp.ccbr.utoronto.ca/TFreport.php?versionNumber=2.00&searchTF=T131591_2.00

MOTIF M00628_2.00 ztf-14

letter-probability matrix: alength= 4 w= 10 nsites= 1 E= 0
  0.325030	  0.207248	  0.303056	  0.164666	
  0.069548	  0.078416	  0.653291	  0.198745	
  0.539596	  0.190723	  0.208684	  0.060997	
  0.021522	  0.943023	  0.001019	  0.034436	
  0.014382	  0.921454	  0.063178	  0.000986	
  0.492495	  0.202246	  0.116686	  0.188573	
  0.102934	  0.738107	  0.030695	  0.128264	
  0.232882	  0.678940	  0.016619	  0.071560	
  0.172216	  0.543892	  0.071432	  0.212459	
  0.373667	  0.195072	  0.219943	  0.211318	

URL http://cisbp.ccbr.utoronto.ca/TFreport.php?versionNumber=2.00&searchTF=T131592_2.00

MOTIF M00629_2.00 ztf-27

letter-probability matrix: alength= 4 w= 8 nsites= 1 E= 0
  0.229320	  0.255984	  0.263780	  0.250916	
  0.269109	  0.243500	  0.233953	  0.253438	
  0.342370	  0.106260	  0.184176	  0.367194	
  0.058705	  0.005220	  0.344651	  0.591423	
  0.002948	  0.000705	  0.926167	  0.070179	
  0.025929	  0.000737	  0.930155	  0.043179	
  0.000100	  0.361129	  0.000198	  0.638573	
  0.022737	  0.000293	  0.976500	  0.000470	

URL http://cisbp.ccbr.utoronto.ca/TFreport.php?versionNumber=2.00&searchTF=T131597_2.00

MOTIF M00630_2.00 T22C8.4

letter-probability matrix: alength= 4 w= 8 nsites= 1 E= 0
  0.214387	  0.712963	  0.000712	  0.071937	
  0.000525	  0.998424	  0.000525	  0.000525	
  0.000525	  0.998424	  0.000525	  0.000525	
  0.000525	  0.998424	  0.000525	  0.000525	
  0.000525	  0.000525	  0.000525	  0.998424	
  0.000525	  0.000525	  0.998424	  0.000525	
  0.000587	  0.998239	  0.000587	  0.000587	
  0.250000	  0.083887	  0.083887	  0.582226	

URL http://cisbp.ccbr.utoronto.ca/TFreport.php?versionNumber=2.00&searchTF=T131599_2.00

MOTIF M00631_2.00 ztf-6

letter-probability matrix: alength= 4 w= 10 nsites= 1 E= 0
  0.260133	  0.221671	  0.247446	  0.270749	
  0.259622	  0.194266	  0.264867	  0.281245	
  0.227287	  0.077185	  0.356456	  0.339072	
  0.065470	  0.855419	  0.046600	  0.032511	
  0.044926	  0.013263	  0.039449	  0.902361	
  0.160036	  0.031356	  0.569863	  0.238745	
  0.445816	  0.052452	  0.252120	  0.249612	
  0.847867	  0.059903	  0.012971	  0.079259	
  0.871246	  0.039249	  0.007242	  0.082263	
  0.239707	  0.295721	  0.194303	  0.270269	

URL http://cisbp.ccbr.utoronto.ca/TFreport.php?versionNumber=2.00&searchTF=T131601_2.00

