MEME version 5.5.8 (Fri May 2 15:43:49 2025 -0700)

ALPHABET= ACGT

strands: + -

Background letter frequencies (from uniform background):
A 0.25000 C 0.25000 G 0.25000 T 0.25000 

MOTIF M00160_2.00 (CAOG_01766)_(Mus_musculus)_(DBD_0.57)

letter-probability matrix: alength= 4 w= 10 nsites= 1 E= 0
  0.272342	  0.213287	  0.238265	  0.276106	
  0.383328	  0.071216	  0.521888	  0.023568	
  0.117428	  0.105265	  0.021002	  0.756305	
  0.834939	  0.152266	  0.000007	  0.012788	
  0.908292	  0.059096	  0.002967	  0.029645	
  0.977393	  0.014489	  0.001628	  0.006490	
  0.001282	  0.843632	  0.000001	  0.155085	
  0.965165	  0.012083	  0.006831	  0.015922	
  0.479654	  0.164189	  0.114694	  0.241463	
  0.417043	  0.185221	  0.142285	  0.255451	

URL http://cisbp.ccbr.utoronto.ca/TFreport.php?versionNumber=2.00&searchTF=T184340_2.00

MOTIF M00188_2.00 (CAOG_00356)_(Mus_musculus)_(DBD_0.58)

letter-probability matrix: alength= 4 w= 10 nsites= 1 E= 0
  0.104605	  0.584172	  0.194454	  0.116769	
  0.266268	  0.282733	  0.156727	  0.294272	
  0.098718	  0.112423	  0.073867	  0.714991	
  0.512814	  0.101485	  0.365006	  0.020695	
  0.255170	  0.103744	  0.573599	  0.067487	
  0.184311	  0.457887	  0.038345	  0.319457	
  0.484397	  0.018971	  0.233435	  0.263197	
  0.869982	  0.053972	  0.047869	  0.028176	
  0.021911	  0.904128	  0.002656	  0.071305	
  0.236202	  0.300271	  0.335186	  0.128340	

URL http://cisbp.ccbr.utoronto.ca/TFreport.php?versionNumber=2.00&searchTF=T317968_2.00

MOTIF M00291_2.00 (CAOG_05256)_(Homo_sapiens)_(DBD_0.49)

letter-probability matrix: alength= 4 w= 9 nsites= 1 E= 0
  0.229986	  0.249141	  0.336305	  0.184568	
  0.246864	  0.272827	  0.223371	  0.256938	
  0.138211	  0.078948	  0.026279	  0.756562	
  0.687501	  0.059327	  0.198952	  0.054221	
  0.906213	  0.000196	  0.044224	  0.049367	
  0.083473	  0.100940	  0.106115	  0.709473	
  0.143309	  0.150657	  0.147674	  0.558360	
  0.390818	  0.075811	  0.410855	  0.122516	
  0.276767	  0.222111	  0.341441	  0.159681	

URL http://cisbp.ccbr.utoronto.ca/TFreport.php?versionNumber=2.00&searchTF=T203634_2.00

MOTIF M00317_2.00 (CAOG_04648)_(Homo_sapiens)_(DBD_0.56)

letter-probability matrix: alength= 4 w= 10 nsites= 1 E= 0
  0.157801	  0.167558	  0.059820	  0.614822	
  0.655185	  0.062484	  0.140459	  0.141871	
  0.908582	  0.026361	  0.038164	  0.026894	
  0.070259	  0.192902	  0.076875	  0.659964	
  0.179443	  0.212695	  0.196342	  0.411520	
  0.313165	  0.180680	  0.291993	  0.214161	
  0.268057	  0.202593	  0.344193	  0.185156	
  0.315986	  0.236441	  0.246091	  0.201482	
  0.177958	  0.194717	  0.185220	  0.442105	
  0.234421	  0.236777	  0.182567	  0.346235	

URL http://cisbp.ccbr.utoronto.ca/TFreport.php?versionNumber=2.00&searchTF=T203633_2.00

MOTIF M00790_2.00 (CAOG_00937)_(Mus_musculus)_(DBD_0.59)

letter-probability matrix: alength= 4 w= 9 nsites= 1 E= 0
  0.337606	  0.151696	  0.424910	  0.085788	
  0.214462	  0.151129	  0.074301	  0.560108	
  0.593218	  0.291652	  0.036436	  0.078694	
  0.697590	  0.152571	  0.033369	  0.116470	
  0.810620	  0.060208	  0.065878	  0.063295	
  0.020715	  0.679160	  0.040079	  0.260046	
  0.798255	  0.049523	  0.065525	  0.086698	
  0.354392	  0.210693	  0.192559	  0.242355	
  0.307967	  0.221405	  0.177681	  0.292947	

URL http://cisbp.ccbr.utoronto.ca/TFreport.php?versionNumber=2.00&searchTF=T184339_2.00

MOTIF M01027_2.00 CAOG_05512

letter-probability matrix: alength= 4 w= 10 nsites= 1 E= 0
  0.198200	  0.127648	  0.186658	  0.487494	
  0.013819	  0.047754	  0.016879	  0.921548	
  0.244267	  0.482153	  0.184613	  0.088967	
  0.622055	  0.033550	  0.166173	  0.178222	
  0.000965	  0.957223	  0.019966	  0.021846	
  0.875781	  0.002128	  0.112744	  0.009348	
  0.066067	  0.829367	  0.049932	  0.054634	
  0.147435	  0.504409	  0.143078	  0.205078	
  0.121155	  0.197763	  0.074969	  0.606114	
  0.239819	  0.314154	  0.141158	  0.304869	

URL http://cisbp.ccbr.utoronto.ca/TFreport.php?versionNumber=2.00&searchTF=T339212_2.00

MOTIF M01147_2.00 (CAOG_06753)_(Neurospora_crassa)_(DBD_0.44)

letter-probability matrix: alength= 4 w= 10 nsites= 1 E= 0
  0.256344	  0.201648	  0.261523	  0.280485	
  0.466416	  0.147685	  0.263770	  0.122129	
  0.056276	  0.045162	  0.000477	  0.898085	
  0.076513	  0.037995	  0.643848	  0.241643	
  0.796372	  0.031502	  0.085633	  0.086493	
  0.072044	  0.711432	  0.042832	  0.173691	
  0.178754	  0.047276	  0.689532	  0.084438	
  0.163925	  0.196254	  0.078997	  0.560825	
  0.373050	  0.284779	  0.165954	  0.176216	
  0.318316	  0.178225	  0.258022	  0.245438	

URL http://cisbp.ccbr.utoronto.ca/TFreport.php?versionNumber=2.00&searchTF=T056039_2.00

MOTIF M02192_2.00 (CAOG_08013)_(Saccharomyces_cerevisiae)_(DBD_0.57)

letter-probability matrix: alength= 4 w= 11 nsites= 1 E= 0
  0.309211	  0.230263	  0.230263	  0.230263	
  0.211231	  0.211231	  0.211231	  0.366308	
  0.232350	  0.153266	  0.229750	  0.384634	
  0.245065	  0.000142	  0.000142	  0.754652	
  0.000142	  0.076625	  0.642318	  0.280916	
  0.999575	  0.000142	  0.000142	  0.000142	
  0.000142	  0.923092	  0.000142	  0.076625	
  0.239040	  0.000142	  0.760677	  0.000142	
  0.019879	  0.103699	  0.096008	  0.780414	
  0.403506	  0.518672	  0.038911	  0.038911	
  0.457115	  0.096875	  0.096875	  0.349135	

URL http://cisbp.ccbr.utoronto.ca/TFreport.php?versionNumber=2.00&searchTF=T203638_2.00

MOTIF M02247_2.00 (CAOG_05916)_(Aspergillus_nidulans)_(DBD_0.36)

letter-probability matrix: alength= 4 w= 10 nsites= 1 E= 0
  0.354631	  0.215094	  0.219440	  0.210835	
  0.330282	  0.212714	  0.202340	  0.254665	
  0.214610	  0.210361	  0.307608	  0.267421	
  0.286586	  0.236995	  0.241782	  0.234637	
  0.124300	  0.022037	  0.071001	  0.782662	
  0.089295	  0.000287	  0.037410	  0.873008	
  0.077635	  0.814050	  0.043468	  0.064846	
  0.032211	  0.433685	  0.153288	  0.380816	
  0.614435	  0.084835	  0.185064	  0.115666	
  0.161120	  0.302520	  0.140071	  0.396290	

URL http://cisbp.ccbr.utoronto.ca/TFreport.php?versionNumber=2.00&searchTF=T239477_2.00

MOTIF M02283_2.00 (CAOG_01457)_(Dictyostelium_discoideum)_(DBD_0.98)

letter-probability matrix: alength= 4 w= 10 nsites= 1 E= 0
  0.233777	  0.598464	  0.083460	  0.084299	
  0.030948	  0.562453	  0.044359	  0.362240	
  0.506429	  0.042836	  0.155615	  0.295120	
  0.524310	  0.062308	  0.043907	  0.369475	
  0.657133	  0.044163	  0.042009	  0.256695	
  0.290800	  0.112464	  0.066862	  0.529873	
  0.281986	  0.340992	  0.131875	  0.245147	
  0.228299	  0.247314	  0.296088	  0.228299	
  0.301159	  0.033037	  0.594451	  0.071353	
  0.207356	  0.056511	  0.520315	  0.215818	

URL http://cisbp.ccbr.utoronto.ca/TFreport.php?versionNumber=2.00&searchTF=T252693_2.00

MOTIF M02652_2.00 (CAOG_01636)_(Pisum_sativum)_(DBD_0.54)

letter-probability matrix: alength= 4 w= 16 nsites= 1 E= 0
  0.214286	  0.357143	  0.285714	  0.142857	
  0.500000	  0.000000	  0.214286	  0.285714	
  0.642857	  0.071429	  0.071429	  0.214286	
  0.214286	  0.428571	  0.285714	  0.071429	
  0.785714	  0.000000	  0.214286	  0.000000	
  0.785714	  0.000000	  0.142857	  0.071429	
  0.785714	  0.000000	  0.142857	  0.071429	
  0.214286	  0.214286	  0.142857	  0.428571	
  0.285714	  0.071429	  0.571429	  0.071429	
  0.214286	  0.285714	  0.428571	  0.071429	
  0.571429	  0.357143	  0.071429	  0.000000	
  0.571429	  0.071429	  0.285714	  0.071429	
  0.642857	  0.000000	  0.142857	  0.214286	
  0.642857	  0.357143	  0.000000	  0.000000	
  0.785714	  0.000000	  0.214286	  0.000000	
  0.142857	  0.500000	  0.000000	  0.357143	

URL http://cisbp.ccbr.utoronto.ca/TFreport.php?versionNumber=2.00&searchTF=T017185_2.00

MOTIF M02698_2.00 (CAOG_00996)_(Arabidopsis_thaliana)_(DBD_0.85)

letter-probability matrix: alength= 4 w= 11 nsites= 1 E= 0
  0.140000	  0.450000	  0.230000	  0.180000	
  0.160000	  0.270000	  0.550000	  0.020000	
  0.000000	  0.919192	  0.040404	  0.040404	
  0.000000	  0.050000	  0.930000	  0.020000	
  0.040404	  0.939394	  0.000000	  0.020202	
  0.040404	  0.020202	  0.020202	  0.919192	
  0.080808	  0.000000	  0.858586	  0.060606	
  0.960000	  0.000000	  0.020000	  0.020000	
  0.040000	  0.040000	  0.920000	  0.000000	
  0.020000	  0.550000	  0.260000	  0.170000	
  0.151515	  0.323232	  0.242424	  0.282828	

URL http://cisbp.ccbr.utoronto.ca/TFreport.php?versionNumber=2.00&searchTF=T265625_2.00

MOTIF M02960_2.00 (CAOG_00276)_(Homo_sapiens)_(DBD_0.55)

letter-probability matrix: alength= 4 w= 14 nsites= 1 E= 0
  0.323009	  0.002212	  0.002212	  0.672566	
  0.047566	  0.000000	  0.002212	  0.950221	
  0.006383	  0.003191	  0.001064	  0.989362	
  0.005453	  0.000000	  0.000000	  0.994547	
  0.001005	  0.017085	  0.981910	  0.000000	
  0.000000	  0.000000	  1.000000	  0.000000	
  0.000000	  0.996994	  0.001002	  0.002004	
  0.000000	  0.000000	  1.000000	  0.000000	
  0.000000	  0.010299	  0.989701	  0.000000	
  0.000000	  0.002079	  0.997921	  0.000000	
  0.998956	  0.000000	  0.001044	  0.000000	
  0.996894	  0.000000	  0.003106	  0.000000	
  0.933962	  0.018868	  0.007338	  0.039832	
  0.547958	  0.172840	  0.068376	  0.210826	

URL http://cisbp.ccbr.utoronto.ca/TFreport.php?versionNumber=2.00&searchTF=T172225_2.00

MOTIF M03325_2.00 (CAOG_06646)_(Homo_sapiens)_(DBD_0.52)

letter-probability matrix: alength= 4 w= 13 nsites= 1 E= 0
  0.020328	  0.009544	  0.960775	  0.009353	
  0.949448	  0.012827	  0.007545	  0.030180	
  0.835297	  0.031862	  0.023565	  0.109276	
  0.190722	  0.330287	  0.220522	  0.258468	
  0.282209	  0.216946	  0.366147	  0.134698	
  0.132278	  0.029511	  0.033109	  0.805102	
  0.071022	  0.004158	  0.070598	  0.854221	
  0.000793	  0.997721	  0.001189	  0.000297	
  0.001746	  0.253412	  0.212253	  0.532589	
  0.568436	  0.183625	  0.244438	  0.003501	
  0.006769	  0.010733	  0.973409	  0.009089	
  0.848033	  0.082975	  0.007666	  0.061326	
  0.712607	  0.078998	  0.072627	  0.135768	

URL http://cisbp.ccbr.utoronto.ca/TFreport.php?versionNumber=2.00&searchTF=T239478_2.00

MOTIF M03344_2.00 (CAOG_00636)_(Homo_sapiens)_(DBD_0.80)

letter-probability matrix: alength= 4 w= 12 nsites= 1 E= 0
  0.371513	  0.019313	  0.473712	  0.135461	
  0.005660	  0.990566	  0.000000	  0.003774	
  0.000000	  0.007874	  0.000000	  0.992126	
  0.995261	  0.000000	  0.000000	  0.004739	
  0.474302	  0.000635	  0.000000	  0.525063	
  0.813533	  0.000000	  0.003099	  0.183368	
  0.955124	  0.000910	  0.000606	  0.043360	
  0.985915	  0.000000	  0.000000	  0.014085	
  0.000000	  0.000000	  0.000000	  1.000000	
  0.997467	  0.000950	  0.000633	  0.000950	
  0.029969	  0.005810	  0.963303	  0.000917	
  0.269702	  0.569223	  0.026358	  0.134718	

URL http://cisbp.ccbr.utoronto.ca/TFreport.php?versionNumber=2.00&searchTF=T252692_2.00

MOTIF M03659_2.00 (CAOG_04938)_(Drosophila_melanogaster)_(DBD_0.61)

letter-probability matrix: alength= 4 w= 10 nsites= 1 E= 0
  0.407181	  0.103479	  0.463921	  0.025418	
  0.000425	  0.002255	  0.003759	  0.993561	
  0.000851	  0.001308	  0.924431	  0.073410	
  0.992005	  0.003981	  0.002252	  0.001762	
  0.002259	  0.995057	  0.000655	  0.002029	
  0.001963	  0.000818	  0.994732	  0.002487	
  0.001437	  0.002220	  0.003820	  0.992523	
  0.073870	  0.924488	  0.001004	  0.000639	
  0.993984	  0.003956	  0.001635	  0.000425	
  0.023466	  0.457261	  0.103429	  0.415843	

URL http://cisbp.ccbr.utoronto.ca/TFreport.php?versionNumber=2.00&searchTF=T056035_2.00

MOTIF M07295_2.00 (CAOG_05809)_(Arabidopsis_thaliana)_(DBD_0.70)

letter-probability matrix: alength= 4 w= 15 nsites= 1 E= 0
  0.262982	  0.020101	  0.031826	  0.685091	
  0.241206	  0.033501	  0.013400	  0.711893	
  0.396985	  0.187605	  0.026801	  0.388610	
  0.609715	  0.082077	  0.075377	  0.232831	
  0.775544	  0.108878	  0.030151	  0.085427	
  0.936349	  0.000000	  0.050251	  0.013400	
  0.562814	  0.021776	  0.160804	  0.254606	
  0.820770	  0.000000	  0.026801	  0.152429	
  0.000000	  0.000000	  0.000000	  1.000000	
  0.000000	  0.000000	  0.000000	  1.000000	
  0.000000	  0.324958	  0.000000	  0.675042	
  0.862647	  0.000000	  0.137353	  0.000000	
  0.857621	  0.142379	  0.000000	  0.000000	
  1.000000	  0.000000	  0.000000	  0.000000	
  0.549414	  0.055276	  0.000000	  0.395310	

URL http://cisbp.ccbr.utoronto.ca/TFreport.php?versionNumber=2.00&searchTF=T345146_2.00

MOTIF M08104_2.00 (CAOG_07995)_(Homo_sapiens)_(DBD_0.86)

letter-probability matrix: alength= 4 w= 11 nsites= 1 E= 0
  0.147979	  0.183834	  0.283731	  0.384456	
  0.076684	  0.562280	  0.234404	  0.126632	
  0.007254	  0.101347	  0.044145	  0.847254	
  0.025907	  0.066114	  0.873575	  0.034404	
  0.962694	  0.002280	  0.027358	  0.007668	
  0.004767	  0.025699	  0.019482	  0.950052	
  0.019896	  0.003523	  0.006010	  0.970570	
  0.010984	  0.005803	  0.976788	  0.006425	
  0.023005	  0.007047	  0.965181	  0.004767	
  0.132435	  0.385078	  0.083731	  0.398756	
  0.073782	  0.376166	  0.156891	  0.393161	

URL http://cisbp.ccbr.utoronto.ca/TFreport.php?versionNumber=2.00&searchTF=T159704_2.00

MOTIF M08108_2.00 (CAOG_01352)_(Homo_sapiens)_(DBD_0.78)

letter-probability matrix: alength= 4 w= 11 nsites= 1 E= 0
  0.204783	  0.244644	  0.387145	  0.163428	
  0.131041	  0.340807	  0.468361	  0.059791	
  0.023916	  0.035376	  0.927753	  0.012955	
  0.013951	  0.939711	  0.010962	  0.035376	
  0.006976	  0.026906	  0.962631	  0.003488	
  0.017937	  0.039860	  0.929248	  0.012955	
  0.013453	  0.015944	  0.956153	  0.014449	
  0.924265	  0.011958	  0.048829	  0.014948	
  0.819631	  0.084704	  0.068261	  0.027404	
  0.231689	  0.322372	  0.322870	  0.123069	
  0.189836	  0.300947	  0.322870	  0.186348	

URL http://cisbp.ccbr.utoronto.ca/TFreport.php?versionNumber=2.00&searchTF=T172227_2.00

MOTIF M08120_2.00 (CAOG_05750)_(Homo_sapiens)_(DBD_0.63)

letter-probability matrix: alength= 4 w= 14 nsites= 1 E= 0
  0.311553	  0.174242	  0.244318	  0.269886	
  0.393939	  0.165720	  0.255682	  0.184659	
  0.233902	  0.134470	  0.257576	  0.374053	
  0.135417	  0.026515	  0.821970	  0.016098	
  0.056818	  0.004735	  0.041667	  0.896780	
  0.949811	  0.035038	  0.009470	  0.005682	
  0.946023	  0.035038	  0.010417	  0.008523	
  0.967803	  0.012311	  0.009470	  0.010417	
  0.009470	  0.907197	  0.011364	  0.071970	
  0.961174	  0.015152	  0.011364	  0.012311	
  0.484848	  0.188447	  0.193182	  0.133523	
  0.175189	  0.190341	  0.537879	  0.096591	
  0.229167	  0.254735	  0.342803	  0.173295	
  0.267992	  0.272727	  0.255682	  0.203598	

URL http://cisbp.ccbr.utoronto.ca/TFreport.php?versionNumber=2.00&searchTF=T184341_2.00

MOTIF M08196_2.00 (CAOG_01030)_(Drosophila_melanogaster)_(DBD_0.74)

letter-probability matrix: alength= 4 w= 13 nsites= 1 E= 0
  0.837210	  0.069767	  0.093023	  0.000000	
  0.930232	  0.046512	  0.000000	  0.023256	
  0.581396	  0.023256	  0.069767	  0.325581	
  0.348837	  0.069767	  0.000000	  0.581396	
  0.093023	  0.162791	  0.372093	  0.372093	
  0.116279	  0.465116	  0.418605	  0.000000	
  0.023256	  0.325581	  0.651163	  0.000000	
  0.000000	  1.000000	  0.000000	  0.000000	
  0.139535	  0.000000	  0.837209	  0.023256	
  0.000000	  0.720930	  0.255814	  0.023256	
  0.046512	  0.813953	  0.139535	  0.000000	
  0.767442	  0.139535	  0.000000	  0.093023	
  0.767442	  0.023256	  0.000000	  0.209302	

URL http://cisbp.ccbr.utoronto.ca/TFreport.php?versionNumber=2.00&searchTF=T172226_2.00

MOTIF M08231_2.00 (CAOG_06656)_(Homo_sapiens)_(DBD_0.75)

letter-probability matrix: alength= 4 w= 10 nsites= 1 E= 0
  0.117647	  0.205882	  0.044118	  0.632353	
  0.808823	  0.029412	  0.044118	  0.117647	
  0.102941	  0.000000	  0.088235	  0.808824	
  0.000000	  0.161765	  0.000000	  0.838235	
  0.220588	  0.000000	  0.000000	  0.779412	
  0.220588	  0.000000	  0.779412	  0.000000	
  0.117647	  0.691177	  0.000000	  0.191176	
  0.955882	  0.029412	  0.000000	  0.014706	
  0.000000	  0.000000	  0.000000	  1.000000	
  0.617646	  0.058824	  0.161765	  0.161765	

URL http://cisbp.ccbr.utoronto.ca/TFreport.php?versionNumber=2.00&searchTF=T342070_2.00

