MEME version 5.5.8 (Fri May 2 15:43:49 2025 -0700)

ALPHABET= ACGT

strands: + -

Background letter frequencies (from uniform background):
A 0.25000 C 0.25000 G 0.25000 T 0.25000 

MOTIF M00873_2.00 (CHLREDRAFT_130971)_(Arabidopsis_thaliana)_(DBD_0.66)

letter-probability matrix: alength= 4 w= 10 nsites= 1 E= 0
  0.226420	  0.226420	  0.320739	  0.226420	
  0.528872	  0.125806	  0.125806	  0.219517	
  0.999768	  0.000077	  0.000077	  0.000077	
  0.000077	  0.000077	  0.999768	  0.000077	
  0.999768	  0.000077	  0.000077	  0.000077	
  0.000077	  0.000077	  0.000077	  0.999768	
  0.402884	  0.201777	  0.000077	  0.395261	
  0.000077	  0.798068	  0.000077	  0.201777	
  0.023657	  0.023657	  0.724305	  0.228381	
  0.124272	  0.330831	  0.420625	  0.124272	

URL http://cisbp.ccbr.utoronto.ca/TFreport.php?versionNumber=2.00&searchTF=T268693_2.00

MOTIF M01644_2.00 (CHLREDRAFT_205920)_(Ostreococcus_tauri)_(DBD_0.82)

letter-probability matrix: alength= 4 w= 8 nsites= 1 E= 0
  0.184280	  0.604890	  0.131703	  0.079127	
  0.000196	  0.000196	  0.999412	  0.000196	
  0.000196	  0.921042	  0.078566	  0.000196	
  0.000196	  0.979820	  0.019788	  0.000196	
  0.000196	  0.000196	  0.999412	  0.000196	
  0.019788	  0.705525	  0.215713	  0.058973	
  0.000204	  0.999388	  0.000204	  0.000204	
  0.580219	  0.032539	  0.322487	  0.064755	

URL http://cisbp.ccbr.utoronto.ca/TFreport.php?versionNumber=2.00&searchTF=T001398_2.00

MOTIF M01946_2.00 (CHLREDRAFT_205894)_(Arabidopsis_thaliana)_(DBD_0.73)

letter-probability matrix: alength= 4 w= 10 nsites= 1 E= 0
  0.263734	  0.155438	  0.281901	  0.298926	
  0.200036	  0.394523	  0.077146	  0.328295	
  0.497717	  0.154396	  0.294766	  0.053121	
  0.006064	  0.969144	  0.007305	  0.017486	
  0.022276	  0.080511	  0.028990	  0.868223	
  0.008523	  0.002417	  0.010071	  0.978989	
  0.005363	  0.003782	  0.010382	  0.980472	
  0.250488	  0.040592	  0.016082	  0.692838	
  0.149815	  0.150049	  0.092419	  0.607717	
  0.147759	  0.234835	  0.283880	  0.333526	

URL http://cisbp.ccbr.utoronto.ca/TFreport.php?versionNumber=2.00&searchTF=T170397_2.00

MOTIF M01968_2.00 (CHLREDRAFT_206364)_(Physcomitrella_patens)_(DBD_0.80)

letter-probability matrix: alength= 4 w= 10 nsites= 1 E= 0
  0.233790	  0.138993	  0.425993	  0.201225	
  0.151778	  0.438088	  0.392454	  0.017680	
  0.020553	  0.048571	  0.839679	  0.091197	
  0.006893	  0.992712	  0.000031	  0.000364	
  0.013922	  0.000083	  0.985791	  0.000205	
  0.013288	  0.979343	  0.002765	  0.004604	
  0.083385	  0.551953	  0.224407	  0.140255	
  0.409276	  0.238505	  0.118438	  0.233782	
  0.379447	  0.181039	  0.122574	  0.316940	
  0.306627	  0.222657	  0.201468	  0.269248	

URL http://cisbp.ccbr.utoronto.ca/TFreport.php?versionNumber=2.00&searchTF=T172376_2.00

MOTIF M02018_2.00 (CHLREDRAFT_187360)_(Ostreococcus_tauri)_(DBD_0.92)

letter-probability matrix: alength= 4 w= 8 nsites= 1 E= 0
  0.278095	  0.275328	  0.199929	  0.246648	
  0.251817	  0.249311	  0.223341	  0.275531	
  0.340194	  0.242140	  0.170633	  0.247032	
  0.055050	  0.124991	  0.644352	  0.175606	
  0.961705	  0.000618	  0.001490	  0.036187	
  0.097122	  0.071950	  0.029843	  0.801085	
  0.119255	  0.665982	  0.061637	  0.153126	
  0.256866	  0.163785	  0.283881	  0.295467	

URL http://cisbp.ccbr.utoronto.ca/TFreport.php?versionNumber=2.00&searchTF=T192259_2.00

MOTIF M02305_2.00 (CHLREDRAFT_111844)_(Arabidopsis_thaliana)_(DBD_0.72)

letter-probability matrix: alength= 4 w= 11 nsites= 1 E= 0
  0.325083	  0.224972	  0.224972	  0.224972	
  0.248785	  0.260211	  0.048443	  0.442561	
  0.825532	  0.024528	  0.024528	  0.125413	
  0.000222	  0.000222	  0.999335	  0.000222	
  0.999335	  0.000222	  0.000222	  0.000222	
  0.000222	  0.000222	  0.000222	  0.999335	
  0.287819	  0.317618	  0.000222	  0.394341	
  0.000222	  0.776894	  0.000222	  0.222663	
  0.025249	  0.025249	  0.723019	  0.226482	
  0.299003	  0.201779	  0.297439	  0.201779	
  0.322918	  0.225694	  0.225694	  0.225694	

URL http://cisbp.ccbr.utoronto.ca/TFreport.php?versionNumber=2.00&searchTF=T268679_2.00

MOTIF M02341_2.00 (CHLREDRAFT_113139)_(Physcomitrella_patens)_(DBD_0.91)

letter-probability matrix: alength= 4 w= 10 nsites= 1 E= 0
  0.340720	  0.192686	  0.244952	  0.221642	
  0.183826	  0.291194	  0.321820	  0.203160	
  0.281884	  0.384327	  0.200636	  0.133152	
  0.343039	  0.124941	  0.472408	  0.059611	
  0.421097	  0.043072	  0.247860	  0.287972	
  0.992667	  0.000040	  0.002436	  0.004857	
  0.006857	  0.003616	  0.001888	  0.987639	
  0.070629	  0.886646	  0.002381	  0.040344	
  0.180733	  0.184384	  0.143599	  0.491284	
  0.256588	  0.232171	  0.197843	  0.313398	

URL http://cisbp.ccbr.utoronto.ca/TFreport.php?versionNumber=2.00&searchTF=T268682_2.00

MOTIF M02342_2.00 (CHLREDRAFT_172919)_(Physcomitrella_patens)_(DBD_0.77)

letter-probability matrix: alength= 4 w= 9 nsites= 1 E= 0
  0.165880	  0.424650	  0.198595	  0.210875	
  0.188654	  0.368674	  0.252122	  0.190550	
  0.173746	  0.301146	  0.093466	  0.431642	
  0.191961	  0.229819	  0.151002	  0.427217	
  0.928240	  0.028030	  0.043090	  0.000640	
  0.000753	  0.171805	  0.065128	  0.762314	
  0.028316	  0.937696	  0.026935	  0.007053	
  0.091981	  0.545434	  0.138599	  0.223986	
  0.287178	  0.206459	  0.308000	  0.198363	

URL http://cisbp.ccbr.utoronto.ca/TFreport.php?versionNumber=2.00&searchTF=T268702_2.00

MOTIF M02534_2.00 (CHLREDRAFT_105644)_(Chlorella_vulgaris)_(DBD_0.77)

letter-probability matrix: alength= 4 w= 10 nsites= 1 E= 0
  0.325158	  0.217960	  0.193313	  0.263568	
  0.358359	  0.188960	  0.202661	  0.250019	
  0.376331	  0.147005	  0.219306	  0.257358	
  0.184463	  0.155625	  0.138027	  0.521885	
  0.198756	  0.111283	  0.133230	  0.556730	
  0.071722	  0.451598	  0.138766	  0.337914	
  0.700958	  0.002209	  0.240435	  0.056399	
  0.752532	  0.046221	  0.081732	  0.119515	
  0.746615	  0.060072	  0.100038	  0.093275	
  0.297928	  0.261609	  0.101175	  0.339288	

URL http://cisbp.ccbr.utoronto.ca/TFreport.php?versionNumber=2.00&searchTF=T345254_2.00

MOTIF M02698_2.00 (CHLREDRAFT_129649)_(Arabidopsis_thaliana)_(DBD_0.94)

letter-probability matrix: alength= 4 w= 11 nsites= 1 E= 0
  0.140000	  0.450000	  0.230000	  0.180000	
  0.160000	  0.270000	  0.550000	  0.020000	
  0.000000	  0.919192	  0.040404	  0.040404	
  0.000000	  0.050000	  0.930000	  0.020000	
  0.040404	  0.939394	  0.000000	  0.020202	
  0.040404	  0.020202	  0.020202	  0.919192	
  0.080808	  0.000000	  0.858586	  0.060606	
  0.960000	  0.000000	  0.020000	  0.020000	
  0.040000	  0.040000	  0.920000	  0.000000	
  0.020000	  0.550000	  0.260000	  0.170000	
  0.151515	  0.323232	  0.242424	  0.282828	

URL http://cisbp.ccbr.utoronto.ca/TFreport.php?versionNumber=2.00&searchTF=T268692_2.00

MOTIF M06562_2.00 (CHLREDRAFT_190235)_(Arabidopsis_thaliana)_(DBD_0.69)

letter-probability matrix: alength= 4 w= 21 nsites= 1 E= 0
  0.255692	  0.204904	  0.241681	  0.297723	
  0.138354	  0.504378	  0.129597	  0.227671	
  0.192644	  0.478109	  0.119089	  0.210158	
  0.309982	  0.154116	  0.309982	  0.225919	
  0.187391	  0.500875	  0.129597	  0.182137	
  0.147110	  0.544658	  0.098074	  0.210158	
  0.243433	  0.168126	  0.306480	  0.281961	
  0.157618	  0.495622	  0.085814	  0.260946	
  0.201401	  0.567426	  0.017513	  0.213660	
  0.264448	  0.112084	  0.302977	  0.320490	
  0.061296	  0.598949	  0.131349	  0.208406	
  0.040280	  0.942207	  0.010508	  0.007005	
  0.066550	  0.000000	  0.784588	  0.148862	
  0.000000	  1.000000	  0.000000	  0.000000	
  0.000000	  1.000000	  0.000000	  0.000000	
  0.047285	  0.000000	  0.952715	  0.000000	
  0.008757	  0.894921	  0.000000	  0.096322	
  0.059545	  0.924693	  0.000000	  0.015762	
  0.341506	  0.000000	  0.565674	  0.092820	
  0.077058	  0.542907	  0.073555	  0.306480	
  0.250438	  0.318739	  0.150613	  0.280210	

URL http://cisbp.ccbr.utoronto.ca/TFreport.php?versionNumber=2.00&searchTF=T001394_2.00

MOTIF M06670_2.00 (CHLREDRAFT_167010)_(Arabidopsis_thaliana)_(DBD_0.71)

letter-probability matrix: alength= 4 w= 21 nsites= 1 E= 0
  0.106306	  0.475676	  0.127928	  0.290090	
  0.100901	  0.790991	  0.014414	  0.093694	
  0.165766	  0.010811	  0.455856	  0.367568	
  0.012613	  0.870270	  0.061261	  0.055856	
  0.066667	  0.926126	  0.000000	  0.007207	
  0.082883	  0.000000	  0.888288	  0.028829	
  0.001802	  0.980180	  0.000000	  0.018018	
  0.007207	  0.992793	  0.000000	  0.000000	
  0.059459	  0.000000	  0.893694	  0.046847	
  0.023423	  0.648649	  0.027027	  0.300901	
  0.167568	  0.690089	  0.010811	  0.131532	
  0.468468	  0.030631	  0.300901	  0.200000	
  0.156757	  0.486486	  0.066667	  0.290090	
  0.270270	  0.484685	  0.057658	  0.187387	
  0.241441	  0.070270	  0.430631	  0.257658	
  0.095495	  0.600000	  0.113514	  0.190991	
  0.174775	  0.618017	  0.057658	  0.149550	
  0.207207	  0.124324	  0.477477	  0.190991	
  0.108108	  0.605406	  0.090090	  0.196396	
  0.160360	  0.636037	  0.043243	  0.160360	
  0.252252	  0.142342	  0.443243	  0.162162	

URL http://cisbp.ccbr.utoronto.ca/TFreport.php?versionNumber=2.00&searchTF=T001390_2.00

MOTIF M06674_2.00 (CHLREDRAFT_205919)_(Arabidopsis_thaliana)_(DBD_0.75)

letter-probability matrix: alength= 4 w= 15 nsites= 1 E= 0
  0.101724	  0.636207	  0.065517	  0.196552	
  0.151724	  0.663793	  0.024138	  0.160345	
  0.368966	  0.072414	  0.310345	  0.248276	
  0.055172	  0.620690	  0.124138	  0.200000	
  0.100000	  0.851724	  0.008621	  0.039655	
  0.139655	  0.000000	  0.637931	  0.222414	
  0.005172	  0.912070	  0.055172	  0.027586	
  0.027586	  0.972414	  0.000000	  0.000000	
  0.117241	  0.000000	  0.867242	  0.015517	
  0.006897	  0.925861	  0.034483	  0.032759	
  0.006897	  0.993103	  0.000000	  0.000000	
  0.125862	  0.000000	  0.801724	  0.072414	
  0.005172	  0.720690	  0.029310	  0.244828	
  0.094828	  0.731034	  0.050000	  0.124138	
  0.410345	  0.029310	  0.377586	  0.182759	

URL http://cisbp.ccbr.utoronto.ca/TFreport.php?versionNumber=2.00&searchTF=T001397_2.00

MOTIF M06936_2.00 (CHLREDRAFT_117914)_(Arabidopsis_thaliana)_(DBD_0.76)

letter-probability matrix: alength= 4 w= 15 nsites= 1 E= 0
  0.700000	  0.055000	  0.205000	  0.040000	
  0.000000	  0.005000	  0.995000	  0.000000	
  0.985000	  0.000000	  0.005000	  0.010000	
  0.965000	  0.005000	  0.015000	  0.015000	
  0.120000	  0.155000	  0.630000	  0.095000	
  0.190000	  0.510000	  0.170000	  0.130000	
  0.110000	  0.025000	  0.010000	  0.855000	
  0.015000	  0.010000	  0.020000	  0.955000	
  0.000000	  0.985000	  0.015000	  0.000000	
  0.025000	  0.130000	  0.045000	  0.800000	
  0.815000	  0.015000	  0.170000	  0.000000	
  0.000000	  0.000000	  1.000000	  0.000000	
  0.980000	  0.000000	  0.000000	  0.020000	
  0.920000	  0.000000	  0.035000	  0.045000	
  0.230000	  0.145000	  0.495000	  0.130000	

URL http://cisbp.ccbr.utoronto.ca/TFreport.php?versionNumber=2.00&searchTF=T239981_2.00

MOTIF M07040_2.00 (CHLREDRAFT_196473)_(Arabidopsis_thaliana)_(DBD_0.81)

letter-probability matrix: alength= 4 w= 15 nsites= 1 E= 0
  0.367450	  0.124161	  0.275168	  0.233221	
  0.243289	  0.087248	  0.536913	  0.132550	
  0.550336	  0.135906	  0.125839	  0.187919	
  0.979866	  0.000000	  0.000000	  0.020134	
  0.000000	  0.000000	  0.419463	  0.580537	
  1.000000	  0.000000	  0.000000	  0.000000	
  0.008389	  0.000000	  0.000000	  0.991611	
  0.046980	  0.008389	  0.110738	  0.833893	
  0.001678	  0.998322	  0.000000	  0.000000	
  0.001678	  0.318792	  0.241611	  0.437919	
  0.290268	  0.179530	  0.161074	  0.369128	
  0.268456	  0.181208	  0.095638	  0.454698	
  0.239933	  0.134228	  0.164430	  0.461409	
  0.270134	  0.156040	  0.208054	  0.365772	
  0.224832	  0.226510	  0.169463	  0.379195	

URL http://cisbp.ccbr.utoronto.ca/TFreport.php?versionNumber=2.00&searchTF=T268708_2.00

MOTIF M07128_2.00 (CHLREDRAFT_112628)_(Arabidopsis_thaliana)_(DBD_0.85)

letter-probability matrix: alength= 4 w= 14 nsites= 1 E= 0
  0.390000	  0.195000	  0.176667	  0.238333	
  0.338333	  0.245000	  0.168333	  0.248333	
  0.395000	  0.206667	  0.236667	  0.161667	
  0.553333	  0.070000	  0.096667	  0.280000	
  0.876667	  0.000000	  0.000000	  0.123333	
  1.000000	  0.000000	  0.000000	  0.000000	
  0.976667	  0.008333	  0.006667	  0.008333	
  0.006667	  0.000000	  0.016667	  0.976666	
  1.000000	  0.000000	  0.000000	  0.000000	
  0.000000	  0.000000	  0.000000	  1.000000	
  0.000000	  1.000000	  0.000000	  0.000000	
  0.141667	  0.070000	  0.020000	  0.768333	
  0.341667	  0.171667	  0.128333	  0.358333	
  0.423333	  0.216667	  0.145000	  0.215000	

URL http://cisbp.ccbr.utoronto.ca/TFreport.php?versionNumber=2.00&searchTF=T268681_2.00

MOTIF M07155_2.00 (CHLREDRAFT_116056)_(Arabidopsis_thaliana)_(DBD_0.70)

letter-probability matrix: alength= 4 w= 11 nsites= 1 E= 0
  0.409949	  0.185249	  0.096055	  0.308748	
  0.406518	  0.116638	  0.144082	  0.332762	
  0.073756	  0.132075	  0.000000	  0.794169	
  1.000000	  0.000000	  0.000000	  0.000000	
  1.000000	  0.000000	  0.000000	  0.000000	
  0.000000	  1.000000	  0.000000	  0.000000	
  0.003431	  0.554030	  0.243568	  0.198971	
  0.000000	  0.000000	  1.000000	  0.000000	
  0.271012	  0.073756	  0.008576	  0.646656	
  0.535163	  0.202401	  0.003431	  0.259005	
  0.569468	  0.020583	  0.024014	  0.385935	

URL http://cisbp.ccbr.utoronto.ca/TFreport.php?versionNumber=2.00&searchTF=T268684_2.00

MOTIF M07297_2.00 (CHLREDRAFT_104804)_(Arabidopsis_thaliana)_(DBD_0.73)

letter-probability matrix: alength= 4 w= 15 nsites= 1 E= 0
  0.518334	  0.095000	  0.193333	  0.193333	
  0.581666	  0.001667	  0.100000	  0.316667	
  0.000000	  0.000000	  0.000000	  1.000000	
  0.000000	  0.000000	  0.000000	  1.000000	
  0.000000	  0.451667	  0.003333	  0.545000	
  0.650000	  0.000000	  0.350000	  0.000000	
  1.000000	  0.000000	  0.000000	  0.000000	
  0.996666	  0.000000	  0.001667	  0.001667	
  0.233333	  0.033333	  0.000000	  0.733334	
  0.055000	  0.045000	  0.016667	  0.883333	
  0.033333	  0.125000	  0.021667	  0.820000	
  0.125000	  0.298333	  0.256667	  0.320000	
  0.690000	  0.073333	  0.116667	  0.120000	
  0.801667	  0.010000	  0.033333	  0.155000	
  0.646667	  0.038333	  0.088333	  0.226667	

URL http://cisbp.ccbr.utoronto.ca/TFreport.php?versionNumber=2.00&searchTF=T345253_2.00

MOTIF M07381_2.00 (CHLREDRAFT_205718)_(Arabidopsis_thaliana)_(DBD_0.66)

letter-probability matrix: alength= 4 w= 11 nsites= 1 E= 0
  0.543478	  0.220736	  0.105351	  0.130435	
  0.675586	  0.125418	  0.056856	  0.142140	
  0.645485	  0.103679	  0.043478	  0.207358	
  0.780936	  0.000000	  0.219064	  0.000000	
  0.000000	  0.000000	  1.000000	  0.000000	
  0.000000	  0.000000	  0.000000	  1.000000	
  0.000000	  0.998328	  0.000000	  0.001672	
  1.000000	  0.000000	  0.000000	  0.000000	
  1.000000	  0.000000	  0.000000	  0.000000	
  0.301003	  0.665552	  0.001672	  0.031773	
  0.177258	  0.115385	  0.580267	  0.127090	

URL http://cisbp.ccbr.utoronto.ca/TFreport.php?versionNumber=2.00&searchTF=T352452_2.00

MOTIF M08108_2.00 (CHLREDRAFT_206363)_(Homo_sapiens)_(DBD_0.79)

letter-probability matrix: alength= 4 w= 11 nsites= 1 E= 0
  0.204783	  0.244644	  0.387145	  0.163428	
  0.131041	  0.340807	  0.468361	  0.059791	
  0.023916	  0.035376	  0.927753	  0.012955	
  0.013951	  0.939711	  0.010962	  0.035376	
  0.006976	  0.026906	  0.962631	  0.003488	
  0.017937	  0.039860	  0.929248	  0.012955	
  0.013453	  0.015944	  0.956153	  0.014449	
  0.924265	  0.011958	  0.048829	  0.014948	
  0.819631	  0.084704	  0.068261	  0.027404	
  0.231689	  0.322372	  0.322870	  0.123069	
  0.189836	  0.300947	  0.322870	  0.186348	

URL http://cisbp.ccbr.utoronto.ca/TFreport.php?versionNumber=2.00&searchTF=T172375_2.00

MOTIF M08231_2.00 (CHLREDRAFT_144556)_(Homo_sapiens)_(DBD_0.79)

letter-probability matrix: alength= 4 w= 10 nsites= 1 E= 0
  0.117647	  0.205882	  0.044118	  0.632353	
  0.808823	  0.029412	  0.044118	  0.117647	
  0.102941	  0.000000	  0.088235	  0.808824	
  0.000000	  0.161765	  0.000000	  0.838235	
  0.220588	  0.000000	  0.000000	  0.779412	
  0.220588	  0.000000	  0.779412	  0.000000	
  0.117647	  0.691177	  0.000000	  0.191176	
  0.955882	  0.029412	  0.000000	  0.014706	
  0.000000	  0.000000	  0.000000	  1.000000	
  0.617646	  0.058824	  0.161765	  0.161765	

URL http://cisbp.ccbr.utoronto.ca/TFreport.php?versionNumber=2.00&searchTF=T342207_2.00

