MEME version 5.5.8 (Fri May 2 15:43:49 2025 -0700)

ALPHABET= ACGT

strands: + -

Background letter frequencies (from uniform background):
A 0.25000 C 0.25000 G 0.25000 T 0.25000 

MOTIF M00875_2.00 (gw1.9.308.1)_(Arabidopsis_thaliana)_(DBD_0.83)

letter-probability matrix: alength= 4 w= 9 nsites= 1 E= 0
  0.313607	  0.212330	  0.234661	  0.239401	
  0.480259	  0.124503	  0.161471	  0.233767	
  0.589939	  0.144030	  0.129027	  0.137005	
  0.578989	  0.121666	  0.187033	  0.112312	
  0.200785	  0.043044	  0.102743	  0.653428	
  0.882598	  0.028019	  0.023170	  0.066213	
  0.132783	  0.065938	  0.021730	  0.779549	
  0.084134	  0.806268	  0.057536	  0.052061	
  0.196750	  0.245166	  0.157896	  0.400188	

URL http://cisbp.ccbr.utoronto.ca/TFreport.php?versionNumber=2.00&searchTF=T285146_2.00

MOTIF M01225_2.00 (IGS.gm_20_00155)_(Physcomitrella_patens)_(DBD_0.75)

letter-probability matrix: alength= 4 w= 10 nsites= 1 E= 0
  0.190589	  0.347275	  0.407531	  0.054605	
  0.053131	  0.125558	  0.759581	  0.061730	
  0.006389	  0.948224	  0.000029	  0.045358	
  0.045581	  0.000042	  0.924726	  0.029651	
  0.016651	  0.814394	  0.092060	  0.076895	
  0.118839	  0.496592	  0.220913	  0.163656	
  0.407444	  0.259798	  0.072960	  0.259798	
  0.440817	  0.140982	  0.104442	  0.313760	
  0.395676	  0.129101	  0.157685	  0.317538	
  0.315183	  0.176470	  0.156515	  0.351832	

URL http://cisbp.ccbr.utoronto.ca/TFreport.php?versionNumber=2.00&searchTF=T173860_2.00

MOTIF M01566_2.00 (IGS.gm_15_00221)_(Saccharomyces_cerevisiae)_(DBD_0.49)

letter-probability matrix: alength= 4 w= 8 nsites= 1 E= 0
  0.270726	  0.299198	  0.159350	  0.270726	
  0.171103	  0.404343	  0.058690	  0.365865	
  0.701225	  0.048078	  0.204963	  0.045733	
  0.053179	  0.447494	  0.090348	  0.408979	
  0.407307	  0.049381	  0.055677	  0.487635	
  0.525518	  0.097943	  0.128302	  0.248237	
  0.510778	  0.094249	  0.117441	  0.277532	
  0.343791	  0.175921	  0.275898	  0.204391	

URL http://cisbp.ccbr.utoronto.ca/TFreport.php?versionNumber=2.00&searchTF=T334276_2.00

MOTIF M01634_2.00 (gw1.7.372.1)_(Oryza_sativa)_(DBD_0.77)

letter-probability matrix: alength= 4 w= 10 nsites= 1 E= 0
  0.228636	  0.247679	  0.252682	  0.271003	
  0.193820	  0.322766	  0.251370	  0.232044	
  0.226292	  0.344408	  0.240285	  0.189015	
  0.170262	  0.000111	  0.794205	  0.035422	
  0.020175	  0.635517	  0.309340	  0.034968	
  0.000005	  0.998696	  0.000681	  0.000617	
  0.000006	  0.000009	  0.999893	  0.000091	
  0.208791	  0.488498	  0.000437	  0.302274	
  0.304406	  0.320013	  0.158914	  0.216667	
  0.353046	  0.189919	  0.229660	  0.227375	

URL http://cisbp.ccbr.utoronto.ca/TFreport.php?versionNumber=2.00&searchTF=T007308_2.00

MOTIF M01953_2.00 (gw1.4.467.1)_(Physcomitrella_patens)_(DBD_0.80)

letter-probability matrix: alength= 4 w= 9 nsites= 1 E= 0
  0.260448	  0.296606	  0.157970	  0.284976	
  0.377628	  0.195177	  0.288273	  0.138921	
  0.004805	  0.897572	  0.026835	  0.070788	
  0.129060	  0.051950	  0.146977	  0.672013	
  0.038497	  0.000247	  0.035537	  0.925720	
  0.064556	  0.012904	  0.062025	  0.860516	
  0.329633	  0.117681	  0.070667	  0.482018	
  0.217501	  0.255239	  0.192906	  0.334354	
  0.222339	  0.260917	  0.263539	  0.253206	

URL http://cisbp.ccbr.utoronto.ca/TFreport.php?versionNumber=2.00&searchTF=T171552_2.00

MOTIF M02296_2.00 (estExt_Genewise1.C_90203)_(Arabidopsis_thaliana)_(DBD_0.89)

letter-probability matrix: alength= 4 w= 10 nsites= 1 E= 0
  0.371858	  0.181003	  0.190283	  0.256855	
  0.609459	  0.091156	  0.156424	  0.142961	
  0.042918	  0.004218	  0.897204	  0.055661	
  0.977189	  0.000806	  0.000790	  0.021214	
  0.034212	  0.000282	  0.000065	  0.965441	
  0.320056	  0.234744	  0.021726	  0.423475	
  0.046766	  0.564058	  0.082695	  0.306481	
  0.098809	  0.138821	  0.465533	  0.296837	
  0.192166	  0.343216	  0.292469	  0.172149	
  0.218283	  0.207637	  0.168307	  0.405772	

URL http://cisbp.ccbr.utoronto.ca/TFreport.php?versionNumber=2.00&searchTF=T284802_2.00

MOTIF M02533_2.00 (IGS.gm_26_00138)_(Ostreococcus_tauri)_(DBD_0.68)

letter-probability matrix: alength= 4 w= 9 nsites= 1 E= 0
  0.271308	  0.265936	  0.240628	  0.222128	
  0.288149	  0.231245	  0.271368	  0.209239	
  0.224414	  0.180096	  0.250508	  0.344982	
  0.163222	  0.233951	  0.201364	  0.401462	
  0.190314	  0.371918	  0.175682	  0.262086	
  0.430856	  0.117422	  0.378333	  0.073389	
  0.461800	  0.159993	  0.089580	  0.288626	
  0.502170	  0.131491	  0.234848	  0.131491	
  0.240171	  0.279039	  0.181518	  0.299272	

URL http://cisbp.ccbr.utoronto.ca/TFreport.php?versionNumber=2.00&searchTF=T345984_2.00

MOTIF M02534_2.00 (IGS.gm_7_00316)_(Chlorella_vulgaris)_(DBD_0.88)

letter-probability matrix: alength= 4 w= 10 nsites= 1 E= 0
  0.325158	  0.217960	  0.193313	  0.263568	
  0.358359	  0.188960	  0.202661	  0.250019	
  0.376331	  0.147005	  0.219306	  0.257358	
  0.184463	  0.155625	  0.138027	  0.521885	
  0.198756	  0.111283	  0.133230	  0.556730	
  0.071722	  0.451598	  0.138766	  0.337914	
  0.700958	  0.002209	  0.240435	  0.056399	
  0.752532	  0.046221	  0.081732	  0.119515	
  0.746615	  0.060072	  0.100038	  0.093275	
  0.297928	  0.261609	  0.101175	  0.339288	

URL http://cisbp.ccbr.utoronto.ca/TFreport.php?versionNumber=2.00&searchTF=T345986_2.00

MOTIF M02698_2.00 (estExt_Genewise1Plus.C_10250)_(Arabidopsis_thaliana)_(DBD_0.96)

letter-probability matrix: alength= 4 w= 11 nsites= 1 E= 0
  0.140000	  0.450000	  0.230000	  0.180000	
  0.160000	  0.270000	  0.550000	  0.020000	
  0.000000	  0.919192	  0.040404	  0.040404	
  0.000000	  0.050000	  0.930000	  0.020000	
  0.040404	  0.939394	  0.000000	  0.020202	
  0.040404	  0.020202	  0.020202	  0.919192	
  0.080808	  0.000000	  0.858586	  0.060606	
  0.960000	  0.000000	  0.020000	  0.020000	
  0.040000	  0.040000	  0.920000	  0.000000	
  0.020000	  0.550000	  0.260000	  0.170000	
  0.151515	  0.323232	  0.242424	  0.282828	

URL http://cisbp.ccbr.utoronto.ca/TFreport.php?versionNumber=2.00&searchTF=T284805_2.00

MOTIF M06764_2.00 (IGS.gm_10_00281)_(Arabidopsis_thaliana)_(DBD_0.55)

letter-probability matrix: alength= 4 w= 15 nsites= 1 E= 0
  0.363484	  0.097152	  0.266332	  0.273032	
  0.381910	  0.108878	  0.184255	  0.324958	
  0.303183	  0.083752	  0.127303	  0.485762	
  0.087102	  0.020101	  0.608040	  0.284757	
  0.221106	  0.385260	  0.293132	  0.100503	
  0.160804	  0.236181	  0.000000	  0.603015	
  0.000000	  0.348409	  0.569514	  0.082077	
  1.000000	  0.000000	  0.000000	  0.000000	
  0.000000	  0.991625	  0.000000	  0.008375	
  0.008375	  0.000000	  0.991625	  0.000000	
  0.000000	  0.000000	  0.000000	  1.000000	
  0.000000	  0.000000	  1.000000	  0.000000	
  0.000000	  0.000000	  0.850921	  0.149079	
  0.097152	  0.902848	  0.000000	  0.000000	
  0.735343	  0.068677	  0.150754	  0.045226	

URL http://cisbp.ccbr.utoronto.ca/TFreport.php?versionNumber=2.00&searchTF=T071183_2.00

MOTIF M06936_2.00 (gw1.24.267.1)_(Arabidopsis_thaliana)_(DBD_0.75)

letter-probability matrix: alength= 4 w= 15 nsites= 1 E= 0
  0.700000	  0.055000	  0.205000	  0.040000	
  0.000000	  0.005000	  0.995000	  0.000000	
  0.985000	  0.000000	  0.005000	  0.010000	
  0.965000	  0.005000	  0.015000	  0.015000	
  0.120000	  0.155000	  0.630000	  0.095000	
  0.190000	  0.510000	  0.170000	  0.130000	
  0.110000	  0.025000	  0.010000	  0.855000	
  0.015000	  0.010000	  0.020000	  0.955000	
  0.000000	  0.985000	  0.015000	  0.000000	
  0.025000	  0.130000	  0.045000	  0.800000	
  0.815000	  0.015000	  0.170000	  0.000000	
  0.000000	  0.000000	  1.000000	  0.000000	
  0.980000	  0.000000	  0.000000	  0.020000	
  0.920000	  0.000000	  0.035000	  0.045000	
  0.230000	  0.145000	  0.495000	  0.130000	

URL http://cisbp.ccbr.utoronto.ca/TFreport.php?versionNumber=2.00&searchTF=T242912_2.00

MOTIF M07040_2.00 (IGS.gm_4_00058)_(Arabidopsis_thaliana)_(DBD_0.79)

letter-probability matrix: alength= 4 w= 15 nsites= 1 E= 0
  0.367450	  0.124161	  0.275168	  0.233221	
  0.243289	  0.087248	  0.536913	  0.132550	
  0.550336	  0.135906	  0.125839	  0.187919	
  0.979866	  0.000000	  0.000000	  0.020134	
  0.000000	  0.000000	  0.419463	  0.580537	
  1.000000	  0.000000	  0.000000	  0.000000	
  0.008389	  0.000000	  0.000000	  0.991611	
  0.046980	  0.008389	  0.110738	  0.833893	
  0.001678	  0.998322	  0.000000	  0.000000	
  0.001678	  0.318792	  0.241611	  0.437919	
  0.290268	  0.179530	  0.161074	  0.369128	
  0.268456	  0.181208	  0.095638	  0.454698	
  0.239933	  0.134228	  0.164430	  0.461409	
  0.270134	  0.156040	  0.208054	  0.365772	
  0.224832	  0.226510	  0.169463	  0.379195	

URL http://cisbp.ccbr.utoronto.ca/TFreport.php?versionNumber=2.00&searchTF=T285160_2.00

MOTIF M07046_2.00 (IGS.gm_9_00367)_(Arabidopsis_thaliana)_(DBD_0.66)

letter-probability matrix: alength= 4 w= 29 nsites= 1 E= 0
  0.529412	  0.132353	  0.205882	  0.132353	
  0.367647	  0.044118	  0.161765	  0.426471	
  0.220588	  0.264706	  0.191176	  0.323529	
  0.426471	  0.176471	  0.132353	  0.264706	
  0.235294	  0.088235	  0.279412	  0.397059	
  0.411765	  0.132353	  0.191176	  0.264706	
  0.161765	  0.411765	  0.117647	  0.308824	
  0.338235	  0.235294	  0.161765	  0.264706	
  0.176471	  0.294118	  0.308824	  0.220588	
  0.455882	  0.205882	  0.250000	  0.088235	
  0.308824	  0.073529	  0.191176	  0.426471	
  0.294118	  0.117647	  0.352941	  0.235294	
  0.382353	  0.117647	  0.147059	  0.352941	
  0.264706	  0.250000	  0.250000	  0.235294	
  0.426471	  0.308824	  0.132353	  0.132353	
  0.308824	  0.147059	  0.132353	  0.411765	
  0.352941	  0.250000	  0.117647	  0.279412	
  0.794117	  0.044118	  0.161765	  0.000000	
  0.500000	  0.044118	  0.132353	  0.323529	
  0.279412	  0.044118	  0.676470	  0.000000	
  0.000000	  0.000000	  0.823529	  0.176471	
  0.529412	  0.323529	  0.014706	  0.132353	
  0.985294	  0.000000	  0.000000	  0.014706	
  0.000000	  0.029412	  0.000000	  0.970588	
  1.000000	  0.000000	  0.000000	  0.000000	
  0.000000	  0.000000	  0.000000	  1.000000	
  0.044118	  0.073529	  0.058824	  0.823529	
  0.000000	  1.000000	  0.000000	  0.000000	
  0.014706	  0.205882	  0.514706	  0.264706	

URL http://cisbp.ccbr.utoronto.ca/TFreport.php?versionNumber=2.00&searchTF=T285167_2.00

MOTIF M07381_2.00 (e_gw1.12.292.1)_(Arabidopsis_thaliana)_(DBD_0.68)

letter-probability matrix: alength= 4 w= 11 nsites= 1 E= 0
  0.543478	  0.220736	  0.105351	  0.130435	
  0.675586	  0.125418	  0.056856	  0.142140	
  0.645485	  0.103679	  0.043478	  0.207358	
  0.780936	  0.000000	  0.219064	  0.000000	
  0.000000	  0.000000	  1.000000	  0.000000	
  0.000000	  0.000000	  0.000000	  1.000000	
  0.000000	  0.998328	  0.000000	  0.001672	
  1.000000	  0.000000	  0.000000	  0.000000	
  1.000000	  0.000000	  0.000000	  0.000000	
  0.301003	  0.665552	  0.001672	  0.031773	
  0.177258	  0.115385	  0.580267	  0.127090	

URL http://cisbp.ccbr.utoronto.ca/TFreport.php?versionNumber=2.00&searchTF=T355630_2.00

MOTIF M08108_2.00 (gw1.2.505.1)_(Homo_sapiens)_(DBD_0.69)

letter-probability matrix: alength= 4 w= 11 nsites= 1 E= 0
  0.204783	  0.244644	  0.387145	  0.163428	
  0.131041	  0.340807	  0.468361	  0.059791	
  0.023916	  0.035376	  0.927753	  0.012955	
  0.013951	  0.939711	  0.010962	  0.035376	
  0.006976	  0.026906	  0.962631	  0.003488	
  0.017937	  0.039860	  0.929248	  0.012955	
  0.013453	  0.015944	  0.956153	  0.014449	
  0.924265	  0.011958	  0.048829	  0.014948	
  0.819631	  0.084704	  0.068261	  0.027404	
  0.231689	  0.322372	  0.322870	  0.123069	
  0.189836	  0.300947	  0.322870	  0.186348	

URL http://cisbp.ccbr.utoronto.ca/TFreport.php?versionNumber=2.00&searchTF=T173856_2.00

MOTIF M08231_2.00 (e_gw1.5.392.1)_(Homo_sapiens)_(DBD_0.80)

letter-probability matrix: alength= 4 w= 10 nsites= 1 E= 0
  0.117647	  0.205882	  0.044118	  0.632353	
  0.808823	  0.029412	  0.044118	  0.117647	
  0.102941	  0.000000	  0.088235	  0.808824	
  0.000000	  0.161765	  0.000000	  0.838235	
  0.220588	  0.000000	  0.000000	  0.779412	
  0.220588	  0.000000	  0.779412	  0.000000	
  0.117647	  0.691177	  0.000000	  0.191176	
  0.955882	  0.029412	  0.000000	  0.014706	
  0.000000	  0.000000	  0.000000	  1.000000	
  0.617646	  0.058824	  0.161765	  0.161765	

URL http://cisbp.ccbr.utoronto.ca/TFreport.php?versionNumber=2.00&searchTF=T343109_2.00

