MEME version 5.5.8 (Fri May 2 15:43:49 2025 -0700)

ALPHABET= ACGT

strands: + -

Background letter frequencies (from uniform background):
A 0.25000 C 0.25000 G 0.25000 T 0.25000 

MOTIF M00049_2.00 (CNA01820)_(Saccharomyces_cerevisiae)_(DBD_0.74)

letter-probability matrix: alength= 4 w= 10 nsites= 1 E= 0
  0.252983	  0.240645	  0.243064	  0.263308	
  0.269403	  0.251189	  0.220568	  0.258839	
  0.252879	  0.285121	  0.209121	  0.252879	
  0.266753	  0.280430	  0.166721	  0.286095	
  0.113406	  0.053569	  0.750675	  0.082350	
  0.849031	  0.039809	  0.035662	  0.075497	
  0.162404	  0.054603	  0.055152	  0.727842	
  0.690436	  0.055552	  0.065846	  0.188166	
  0.445770	  0.151381	  0.208471	  0.194378	
  0.236453	  0.251075	  0.335543	  0.176929	

URL http://cisbp.ccbr.utoronto.ca/TFreport.php?versionNumber=2.00&searchTF=T192296_2.00

MOTIF M00051_2.00 (CNJ02920)_(Saccharomyces_cerevisiae)_(DBD_0.74)

letter-probability matrix: alength= 4 w= 8 nsites= 1 E= 0
  0.270248	  0.432235	  0.000270	  0.297246	
  0.000196	  0.000196	  0.999412	  0.000196	
  0.999424	  0.000192	  0.000192	  0.000192	
  0.000192	  0.000192	  0.000192	  0.999424	
  0.980208	  0.000192	  0.019408	  0.000192	
  0.940635	  0.000196	  0.000196	  0.058973	
  0.022934	  0.113760	  0.840372	  0.022934	
  0.344697	  0.241391	  0.241391	  0.172521	

URL http://cisbp.ccbr.utoronto.ca/TFreport.php?versionNumber=2.00&searchTF=T192303_2.00

MOTIF M00070_2.00 (CNG02110)_(Saccharomyces_cerevisiae)_(DBD_0.46)

letter-probability matrix: alength= 4 w= 11 nsites= 1 E= 0
  0.268573	  0.272224	  0.178881	  0.280322	
  0.509793	  0.098806	  0.292595	  0.098806	
  0.848016	  0.050661	  0.050661	  0.050661	
  0.999893	  0.000036	  0.000036	  0.000036	
  0.000036	  0.903786	  0.000036	  0.096142	
  0.903786	  0.000036	  0.000036	  0.096142	
  0.999893	  0.000036	  0.000036	  0.000036	
  0.000036	  0.000036	  0.000036	  0.999893	
  0.591260	  0.071155	  0.071155	  0.266431	
  0.345743	  0.151230	  0.257625	  0.245401	
  0.199374	  0.199374	  0.199374	  0.401877	

URL http://cisbp.ccbr.utoronto.ca/TFreport.php?versionNumber=2.00&searchTF=T327101_2.00

MOTIF M01102_2.00 (CNB00820)_(PBM_CONSTRUCTS)_(DBD_0.88)

letter-probability matrix: alength= 4 w= 8 nsites= 1 E= 0
  0.520400	  0.150739	  0.150739	  0.178122	
  0.168349	  0.386085	  0.237629	  0.207937	
  0.828862	  0.000085	  0.162423	  0.008630	
  0.000085	  0.999744	  0.000085	  0.000085	
  0.000085	  0.000085	  0.982656	  0.017174	
  0.008630	  0.957023	  0.000085	  0.034262	
  0.008630	  0.017174	  0.965567	  0.008630	
  0.562344	  0.150050	  0.000125	  0.287481	

URL http://cisbp.ccbr.utoronto.ca/TFreport.php?versionNumber=2.00&searchTF=T011806_2.00

MOTIF M01147_2.00 (CNB05690)_(Neurospora_crassa)_(DBD_0.62)

letter-probability matrix: alength= 4 w= 10 nsites= 1 E= 0
  0.256344	  0.201648	  0.261523	  0.280485	
  0.466416	  0.147685	  0.263770	  0.122129	
  0.056276	  0.045162	  0.000477	  0.898085	
  0.076513	  0.037995	  0.643848	  0.241643	
  0.796372	  0.031502	  0.085633	  0.086493	
  0.072044	  0.711432	  0.042832	  0.173691	
  0.178754	  0.047276	  0.689532	  0.084438	
  0.163925	  0.196254	  0.078997	  0.560825	
  0.373050	  0.284779	  0.165954	  0.176216	
  0.318316	  0.178225	  0.258022	  0.245438	

URL http://cisbp.ccbr.utoronto.ca/TFreport.php?versionNumber=2.00&searchTF=T058287_2.00

MOTIF M01170_2.00 CNI01970

letter-probability matrix: alength= 4 w= 8 nsites= 1 E= 0
  0.107211	  0.142908	  0.154807	  0.595074	
  0.025500	  0.576161	  0.067858	  0.330481	
  0.000066	  0.000066	  0.999801	  0.000066	
  0.000066	  0.993181	  0.006687	  0.000066	
  0.000066	  0.999801	  0.000066	  0.000066	
  0.774695	  0.000066	  0.225172	  0.000066	
  0.007061	  0.957844	  0.000070	  0.035025	
  0.165082	  0.446526	  0.029212	  0.359181	

URL http://cisbp.ccbr.utoronto.ca/TFreport.php?versionNumber=2.00&searchTF=T083902_2.00

MOTIF M01198_2.00 (CNN00550)_(Neurospora_crassa)_(DBD_0.87)

letter-probability matrix: alength= 4 w= 8 nsites= 1 E= 0
  0.008032	  0.985829	  0.000534	  0.005604	
  0.000361	  0.758996	  0.000317	  0.240326	
  0.065429	  0.872155	  0.039290	  0.023126	
  0.000001	  0.999660	  0.000134	  0.000205	
  0.499172	  0.000032	  0.489288	  0.011507	
  0.139979	  0.376715	  0.252520	  0.230786	
  0.284498	  0.230610	  0.244870	  0.240021	
  0.280918	  0.298289	  0.261926	  0.158866	

URL http://cisbp.ccbr.utoronto.ca/TFreport.php?versionNumber=2.00&searchTF=T083908_2.00

MOTIF M01419_2.00 (CNE00840)_(Schizophyllum_commune)_(DBD_0.77)

letter-probability matrix: alength= 4 w= 8 nsites= 1 E= 0
  0.000554	  0.222284	  0.554878	  0.222284	
  0.832363	  0.042013	  0.000416	  0.125208	
  0.000399	  0.160144	  0.000399	  0.839058	
  0.000399	  0.998802	  0.000399	  0.000399	
  0.000399	  0.040335	  0.958866	  0.000399	
  0.000399	  0.000399	  0.998802	  0.000399	
  0.911892	  0.043837	  0.043837	  0.000434	
  0.266622	  0.200133	  0.532580	  0.000665	

URL http://cisbp.ccbr.utoronto.ca/TFreport.php?versionNumber=2.00&searchTF=T364282_2.00

MOTIF M01456_2.00 (CNA00290)_(Puccinia_graminis)_(DBD_0.74)

letter-probability matrix: alength= 4 w= 10 nsites= 1 E= 0
  0.277658	  0.207762	  0.335758	  0.178822	
  0.203780	  0.220753	  0.259056	  0.316411	
  0.007330	  0.003788	  0.984301	  0.004581	
  0.995964	  0.002168	  0.000093	  0.001775	
  0.000646	  0.004028	  0.009615	  0.985710	
  0.022009	  0.838363	  0.058059	  0.081569	
  0.170642	  0.076674	  0.468515	  0.284169	
  0.264868	  0.148299	  0.361128	  0.225706	
  0.059785	  0.854699	  0.000678	  0.084839	
  0.321168	  0.153234	  0.376894	  0.148705	

URL http://cisbp.ccbr.utoronto.ca/TFreport.php?versionNumber=2.00&searchTF=T083888_2.00

MOTIF M01566_2.00 (CNF04730)_(Saccharomyces_cerevisiae)_(DBD_0.56)

letter-probability matrix: alength= 4 w= 8 nsites= 1 E= 0
  0.270726	  0.299198	  0.159350	  0.270726	
  0.171103	  0.404343	  0.058690	  0.365865	
  0.701225	  0.048078	  0.204963	  0.045733	
  0.053179	  0.447494	  0.090348	  0.408979	
  0.407307	  0.049381	  0.055677	  0.487635	
  0.525518	  0.097943	  0.128302	  0.248237	
  0.510778	  0.094249	  0.117441	  0.277532	
  0.343791	  0.175921	  0.275898	  0.204391	

URL http://cisbp.ccbr.utoronto.ca/TFreport.php?versionNumber=2.00&searchTF=T327099_2.00

MOTIF M01567_2.00 (CNH01090)_(Saccharomyces_cerevisiae)_(DBD_0.87)

letter-probability matrix: alength= 4 w= 7 nsites= 1 E= 0
  0.315311	  0.189343	  0.207174	  0.288172	
  0.345705	  0.141966	  0.211788	  0.300541	
  0.271982	  0.110580	  0.155359	  0.462079	
  0.583542	  0.000869	  0.110954	  0.304636	
  0.219565	  0.006434	  0.188981	  0.585020	
  0.934996	  0.000354	  0.051964	  0.012687	
  0.422777	  0.000471	  0.095282	  0.481470	

URL http://cisbp.ccbr.utoronto.ca/TFreport.php?versionNumber=2.00&searchTF=T342215_2.00

MOTIF M01861_2.00 CNG02160

letter-probability matrix: alength= 4 w= 11 nsites= 1 E= 0
  0.183856	  0.353815	  0.183856	  0.278473	
  0.107460	  0.107460	  0.577250	  0.207830	
  0.088182	  0.088182	  0.088182	  0.735455	
  0.000174	  0.000174	  0.999479	  0.000174	
  0.000174	  0.999479	  0.000174	  0.000174	
  0.625109	  0.000174	  0.294543	  0.080174	
  0.000174	  0.999479	  0.000174	  0.000174	
  0.313932	  0.000174	  0.685721	  0.000174	
  0.246688	  0.185089	  0.370892	  0.197331	
  0.360846	  0.142713	  0.353728	  0.142713	
  0.161992	  0.514024	  0.161992	  0.161992	

URL http://cisbp.ccbr.utoronto.ca/TFreport.php?versionNumber=2.00&searchTF=T083895_2.00

MOTIF M01883_2.00 (CNH00870)_(Neurospora_crassa)_(DBD_0.76)

letter-probability matrix: alength= 4 w= 9 nsites= 1 E= 0
  0.202106	  0.230164	  0.210354	  0.357377	
  0.304198	  0.179053	  0.346429	  0.170320	
  0.098210	  0.511379	  0.126104	  0.264307	
  0.210415	  0.555064	  0.120191	  0.114329	
  0.100675	  0.813949	  0.050496	  0.034879	
  0.061818	  0.857654	  0.042275	  0.038252	
  0.049596	  0.048130	  0.044876	  0.857399	
  0.060369	  0.049426	  0.685724	  0.204481	
  0.460766	  0.076930	  0.311965	  0.150339	

URL http://cisbp.ccbr.utoronto.ca/TFreport.php?versionNumber=2.00&searchTF=T083899_2.00

MOTIF M02055_2.00 (CNJ00280)_(Encephalitozoon_cuniculi)_(DBD_0.63)

letter-probability matrix: alength= 4 w= 9 nsites= 1 E= 0
  0.259454	  0.234764	  0.210309	  0.295473	
  0.174519	  0.228614	  0.282036	  0.314831	
  0.058202	  0.248121	  0.089471	  0.604206	
  0.740913	  0.151091	  0.033713	  0.074283	
  0.897687	  0.051926	  0.014877	  0.035510	
  0.000090	  0.021879	  0.000025	  0.978006	
  0.271104	  0.088456	  0.049033	  0.591406	
  0.383479	  0.034788	  0.026557	  0.555176	
  0.666246	  0.107949	  0.156282	  0.069523	

URL http://cisbp.ccbr.utoronto.ca/TFreport.php?versionNumber=2.00&searchTF=T206021_2.00

MOTIF M02066_2.00 CNG03450

letter-probability matrix: alength= 4 w= 9 nsites= 1 E= 0
  0.369225	  0.133141	  0.242598	  0.255036	
  0.024933	  0.046349	  0.060715	  0.868003	
  0.000003	  0.003807	  0.026755	  0.969436	
  0.912917	  0.043235	  0.041540	  0.002309	
  0.982717	  0.001897	  0.013878	  0.001507	
  0.067783	  0.009741	  0.000695	  0.921781	
  0.282432	  0.143085	  0.028035	  0.546448	
  0.352017	  0.124422	  0.153497	  0.370065	
  0.373390	  0.226472	  0.221988	  0.178150	

URL http://cisbp.ccbr.utoronto.ca/TFreport.php?versionNumber=2.00&searchTF=T206020_2.00

MOTIF M02067_2.00 CNK00090

letter-probability matrix: alength= 4 w= 8 nsites= 1 E= 0
  0.074139	  0.064883	  0.194465	  0.666512	
  0.051153	  0.182501	  0.000073	  0.766273	
  0.825349	  0.026906	  0.100711	  0.047034	
  0.979805	  0.000067	  0.006732	  0.013396	
  0.033391	  0.000067	  0.000067	  0.966476	
  0.067163	  0.060454	  0.033615	  0.838768	
  0.702983	  0.000078	  0.226570	  0.070369	
  0.055642	  0.177810	  0.144491	  0.622057	

URL http://cisbp.ccbr.utoronto.ca/TFreport.php?versionNumber=2.00&searchTF=T206022_2.00

MOTIF M02283_2.00 (CNN00060)_(Dictyostelium_discoideum)_(DBD_0.90)

letter-probability matrix: alength= 4 w= 10 nsites= 1 E= 0
  0.233777	  0.598464	  0.083460	  0.084299	
  0.030948	  0.562453	  0.044359	  0.362240	
  0.506429	  0.042836	  0.155615	  0.295120	
  0.524310	  0.062308	  0.043907	  0.369475	
  0.657133	  0.044163	  0.042009	  0.256695	
  0.290800	  0.112464	  0.066862	  0.529873	
  0.281986	  0.340992	  0.131875	  0.245147	
  0.228299	  0.247314	  0.296088	  0.228299	
  0.301159	  0.033037	  0.594451	  0.071353	
  0.207356	  0.056511	  0.520315	  0.215818	

URL http://cisbp.ccbr.utoronto.ca/TFreport.php?versionNumber=2.00&searchTF=T253504_2.00

MOTIF M02485_2.00 (CND03770)_(Arabidopsis_thaliana)_(DBD_0.33)

letter-probability matrix: alength= 4 w= 10 nsites= 1 E= 0
  0.246206	  0.214041	  0.253704	  0.286050	
  0.223218	  0.225462	  0.123736	  0.427584	
  0.374373	  0.150694	  0.125870	  0.349063	
  0.424988	  0.133228	  0.213164	  0.228620	
  0.314246	  0.138404	  0.139795	  0.407555	
  0.001214	  0.456559	  0.032581	  0.509647	
  0.524312	  0.125473	  0.318011	  0.032204	
  0.266076	  0.207220	  0.195153	  0.331551	
  0.287074	  0.181225	  0.287074	  0.244628	
  0.289992	  0.232724	  0.235063	  0.242222	

URL http://cisbp.ccbr.utoronto.ca/TFreport.php?versionNumber=2.00&searchTF=T327097_2.00

MOTIF M02698_2.00 (CNK01590)_(Arabidopsis_thaliana)_(DBD_0.86)

letter-probability matrix: alength= 4 w= 11 nsites= 1 E= 0
  0.140000	  0.450000	  0.230000	  0.180000	
  0.160000	  0.270000	  0.550000	  0.020000	
  0.000000	  0.919192	  0.040404	  0.040404	
  0.000000	  0.050000	  0.930000	  0.020000	
  0.040404	  0.939394	  0.000000	  0.020202	
  0.040404	  0.020202	  0.020202	  0.919192	
  0.080808	  0.000000	  0.858586	  0.060606	
  0.960000	  0.000000	  0.020000	  0.020000	
  0.040000	  0.040000	  0.920000	  0.000000	
  0.020000	  0.550000	  0.260000	  0.170000	
  0.151515	  0.323232	  0.242424	  0.282828	

URL http://cisbp.ccbr.utoronto.ca/TFreport.php?versionNumber=2.00&searchTF=T268780_2.00

MOTIF M07977_2.00 (CNB00120)_(Homo_sapiens)_(DBD_0.53)

letter-probability matrix: alength= 4 w= 18 nsites= 1 E= 0
  0.142132	  0.055838	  0.796954	  0.005076	
  0.162437	  0.055838	  0.172589	  0.609136	
  0.010152	  0.802031	  0.005076	  0.182741	
  0.005076	  0.598985	  0.390863	  0.005076	
  0.106599	  0.538071	  0.055838	  0.299492	
  0.030457	  0.086294	  0.766498	  0.116751	
  0.106599	  0.000000	  0.873096	  0.020305	
  0.000000	  0.005076	  0.994924	  0.000000	
  0.055838	  0.000000	  0.005076	  0.939086	
  0.000000	  0.000000	  0.000000	  1.000000	
  0.000000	  0.989848	  0.000000	  0.010152	
  0.299492	  0.000000	  0.700508	  0.000000	
  1.000000	  0.000000	  0.000000	  0.000000	
  0.426396	  0.055838	  0.203046	  0.314721	
  0.091371	  0.279188	  0.010152	  0.619289	
  0.000000	  0.994924	  0.000000	  0.005076	
  0.020305	  0.868020	  0.005076	  0.106599	
  0.071066	  0.771573	  0.126904	  0.030457	

URL http://cisbp.ccbr.utoronto.ca/TFreport.php?versionNumber=2.00&searchTF=T239995_2.00

MOTIF M08452_2.00 (CND03290)_(Saccharomyces_cerevisiae)_(DBD_0.75)

letter-probability matrix: alength= 4 w= 5 nsites= 1 E= 0
  0.000000	  0.000000	  0.000000	  1.000000	
  0.000000	  0.000000	  0.010160	  0.989840	
  0.005578	  0.000000	  0.994422	  0.000000	
  0.000000	  0.000000	  0.998223	  0.001777	
  0.158006	  0.378979	  0.030665	  0.432350	

URL http://cisbp.ccbr.utoronto.ca/TFreport.php?versionNumber=2.00&searchTF=T159862_2.00

