MEME version 5.5.8 (Fri May 2 15:43:49 2025 -0700)

ALPHABET= ACGT

strands: + -

Background letter frequencies (from uniform background):
A 0.25000 C 0.25000 G 0.25000 T 0.25000 

MOTIF M00749_2.00 cgd2_3490

letter-probability matrix: alength= 4 w= 8 nsites= 1 E= 0
  0.240000	  0.520000	  0.160000	  0.080000	
  0.171429	  0.000000	  0.828571	  0.000000	
  0.000000	  1.000000	  0.000000	  0.000000	
  1.000000	  0.000000	  0.000000	  0.000000	
  0.000000	  0.000000	  0.000000	  1.000000	
  0.000000	  0.000000	  1.000000	  0.000000	
  0.000000	  0.974359	  0.000000	  0.025641	
  0.733333	  0.133333	  0.033333	  0.100000	

URL http://cisbp.ccbr.utoronto.ca/TFreport.php?versionNumber=2.00&searchTF=T006147_2.00

MOTIF M01961_2.00 (cgd6_1430)_(Homo_sapiens)_(DBD_0.45)

letter-probability matrix: alength= 4 w= 10 nsites= 1 E= 0
  0.346799	  0.103604	  0.138644	  0.410953	
  0.208432	  0.132990	  0.306205	  0.352373	
  0.092351	  0.261348	  0.544970	  0.101331	
  0.000131	  0.118742	  0.881128	  0.000000	
  0.000011	  0.999975	  0.000014	  0.000000	
  0.000000	  0.000014	  0.999975	  0.000011	
  0.000000	  0.881128	  0.118742	  0.000131	
  0.101331	  0.544970	  0.261348	  0.092351	
  0.352373	  0.306205	  0.132990	  0.208432	
  0.410953	  0.138644	  0.103604	  0.346799	

URL http://cisbp.ccbr.utoronto.ca/TFreport.php?versionNumber=2.00&searchTF=T173591_2.00

