MEME version 5.5.8 (Fri May 2 15:43:49 2025 -0700)

ALPHABET= ACGT

strands: + -

Background letter frequencies (from uniform background):
A 0.25000 C 0.25000 G 0.25000 T 0.25000 

MOTIF M00159_2.00 (CGOC_0000920101)_(Mus_musculus)_(DBD_0.61)

letter-probability matrix: alength= 4 w= 10 nsites= 1 E= 0
  0.401213	  0.134894	  0.189519	  0.274374	
  0.288005	  0.299758	  0.235798	  0.176439	
  0.207310	  0.504826	  0.205247	  0.082617	
  0.276376	  0.615087	  0.084925	  0.023612	
  0.001256	  0.018138	  0.980434	  0.000172	
  0.005077	  0.055966	  0.893136	  0.045821	
  0.810468	  0.028435	  0.076525	  0.084573	
  0.293995	  0.181919	  0.067597	  0.456488	
  0.285185	  0.231166	  0.308937	  0.174712	
  0.171414	  0.277017	  0.125723	  0.425847	

URL http://cisbp.ccbr.utoronto.ca/TFreport.php?versionNumber=2.00&searchTF=T178394_2.00

MOTIF M00282_2.00 (CGOC_0000458401)_(Homo_sapiens)_(DBD_0.84)

letter-probability matrix: alength= 4 w= 8 nsites= 1 E= 0
  0.000303	  0.091102	  0.000303	  0.908293	
  0.972192	  0.000270	  0.027268	  0.000270	
  0.999190	  0.000270	  0.000270	  0.000270	
  0.000270	  0.000270	  0.000270	  0.999190	
  0.000270	  0.000270	  0.000270	  0.999190	
  0.742295	  0.000285	  0.257135	  0.000285	
  0.143010	  0.107347	  0.642297	  0.107347	
  0.105567	  0.210609	  0.105567	  0.578256	

URL http://cisbp.ccbr.utoronto.ca/TFreport.php?versionNumber=2.00&searchTF=T233322_2.00

MOTIF M00430_2.00 (CGOC_0001359801)_(Mus_musculus)_(DBD_1.00)

letter-probability matrix: alength= 4 w= 7 nsites= 1 E= 0
  0.143815	  0.343274	  0.223303	  0.289608	
  0.074562	  0.321060	  0.036658	  0.567720	
  0.673560	  0.162809	  0.098749	  0.064882	
  0.883750	  0.060593	  0.022069	  0.033588	
  0.044040	  0.070464	  0.000928	  0.884568	
  0.163964	  0.310956	  0.088204	  0.436876	
  0.481574	  0.126098	  0.155564	  0.236763	

URL http://cisbp.ccbr.utoronto.ca/TFreport.php?versionNumber=2.00&searchTF=T233336_2.00

MOTIF M00433_2.00 (CGOC_0000625601)_(Mus_musculus)_(DBD_0.79)

letter-probability matrix: alength= 4 w= 9 nsites= 1 E= 0
  0.239869	  0.317378	  0.190584	  0.252168	
  0.133763	  0.050707	  0.022333	  0.793196	
  0.850989	  0.020830	  0.051749	  0.076432	
  0.959274	  0.011777	  0.004509	  0.024439	
  0.324957	  0.077765	  0.136141	  0.461136	
  0.139125	  0.306548	  0.136371	  0.417956	
  0.193728	  0.061958	  0.611831	  0.132483	
  0.201560	  0.269370	  0.319285	  0.209785	
  0.174474	  0.290550	  0.187125	  0.347851	

URL http://cisbp.ccbr.utoronto.ca/TFreport.php?versionNumber=2.00&searchTF=T233326_2.00

MOTIF M00484_2.00 (CGOC_0000550601)_(Mus_musculus)_(DBD_0.74)

letter-probability matrix: alength= 4 w= 8 nsites= 1 E= 0
  0.260569	  0.255410	  0.285108	  0.198913	
  0.177845	  0.320830	  0.230652	  0.270673	
  0.114497	  0.403649	  0.048938	  0.432917	
  0.580843	  0.152091	  0.107177	  0.159889	
  0.790662	  0.111371	  0.053137	  0.044830	
  0.121087	  0.104221	  0.012262	  0.762430	
  0.136206	  0.248183	  0.120804	  0.494807	
  0.509367	  0.130735	  0.162905	  0.196993	

URL http://cisbp.ccbr.utoronto.ca/TFreport.php?versionNumber=2.00&searchTF=T233323_2.00

MOTIF M00506_2.00 (CGOC_0001018301)_(Mus_musculus)_(DBD_0.47)

letter-probability matrix: alength= 4 w= 9 nsites= 1 E= 0
  0.222072	  0.252902	  0.183644	  0.341382	
  0.190880	  0.144264	  0.176205	  0.488650	
  0.671910	  0.026579	  0.219231	  0.082280	
  0.946942	  0.002124	  0.008275	  0.042659	
  0.048899	  0.017112	  0.727602	  0.206387	
  0.181881	  0.050066	  0.158119	  0.609934	
  0.334214	  0.016976	  0.579278	  0.069532	
  0.135232	  0.297969	  0.339336	  0.227464	
  0.208040	  0.278030	  0.218707	  0.295223	

URL http://cisbp.ccbr.utoronto.ca/TFreport.php?versionNumber=2.00&searchTF=T233328_2.00

MOTIF M00563_2.00 (CGOC_0001175101)_(Drosophila_melanogaster)_(DBD_0.58)

letter-probability matrix: alength= 4 w= 9 nsites= 1 E= 0
  0.304796	  0.208438	  0.219125	  0.267640	
  0.204503	  0.208634	  0.183200	  0.403663	
  0.192685	  0.087449	  0.498226	  0.221640	
  0.950847	  0.044583	  0.000055	  0.004515	
  0.142274	  0.292292	  0.142274	  0.423161	
  0.521793	  0.307130	  0.042405	  0.128672	
  0.156958	  0.510801	  0.109506	  0.222734	
  0.200454	  0.358018	  0.208634	  0.232894	
  0.249520	  0.257119	  0.206343	  0.287017	

URL http://cisbp.ccbr.utoronto.ca/TFreport.php?versionNumber=2.00&searchTF=T233333_2.00

MOTIF M00587_2.00 (CGOC_0000021801)_(Caenorhabditis_elegans)_(DBD_0.93)

letter-probability matrix: alength= 4 w= 8 nsites= 1 E= 0
  0.074832	  0.102859	  0.037463	  0.784847	
  0.000066	  0.999803	  0.000066	  0.000066	
  0.000066	  0.026375	  0.973494	  0.000066	
  0.592015	  0.032952	  0.374967	  0.000066	
  0.000066	  0.000066	  0.999803	  0.000066	
  0.993225	  0.000066	  0.006643	  0.000066	
  0.140532	  0.280981	  0.363599	  0.214888	
  0.092027	  0.402229	  0.034582	  0.471163	

URL http://cisbp.ccbr.utoronto.ca/TFreport.php?versionNumber=2.00&searchTF=T029290_2.00

MOTIF M00590_2.00 (CGOC_0000345301)_(Caenorhabditis_elegans)_(DBD_0.74)

letter-probability matrix: alength= 4 w= 9 nsites= 1 E= 0
  0.264626	  0.230055	  0.343202	  0.162117	
  0.035056	  0.229738	  0.009650	  0.725557	
  0.000776	  0.000130	  0.998484	  0.000610	
  0.000515	  0.999363	  0.000060	  0.000062	
  0.000655	  0.000121	  0.999191	  0.000033	
  0.015327	  0.953021	  0.012931	  0.018721	
  0.398849	  0.009012	  0.577428	  0.014711	
  0.371096	  0.072709	  0.439862	  0.116333	
  0.247681	  0.247681	  0.211060	  0.293578	

URL http://cisbp.ccbr.utoronto.ca/TFreport.php?versionNumber=2.00&searchTF=T055854_2.00

MOTIF M00637_2.00 (CGOC_0000202301)_(Caenorhabditis_elegans)_(DBD_0.80)

letter-probability matrix: alength= 4 w= 8 nsites= 1 E= 0
  0.000227	  0.999319	  0.000227	  0.000227	
  0.244902	  0.122553	  0.428426	  0.204119	
  0.000189	  0.999434	  0.000189	  0.000189	
  0.019042	  0.980581	  0.000189	  0.000189	
  0.000189	  0.980581	  0.000189	  0.019042	
  0.519024	  0.346080	  0.038624	  0.096272	
  0.000192	  0.999424	  0.000192	  0.000192	
  0.281211	  0.187578	  0.468477	  0.062734	

URL http://cisbp.ccbr.utoronto.ca/TFreport.php?versionNumber=2.00&searchTF=T152516_2.00

MOTIF M00661_2.00 (CGOC_0001138001)_(Caenorhabditis_elegans)_(DBD_0.71)

letter-probability matrix: alength= 4 w= 6 nsites= 1 E= 0
  0.985294	  0.004902	  0.004902	  0.004902	
  0.004902	  0.985294	  0.004902	  0.004902	
  0.004902	  0.985294	  0.004902	  0.004902	
  0.004902	  0.004902	  0.004902	  0.985294	
  0.004902	  0.004902	  0.004902	  0.985294	
  0.004902	  0.004902	  0.004902	  0.985294	

URL http://cisbp.ccbr.utoronto.ca/TFreport.php?versionNumber=2.00&searchTF=T169740_2.00

MOTIF M00664_2.00 (CGOC_0000113201)_(Caenorhabditis_elegans)_(DBD_0.81)

letter-probability matrix: alength= 4 w= 8 nsites= 1 E= 0
  0.597222	  0.001984	  0.398810	  0.001984	
  0.001656	  0.001656	  0.001656	  0.995033	
  0.995033	  0.001656	  0.001656	  0.001656	
  0.995033	  0.001656	  0.001656	  0.001656	
  0.995033	  0.001656	  0.001656	  0.001656	
  0.001656	  0.995033	  0.001656	  0.001656	
  0.995033	  0.001656	  0.001656	  0.001656	
  0.745050	  0.002475	  0.002475	  0.250000	

URL http://cisbp.ccbr.utoronto.ca/TFreport.php?versionNumber=2.00&searchTF=T190371_2.00

MOTIF M00673_2.00 (CGOC_0000008701)_(Caenorhabditis_elegans)_(DBD_0.74)

letter-probability matrix: alength= 4 w= 8 nsites= 1 E= 0
  0.211067	  0.284910	  0.176298	  0.327725	
  0.199579	  0.065773	  0.044980	  0.689668	
  0.746805	  0.027270	  0.118606	  0.107319	
  0.916821	  0.012194	  0.061002	  0.009983	
  0.030503	  0.019256	  0.201914	  0.748327	
  0.167556	  0.686303	  0.056901	  0.089239	
  0.091323	  0.552473	  0.110432	  0.245772	
  0.168631	  0.339582	  0.275260	  0.216527	

URL http://cisbp.ccbr.utoronto.ca/TFreport.php?versionNumber=2.00&searchTF=T233316_2.00

MOTIF M00697_2.00 (CGOC_0000264301)_(Caenorhabditis_elegans)_(DBD_0.84)

letter-probability matrix: alength= 4 w= 11 nsites= 1 E= 0
  0.228323	  0.228323	  0.228323	  0.315031	
  0.459574	  0.116142	  0.193797	  0.230487	
  0.637530	  0.021526	  0.021526	  0.319419	
  0.000084	  0.000084	  0.000084	  0.999747	
  0.000084	  0.000084	  0.000084	  0.999747	
  0.000084	  0.000084	  0.999747	  0.000084	
  0.000084	  0.000084	  0.000084	  0.999747	
  0.999747	  0.000084	  0.000084	  0.000084	
  0.021761	  0.021761	  0.741842	  0.214635	
  0.212471	  0.217226	  0.133942	  0.436361	
  0.314324	  0.228559	  0.228559	  0.228559	

URL http://cisbp.ccbr.utoronto.ca/TFreport.php?versionNumber=2.00&searchTF=T308364_2.00

MOTIF M00707_2.00 (CGOC_0000231801)_(Caenorhabditis_elegans)_(DBD_0.85)

letter-probability matrix: alength= 4 w= 10 nsites= 1 E= 0
  0.221506	  0.165744	  0.478400	  0.134350	
  0.270132	  0.112046	  0.512300	  0.105521	
  0.225651	  0.167166	  0.454405	  0.152778	
  0.033503	  0.001053	  0.936025	  0.029419	
  0.099449	  0.015953	  0.871004	  0.013594	
  0.162988	  0.000065	  0.752706	  0.084240	
  0.018369	  0.846140	  0.048944	  0.086547	
  0.043184	  0.724488	  0.055449	  0.176879	
  0.368584	  0.095552	  0.167280	  0.368584	
  0.354521	  0.190713	  0.181412	  0.273354	

URL http://cisbp.ccbr.utoronto.ca/TFreport.php?versionNumber=2.00&searchTF=T315012_2.00

MOTIF M00708_2.00 (CGOC_0000822101)_(Caenorhabditis_elegans)_(DBD_0.92)

letter-probability matrix: alength= 4 w= 10 nsites= 1 E= 0
  0.168663	  0.275311	  0.239344	  0.316683	
  0.176492	  0.296864	  0.205054	  0.321589	
  0.099868	  0.334905	  0.233655	  0.331572	
  0.572889	  0.124051	  0.200475	  0.102585	
  0.711682	  0.128719	  0.063284	  0.096316	
  0.139239	  0.068456	  0.676002	  0.116303	
  0.601869	  0.036600	  0.275901	  0.085630	
  0.375126	  0.319661	  0.021699	  0.283514	
  0.395081	  0.114330	  0.326716	  0.163873	
  0.242351	  0.212807	  0.230531	  0.314312	

URL http://cisbp.ccbr.utoronto.ca/TFreport.php?versionNumber=2.00&searchTF=T316720_2.00

MOTIF M00931_2.00 (CGOC_0000858101)_(Caenorhabditis_elegans)_(DBD_0.86)

letter-probability matrix: alength= 4 w= 9 nsites= 1 E= 0
  1.000000	  0.000000	  0.000000	  0.000000	
  0.000000	  0.000000	  0.000000	  1.000000	
  0.000000	  1.000000	  0.000000	  0.000000	
  1.000000	  0.000000	  0.000000	  0.000000	
  0.000000	  0.000000	  1.000000	  0.000000	
  0.000000	  1.000000	  0.000000	  0.000000	
  0.000000	  0.000000	  0.000000	  1.000000	
  0.000000	  0.000000	  1.000000	  0.000000	
  1.000000	  0.000000	  0.000000	  0.000000	

URL http://cisbp.ccbr.utoronto.ca/TFreport.php?versionNumber=2.00&searchTF=T053641_2.00

MOTIF M01141_2.00 (CGOC_0000243701)_(Caenorhabditis_briggsae)_(DBD_0.79)

letter-probability matrix: alength= 4 w= 10 nsites= 1 E= 0
  0.396695	  0.167866	  0.144484	  0.290955	
  0.555037	  0.047420	  0.379568	  0.017976	
  0.002357	  0.007982	  0.000117	  0.989544	
  0.003280	  0.003849	  0.990076	  0.002795	
  0.956624	  0.000420	  0.009056	  0.033900	
  0.002941	  0.779543	  0.011344	  0.206172	
  0.146554	  0.034035	  0.818434	  0.000978	
  0.022269	  0.029172	  0.011059	  0.937500	
  0.135371	  0.516987	  0.272603	  0.075040	
  0.635454	  0.133532	  0.127019	  0.103995	

URL http://cisbp.ccbr.utoronto.ca/TFreport.php?versionNumber=2.00&searchTF=T074258_2.00

MOTIF M01689_2.00 (CGOC_0000518201)_(Vitis_vinifera)_(DBD_0.54)

letter-probability matrix: alength= 4 w= 10 nsites= 1 E= 0
  0.433147	  0.079924	  0.290347	  0.196582	
  0.089120	  0.487838	  0.149902	  0.273140	
  0.379963	  0.149916	  0.267756	  0.202365	
  0.308475	  0.121710	  0.388246	  0.181570	
  0.315975	  0.088736	  0.349207	  0.246082	
  0.439824	  0.013962	  0.186117	  0.360097	
  0.418576	  0.082011	  0.186207	  0.313205	
  0.400654	  0.094926	  0.189255	  0.315165	
  0.341668	  0.121978	  0.248102	  0.288253	
  0.338234	  0.151978	  0.238349	  0.271439	

URL http://cisbp.ccbr.utoronto.ca/TFreport.php?versionNumber=2.00&searchTF=T018168_2.00

MOTIF M01974_2.00 (CGOC_0001152701)_(Caenorhabditis_briggsae)_(DBD_0.90)

letter-probability matrix: alength= 4 w= 8 nsites= 1 E= 0
  0.416389	  0.000416	  0.541181	  0.042013	
  0.028824	  0.000285	  0.000285	  0.970605	
  0.827911	  0.171518	  0.000285	  0.000285	
  0.942066	  0.000285	  0.000285	  0.057363	
  0.999144	  0.000285	  0.000285	  0.000285	
  0.057363	  0.913527	  0.000285	  0.028824	
  0.999144	  0.000285	  0.000285	  0.000285	
  0.434462	  0.217448	  0.130642	  0.217448	

URL http://cisbp.ccbr.utoronto.ca/TFreport.php?versionNumber=2.00&searchTF=T190376_2.00

MOTIF M02121_2.00 (CGOC_0001031901)_(Drosophila_melanogaster)_(DBD_0.88)

letter-probability matrix: alength= 4 w= 10 nsites= 1 E= 0
  0.292329	  0.229079	  0.288644	  0.189949	
  0.136427	  0.336877	  0.156525	  0.370171	
  0.034513	  0.118059	  0.009674	  0.837754	
  0.801571	  0.072692	  0.093201	  0.032536	
  0.970781	  0.007894	  0.008025	  0.013300	
  0.013300	  0.008025	  0.007894	  0.970781	
  0.032536	  0.093201	  0.072692	  0.801571	
  0.837754	  0.009674	  0.118059	  0.034513	
  0.370171	  0.156525	  0.336877	  0.136427	
  0.189949	  0.288644	  0.229079	  0.292329	

URL http://cisbp.ccbr.utoronto.ca/TFreport.php?versionNumber=2.00&searchTF=T233330_2.00

MOTIF M02147_2.00 (CGOC_0000172601)_(Nematostella_vectensis)_(DBD_0.56)

letter-probability matrix: alength= 4 w= 10 nsites= 1 E= 0
  0.278816	  0.247673	  0.255282	  0.218229	
  0.193819	  0.291332	  0.190112	  0.324737	
  0.267659	  0.193115	  0.126695	  0.412532	
  0.419900	  0.162984	  0.208787	  0.208330	
  0.569557	  0.167110	  0.130840	  0.132493	
  0.132493	  0.130840	  0.167110	  0.569557	
  0.208330	  0.208787	  0.162984	  0.419900	
  0.412532	  0.126695	  0.193115	  0.267659	
  0.324737	  0.190112	  0.291332	  0.193819	
  0.218229	  0.255282	  0.247673	  0.278816	

URL http://cisbp.ccbr.utoronto.ca/TFreport.php?versionNumber=2.00&searchTF=T233319_2.00

MOTIF M02267_2.00 (CGOC_0001115201)_(Caenorhabditis_briggsae)_(DBD_0.66)

letter-probability matrix: alength= 4 w= 8 nsites= 1 E= 0
  0.453804	  0.091486	  0.363225	  0.091486	
  0.000525	  0.945903	  0.000525	  0.053046	
  0.000525	  0.000525	  0.998424	  0.000525	
  0.000525	  0.998424	  0.000525	  0.000525	
  0.000525	  0.000525	  0.998424	  0.000525	
  0.000525	  0.053046	  0.945903	  0.000525	
  0.939554	  0.000587	  0.059272	  0.000587	
  0.665282	  0.250000	  0.000831	  0.083887	

URL http://cisbp.ccbr.utoronto.ca/TFreport.php?versionNumber=2.00&searchTF=T251914_2.00

MOTIF M02276_2.00 (CGOC_0000285301)_(Caenorhabditis_elegans)_(DBD_0.75)

letter-probability matrix: alength= 4 w= 10 nsites= 1 E= 0
  0.220981	  0.265051	  0.191399	  0.322569	
  0.270631	  0.194889	  0.283987	  0.250493	
  0.353350	  0.066649	  0.227459	  0.352542	
  0.146210	  0.764537	  0.000008	  0.089246	
  0.046172	  0.880475	  0.000000	  0.073353	
  0.073353	  0.000000	  0.880475	  0.046172	
  0.089246	  0.000008	  0.764537	  0.146210	
  0.352542	  0.227459	  0.066649	  0.353350	
  0.250493	  0.283987	  0.194889	  0.270631	
  0.322569	  0.191399	  0.265051	  0.220981	

URL http://cisbp.ccbr.utoronto.ca/TFreport.php?versionNumber=2.00&searchTF=T251904_2.00

MOTIF M02409_2.00 (CGOC_0000187501)_(Drosophila_pseudoobscura)_(DBD_0.90)

letter-probability matrix: alength= 4 w= 8 nsites= 1 E= 0
  0.399402	  0.000996	  0.598606	  0.000996	
  0.816123	  0.000906	  0.091486	  0.091486	
  0.000906	  0.091486	  0.906703	  0.000906	
  0.997283	  0.000906	  0.000906	  0.000906	
  0.000906	  0.000906	  0.000906	  0.997283	
  0.000906	  0.906703	  0.091486	  0.000906	
  0.997283	  0.000906	  0.000906	  0.000906	
  0.569602	  0.285511	  0.001420	  0.143466	

URL http://cisbp.ccbr.utoronto.ca/TFreport.php?versionNumber=2.00&searchTF=T308361_2.00

MOTIF M02413_2.00 (CGOC_0000279901)_(Caenorhabditis_elegans)_(DBD_0.60)

letter-probability matrix: alength= 4 w= 9 nsites= 1 E= 0
  0.255660	  0.274198	  0.209317	  0.260825	
  0.207494	  0.261151	  0.297407	  0.233948	
  0.273268	  0.217120	  0.252258	  0.257354	
  0.175594	  0.206062	  0.431892	  0.186452	
  0.603473	  0.056980	  0.086721	  0.252826	
  0.143184	  0.335000	  0.173145	  0.348671	
  0.150014	  0.555978	  0.087420	  0.206588	
  0.717194	  0.006205	  0.156859	  0.119743	
  0.312507	  0.266301	  0.205332	  0.215860	

URL http://cisbp.ccbr.utoronto.ca/TFreport.php?versionNumber=2.00&searchTF=T308365_2.00

MOTIF M02484_2.00 (CGOC_0000897101)_(Caenorhabditis_elegans)_(DBD_0.84)

letter-probability matrix: alength= 4 w= 11 nsites= 1 E= 0
  0.217039	  0.217039	  0.348883	  0.217039	
  0.142386	  0.255945	  0.241673	  0.359996	
  0.109560	  0.836436	  0.027002	  0.027002	
  0.000115	  0.785254	  0.000115	  0.214516	
  0.999656	  0.000115	  0.000115	  0.000115	
  0.000115	  0.000115	  0.999656	  0.000115	
  0.917099	  0.000115	  0.000115	  0.082672	
  0.082672	  0.917099	  0.000115	  0.000115	
  0.900773	  0.033076	  0.033076	  0.033076	
  0.199199	  0.299748	  0.228295	  0.272757	
  0.223112	  0.223112	  0.223112	  0.330663	

URL http://cisbp.ccbr.utoronto.ca/TFreport.php?versionNumber=2.00&searchTF=T325624_2.00

MOTIF M02488_2.00 (CGOC_0001130501)_(Caenorhabditis_elegans)_(DBD_0.89)

letter-probability matrix: alength= 4 w= 10 nsites= 1 E= 0
  0.249549	  0.326901	  0.168959	  0.254591	
  0.304118	  0.216462	  0.195863	  0.283557	
  0.145122	  0.218672	  0.149542	  0.486664	
  0.140021	  0.189009	  0.079982	  0.590988	
  0.252273	  0.135709	  0.518279	  0.093739	
  0.187414	  0.158115	  0.134736	  0.519735	
  0.221322	  0.262334	  0.202273	  0.314071	
  0.213024	  0.281859	  0.208806	  0.296310	
  0.226419	  0.257852	  0.255286	  0.260443	
  0.219489	  0.262776	  0.257573	  0.260162	

URL http://cisbp.ccbr.utoronto.ca/TFreport.php?versionNumber=2.00&searchTF=T336112_2.00

MOTIF M02529_2.00 (CGOC_0000137301)_(Drosophila_yakuba)_(DBD_0.80)

letter-probability matrix: alength= 4 w= 8 nsites= 1 E= 0
  0.216253	  0.000270	  0.270248	  0.513229	
  0.000192	  0.000192	  0.000192	  0.999424	
  0.000192	  0.019408	  0.000192	  0.980208	
  0.096272	  0.615104	  0.000192	  0.288432	
  0.845696	  0.000192	  0.153920	  0.000192	
  0.999424	  0.000192	  0.000192	  0.000192	
  0.960992	  0.019408	  0.000192	  0.019408	
  0.088425	  0.235311	  0.000294	  0.675969	

URL http://cisbp.ccbr.utoronto.ca/TFreport.php?versionNumber=2.00&searchTF=T346255_2.00

MOTIF M02990_2.00 (CGOC_0000212501)_(Homo_sapiens)_(DBD_0.04)

letter-probability matrix: alength= 4 w= 15 nsites= 1 E= 0
  0.097427	  0.657435	  0.171872	  0.073267	
  0.140189	  0.774182	  0.050675	  0.034955	
  0.013728	  0.027455	  0.937346	  0.021471	
  0.044646	  0.040618	  0.900302	  0.014434	
  0.978856	  0.003253	  0.005964	  0.011927	
  0.966694	  0.019339	  0.009132	  0.004835	
  0.104595	  0.399033	  0.495768	  0.000605	
  0.023743	  0.908483	  0.002374	  0.065400	
  0.005612	  0.000374	  0.993640	  0.000374	
  0.000752	  0.000376	  0.998872	  0.000000	
  0.978781	  0.000806	  0.018533	  0.001880	
  0.993769	  0.002709	  0.001626	  0.001897	
  0.102740	  0.017466	  0.878425	  0.001370	
  0.004188	  0.321329	  0.015634	  0.658850	
  0.347770	  0.116354	  0.456690	  0.079186	

URL http://cisbp.ccbr.utoronto.ca/TFreport.php?versionNumber=2.00&searchTF=T178392_2.00

MOTIF M03087_2.00 (CGOC_0000387301)_(Homo_sapiens)_(DBD_0.61)

letter-probability matrix: alength= 4 w= 8 nsites= 1 E= 0
  0.050776	  0.567735	  0.037679	  0.343811	
  0.096070	  0.163832	  0.029930	  0.710167	
  0.886769	  0.040902	  0.036132	  0.036197	
  0.970260	  0.011009	  0.012296	  0.006434	
  0.012245	  0.014168	  0.007333	  0.966254	
  0.055381	  0.046932	  0.060685	  0.837003	
  0.722030	  0.027451	  0.177528	  0.072990	
  0.193501	  0.261956	  0.269545	  0.274998	

URL http://cisbp.ccbr.utoronto.ca/TFreport.php?versionNumber=2.00&searchTF=T233321_2.00

MOTIF M03233_2.00 (CGOC_0001167201)_(Homo_sapiens)_(DBD_0.84)

letter-probability matrix: alength= 4 w= 11 nsites= 1 E= 0
  0.128887	  0.307132	  0.235146	  0.328834	
  0.180386	  0.173504	  0.355347	  0.290762	
  0.156964	  0.179104	  0.129448	  0.534484	
  0.133379	  0.100398	  0.033272	  0.732952	
  0.769137	  0.000000	  0.124287	  0.106576	
  0.983214	  0.000000	  0.016786	  0.000000	
  0.054051	  0.028179	  0.332443	  0.585327	
  0.036134	  0.202331	  0.027586	  0.733949	
  0.080054	  0.018102	  0.849562	  0.052282	
  0.164108	  0.335892	  0.282160	  0.217840	
  0.159100	  0.252151	  0.142555	  0.446195	

URL http://cisbp.ccbr.utoronto.ca/TFreport.php?versionNumber=2.00&searchTF=T233332_2.00

MOTIF M03750_2.00 (CGOC_0000329701)_(Drosophila_melanogaster)_(DBD_0.75)

letter-probability matrix: alength= 4 w= 16 nsites= 1 E= 0
  0.080430	  0.174558	  0.654012	  0.091000	
  0.001295	  0.997583	  0.000173	  0.000949	
  0.002522	  0.000414	  0.996876	  0.000188	
  0.998450	  0.000258	  0.000310	  0.000982	
  0.996647	  0.002476	  0.000567	  0.000310	
  0.000000	  0.000000	  0.999772	  0.000228	
  0.496231	  0.000000	  0.503589	  0.000179	
  0.999534	  0.000000	  0.000466	  0.000000	
  0.000259	  0.999050	  0.000173	  0.000518	
  0.000413	  0.650599	  0.183964	  0.165024	
  0.001129	  0.029711	  0.703205	  0.265955	
  0.103240	  0.796369	  0.014026	  0.086365	
  0.658216	  0.038848	  0.156852	  0.146083	
  0.675570	  0.112971	  0.122349	  0.089110	
  0.075443	  0.125011	  0.670676	  0.128870	
  0.151772	  0.511092	  0.200820	  0.136316	

URL http://cisbp.ccbr.utoronto.ca/TFreport.php?versionNumber=2.00&searchTF=T190373_2.00

MOTIF M03761_2.00 (CGOC_0000979301)_(Drosophila_melanogaster)_(DBD_0.74)

letter-probability matrix: alength= 4 w= 8 nsites= 1 E= 0
  0.223431	  0.206679	  0.466469	  0.103420	
  0.308898	  0.477701	  0.025315	  0.188086	
  0.000000	  0.000000	  1.000000	  0.000000	
  0.999515	  0.000485	  0.000000	  0.000000	
  0.000000	  0.000000	  0.000000	  1.000000	
  0.999946	  0.000054	  0.000000	  0.000000	
  1.000000	  0.000000	  0.000000	  0.000000	
  0.024249	  0.421465	  0.504790	  0.049496	

URL http://cisbp.ccbr.utoronto.ca/TFreport.php?versionNumber=2.00&searchTF=T197425_2.00

MOTIF M05369_2.00 (CGOC_0000645001)_(Homo_sapiens)_(DBD_0.32)

letter-probability matrix: alength= 4 w= 10 nsites= 1 E= 0
  0.190356	  0.141712	  0.247016	  0.420916	
  0.049856	  0.346167	  0.031188	  0.572790	
  0.053393	  0.076014	  0.025423	  0.845170	
  0.997355	  0.000000	  0.002645	  0.000000	
  1.000000	  0.000000	  0.000000	  0.000000	
  0.000000	  0.000000	  0.000000	  1.000000	
  0.000240	  0.000000	  0.002765	  0.996995	
  0.917280	  0.005308	  0.062483	  0.014929	
  0.174698	  0.069042	  0.655226	  0.101035	
  0.390560	  0.269275	  0.105492	  0.234674	

URL http://cisbp.ccbr.utoronto.ca/TFreport.php?versionNumber=2.00&searchTF=T233327_2.00

MOTIF M06427_2.00 (CGOC_0000088801)_(Drosophila_melanogaster)_(DBD_0.80)

letter-probability matrix: alength= 4 w= 6 nsites= 1 E= 0
  0.727273	  0.000000	  0.272727	  0.000000	
  0.000000	  0.045455	  0.954545	  0.000000	
  0.000000	  0.000000	  1.000000	  0.000000	
  0.000000	  0.000000	  0.045455	  0.954545	
  0.000000	  1.000000	  0.000000	  0.000000	
  0.909091	  0.000000	  0.090909	  0.000000	

URL http://cisbp.ccbr.utoronto.ca/TFreport.php?versionNumber=2.00&searchTF=T308358_2.00

MOTIF M08106_2.00 (CGOC_0000263101)_(Arabidopsis_thaliana)_(DBD_0.58)

letter-probability matrix: alength= 4 w= 10 nsites= 1 E= 0
  0.271537	  0.139904	  0.126809	  0.461751	
  0.244659	  0.233632	  0.399035	  0.122674	
  0.015851	  0.042729	  0.933839	  0.007581	
  0.014473	  0.947622	  0.015162	  0.022743	
  0.024121	  0.004135	  0.958649	  0.013094	
  0.004824	  0.975190	  0.012405	  0.007581	
  0.000689	  0.948312	  0.000689	  0.050310	
  0.942798	  0.006892	  0.014473	  0.035837	
  0.395589	  0.237767	  0.083391	  0.283253	
  0.368711	  0.201930	  0.230186	  0.199173	

URL http://cisbp.ccbr.utoronto.ca/TFreport.php?versionNumber=2.00&searchTF=T174241_2.00

MOTIF M08111_2.00 (CGOC_0000700501)_(Homo_sapiens)_(DBD_0.94)

letter-probability matrix: alength= 4 w= 18 nsites= 1 E= 0
  0.000000	  0.000000	  1.000000	  0.000000	
  0.019048	  0.000000	  0.980952	  0.000000	
  0.990476	  0.000000	  0.009524	  0.000000	
  0.990476	  0.000000	  0.009524	  0.000000	
  0.009524	  0.000000	  0.990476	  0.000000	
  0.019048	  0.000000	  0.971429	  0.009524	
  0.980952	  0.000000	  0.019048	  0.000000	
  0.971429	  0.000000	  0.028571	  0.000000	
  0.000000	  0.000000	  0.990476	  0.009524	
  0.000000	  0.019048	  0.980952	  0.000000	
  0.942857	  0.038095	  0.019048	  0.000000	
  1.000000	  0.000000	  0.000000	  0.000000	
  0.000000	  0.000000	  1.000000	  0.000000	
  0.000000	  0.019048	  0.980952	  0.000000	
  0.952381	  0.028571	  0.000000	  0.019048	
  0.971429	  0.000000	  0.019048	  0.009524	
  0.047619	  0.000000	  0.923810	  0.028571	
  0.028571	  0.028571	  0.923810	  0.019048	

URL http://cisbp.ccbr.utoronto.ca/TFreport.php?versionNumber=2.00&searchTF=T178393_2.00

MOTIF M08153_2.00 (CGOC_0000164901)_(Homo_sapiens)_(DBD_0.67)

letter-probability matrix: alength= 4 w= 10 nsites= 1 E= 0
  0.293998	  0.207851	  0.213459	  0.284692	
  0.677843	  0.052500	  0.148550	  0.121107	
  0.979000	  0.001432	  0.008591	  0.010977	
  0.972080	  0.019449	  0.001790	  0.006682	
  0.002625	  0.022551	  0.955614	  0.019210	
  0.004057	  0.002028	  0.992006	  0.001909	
  0.002028	  0.003341	  0.002506	  0.992125	
  0.005369	  0.992602	  0.000000	  0.002028	
  0.763274	  0.049875	  0.102732	  0.084119	
  0.240902	  0.278606	  0.240067	  0.240425	

URL http://cisbp.ccbr.utoronto.ca/TFreport.php?versionNumber=2.00&searchTF=T308359_2.00

MOTIF M08159_2.00 (CGOC_0000057501)_(Caenorhabditis_elegans)_(DBD_0.86)

letter-probability matrix: alength= 4 w= 15 nsites= 1 E= 0
  0.141026	  0.128205	  0.724359	  0.006410	
  0.455128	  0.000000	  0.083333	  0.461538	
  0.211538	  0.000000	  0.788462	  0.000000	
  0.147436	  0.333333	  0.038462	  0.480769	
  0.000000	  0.000000	  1.000000	  0.000000	
  0.000000	  0.333333	  0.000000	  0.666667	
  0.000000	  0.000000	  1.000000	  0.000000	
  0.096154	  0.160256	  0.089744	  0.653846	
  0.000000	  0.128205	  0.621795	  0.250000	
  0.006410	  0.000000	  0.000000	  0.993590	
  0.000000	  0.006410	  0.987179	  0.006410	
  0.000000	  0.506410	  0.102564	  0.391026	
  0.205128	  0.000000	  0.538462	  0.256410	
  0.108974	  0.128205	  0.179487	  0.583333	
  0.108974	  0.275641	  0.358974	  0.256410	

URL http://cisbp.ccbr.utoronto.ca/TFreport.php?versionNumber=2.00&searchTF=T308357_2.00

MOTIF M08164_2.00 (CGOC_0000769801)_(Homo_sapiens)_(DBD_0.85)

letter-probability matrix: alength= 4 w= 11 nsites= 1 E= 0
  0.225295	  0.228052	  0.213492	  0.333161	
  0.335660	  0.184113	  0.179719	  0.300508	
  0.035496	  0.908245	  0.028345	  0.027914	
  0.013268	  0.026105	  0.031791	  0.928836	
  0.030327	  0.028690	  0.015249	  0.925734	
  0.026708	  0.011114	  0.955199	  0.006979	
  0.019213	  0.010425	  0.945378	  0.024985	
  0.022745	  0.924011	  0.007582	  0.045662	
  0.875162	  0.034203	  0.041182	  0.049453	
  0.226243	  0.254243	  0.274490	  0.245025	
  0.288102	  0.233652	  0.237788	  0.240458	

URL http://cisbp.ccbr.utoronto.ca/TFreport.php?versionNumber=2.00&searchTF=T325623_2.00

MOTIF M08211_2.00 (CGOC_0000125201)_(Caenorhabditis_elegans)_(DBD_0.95)

letter-probability matrix: alength= 4 w= 8 nsites= 1 E= 0
  0.175305	  0.048780	  0.682927	  0.092988	
  0.827744	  0.032012	  0.039634	  0.100610	
  0.082317	  0.035061	  0.067073	  0.815549	
  0.094512	  0.025915	  0.077744	  0.801829	
  0.068598	  0.060976	  0.768292	  0.102134	
  0.801829	  0.038110	  0.051829	  0.108232	
  0.094512	  0.036585	  0.050305	  0.818598	
  0.126524	  0.056402	  0.673781	  0.143293	

URL http://cisbp.ccbr.utoronto.ca/TFreport.php?versionNumber=2.00&searchTF=T233318_2.00

MOTIF M08226_2.00 (CGOC_0000193301)_(Caenorhabditis_elegans)_(DBD_0.80)

letter-probability matrix: alength= 4 w= 8 nsites= 1 E= 0
  0.171026	  0.663984	  0.106640	  0.058350	
  0.881288	  0.028169	  0.050302	  0.040241	
  0.843058	  0.046278	  0.044266	  0.066398	
  0.096579	  0.106640	  0.686117	  0.110664	
  0.146881	  0.010060	  0.722335	  0.120724	
  0.110664	  0.036217	  0.044266	  0.808853	
  0.062374	  0.740443	  0.114688	  0.082495	
  0.855131	  0.016097	  0.062374	  0.066398	

URL http://cisbp.ccbr.utoronto.ca/TFreport.php?versionNumber=2.00&searchTF=T308362_2.00

