MEME version 5.5.8 (Fri May 2 15:43:49 2025 -0700)

ALPHABET= ACGT

strands: + -

Background letter frequencies (from uniform background):
A 0.25000 C 0.25000 G 0.25000 T 0.25000 

MOTIF M00161_2.00 (DILT_0000300801)_(Mus_musculus)_(DBD_0.65)

letter-probability matrix: alength= 4 w= 12 nsites= 1 E= 0
  0.394926	  0.201691	  0.201691	  0.201691	
  0.357836	  0.147163	  0.347838	  0.147163	
  0.159006	  0.172368	  0.068783	  0.599842	
  0.841382	  0.113021	  0.022798	  0.022798	
  0.999531	  0.000156	  0.000156	  0.000156	
  0.999531	  0.000156	  0.000156	  0.000156	
  0.000156	  0.999531	  0.000156	  0.000156	
  0.999531	  0.000156	  0.000156	  0.000156	
  0.854605	  0.048465	  0.048465	  0.048465	
  0.691020	  0.102993	  0.102993	  0.102993	
  0.181373	  0.360053	  0.181373	  0.277201	
  0.317926	  0.227358	  0.227358	  0.227358	

URL http://cisbp.ccbr.utoronto.ca/TFreport.php?versionNumber=2.00&searchTF=T190454_2.00

MOTIF M00208_2.00 (DILT_0000550201)_(Mus_musculus)_(DBD_0.84)

letter-probability matrix: alength= 4 w= 9 nsites= 1 E= 0
  0.610507	  0.080181	  0.080181	  0.229130	
  0.027959	  0.087421	  0.055188	  0.829432	
  0.077434	  0.030859	  0.020893	  0.870814	
  0.237747	  0.206688	  0.478765	  0.076800	
  0.240465	  0.078459	  0.077678	  0.603397	
  0.222149	  0.224382	  0.205070	  0.348399	
  0.230661	  0.273404	  0.181445	  0.314490	
  0.236240	  0.248352	  0.218077	  0.297331	
  0.240132	  0.254981	  0.252444	  0.252444	

URL http://cisbp.ccbr.utoronto.ca/TFreport.php?versionNumber=2.00&searchTF=T336216_2.00

MOTIF M00416_2.00 (DILT_0000318801)_(Mus_musculus)_(DBD_0.84)

letter-probability matrix: alength= 4 w= 8 nsites= 1 E= 0
  0.262564	  0.254804	  0.249759	  0.232873	
  0.275648	  0.244478	  0.251924	  0.227950	
  0.207360	  0.229168	  0.266256	  0.297216	
  0.311690	  0.111276	  0.242744	  0.334290	
  0.708550	  0.043957	  0.124365	  0.123128	
  0.169491	  0.597527	  0.115908	  0.117073	
  0.675885	  0.093319	  0.088768	  0.142028	
  0.337236	  0.221580	  0.120396	  0.320789	

URL http://cisbp.ccbr.utoronto.ca/TFreport.php?versionNumber=2.00&searchTF=T233647_2.00

MOTIF M00430_2.00 (DILT_0000634101)_(Mus_musculus)_(DBD_0.79)

letter-probability matrix: alength= 4 w= 7 nsites= 1 E= 0
  0.143815	  0.343274	  0.223303	  0.289608	
  0.074562	  0.321060	  0.036658	  0.567720	
  0.673560	  0.162809	  0.098749	  0.064882	
  0.883750	  0.060593	  0.022069	  0.033588	
  0.044040	  0.070464	  0.000928	  0.884568	
  0.163964	  0.310956	  0.088204	  0.436876	
  0.481574	  0.126098	  0.155564	  0.236763	

URL http://cisbp.ccbr.utoronto.ca/TFreport.php?versionNumber=2.00&searchTF=T233658_2.00

MOTIF M00433_2.00 (DILT_0000516201)_(Mus_musculus)_(DBD_0.75)

letter-probability matrix: alength= 4 w= 9 nsites= 1 E= 0
  0.239869	  0.317378	  0.190584	  0.252168	
  0.133763	  0.050707	  0.022333	  0.793196	
  0.850989	  0.020830	  0.051749	  0.076432	
  0.959274	  0.011777	  0.004509	  0.024439	
  0.324957	  0.077765	  0.136141	  0.461136	
  0.139125	  0.306548	  0.136371	  0.417956	
  0.193728	  0.061958	  0.611831	  0.132483	
  0.201560	  0.269370	  0.319285	  0.209785	
  0.174474	  0.290550	  0.187125	  0.347851	

URL http://cisbp.ccbr.utoronto.ca/TFreport.php?versionNumber=2.00&searchTF=T233653_2.00

MOTIF M00437_2.00 (DILT_0001349701)_(Mus_musculus)_(DBD_0.98)

letter-probability matrix: alength= 4 w= 9 nsites= 1 E= 0
  0.279714	  0.187498	  0.226732	  0.306056	
  0.133384	  0.136078	  0.089410	  0.641128	
  0.028209	  0.031489	  0.906531	  0.033772	
  0.787150	  0.003969	  0.102352	  0.106529	
  0.042661	  0.891832	  0.004969	  0.060538	
  0.758156	  0.019315	  0.172585	  0.049943	
  0.174931	  0.152077	  0.461457	  0.211535	
  0.174360	  0.324123	  0.333994	  0.167523	
  0.196701	  0.255107	  0.167617	  0.380575	

URL http://cisbp.ccbr.utoronto.ca/TFreport.php?versionNumber=2.00&searchTF=T233677_2.00

MOTIF M00442_2.00 (DILT_0000810401)_(Mus_musculus)_(DBD_0.91)

letter-probability matrix: alength= 4 w= 10 nsites= 1 E= 0
  0.232947	  0.273366	  0.293187	  0.200499	
  0.212847	  0.340554	  0.181376	  0.265223	
  0.136717	  0.049300	  0.011335	  0.802648	
  0.797526	  0.087489	  0.088368	  0.026616	
  0.889584	  0.000658	  0.045639	  0.064120	
  0.150641	  0.058844	  0.122107	  0.668408	
  0.186789	  0.142591	  0.242253	  0.428367	
  0.315574	  0.091322	  0.456867	  0.136237	
  0.212950	  0.281760	  0.314523	  0.190768	
  0.193573	  0.288776	  0.231748	  0.285903	

URL http://cisbp.ccbr.utoronto.ca/TFreport.php?versionNumber=2.00&searchTF=T233663_2.00

MOTIF M00443_2.00 (DILT_0000544101)_(Mus_musculus)_(DBD_0.67)

letter-probability matrix: alength= 4 w= 8 nsites= 1 E= 0
  0.205661	  0.300734	  0.189849	  0.303757	
  0.125034	  0.075837	  0.035114	  0.764015	
  0.752473	  0.068263	  0.113678	  0.065586	
  0.947059	  0.000567	  0.020767	  0.031606	
  0.052681	  0.078591	  0.069010	  0.799717	
  0.162578	  0.134445	  0.157773	  0.545203	
  0.352715	  0.124669	  0.349206	  0.173410	
  0.314813	  0.200734	  0.311680	  0.172773	

URL http://cisbp.ccbr.utoronto.ca/TFreport.php?versionNumber=2.00&searchTF=T233655_2.00

MOTIF M00450_2.00 (DILT_0001274301)_(Mus_musculus)_(DBD_0.75)

letter-probability matrix: alength= 4 w= 9 nsites= 1 E= 0
  0.196325	  0.259764	  0.216973	  0.326938	
  0.168024	  0.144619	  0.100897	  0.586460	
  0.700378	  0.000665	  0.217374	  0.081583	
  0.964678	  0.000287	  0.006765	  0.028270	
  0.099760	  0.022937	  0.086727	  0.790576	
  0.079382	  0.133523	  0.297160	  0.489935	
  0.592997	  0.034302	  0.309572	  0.063130	
  0.209422	  0.321935	  0.297183	  0.171460	
  0.160609	  0.343427	  0.206226	  0.289737	

URL http://cisbp.ccbr.utoronto.ca/TFreport.php?versionNumber=2.00&searchTF=T233674_2.00

MOTIF M00456_2.00 (DILT_0000999901)_(Mus_musculus)_(DBD_0.96)

letter-probability matrix: alength= 4 w= 7 nsites= 1 E= 0
  0.269032	  0.253365	  0.248348	  0.229254	
  0.209966	  0.234381	  0.275048	  0.280605	
  0.313154	  0.102176	  0.248811	  0.335860	
  0.666829	  0.048064	  0.125529	  0.159578	
  0.143545	  0.599832	  0.118706	  0.137917	
  0.632454	  0.122683	  0.099445	  0.145417	
  0.306208	  0.255767	  0.134864	  0.303161	

URL http://cisbp.ccbr.utoronto.ca/TFreport.php?versionNumber=2.00&searchTF=T233667_2.00

MOTIF M00483_2.00 (DILT_0000757601)_(Mus_musculus)_(DBD_0.96)

letter-probability matrix: alength= 4 w= 7 nsites= 1 E= 0
  0.247356	  0.242458	  0.265291	  0.244895	
  0.187686	  0.245862	  0.203318	  0.363134	
  0.206531	  0.145540	  0.437226	  0.210703	
  0.818609	  0.111900	  0.033704	  0.035788	
  0.126658	  0.170970	  0.099632	  0.602740	
  0.539508	  0.337193	  0.043409	  0.079890	
  0.146793	  0.419484	  0.179294	  0.254430	

URL http://cisbp.ccbr.utoronto.ca/TFreport.php?versionNumber=2.00&searchTF=T233661_2.00

MOTIF M00504_2.00 (DILT_0000534401)_(Mus_musculus)_(DBD_0.72)

letter-probability matrix: alength= 4 w= 9 nsites= 1 E= 0
  0.187953	  0.312996	  0.166699	  0.332351	
  0.123462	  0.059498	  0.023949	  0.793091	
  0.836264	  0.023546	  0.099379	  0.040811	
  0.958798	  0.008548	  0.007734	  0.024920	
  0.020845	  0.118761	  0.058388	  0.802005	
  0.122114	  0.113858	  0.421979	  0.342049	
  0.445655	  0.068686	  0.354088	  0.131571	
  0.186220	  0.326010	  0.277808	  0.209962	
  0.215548	  0.296837	  0.224345	  0.263271	

URL http://cisbp.ccbr.utoronto.ca/TFreport.php?versionNumber=2.00&searchTF=T233654_2.00

MOTIF M00556_2.00 (DILT_0000247801)_(Drosophila_melanogaster)_(DBD_0.63)

letter-probability matrix: alength= 4 w= 10 nsites= 1 E= 0
  0.225403	  0.225403	  0.323790	  0.225403	
  0.125576	  0.231347	  0.418331	  0.224745	
  0.000115	  0.000115	  0.000115	  0.999655	
  0.999655	  0.000115	  0.000115	  0.000115	
  0.999655	  0.000115	  0.000115	  0.000115	
  0.000115	  0.000115	  0.000115	  0.999655	
  0.000115	  0.000115	  0.000115	  0.999655	
  0.999655	  0.000115	  0.000115	  0.000115	
  0.322805	  0.120694	  0.531790	  0.024712	
  0.219817	  0.229876	  0.223708	  0.326600	

URL http://cisbp.ccbr.utoronto.ca/TFreport.php?versionNumber=2.00&searchTF=T233644_2.00

MOTIF M00557_2.00 (DILT_0001041601)_(Drosophila_melanogaster)_(DBD_0.88)

letter-probability matrix: alength= 4 w= 9 nsites= 1 E= 0
  0.243483	  0.258539	  0.306448	  0.191530	
  0.206850	  0.317982	  0.181634	  0.293534	
  0.110856	  0.033389	  0.011684	  0.844070	
  0.894610	  0.051233	  0.053860	  0.000297	
  0.947543	  0.000984	  0.023427	  0.028047	
  0.139344	  0.033346	  0.087090	  0.740219	
  0.192569	  0.124022	  0.232864	  0.450544	
  0.357775	  0.064709	  0.468673	  0.108843	
  0.187431	  0.305947	  0.291025	  0.215597	

URL http://cisbp.ccbr.utoronto.ca/TFreport.php?versionNumber=2.00&searchTF=T233668_2.00

MOTIF M00558_2.00 (DILT_0000701601)_(Drosophila_melanogaster)_(DBD_0.88)

letter-probability matrix: alength= 4 w= 9 nsites= 1 E= 0
  0.217791	  0.178312	  0.203067	  0.400830	
  0.182540	  0.115234	  0.102204	  0.600023	
  0.599068	  0.030126	  0.087827	  0.282979	
  0.818970	  0.020864	  0.080483	  0.079682	
  0.075605	  0.178667	  0.083557	  0.662171	
  0.132125	  0.112590	  0.370091	  0.385195	
  0.393154	  0.095986	  0.355740	  0.155120	
  0.161580	  0.381840	  0.236276	  0.220303	
  0.218514	  0.319529	  0.197719	  0.264238	

URL http://cisbp.ccbr.utoronto.ca/TFreport.php?versionNumber=2.00&searchTF=T233660_2.00

MOTIF M00617_2.00 (DILT_0000895101)_(Caenorhabditis_elegans)_(DBD_0.71)

letter-probability matrix: alength= 4 w= 9 nsites= 1 E= 0
  0.234890	  0.383414	  0.146807	  0.234890	
  0.194417	  0.478190	  0.094633	  0.232760	
  0.522892	  0.361180	  0.059703	  0.056226	
  0.008275	  0.985594	  0.000001	  0.006130	
  0.193067	  0.000000	  0.729993	  0.076941	
  0.000000	  0.999999	  0.000000	  0.000001	
  0.002831	  0.992854	  0.004308	  0.000007	
  0.001012	  0.806139	  0.003752	  0.189096	
  0.354676	  0.233039	  0.084877	  0.327408	

URL http://cisbp.ccbr.utoronto.ca/TFreport.php?versionNumber=2.00&searchTF=T153074_2.00

MOTIF M00622_2.00 (DILT_0001982301)_(Caenorhabditis_elegans)_(DBD_0.70)

letter-probability matrix: alength= 4 w= 8 nsites= 1 E= 0
  0.042013	  0.915557	  0.000416	  0.042013	
  0.133489	  0.233356	  0.566245	  0.066911	
  0.000303	  0.999092	  0.000303	  0.000303	
  0.000303	  0.999092	  0.000303	  0.000303	
  0.000303	  0.968826	  0.000303	  0.030569	
  0.575363	  0.333232	  0.091102	  0.000303	
  0.000303	  0.999092	  0.000303	  0.000303	
  0.166805	  0.083611	  0.665973	  0.083611	

URL http://cisbp.ccbr.utoronto.ca/TFreport.php?versionNumber=2.00&searchTF=T153111_2.00

MOTIF M00709_2.00 (DILT_0001462801)_(Caenorhabditis_elegans)_(DBD_0.27)

letter-probability matrix: alength= 4 w= 10 nsites= 1 E= 0
  0.024359	  0.344783	  0.489270	  0.141587	
  0.001539	  0.003099	  0.993346	  0.002016	
  0.000668	  0.000452	  0.000227	  0.998653	
  0.160313	  0.168532	  0.001255	  0.669900	
  0.235732	  0.003829	  0.701133	  0.059305	
  0.005979	  0.827350	  0.002939	  0.163732	
  0.003918	  0.189727	  0.029241	  0.777114	
  0.959730	  0.009085	  0.023966	  0.007219	
  0.255327	  0.111335	  0.308754	  0.324584	
  0.006985	  0.084248	  0.883392	  0.025375	

URL http://cisbp.ccbr.utoronto.ca/TFreport.php?versionNumber=2.00&searchTF=T319179_2.00

MOTIF M01478_2.00 (DILT_0000398401)_(Mus_musculus)_(DBD_0.69)

letter-probability matrix: alength= 4 w= 10 nsites= 1 E= 0
  0.259502	  0.251832	  0.278318	  0.210348	
  0.409997	  0.140632	  0.261426	  0.187945	
  0.135358	  0.582846	  0.206010	  0.075787	
  0.163979	  0.772583	  0.035507	  0.027931	
  0.039875	  0.037930	  0.876329	  0.045867	
  0.047517	  0.012821	  0.916990	  0.022671	
  0.910702	  0.016848	  0.052679	  0.019771	
  0.580099	  0.084200	  0.041813	  0.293888	
  0.279024	  0.153131	  0.498347	  0.069498	
  0.147561	  0.282659	  0.122027	  0.447753	

URL http://cisbp.ccbr.utoronto.ca/TFreport.php?versionNumber=2.00&searchTF=T178431_2.00

MOTIF M01492_2.00 (DILT_0000438001)_(Mus_musculus)_(DBD_0.57)

letter-probability matrix: alength= 4 w= 10 nsites= 1 E= 0
  0.352704	  0.187847	  0.218248	  0.241201	
  0.295417	  0.283834	  0.188366	  0.232383	
  0.200864	  0.429503	  0.247802	  0.121830	
  0.289523	  0.522297	  0.118894	  0.069286	
  0.138981	  0.013254	  0.791822	  0.055943	
  0.109863	  0.063386	  0.772195	  0.054556	
  0.902087	  0.004458	  0.007424	  0.086031	
  0.789723	  0.012203	  0.005268	  0.192806	
  0.278298	  0.168796	  0.445276	  0.107629	
  0.208426	  0.254572	  0.121460	  0.415542	

URL http://cisbp.ccbr.utoronto.ca/TFreport.php?versionNumber=2.00&searchTF=T178433_2.00

MOTIF M01658_2.00 (DILT_0000890201)_(Microcebus_murinus)_(DBD_0.87)

letter-probability matrix: alength= 4 w= 9 nsites= 1 E= 0
  0.249746	  0.228250	  0.225979	  0.296025	
  0.367305	  0.115145	  0.222782	  0.294769	
  0.999306	  0.000101	  0.000207	  0.000386	
  0.011416	  0.010644	  0.010125	  0.967814	
  0.260879	  0.312329	  0.049110	  0.377683	
  0.725817	  0.056673	  0.102237	  0.115272	
  0.636466	  0.102098	  0.122233	  0.139203	
  0.489639	  0.107090	  0.176561	  0.226709	
  0.310029	  0.225127	  0.184318	  0.280526	

URL http://cisbp.ccbr.utoronto.ca/TFreport.php?versionNumber=2.00&searchTF=T016520_2.00

MOTIF M01718_2.00 (DILT_0001206901)_(Mus_musculus)_(DBD_0.88)

letter-probability matrix: alength= 4 w= 10 nsites= 1 E= 0
  0.365483	  0.272271	  0.181123	  0.181123	
  0.744728	  0.154736	  0.050268	  0.050268	
  0.000139	  0.999582	  0.000139	  0.000139	
  0.999582	  0.000139	  0.000139	  0.000139	
  0.000139	  0.210614	  0.000139	  0.789108	
  0.782721	  0.000139	  0.217001	  0.000139	
  0.000139	  0.000139	  0.000139	  0.999582	
  0.000139	  0.000139	  0.999582	  0.000139	
  0.069016	  0.069016	  0.579511	  0.282456	
  0.199871	  0.298430	  0.199871	  0.301828	

URL http://cisbp.ccbr.utoronto.ca/TFreport.php?versionNumber=2.00&searchTF=T053814_2.00

MOTIF M01729_2.00 (DILT_0000047901)_(Mus_musculus)_(DBD_0.89)

letter-probability matrix: alength= 4 w= 10 nsites= 1 E= 0
  0.412746	  0.175491	  0.236272	  0.175491	
  0.413869	  0.220536	  0.298563	  0.067033	
  0.000046	  0.999862	  0.000046	  0.000046	
  0.999862	  0.000046	  0.000046	  0.000046	
  0.000046	  0.000046	  0.000046	  0.999862	
  0.999862	  0.000046	  0.000046	  0.000046	
  0.000046	  0.000046	  0.000046	  0.999862	
  0.000046	  0.000046	  0.999862	  0.000046	
  0.074555	  0.134874	  0.651658	  0.138914	
  0.183013	  0.272775	  0.183013	  0.361199	

URL http://cisbp.ccbr.utoronto.ca/TFreport.php?versionNumber=2.00&searchTF=T053804_2.00

MOTIF M01971_2.00 (DILT_0000129501)_(Tetraodon_nigroviridis)_(DBD_0.75)

letter-probability matrix: alength= 4 w= 8 nsites= 1 E= 0
  0.001420	  0.995739	  0.001420	  0.001420	
  0.001106	  0.996681	  0.001106	  0.001106	
  0.001106	  0.001106	  0.996681	  0.001106	
  0.001106	  0.001106	  0.996681	  0.001106	
  0.996681	  0.001106	  0.001106	  0.001106	
  0.886062	  0.001106	  0.001106	  0.111726	
  0.222345	  0.001106	  0.775442	  0.001106	
  0.001656	  0.167219	  0.001656	  0.829470	

URL http://cisbp.ccbr.utoronto.ca/TFreport.php?versionNumber=2.00&searchTF=T178430_2.00

MOTIF M01972_2.00 (DILT_0000506501)_(Drosophila_melanogaster)_(DBD_0.86)

letter-probability matrix: alength= 4 w= 8 nsites= 1 E= 0
  0.001244	  0.996269	  0.001244	  0.001244	
  0.000996	  0.997012	  0.000996	  0.000996	
  0.000996	  0.000996	  0.997012	  0.000996	
  0.000996	  0.000996	  0.997012	  0.000996	
  0.997012	  0.000996	  0.000996	  0.000996	
  0.897410	  0.000996	  0.000996	  0.100598	
  0.332965	  0.001106	  0.664823	  0.001106	
  0.001420	  0.285511	  0.001420	  0.711648	

URL http://cisbp.ccbr.utoronto.ca/TFreport.php?versionNumber=2.00&searchTF=T178434_2.00

MOTIF M01987_2.00 (DILT_0000022601)_(Strongylocentrotus_purpuratus)_(DBD_0.63)

letter-probability matrix: alength= 4 w= 9 nsites= 1 E= 0
  0.233668	  0.224506	  0.348592	  0.193234	
  0.280037	  0.209542	  0.191507	  0.318914	
  0.404308	  0.290666	  0.110187	  0.194839	
  0.447462	  0.238314	  0.104961	  0.209263	
  0.768976	  0.018266	  0.173306	  0.039451	
  0.016176	  0.708777	  0.031930	  0.243117	
  0.578790	  0.107871	  0.169176	  0.144162	
  0.340778	  0.228430	  0.226157	  0.204635	
  0.301280	  0.239377	  0.210196	  0.249146	

URL http://cisbp.ccbr.utoronto.ca/TFreport.php?versionNumber=2.00&searchTF=T190450_2.00

MOTIF M01988_2.00 (DILT_0000033401)_(Strongylocentrotus_purpuratus)_(DBD_0.75)

letter-probability matrix: alength= 4 w= 10 nsites= 1 E= 0
  0.321884	  0.201178	  0.236085	  0.240854	
  0.216367	  0.234387	  0.239122	  0.310124	
  0.297171	  0.182055	  0.409243	  0.111532	
  0.279854	  0.144643	  0.132194	  0.443309	
  0.472247	  0.313407	  0.069235	  0.145111	
  0.572460	  0.196359	  0.062174	  0.169007	
  0.751021	  0.048981	  0.135834	  0.064163	
  0.037542	  0.655546	  0.026722	  0.280190	
  0.680835	  0.057015	  0.121915	  0.140235	
  0.359328	  0.213628	  0.193298	  0.233746	

URL http://cisbp.ccbr.utoronto.ca/TFreport.php?versionNumber=2.00&searchTF=T190451_2.00

MOTIF M02132_2.00 (DILT_0000254701)_(Fusarium_graminearum)_(DBD_0.40)

letter-probability matrix: alength= 4 w= 11 nsites= 1 E= 0
  0.227301	  0.227301	  0.227301	  0.318098	
  0.166123	  0.244123	  0.423631	  0.166123	
  0.134747	  0.044275	  0.215150	  0.605828	
  0.999540	  0.000153	  0.000153	  0.000153	
  0.000153	  0.999540	  0.000153	  0.000153	
  0.999540	  0.000153	  0.000153	  0.000153	
  0.000153	  0.000153	  0.000153	  0.999540	
  0.000153	  0.000153	  0.999540	  0.000153	
  0.022853	  0.097620	  0.022853	  0.856675	
  0.233342	  0.508125	  0.084030	  0.174502	
  0.295782	  0.205878	  0.292461	  0.205878	

URL http://cisbp.ccbr.utoronto.ca/TFreport.php?versionNumber=2.00&searchTF=T233645_2.00

MOTIF M02422_2.00 (DILT_0001090901)_(Brugia_pahangi)_(DBD_0.64)

letter-probability matrix: alength= 4 w= 8 nsites= 1 E= 0
  0.277757	  0.222243	  0.259252	  0.240748	
  0.587331	  0.000125	  0.412419	  0.000125	
  0.000107	  0.000107	  0.999678	  0.000107	
  0.000107	  0.000107	  0.999678	  0.000107	
  0.000107	  0.000107	  0.000107	  0.999678	
  0.000107	  0.999678	  0.000107	  0.000107	
  0.988929	  0.000107	  0.010856	  0.000107	
  0.338407	  0.276907	  0.138530	  0.246156	

URL http://cisbp.ccbr.utoronto.ca/TFreport.php?versionNumber=2.00&searchTF=T308493_2.00

MOTIF M02425_2.00 (DILT_0001709501)_(Danio_rerio)_(DBD_0.72)

letter-probability matrix: alength= 4 w= 10 nsites= 1 E= 0
  0.160399	  0.501531	  0.057264	  0.280806	
  0.488862	  0.167684	  0.242761	  0.100693	
  0.231052	  0.247805	  0.305712	  0.215431	
  0.015981	  0.317798	  0.063524	  0.602697	
  0.084598	  0.458476	  0.406631	  0.050295	
  0.622700	  0.008620	  0.258285	  0.110395	
  0.394790	  0.162123	  0.126261	  0.316826	
  0.085544	  0.336647	  0.522715	  0.055094	
  0.064856	  0.751575	  0.036313	  0.147256	
  0.306352	  0.055965	  0.575210	  0.062473	

URL http://cisbp.ccbr.utoronto.ca/TFreport.php?versionNumber=2.00&searchTF=T312596_2.00

MOTIF M02428_2.00 (DILT_0000442801)_(Xenopus_tropicalis)_(DBD_0.76)

letter-probability matrix: alength= 4 w= 10 nsites= 1 E= 0
  0.222713	  0.253632	  0.277518	  0.246136	
  0.140039	  0.276420	  0.317959	  0.265582	
  0.166053	  0.245257	  0.273775	  0.314916	
  0.354301	  0.092772	  0.419954	  0.132973	
  0.263114	  0.226464	  0.279384	  0.231039	
  0.094766	  0.249988	  0.317797	  0.337449	
  0.039887	  0.710554	  0.137833	  0.111726	
  0.631272	  0.018133	  0.244139	  0.106457	
  0.160583	  0.307602	  0.188445	  0.343370	
  0.177496	  0.242002	  0.307645	  0.272857	

URL http://cisbp.ccbr.utoronto.ca/TFreport.php?versionNumber=2.00&searchTF=T312593_2.00

MOTIF M02452_2.00 (DILT_0000443401)_(Schistosoma_mansoni)_(DBD_0.89)

letter-probability matrix: alength= 4 w= 8 nsites= 1 E= 0
  0.001420	  0.001420	  0.995739	  0.001420	
  0.001420	  0.001420	  0.001420	  0.995739	
  0.001420	  0.001420	  0.001420	  0.995739	
  0.001420	  0.001420	  0.995739	  0.001420	
  0.001420	  0.995739	  0.001420	  0.001420	
  0.001420	  0.143466	  0.001420	  0.853693	
  0.995739	  0.001420	  0.001420	  0.001420	
  0.250000	  0.002475	  0.250000	  0.497525	

URL http://cisbp.ccbr.utoronto.ca/TFreport.php?versionNumber=2.00&searchTF=T319177_2.00

MOTIF M02457_2.00 (DILT_0000572101)_(Schistosoma_mansoni)_(DBD_0.75)

letter-probability matrix: alength= 4 w= 11 nsites= 1 E= 0
  0.303907	  0.232031	  0.232031	  0.232031	
  0.314070	  0.127384	  0.127384	  0.431163	
  0.795729	  0.038813	  0.126645	  0.038813	
  0.999493	  0.000169	  0.000169	  0.000169	
  0.000169	  0.999493	  0.000169	  0.000169	
  0.000169	  0.999493	  0.000169	  0.000169	
  0.158657	  0.000169	  0.841005	  0.000169	
  0.000169	  0.999493	  0.000169	  0.000169	
  0.945586	  0.018138	  0.018138	  0.018138	
  0.510000	  0.122785	  0.244430	  0.122785	
  0.211356	  0.288116	  0.211356	  0.289173	

URL http://cisbp.ccbr.utoronto.ca/TFreport.php?versionNumber=2.00&searchTF=T319803_2.00

MOTIF M02527_2.00 (DILT_0001152301)_(Gallus_gallus)_(DBD_0.40)

letter-probability matrix: alength= 4 w= 9 nsites= 1 E= 0
  0.349676	  0.158972	  0.248680	  0.242672	
  0.685347	  0.000206	  0.210663	  0.103784	
  0.000206	  0.000206	  0.000206	  0.999383	
  0.000206	  0.000206	  0.000206	  0.999383	
  0.000206	  0.561674	  0.000206	  0.437915	
  0.787598	  0.000206	  0.211990	  0.000206	
  0.999383	  0.000206	  0.000206	  0.000206	
  0.999383	  0.000206	  0.000206	  0.000206	
  0.285406	  0.211983	  0.091233	  0.411378	

URL http://cisbp.ccbr.utoronto.ca/TFreport.php?versionNumber=2.00&searchTF=T346265_2.00

MOTIF M02533_2.00 (DILT_0000726701)_(Ostreococcus_tauri)_(DBD_0.23)

letter-probability matrix: alength= 4 w= 9 nsites= 1 E= 0
  0.271308	  0.265936	  0.240628	  0.222128	
  0.288149	  0.231245	  0.271368	  0.209239	
  0.224414	  0.180096	  0.250508	  0.344982	
  0.163222	  0.233951	  0.201364	  0.401462	
  0.190314	  0.371918	  0.175682	  0.262086	
  0.430856	  0.117422	  0.378333	  0.073389	
  0.461800	  0.159993	  0.089580	  0.288626	
  0.502170	  0.131491	  0.234848	  0.131491	
  0.240171	  0.279039	  0.181518	  0.299272	

URL http://cisbp.ccbr.utoronto.ca/TFreport.php?versionNumber=2.00&searchTF=T346264_2.00

MOTIF M02698_2.00 (DILT_0001526101)_(Arabidopsis_thaliana)_(DBD_0.92)

letter-probability matrix: alength= 4 w= 11 nsites= 1 E= 0
  0.140000	  0.450000	  0.230000	  0.180000	
  0.160000	  0.270000	  0.550000	  0.020000	
  0.000000	  0.919192	  0.040404	  0.040404	
  0.000000	  0.050000	  0.930000	  0.020000	
  0.040404	  0.939394	  0.000000	  0.020202	
  0.040404	  0.020202	  0.020202	  0.919192	
  0.080808	  0.000000	  0.858586	  0.060606	
  0.960000	  0.000000	  0.020000	  0.020000	
  0.040000	  0.040000	  0.920000	  0.000000	
  0.020000	  0.550000	  0.260000	  0.170000	
  0.151515	  0.323232	  0.242424	  0.282828	

URL http://cisbp.ccbr.utoronto.ca/TFreport.php?versionNumber=2.00&searchTF=T291519_2.00

MOTIF M03042_2.00 (DILT_0000441401)_(Homo_sapiens)_(DBD_0.81)

letter-probability matrix: alength= 4 w= 14 nsites= 1 E= 0
  0.352201	  0.150314	  0.179874	  0.317610	
  0.393060	  0.076223	  0.511377	  0.019340	
  0.134047	  0.141598	  0.040277	  0.684078	
  0.594837	  0.297419	  0.000000	  0.107744	
  0.914796	  0.039724	  0.008636	  0.036845	
  0.951497	  0.009581	  0.000000	  0.038922	
  0.000000	  0.262264	  0.000000	  0.737736	
  0.683718	  0.000000	  0.307548	  0.008734	
  0.095106	  0.007230	  0.013904	  0.883760	
  0.053819	  0.009838	  0.016782	  0.919560	
  0.453172	  0.008459	  0.031420	  0.506949	
  0.359119	  0.030818	  0.228931	  0.381132	
  0.014827	  0.366831	  0.112576	  0.505766	
  0.244025	  0.160377	  0.198742	  0.396855	

URL http://cisbp.ccbr.utoronto.ca/TFreport.php?versionNumber=2.00&searchTF=T190455_2.00

MOTIF M03087_2.00 (DILT_0000026701)_(Homo_sapiens)_(DBD_0.52)

letter-probability matrix: alength= 4 w= 8 nsites= 1 E= 0
  0.050776	  0.567735	  0.037679	  0.343811	
  0.096070	  0.163832	  0.029930	  0.710167	
  0.886769	  0.040902	  0.036132	  0.036197	
  0.970260	  0.011009	  0.012296	  0.006434	
  0.012245	  0.014168	  0.007333	  0.966254	
  0.055381	  0.046932	  0.060685	  0.837003	
  0.722030	  0.027451	  0.177528	  0.072990	
  0.193501	  0.261956	  0.269545	  0.274998	

URL http://cisbp.ccbr.utoronto.ca/TFreport.php?versionNumber=2.00&searchTF=T233640_2.00

MOTIF M03168_2.00 (DILT_0001226501)_(Homo_sapiens)_(DBD_0.55)

letter-probability matrix: alength= 4 w= 8 nsites= 1 E= 0
  0.072612	  0.450780	  0.073912	  0.402697	
  0.096614	  0.141577	  0.014371	  0.747439	
  0.795066	  0.130619	  0.028606	  0.045709	
  0.940555	  0.027395	  0.008236	  0.023814	
  0.050778	  0.014703	  0.036416	  0.898102	
  0.063239	  0.039960	  0.242873	  0.653928	
  0.742999	  0.012306	  0.188402	  0.056294	
  0.185954	  0.363723	  0.177579	  0.272745	

URL http://cisbp.ccbr.utoronto.ca/TFreport.php?versionNumber=2.00&searchTF=T233673_2.00

MOTIF M03379_2.00 (DILT_0000144801)_(Homo_sapiens)_(DBD_0.66)

letter-probability matrix: alength= 4 w= 18 nsites= 1 E= 0
  0.304978	  0.118025	  0.389497	  0.187500	
  0.002117	  0.037165	  0.000627	  0.960091	
  0.024157	  0.085087	  0.865648	  0.025108	
  0.741742	  0.025419	  0.031259	  0.201580	
  0.001361	  0.998015	  0.000284	  0.000340	
  0.000287	  0.998796	  0.000287	  0.000630	
  0.000520	  0.169043	  0.001783	  0.828654	
  0.026729	  0.331426	  0.189825	  0.452020	
  0.874831	  0.019162	  0.104348	  0.001658	
  0.001264	  0.127408	  0.017925	  0.853403	
  0.392329	  0.334357	  0.253823	  0.019491	
  0.777784	  0.004550	  0.216907	  0.000758	
  0.000601	  0.004137	  0.994529	  0.000734	
  0.000800	  0.004601	  0.992332	  0.002267	
  0.191967	  0.015968	  0.009567	  0.782499	
  0.004421	  0.966368	  0.012211	  0.017000	
  0.945331	  0.002315	  0.048752	  0.003602	
  0.256156	  0.423102	  0.136135	  0.184607	

URL http://cisbp.ccbr.utoronto.ca/TFreport.php?versionNumber=2.00&searchTF=T308489_2.00

MOTIF M03666_2.00 (DILT_0000061901)_(Drosophila_melanogaster)_(DBD_0.78)

letter-probability matrix: alength= 4 w= 14 nsites= 1 E= 0
  0.095106	  0.015641	  0.039102	  0.850151	
  0.000593	  0.000000	  0.999407	  0.000000	
  0.000000	  1.000000	  0.000000	  0.000000	
  0.604376	  0.152618	  0.000538	  0.242468	
  0.000000	  0.326965	  0.670647	  0.002388	
  0.001481	  0.000000	  0.000000	  0.998519	
  0.000000	  0.000889	  0.999111	  0.000000	
  0.999703	  0.000297	  0.000000	  0.000000	
  0.000000	  0.000000	  0.000000	  1.000000	
  0.000297	  0.000000	  0.000000	  0.999703	
  0.000296	  0.002368	  0.000000	  0.997336	
  0.896277	  0.016223	  0.054255	  0.033245	
  0.064089	  0.026483	  0.016949	  0.892479	
  0.088359	  0.168286	  0.125573	  0.617782	

URL http://cisbp.ccbr.utoronto.ca/TFreport.php?versionNumber=2.00&searchTF=T153056_2.00

MOTIF M03716_2.00 (DILT_0001350901)_(Drosophila_melanogaster)_(DBD_0.79)

letter-probability matrix: alength= 4 w= 14 nsites= 1 E= 0
  0.360100	  0.193048	  0.199210	  0.247641	
  0.256692	  0.265839	  0.218756	  0.258714	
  0.193215	  0.442108	  0.252895	  0.111783	
  0.352083	  0.000745	  0.644813	  0.002359	
  0.959889	  0.003789	  0.034473	  0.001848	
  0.001436	  0.003062	  0.001531	  0.993971	
  0.013441	  0.962736	  0.002874	  0.020949	
  0.351063	  0.015662	  0.625625	  0.007650	
  0.953019	  0.011654	  0.019637	  0.015691	
  0.020653	  0.012539	  0.009220	  0.957588	
  0.728791	  0.052768	  0.073188	  0.145253	
  0.447675	  0.198710	  0.112063	  0.241552	
  0.252840	  0.221645	  0.158675	  0.366840	
  0.262469	  0.237050	  0.219911	  0.280570	

URL http://cisbp.ccbr.utoronto.ca/TFreport.php?versionNumber=2.00&searchTF=T167543_2.00

MOTIF M03721_2.00 (DILT_0000082701)_(Drosophila_melanogaster)_(DBD_0.75)

letter-probability matrix: alength= 4 w= 18 nsites= 1 E= 0
  0.108936	  0.325579	  0.338626	  0.226859	
  0.450665	  0.053172	  0.069059	  0.427105	
  0.954636	  0.001880	  0.007756	  0.035727	
  0.097600	  0.050393	  0.043024	  0.808983	
  0.001117	  0.090279	  0.001006	  0.907598	
  0.000737	  0.997299	  0.000737	  0.001228	
  0.001340	  0.989403	  0.001949	  0.007308	
  0.000859	  0.996443	  0.001963	  0.000736	
  0.333867	  0.225040	  0.024129	  0.416964	
  0.419621	  0.027942	  0.230059	  0.322378	
  0.001227	  0.000736	  0.996443	  0.001595	
  0.005976	  0.001951	  0.990731	  0.001342	
  0.001228	  0.000123	  0.997421	  0.001228	
  0.917542	  0.000904	  0.080086	  0.001468	
  0.804735	  0.042897	  0.057064	  0.095304	
  0.039423	  0.006218	  0.001291	  0.953068	
  0.432318	  0.071421	  0.048228	  0.448033	
  0.220512	  0.337232	  0.342526	  0.099729	

URL http://cisbp.ccbr.utoronto.ca/TFreport.php?versionNumber=2.00&searchTF=T174919_2.00

MOTIF M03726_2.00 (DILT_0001569401)_(Drosophila_melanogaster)_(DBD_0.82)

letter-probability matrix: alength= 4 w= 11 nsites= 1 E= 0
  0.239657	  0.129977	  0.550351	  0.080016	
  0.651665	  0.017290	  0.139080	  0.191965	
  0.006142	  0.983877	  0.008061	  0.001919	
  0.000000	  0.994182	  0.000000	  0.005818	
  0.001936	  0.001549	  0.992641	  0.003873	
  0.003673	  0.005008	  0.855760	  0.135559	
  0.916995	  0.079070	  0.003936	  0.000000	
  0.932678	  0.003639	  0.000000	  0.063683	
  0.178628	  0.003828	  0.817544	  0.000000	
  0.002717	  0.211893	  0.011772	  0.773619	
  0.212559	  0.245710	  0.385725	  0.156006	

URL http://cisbp.ccbr.utoronto.ca/TFreport.php?versionNumber=2.00&searchTF=T178436_2.00

MOTIF M03733_2.00 (DILT_0000398501)_(Drosophila_melanogaster)_(DBD_0.91)

letter-probability matrix: alength= 4 w= 10 nsites= 1 E= 0
  0.489442	  0.020648	  0.196152	  0.293759	
  0.122733	  0.822462	  0.054805	  0.000000	
  0.036183	  0.963817	  0.000000	  0.000000	
  0.000000	  0.000000	  1.000000	  0.000000	
  0.000000	  0.000000	  0.504927	  0.495073	
  0.995329	  0.004671	  0.000000	  0.000000	
  0.886808	  0.013317	  0.000000	  0.099875	
  0.080370	  0.015704	  0.903926	  0.000000	
  0.000000	  0.333231	  0.009864	  0.656905	
  0.252933	  0.142187	  0.428907	  0.175974	

URL http://cisbp.ccbr.utoronto.ca/TFreport.php?versionNumber=2.00&searchTF=T178432_2.00

MOTIF M03761_2.00 (DILT_0001501901)_(Drosophila_melanogaster)_(DBD_0.71)

letter-probability matrix: alength= 4 w= 8 nsites= 1 E= 0
  0.223431	  0.206679	  0.466469	  0.103420	
  0.308898	  0.477701	  0.025315	  0.188086	
  0.000000	  0.000000	  1.000000	  0.000000	
  0.999515	  0.000485	  0.000000	  0.000000	
  0.000000	  0.000000	  0.000000	  1.000000	
  0.999946	  0.000054	  0.000000	  0.000000	
  1.000000	  0.000000	  0.000000	  0.000000	
  0.024249	  0.421465	  0.504790	  0.049496	

URL http://cisbp.ccbr.utoronto.ca/TFreport.php?versionNumber=2.00&searchTF=T197456_2.00

MOTIF M03764_2.00 (DILT_0000717101)_(Drosophila_melanogaster)_(DBD_0.63)

letter-probability matrix: alength= 4 w= 21 nsites= 1 E= 0
  0.141935	  0.245161	  0.124194	  0.488710	
  0.942817	  0.034868	  0.018131	  0.004184	
  0.005658	  0.004243	  0.002829	  0.987270	
  0.174174	  0.012012	  0.807808	  0.006006	
  0.027961	  0.924342	  0.032895	  0.014803	
  0.067588	  0.006144	  0.788018	  0.138249	
  0.001712	  0.005137	  0.988014	  0.005137	
  0.006897	  0.000000	  0.984483	  0.008621	
  0.042296	  0.244713	  0.058912	  0.654079	
  0.405239	  0.155624	  0.334361	  0.104777	
  0.141880	  0.420513	  0.329915	  0.107692	
  0.098009	  0.349158	  0.174579	  0.378254	
  0.667185	  0.038880	  0.241058	  0.052877	
  0.011824	  0.974662	  0.010135	  0.003378	
  0.000000	  0.993255	  0.005059	  0.001686	
  0.127358	  0.828616	  0.006289	  0.037736	
  0.005059	  0.042159	  0.934233	  0.018550	
  0.015291	  0.831804	  0.009174	  0.143731	
  0.997151	  0.001425	  0.001425	  0.000000	
  0.006906	  0.006906	  0.027624	  0.958564	
  0.538341	  0.162754	  0.206573	  0.092332	

URL http://cisbp.ccbr.utoronto.ca/TFreport.php?versionNumber=2.00&searchTF=T198240_2.00

MOTIF M03784_2.00 (DILT_0001366401)_(Drosophila_melanogaster)_(DBD_0.90)

letter-probability matrix: alength= 4 w= 10 nsites= 1 E= 0
  0.146262	  0.379283	  0.368536	  0.105919	
  0.153738	  0.323053	  0.300935	  0.222274	
  0.030549	  0.058972	  0.057777	  0.852703	
  0.801899	  0.040220	  0.146890	  0.010992	
  0.949985	  0.000296	  0.049719	  0.000000	
  0.000000	  0.298437	  0.000000	  0.701563	
  0.000000	  0.072663	  0.652439	  0.274898	
  0.595934	  0.021999	  0.338160	  0.043906	
  0.099271	  0.351498	  0.157931	  0.391299	
  0.202492	  0.236293	  0.419003	  0.142212	

URL http://cisbp.ccbr.utoronto.ca/TFreport.php?versionNumber=2.00&searchTF=T233678_2.00

MOTIF M03857_2.00 (DILT_0000923301)_(Drosophila_melanogaster)_(DBD_0.69)

letter-probability matrix: alength= 4 w= 8 nsites= 1 E= 0
  0.099376	  0.420088	  0.224392	  0.256145	
  0.000000	  0.000000	  0.000000	  1.000000	
  1.000000	  0.000000	  0.000000	  0.000000	
  1.000000	  0.000000	  0.000000	  0.000000	
  0.276753	  0.000000	  0.077319	  0.645928	
  0.007480	  0.242929	  0.163148	  0.586443	
  0.127911	  0.000000	  0.872089	  0.000000	
  0.150013	  0.464789	  0.242227	  0.142971	

URL http://cisbp.ccbr.utoronto.ca/TFreport.php?versionNumber=2.00&searchTF=T233666_2.00

MOTIF M03882_2.00 (DILT_0000300201)_(Drosophila_melanogaster)_(DBD_0.86)

letter-probability matrix: alength= 4 w= 8 nsites= 1 E= 0
  0.154208	  0.217775	  0.307946	  0.320071	
  0.060417	  0.189025	  0.096667	  0.653891	
  0.657382	  0.030950	  0.257660	  0.054008	
  0.993452	  0.006548	  0.000000	  0.000000	
  0.069987	  0.012309	  0.320110	  0.597594	
  0.000000	  0.224802	  0.060407	  0.714791	
  0.041841	  0.000000	  0.958159	  0.000000	
  0.168432	  0.362524	  0.240702	  0.228343	

URL http://cisbp.ccbr.utoronto.ca/TFreport.php?versionNumber=2.00&searchTF=T233646_2.00

MOTIF M03942_2.00 (DILT_0001817801)_(Drosophila_melanogaster)_(DBD_0.71)

letter-probability matrix: alength= 4 w= 9 nsites= 1 E= 0
  0.018087	  0.753585	  0.205165	  0.023163	
  0.981617	  0.000000	  0.018383	  0.000000	
  1.000000	  0.000000	  0.000000	  0.000000	
  0.000000	  0.000000	  1.000000	  0.000000	
  0.000000	  0.000000	  1.000000	  0.000000	
  0.175697	  0.216672	  0.023768	  0.583863	
  0.000000	  0.944251	  0.000000	  0.055749	
  0.555828	  0.001077	  0.437855	  0.005240	
  0.163677	  0.307541	  0.155791	  0.372992	

URL http://cisbp.ccbr.utoronto.ca/TFreport.php?versionNumber=2.00&searchTF=T308497_2.00

MOTIF M03981_2.00 (DILT_0000681301)_(Drosophila_melanogaster)_(DBD_0.85)

letter-probability matrix: alength= 4 w= 13 nsites= 1 E= 0
  0.754255	  0.009574	  0.074468	  0.161702	
  0.021299	  0.160809	  0.105431	  0.712460	
  0.000000	  0.049164	  0.027532	  0.923304	
  0.000000	  0.000000	  1.000000	  0.000000	
  0.007150	  0.000000	  0.033708	  0.959142	
  0.000000	  0.016032	  0.043086	  0.940882	
  0.029263	  0.947528	  0.023209	  0.000000	
  0.009221	  0.026639	  0.962090	  0.002049	
  0.036929	  0.006803	  0.912536	  0.043732	
  0.062009	  0.020961	  0.096943	  0.820087	
  0.058573	  0.042599	  0.816826	  0.082002	
  0.091587	  0.056443	  0.637913	  0.214058	
  0.126731	  0.139510	  0.253461	  0.480298	

URL http://cisbp.ccbr.utoronto.ca/TFreport.php?versionNumber=2.00&searchTF=T336217_2.00

MOTIF M04156_2.00 (DILT_0001058801)_(Homo_sapiens)_(DBD_0.89)

letter-probability matrix: alength= 4 w= 12 nsites= 1 E= 0
  0.684637	  0.158210	  0.092319	  0.064834	
  0.684497	  0.127833	  0.155938	  0.031732	
  0.001342	  0.986577	  0.012081	  0.000000	
  1.000000	  0.000000	  0.000000	  0.000000	
  0.000000	  0.027051	  0.962042	  0.010908	
  0.064648	  0.902209	  0.033142	  0.000000	
  0.000000	  0.000000	  0.000000	  1.000000	
  0.000000	  0.000000	  1.000000	  0.000000	
  0.916459	  0.002909	  0.012053	  0.068579	
  0.000000	  0.904430	  0.000000	  0.095570	
  0.343558	  0.020450	  0.558691	  0.077301	
  0.111615	  0.490926	  0.180127	  0.217332	

URL http://cisbp.ccbr.utoronto.ca/TFreport.php?versionNumber=2.00&searchTF=T053813_2.00

MOTIF M05953_2.00 (DILT_0000966101)_(Drosophila_melanogaster)_(DBD_0.80)

letter-probability matrix: alength= 4 w= 11 nsites= 1 E= 0
  0.000000	  0.615385	  0.384615	  0.000000	
  0.615385	  0.076923	  0.153846	  0.153846	
  0.000000	  0.000000	  0.000000	  1.000000	
  0.000000	  0.230769	  0.000000	  0.769231	
  0.000000	  0.000000	  1.000000	  0.000000	
  0.000000	  1.000000	  0.000000	  0.000000	
  0.000000	  0.000000	  1.000000	  0.000000	
  0.000000	  0.000000	  0.000000	  1.000000	
  0.000000	  0.000000	  1.000000	  0.000000	
  1.000000	  0.000000	  0.000000	  0.000000	
  0.000000	  0.769231	  0.000000	  0.230769	

URL http://cisbp.ccbr.utoronto.ca/TFreport.php?versionNumber=2.00&searchTF=T053812_2.00

MOTIF M06427_2.00 (DILT_0001503801)_(Drosophila_melanogaster)_(DBD_0.88)

letter-probability matrix: alength= 4 w= 6 nsites= 1 E= 0
  0.727273	  0.000000	  0.272727	  0.000000	
  0.000000	  0.045455	  0.954545	  0.000000	
  0.000000	  0.000000	  1.000000	  0.000000	
  0.000000	  0.000000	  0.045455	  0.954545	
  0.000000	  1.000000	  0.000000	  0.000000	
  0.909091	  0.000000	  0.090909	  0.000000	

URL http://cisbp.ccbr.utoronto.ca/TFreport.php?versionNumber=2.00&searchTF=T308496_2.00

MOTIF M06446_2.00 (DILT_0000355601)_(Drosophila_melanogaster)_(DBD_0.85)

letter-probability matrix: alength= 4 w= 10 nsites= 1 E= 0
  0.200000	  0.000000	  0.750000	  0.050000	
  0.000000	  0.750000	  0.000000	  0.250000	
  0.050000	  0.200000	  0.750000	  0.000000	
  0.300000	  0.300000	  0.100000	  0.300000	
  0.000000	  1.000000	  0.000000	  0.000000	
  0.150000	  0.050000	  0.800000	  0.000000	
  0.050000	  0.400000	  0.400000	  0.150000	
  0.050000	  0.800000	  0.000000	  0.150000	
  0.350000	  0.350000	  0.250000	  0.050000	
  0.100000	  0.250000	  0.600000	  0.050000	

URL http://cisbp.ccbr.utoronto.ca/TFreport.php?versionNumber=2.00&searchTF=T325650_2.00

MOTIF M07950_2.00 (DILT_0001199001)_(Homo_sapiens)_(DBD_0.74)

letter-probability matrix: alength= 4 w= 21 nsites= 1 E= 0
  0.019481	  0.032468	  0.922077	  0.025974	
  0.038961	  0.681818	  0.188312	  0.090909	
  0.389610	  0.487013	  0.045455	  0.077922	
  0.000000	  0.266234	  0.019481	  0.714285	
  0.019481	  0.220779	  0.363636	  0.396104	
  0.090909	  0.720779	  0.103896	  0.084416	
  0.000000	  0.194805	  0.012987	  0.792208	
  0.006494	  0.000000	  0.993506	  0.000000	
  0.000000	  0.000000	  1.000000	  0.000000	
  0.051948	  0.000000	  0.941558	  0.006494	
  0.876622	  0.032468	  0.071429	  0.019481	
  0.474026	  0.149351	  0.279221	  0.097403	
  0.285714	  0.116883	  0.110390	  0.487013	
  0.012987	  0.064935	  0.038961	  0.883117	
  0.006494	  0.012987	  0.980519	  0.000000	
  0.006494	  0.051948	  0.058442	  0.883116	
  0.967532	  0.000000	  0.025974	  0.006494	
  0.000000	  0.000000	  0.993506	  0.006494	
  0.000000	  0.000000	  0.019481	  0.980519	
  0.006494	  0.409091	  0.019481	  0.564934	
  0.019481	  0.636363	  0.032468	  0.311688	

URL http://cisbp.ccbr.utoronto.ca/TFreport.php?versionNumber=2.00&searchTF=T178435_2.00

MOTIF M07979_2.00 (DILT_0000592101)_(Homo_sapiens)_(DBD_0.92)

letter-probability matrix: alength= 4 w= 15 nsites= 1 E= 0
  0.310573	  0.154185	  0.306167	  0.229075	
  0.310573	  0.105727	  0.270925	  0.312775	
  0.160793	  0.101322	  0.385463	  0.352423	
  0.149780	  0.640969	  0.057269	  0.151982	
  0.000000	  0.506608	  0.000000	  0.493392	
  0.711454	  0.129956	  0.024229	  0.134361	
  0.704846	  0.019824	  0.114537	  0.160793	
  0.938326	  0.000000	  0.044053	  0.017621	
  0.905286	  0.004405	  0.002203	  0.088106	
  0.925110	  0.000000	  0.000000	  0.074890	
  0.033040	  0.000000	  0.000000	  0.966960	
  0.958150	  0.000000	  0.041850	  0.000000	
  0.209251	  0.052863	  0.702644	  0.035242	
  0.416300	  0.354626	  0.090308	  0.138767	
  0.387665	  0.262115	  0.070485	  0.279736	

URL http://cisbp.ccbr.utoronto.ca/TFreport.php?versionNumber=2.00&searchTF=T259556_2.00

MOTIF M08096_2.00 (DILT_0001409101)_(Homo_sapiens)_(DBD_0.78)

letter-probability matrix: alength= 4 w= 11 nsites= 1 E= 0
  0.098122	  0.204488	  0.489008	  0.208381	
  0.000000	  0.711587	  0.073506	  0.214907	
  0.011335	  0.767460	  0.000000	  0.221204	
  0.000000	  1.000000	  0.000000	  0.000000	
  0.000000	  0.991642	  0.000000	  0.008358	
