MEME version 5.5.8 (Fri May 2 15:43:49 2025 -0700)

ALPHABET= ACGT

strands: + -

Background letter frequencies (from uniform background):
A 0.25000 C 0.25000 G 0.25000 T 0.25000 

MOTIF M00476_2.00 (GD19515)_(Mus_musculus)_(DBD_1.00)

letter-probability matrix: alength= 4 w= 9 nsites= 1 E= 0
  0.219817	  0.202917	  0.222026	  0.355240	
  0.214850	  0.129017	  0.132946	  0.523188	
  0.513373	  0.061621	  0.131763	  0.293243	
  0.787783	  0.015788	  0.077418	  0.119012	
  0.061583	  0.194490	  0.104625	  0.639303	
  0.168088	  0.140399	  0.363030	  0.328483	
  0.320844	  0.119218	  0.380298	  0.179640	
  0.183628	  0.344782	  0.238153	  0.233437	
  0.224687	  0.297291	  0.224687	  0.253334	

URL http://cisbp.ccbr.utoronto.ca/TFreport.php?versionNumber=2.00&searchTF=T218112_2.00

MOTIF M00554_2.00 (Abd-B)_(Drosophila_melanogaster)_(DBD_1.00)

letter-probability matrix: alength= 4 w= 10 nsites= 1 E= 0
  0.251496	  0.177226	  0.199822	  0.371455	
  0.148997	  0.073254	  0.136173	  0.641576	
  0.122081	  0.052704	  0.056525	  0.768690	
  0.381649	  0.037883	  0.070422	  0.510046	
  0.882245	  0.000299	  0.060489	  0.056967	
  0.048121	  0.268735	  0.096905	  0.586239	
  0.165526	  0.087281	  0.407129	  0.340063	
  0.403411	  0.084771	  0.354234	  0.157584	
  0.125944	  0.405791	  0.231791	  0.236474	
  0.189990	  0.335953	  0.201738	  0.272318	

URL http://cisbp.ccbr.utoronto.ca/TFreport.php?versionNumber=2.00&searchTF=T217487_2.00

MOTIF M00555_2.00 (GD21441)_(Drosophila_melanogaster)_(DBD_1.00)

letter-probability matrix: alength= 4 w= 8 nsites= 1 E= 0
  0.102338	  0.069985	  0.032730	  0.794948	
  0.792313	  0.045831	  0.074066	  0.087791	
  0.951444	  0.000214	  0.021285	  0.027058	
  0.034616	  0.020995	  0.051640	  0.892749	
  0.077589	  0.068130	  0.095720	  0.758561	
  0.350452	  0.037684	  0.507361	  0.104504	
  0.214873	  0.273157	  0.327028	  0.184943	
  0.211851	  0.274755	  0.209743	  0.303652	

URL http://cisbp.ccbr.utoronto.ca/TFreport.php?versionNumber=2.00&searchTF=T218127_2.00

MOTIF M00557_2.00 (GD19974)_(Drosophila_melanogaster)_(DBD_1.00)

letter-probability matrix: alength= 4 w= 9 nsites= 1 E= 0
  0.243483	  0.258539	  0.306448	  0.191530	
  0.206850	  0.317982	  0.181634	  0.293534	
  0.110856	  0.033389	  0.011684	  0.844070	
  0.894610	  0.051233	  0.053860	  0.000297	
  0.947543	  0.000984	  0.023427	  0.028047	
  0.139344	  0.033346	  0.087090	  0.740219	
  0.192569	  0.124022	  0.232864	  0.450544	
  0.357775	  0.064709	  0.468673	  0.108843	
  0.187431	  0.305947	  0.291025	  0.215597	

URL http://cisbp.ccbr.utoronto.ca/TFreport.php?versionNumber=2.00&searchTF=T218119_2.00

MOTIF M00558_2.00 (Ubx)_(Drosophila_melanogaster)_(DBD_1.00)

letter-probability matrix: alength= 4 w= 9 nsites= 1 E= 0
  0.217791	  0.178312	  0.203067	  0.400830	
  0.182540	  0.115234	  0.102204	  0.600023	
  0.599068	  0.030126	  0.087827	  0.282979	
  0.818970	  0.020864	  0.080483	  0.079682	
  0.075605	  0.178667	  0.083557	  0.662171	
  0.132125	  0.112590	  0.370091	  0.385195	
  0.393154	  0.095986	  0.355740	  0.155120	
  0.161580	  0.381840	  0.236276	  0.220303	
  0.218514	  0.319529	  0.197719	  0.264238	

URL http://cisbp.ccbr.utoronto.ca/TFreport.php?versionNumber=2.00&searchTF=T217467_2.00

MOTIF M00559_2.00 (GD19422)_(Drosophila_melanogaster)_(DBD_1.00)

letter-probability matrix: alength= 4 w= 11 nsites= 1 E= 0
  0.178082	  0.365928	  0.178082	  0.277909	
  0.199231	  0.098875	  0.098875	  0.603018	
  0.026064	  0.331412	  0.026064	  0.616459	
  0.999569	  0.000144	  0.000144	  0.000144	
  0.999569	  0.000144	  0.000144	  0.000144	
  0.000144	  0.000144	  0.999569	  0.000144	
  0.000144	  0.000144	  0.000144	  0.999569	
  0.103827	  0.000144	  0.895886	  0.000144	
  0.072062	  0.175745	  0.680131	  0.072062	
  0.247437	  0.248030	  0.151268	  0.353265	
  0.224079	  0.224079	  0.224079	  0.327762	

URL http://cisbp.ccbr.utoronto.ca/TFreport.php?versionNumber=2.00&searchTF=T218110_2.00

MOTIF M00560_2.00 (bap)_(Drosophila_melanogaster)_(DBD_1.00)

letter-probability matrix: alength= 4 w= 10 nsites= 1 E= 0
  0.198275	  0.249549	  0.172372	  0.379804	
  0.180440	  0.112776	  0.153761	  0.553023	
  0.712109	  0.040376	  0.163732	  0.083783	
  0.905830	  0.000221	  0.015782	  0.078167	
  0.063059	  0.018248	  0.723482	  0.195210	
  0.139726	  0.022639	  0.131589	  0.706046	
  0.351172	  0.028255	  0.567520	  0.053052	
  0.107001	  0.318251	  0.341327	  0.233420	
  0.193858	  0.292109	  0.210004	  0.304030	
  0.203231	  0.271604	  0.203231	  0.321933	

URL http://cisbp.ccbr.utoronto.ca/TFreport.php?versionNumber=2.00&searchTF=T217529_2.00

MOTIF M00561_2.00 (GD19977)_(Drosophila_melanogaster)_(DBD_1.00)

letter-probability matrix: alength= 4 w= 9 nsites= 1 E= 0
  0.215799	  0.291299	  0.133533	  0.359369	
  0.049514	  0.113551	  0.006248	  0.830687	
  0.965321	  0.000012	  0.034552	  0.000116	
  0.990042	  0.009372	  0.000016	  0.000570	
  0.022504	  0.260789	  0.049093	  0.667614	
  0.149240	  0.069100	  0.234055	  0.547605	
  0.693975	  0.011617	  0.279342	  0.015066	
  0.090518	  0.110558	  0.710199	  0.088725	
  0.152463	  0.360294	  0.310108	  0.177136	

URL http://cisbp.ccbr.utoronto.ca/TFreport.php?versionNumber=2.00&searchTF=T218121_2.00

MOTIF M00563_2.00 (GD12161)_(Drosophila_melanogaster)_(DBD_1.00)

letter-probability matrix: alength= 4 w= 9 nsites= 1 E= 0
  0.304796	  0.208438	  0.219125	  0.267640	
  0.204503	  0.208634	  0.183200	  0.403663	
  0.192685	  0.087449	  0.498226	  0.221640	
  0.950847	  0.044583	  0.000055	  0.004515	
  0.142274	  0.292292	  0.142274	  0.423161	
  0.521793	  0.307130	  0.042405	  0.128672	
  0.156958	  0.510801	  0.109506	  0.222734	
  0.200454	  0.358018	  0.208634	  0.232894	
  0.249520	  0.257119	  0.206343	  0.287017	

URL http://cisbp.ccbr.utoronto.ca/TFreport.php?versionNumber=2.00&searchTF=T218088_2.00

MOTIF M00564_2.00 (GD18414)_(Drosophila_melanogaster)_(DBD_1.00)

letter-probability matrix: alength= 4 w= 10 nsites= 1 E= 0
  0.174414	  0.174414	  0.476759	  0.174414	
  0.229946	  0.222972	  0.421684	  0.125398	
  0.198343	  0.801539	  0.000059	  0.000059	
  0.000059	  0.999822	  0.000059	  0.000059	
  0.000059	  0.999822	  0.000059	  0.000059	
  0.000059	  0.999822	  0.000059	  0.000059	
  0.000059	  0.999822	  0.000059	  0.000059	
  0.000059	  0.999822	  0.000059	  0.000059	
  0.177225	  0.274419	  0.472710	  0.075646	
  0.124661	  0.527040	  0.223637	  0.124661	

URL http://cisbp.ccbr.utoronto.ca/TFreport.php?versionNumber=2.00&searchTF=T116308_2.00

MOTIF M00823_2.00 (GD19544)_(Mus_musculus)_(DBD_0.52)

letter-probability matrix: alength= 4 w= 10 nsites= 1 E= 0
  0.059337	  0.000621	  0.928182	  0.011861	
  0.018760	  0.033505	  0.039319	  0.908416	
  0.149151	  0.185853	  0.022759	  0.642237	
  0.267523	  0.020475	  0.560711	  0.151291	
  0.048693	  0.717326	  0.051704	  0.182278	
  0.060788	  0.307168	  0.088890	  0.543155	
  0.623033	  0.036401	  0.279947	  0.060619	
  0.227931	  0.165512	  0.292669	  0.313889	
  0.107270	  0.169924	  0.611157	  0.111648	
  0.120378	  0.281643	  0.340577	  0.257402	

URL http://cisbp.ccbr.utoronto.ca/TFreport.php?versionNumber=2.00&searchTF=T318598_2.00

MOTIF M01012_2.00 (GD18690)_(Drosophila_melanogaster)_(DBD_1.00)

letter-probability matrix: alength= 4 w= 10 nsites= 1 E= 0
  0.286397	  0.223046	  0.246504	  0.244052	
  0.304560	  0.204153	  0.244415	  0.246872	
  0.289449	  0.220959	  0.261904	  0.227688	
  0.238916	  0.251165	  0.229548	  0.280371	
  0.191173	  0.159681	  0.535489	  0.113656	
  0.970300	  0.001459	  0.001729	  0.026512	
  0.150692	  0.695922	  0.001180	  0.152206	
  0.042000	  0.000476	  0.932304	  0.025221	
  0.023255	  0.969232	  0.000648	  0.006865	
  0.186996	  0.257517	  0.287461	  0.268027	

URL http://cisbp.ccbr.utoronto.ca/TFreport.php?versionNumber=2.00&searchTF=T187541_2.00

MOTIF M01302_2.00 (GD24421)_(Drosophila_melanogaster)_(DBD_1.00)

letter-probability matrix: alength= 4 w= 10 nsites= 1 E= 0
  0.177457	  0.329879	  0.339926	  0.152738	
  0.401341	  0.125815	  0.306375	  0.166469	
  0.415852	  0.142641	  0.148462	  0.293046	
  0.020216	  0.435500	  0.467077	  0.077207	
  0.093553	  0.698217	  0.088105	  0.120125	
  0.302454	  0.000750	  0.615188	  0.081608	
  0.057821	  0.148021	  0.193902	  0.600255	
  0.295725	  0.110989	  0.502416	  0.090870	
  0.537427	  0.112933	  0.147938	  0.201702	
  0.234556	  0.559864	  0.092545	  0.113035	

URL http://cisbp.ccbr.utoronto.ca/TFreport.php?versionNumber=2.00&searchTF=T311893_2.00

MOTIF M01664_2.00 (GD11780)_(Drosophila_melanogaster)_(DBD_1.00)

letter-probability matrix: alength= 4 w= 8 nsites= 1 E= 0
  0.227052	  0.269126	  0.203401	  0.300420	
  0.364833	  0.112105	  0.244555	  0.278506	
  0.954295	  0.000150	  0.000361	  0.045194	
  0.003226	  0.022006	  0.000879	  0.973889	
  0.180785	  0.422972	  0.060178	  0.336065	
  0.601595	  0.071492	  0.188592	  0.138322	
  0.500975	  0.146431	  0.170129	  0.182465	
  0.400462	  0.148803	  0.221987	  0.228748	

URL http://cisbp.ccbr.utoronto.ca/TFreport.php?versionNumber=2.00&searchTF=T014896_2.00

MOTIF M01896_2.00 (GD21183)_(Bombyx_mori)_(DBD_0.85)

letter-probability matrix: alength= 4 w= 10 nsites= 1 E= 0
  0.234003	  0.269167	  0.213862	  0.282968	
  0.165030	  0.378465	  0.117463	  0.339042	
  0.161689	  0.623702	  0.107305	  0.107305	
  0.189188	  0.117066	  0.634438	  0.059308	
  0.000295	  0.880381	  0.000177	  0.119147	
  0.110357	  0.107095	  0.694866	  0.087682	
  0.291421	  0.222465	  0.300296	  0.185818	
  0.262292	  0.257099	  0.223511	  0.257099	
  0.235549	  0.255168	  0.200722	  0.308561	
  0.248131	  0.238401	  0.222284	  0.291184	

URL http://cisbp.ccbr.utoronto.ca/TFreport.php?versionNumber=2.00&searchTF=T161848_2.00

MOTIF M01897_2.00 (GD21179)_(Drosophila_melanogaster)_(DBD_1.00)

letter-probability matrix: alength= 4 w= 9 nsites= 1 E= 0
  0.309610	  0.207538	  0.229365	  0.253487	
  0.331678	  0.176649	  0.220118	  0.271555	
  0.285622	  0.211594	  0.183951	  0.318833	
  0.174830	  0.348561	  0.141714	  0.334894	
  0.152224	  0.629771	  0.137738	  0.080267	
  0.140076	  0.000138	  0.822366	  0.037419	
  0.000786	  0.870891	  0.000644	  0.127679	
  0.082614	  0.016349	  0.824008	  0.077029	
  0.312080	  0.180055	  0.366229	  0.141636	

URL http://cisbp.ccbr.utoronto.ca/TFreport.php?versionNumber=2.00&searchTF=T161847_2.00

MOTIF M01907_2.00 (GD18594)_(Bombyx_mori)_(DBD_0.81)

letter-probability matrix: alength= 4 w= 12 nsites= 1 E= 0
  0.199396	  0.199396	  0.199396	  0.401812	
  0.256959	  0.242577	  0.148560	  0.351904	
  0.057166	  0.713712	  0.057166	  0.171955	
  0.139009	  0.024219	  0.812553	  0.024219	
  0.000211	  0.999368	  0.000211	  0.000211	
  0.000211	  0.000211	  0.999368	  0.000211	
  0.131998	  0.088765	  0.094228	  0.685009	
  0.779026	  0.000211	  0.088765	  0.131998	
  0.348070	  0.273603	  0.139597	  0.238730	
  0.383478	  0.190432	  0.324439	  0.101651	
  0.193045	  0.420866	  0.193045	  0.193045	
  0.225991	  0.225991	  0.322026	  0.225991	

URL http://cisbp.ccbr.utoronto.ca/TFreport.php?versionNumber=2.00&searchTF=T168432_2.00

MOTIF M01935_2.00 (GD21451)_(Drosophila_melanogaster)_(DBD_1.00)

letter-probability matrix: alength= 4 w= 10 nsites= 1 E= 0
  0.264213	  0.114063	  0.073461	  0.548263	
  0.146979	  0.076730	  0.639248	  0.137043	
  0.091624	  0.122448	  0.030195	  0.755733	
  0.530776	  0.071833	  0.106096	  0.291296	
  0.340580	  0.064758	  0.186914	  0.407748	
  0.130860	  0.648156	  0.077799	  0.143184	
  0.378005	  0.205389	  0.180351	  0.236254	
  0.412383	  0.112387	  0.172768	  0.302461	
  0.281282	  0.131546	  0.159072	  0.428100	
  0.236410	  0.182284	  0.128453	  0.452853	

URL http://cisbp.ccbr.utoronto.ca/TFreport.php?versionNumber=2.00&searchTF=T169305_2.00

MOTIF M01968_2.00 (GD21651)_(Physcomitrella_patens)_(DBD_0.59)

letter-probability matrix: alength= 4 w= 10 nsites= 1 E= 0
  0.233790	  0.138993	  0.425993	  0.201225	
  0.151778	  0.438088	  0.392454	  0.017680	
  0.020553	  0.048571	  0.839679	  0.091197	
  0.006893	  0.992712	  0.000031	  0.000364	
  0.013922	  0.000083	  0.985791	  0.000205	
  0.013288	  0.979343	  0.002765	  0.004604	
  0.083385	  0.551953	  0.224407	  0.140255	
  0.409276	  0.238505	  0.118438	  0.233782	
  0.379447	  0.181039	  0.122574	  0.316940	
  0.306627	  0.222657	  0.201468	  0.269248	

URL http://cisbp.ccbr.utoronto.ca/TFreport.php?versionNumber=2.00&searchTF=T173095_2.00

MOTIF M01986_2.00 (GD23260)_(Drosophila_melanogaster)_(DBD_1.00)

letter-probability matrix: alength= 4 w= 10 nsites= 1 E= 0
  0.148384	  0.253629	  0.148384	  0.449602	
  0.343159	  0.027768	  0.517643	  0.111431	
  0.083876	  0.000213	  0.000213	  0.915697	
  0.999360	  0.000213	  0.000213	  0.000213	
  0.915697	  0.000213	  0.000213	  0.083876	
  0.999360	  0.000213	  0.000213	  0.000213	
  0.000213	  0.912223	  0.000213	  0.087351	
  0.999360	  0.000213	  0.000213	  0.000213	
  0.437060	  0.186478	  0.185492	  0.190970	
  0.332663	  0.222446	  0.222446	  0.222446	

URL http://cisbp.ccbr.utoronto.ca/TFreport.php?versionNumber=2.00&searchTF=T187545_2.00

MOTIF M02112_2.00 (GD11901)_(Drosophila_melanogaster)_(DBD_1.00)

letter-probability matrix: alength= 4 w= 10 nsites= 1 E= 0
  0.248652	  0.156039	  0.439269	  0.156039	
  0.235559	  0.409426	  0.243856	  0.111159	
  0.000140	  0.000140	  0.000140	  0.999581	
  0.999581	  0.000140	  0.000140	  0.000140	
  0.999581	  0.000140	  0.000140	  0.000140	
  0.000140	  0.000140	  0.000140	  0.999581	
  0.000140	  0.000140	  0.000140	  0.999581	
  0.999581	  0.000140	  0.000140	  0.000140	
  0.270161	  0.309740	  0.212726	  0.207374	
  0.227694	  0.227694	  0.227694	  0.316917	

URL http://cisbp.ccbr.utoronto.ca/TFreport.php?versionNumber=2.00&searchTF=T218087_2.00

MOTIF M02113_2.00 (GD21734)_(Drosophila_melanogaster)_(DBD_1.00)

letter-probability matrix: alength= 4 w= 10 nsites= 1 E= 0
  0.209338	  0.253142	  0.321807	  0.215713	
  0.269176	  0.231682	  0.207548	  0.291594	
  0.108996	  0.124128	  0.038142	  0.728735	
  0.818862	  0.018319	  0.138091	  0.024728	
  0.925508	  0.028799	  0.000527	  0.045166	
  0.090056	  0.159244	  0.124019	  0.626680	
  0.097497	  0.244649	  0.314135	  0.343719	
  0.322285	  0.084389	  0.452794	  0.140532	
  0.204560	  0.257459	  0.351027	  0.186954	
  0.179474	  0.298877	  0.181278	  0.340370	

URL http://cisbp.ccbr.utoronto.ca/TFreport.php?versionNumber=2.00&searchTF=T218129_2.00

MOTIF M02114_2.00 (GD18937)_(Drosophila_melanogaster)_(DBD_1.00)

letter-probability matrix: alength= 4 w= 9 nsites= 1 E= 0
  0.134584	  0.408378	  0.129307	  0.327731	
  0.081007	  0.082644	  0.003760	  0.832588	
  0.917579	  0.035224	  0.037403	  0.009794	
  0.976827	  0.001575	  0.006199	  0.015399	
  0.023296	  0.008071	  0.016916	  0.951717	
  0.078443	  0.045258	  0.284968	  0.591331	
  0.706465	  0.016950	  0.244759	  0.031826	
  0.168184	  0.356045	  0.318957	  0.156814	
  0.118714	  0.360221	  0.248817	  0.272249	

URL http://cisbp.ccbr.utoronto.ca/TFreport.php?versionNumber=2.00&searchTF=T218107_2.00

MOTIF M02116_2.00 (GD21780)_(Drosophila_melanogaster)_(DBD_1.00)

letter-probability matrix: alength= 4 w= 10 nsites= 1 E= 0
  0.253051	  0.238314	  0.279665	  0.228970	
  0.242653	  0.302365	  0.260248	  0.194734	
  0.195915	  0.264458	  0.272512	  0.267116	
  0.289959	  0.184886	  0.184886	  0.340270	
  0.356070	  0.158401	  0.280095	  0.205435	
  0.793922	  0.007822	  0.142164	  0.056092	
  0.130027	  0.075773	  0.143702	  0.650499	
  0.108948	  0.192650	  0.185096	  0.513306	
  0.487798	  0.044252	  0.372375	  0.095574	
  0.230097	  0.239487	  0.313720	  0.216697	

URL http://cisbp.ccbr.utoronto.ca/TFreport.php?versionNumber=2.00&searchTF=T218130_2.00

MOTIF M02117_2.00 (GD10477)_(Drosophila_melanogaster)_(DBD_1.00)

letter-probability matrix: alength= 4 w= 9 nsites= 1 E= 0
  0.144762	  0.222536	  0.161594	  0.471108	
  0.154684	  0.080752	  0.561934	  0.202630	
  0.881466	  0.062903	  0.033838	  0.021793	
  0.038868	  0.179502	  0.060958	  0.720672	
  0.692055	  0.307866	  0.000069	  0.000010	
  0.074677	  0.546305	  0.076186	  0.302832	
  0.143399	  0.405708	  0.241202	  0.209691	
  0.216642	  0.316792	  0.182773	  0.283793	
  0.200709	  0.305472	  0.185278	  0.308542	

URL http://cisbp.ccbr.utoronto.ca/TFreport.php?versionNumber=2.00&searchTF=T218081_2.00

MOTIF M02118_2.00 (GD19524)_(Drosophila_melanogaster)_(DBD_0.96)

letter-probability matrix: alength= 4 w= 10 nsites= 1 E= 0
  0.268157	  0.302346	  0.276323	  0.153174	
  0.155819	  0.326586	  0.163808	  0.353787	
  0.106375	  0.063878	  0.027854	  0.801893	
  0.865700	  0.012853	  0.068275	  0.053172	
  0.908282	  0.035218	  0.013485	  0.043015	
  0.042920	  0.081397	  0.022183	  0.853499	
  0.067850	  0.074240	  0.390453	  0.467457	
  0.616195	  0.031931	  0.274119	  0.077755	
  0.180282	  0.374099	  0.236162	  0.209457	
  0.188518	  0.323499	  0.192327	  0.295656	

URL http://cisbp.ccbr.utoronto.ca/TFreport.php?versionNumber=2.00&searchTF=T218115_2.00

MOTIF M02120_2.00 (GD22947)_(Drosophila_melanogaster)_(DBD_1.00)

letter-probability matrix: alength= 4 w= 8 nsites= 1 E= 0
  0.207448	  0.325343	  0.141866	  0.325343	
  0.070500	  0.046787	  0.081909	  0.800803	
  0.823901	  0.041432	  0.064978	  0.069690	
  0.800902	  0.045410	  0.085263	  0.068425	
  0.078337	  0.041722	  0.098595	  0.781347	
  0.084961	  0.693803	  0.089317	  0.131919	
  0.101356	  0.577459	  0.132772	  0.188413	
  0.148880	  0.348326	  0.299807	  0.202987	

URL http://cisbp.ccbr.utoronto.ca/TFreport.php?versionNumber=2.00&searchTF=T218134_2.00

MOTIF M02121_2.00 (GD13784)_(Drosophila_melanogaster)_(DBD_1.00)

letter-probability matrix: alength= 4 w= 10 nsites= 1 E= 0
  0.292329	  0.229079	  0.288644	  0.189949	
  0.136427	  0.336877	  0.156525	  0.370171	
  0.034513	  0.118059	  0.009674	  0.837754	
  0.801571	  0.072692	  0.093201	  0.032536	
  0.970781	  0.007894	  0.008025	  0.013300	
  0.013300	  0.008025	  0.007894	  0.970781	
  0.032536	  0.093201	  0.072692	  0.801571	
  0.837754	  0.009674	  0.118059	  0.034513	
  0.370171	  0.156525	  0.336877	  0.136427	
  0.189949	  0.288644	  0.229079	  0.292329	

URL http://cisbp.ccbr.utoronto.ca/TFreport.php?versionNumber=2.00&searchTF=T218092_2.00

MOTIF M02123_2.00 (GD21552)_(Drosophila_melanogaster)_(DBD_1.00)

letter-probability matrix: alength= 4 w= 9 nsites= 1 E= 0
  0.191780	  0.272148	  0.142074	  0.393998	
  0.173245	  0.054856	  0.025912	  0.745987	
  0.740236	  0.048278	  0.096252	  0.115234	
  0.897022	  0.008750	  0.032107	  0.062121	
  0.048310	  0.033704	  0.177262	  0.740724	
  0.140466	  0.702726	  0.053784	  0.103024	
  0.087353	  0.626382	  0.079835	  0.206430	
  0.206494	  0.343873	  0.223692	  0.225941	
  0.208138	  0.289514	  0.204017	  0.298331	

URL http://cisbp.ccbr.utoronto.ca/TFreport.php?versionNumber=2.00&searchTF=T218128_2.00

MOTIF M02124_2.00 (GD10533)_(Drosophila_melanogaster)_(DBD_1.00)

letter-probability matrix: alength= 4 w= 10 nsites= 1 E= 0
  0.242321	  0.223690	  0.225939	  0.308050	
  0.316659	  0.218727	  0.272551	  0.192063	
  0.250815	  0.136280	  0.401302	  0.211603	
  0.221772	  0.208857	  0.400074	  0.169296	
  0.316946	  0.132785	  0.339927	  0.210341	
  0.162016	  0.080455	  0.565491	  0.192038	
  0.797439	  0.000347	  0.148622	  0.053592	
  0.013593	  0.128969	  0.069378	  0.788059	
  0.565158	  0.248913	  0.091570	  0.094359	
  0.266128	  0.224522	  0.243222	  0.266128	

URL http://cisbp.ccbr.utoronto.ca/TFreport.php?versionNumber=2.00&searchTF=T218082_2.00

MOTIF M02130_2.00 (GD16257)_(Drosophila_melanogaster)_(DBD_1.00)

letter-probability matrix: alength= 4 w= 8 nsites= 1 E= 0
  0.143061	  0.048004	  0.048004	  0.760932	
  0.000322	  0.064755	  0.000322	  0.934601	
  0.999092	  0.000303	  0.000303	  0.000303	
  0.999092	  0.000303	  0.000303	  0.000303	
  0.000303	  0.000303	  0.000303	  0.999092	
  0.000303	  0.000303	  0.000303	  0.999092	
  0.895661	  0.000344	  0.103650	  0.000344	
  0.091198	  0.181942	  0.499546	  0.227314	

URL http://cisbp.ccbr.utoronto.ca/TFreport.php?versionNumber=2.00&searchTF=T218101_2.00

MOTIF M02388_2.00 (GD26001)_(Aedes_aegypti)_(DBD_1.00)

letter-probability matrix: alength= 4 w= 7 nsites= 1 E= 0
  0.216235	  0.261482	  0.332409	  0.189875	
  0.458281	  0.091605	  0.427298	  0.022816	
  0.000000	  0.000000	  0.882881	  0.117119	
  0.000000	  0.000000	  0.959301	  0.040699	
  0.000001	  0.000000	  0.010252	  0.989748	
  0.001291	  0.884772	  0.042748	  0.071188	
  0.722899	  0.000287	  0.276793	  0.000020	

URL http://cisbp.ccbr.utoronto.ca/TFreport.php?versionNumber=2.00&searchTF=T305450_2.00

MOTIF M02407_2.00 (GD12327)_(Drosophila_melanogaster)_(DBD_1.00)

letter-probability matrix: alength= 4 w= 8 nsites= 1 E= 0
  0.682505	  0.000244	  0.317008	  0.000244	
  0.692036	  0.000154	  0.307657	  0.000154	
  0.000143	  0.000143	  0.999572	  0.000143	
  0.000143	  0.000143	  0.999572	  0.000143	
  0.000143	  0.014420	  0.000143	  0.985294	
  0.000143	  0.999572	  0.000143	  0.000143	
  0.861162	  0.000154	  0.138530	  0.000154	
  0.229184	  0.291632	  0.104288	  0.374896	

URL http://cisbp.ccbr.utoronto.ca/TFreport.php?versionNumber=2.00&searchTF=T305437_2.00

MOTIF M02408_2.00 (GD21550)_(Drosophila_melanogaster)_(DBD_1.00)

letter-probability matrix: alength= 4 w= 12 nsites= 1 E= 0
  0.200832	  0.200832	  0.200832	  0.397504	
  0.198971	  0.109814	  0.581401	  0.109814	
  0.760318	  0.194141	  0.022771	  0.022771	
  0.106323	  0.329688	  0.541218	  0.022771	
  0.000202	  0.000202	  0.999393	  0.000202	
  0.000202	  0.000202	  0.000202	  0.999393	
  0.000202	  0.999393	  0.000202	  0.000202	
  0.999393	  0.000202	  0.000202	  0.000202	
  0.756390	  0.049370	  0.144869	  0.049370	
  0.226166	  0.140388	  0.230661	  0.402784	
  0.227432	  0.227432	  0.227432	  0.317705	
  0.227432	  0.227432	  0.227432	  0.317705	

URL http://cisbp.ccbr.utoronto.ca/TFreport.php?versionNumber=2.00&searchTF=T305445_2.00

MOTIF M02490_2.00 (GD25171)_(Neurospora_crassa)_(DBD_0.43)

letter-probability matrix: alength= 4 w= 10 nsites= 1 E= 0
  0.329130	  0.229626	  0.220622	  0.220622	
  0.346994	  0.223477	  0.251969	  0.177560	
  0.448098	  0.134965	  0.110500	  0.306437	
  0.335755	  0.153912	  0.139266	  0.371067	
  0.248453	  0.220358	  0.178619	  0.352571	
  0.233539	  0.293933	  0.209213	  0.263315	
  0.195880	  0.356917	  0.275201	  0.172001	
  0.140053	  0.396240	  0.262965	  0.200742	
  0.596865	  0.017317	  0.262878	  0.122939	
  0.143083	  0.219956	  0.147441	  0.489520	

URL http://cisbp.ccbr.utoronto.ca/TFreport.php?versionNumber=2.00&searchTF=T329740_2.00

MOTIF M02529_2.00 (GD10970)_(Drosophila_yakuba)_(DBD_0.99)

letter-probability matrix: alength= 4 w= 8 nsites= 1 E= 0
  0.216253	  0.000270	  0.270248	  0.513229	
  0.000192	  0.000192	  0.000192	  0.999424	
  0.000192	  0.019408	  0.000192	  0.980208	
  0.096272	  0.615104	  0.000192	  0.288432	
  0.845696	  0.000192	  0.153920	  0.000192	
  0.999424	  0.000192	  0.000192	  0.000192	
  0.960992	  0.019408	  0.000192	  0.019408	
  0.088425	  0.235311	  0.000294	  0.675969	

URL http://cisbp.ccbr.utoronto.ca/TFreport.php?versionNumber=2.00&searchTF=T345376_2.00

MOTIF M02698_2.00 (GD25709)_(Arabidopsis_thaliana)_(DBD_0.89)

letter-probability matrix: alength= 4 w= 11 nsites= 1 E= 0
  0.140000	  0.450000	  0.230000	  0.180000	
  0.160000	  0.270000	  0.550000	  0.020000	
  0.000000	  0.919192	  0.040404	  0.040404	
  0.000000	  0.050000	  0.930000	  0.020000	
  0.040404	  0.939394	  0.000000	  0.020202	
  0.040404	  0.020202	  0.020202	  0.919192	
  0.080808	  0.000000	  0.858586	  0.060606	
  0.960000	  0.000000	  0.020000	  0.020000	
  0.040000	  0.040000	  0.920000	  0.000000	
  0.020000	  0.550000	  0.260000	  0.170000	
  0.151515	  0.323232	  0.242424	  0.282828	

URL http://cisbp.ccbr.utoronto.ca/TFreport.php?versionNumber=2.00&searchTF=T270618_2.00

MOTIF M02712_2.00 (dl)_(Drosophila_melanogaster)_(DBD_1.00)

letter-probability matrix: alength= 4 w= 12 nsites= 1 E= 0
  0.000000	  0.384615	  0.461538	  0.153846	
  0.000000	  0.000000	  0.923077	  0.076923	
  0.000000	  0.076923	  0.846154	  0.076923	
  0.000000	  0.000000	  0.769231	  0.230769	
  0.076923	  0.076923	  0.230769	  0.615385	
  0.076923	  0.000000	  0.153846	  0.769231	
  0.076923	  0.000000	  0.000000	  0.923077	
  0.000000	  0.000000	  0.000000	  1.000000	
  0.000000	  0.230769	  0.000000	  0.769231	
  0.076923	  0.692308	  0.000000	  0.230769	
  0.076923	  0.692308	  0.076923	  0.153846	
  0.230769	  0.384615	  0.384615	  0.000000	

URL http://cisbp.ccbr.utoronto.ca/TFreport.php?versionNumber=2.00&searchTF=T317608_2.00

MOTIF M03087_2.00 (Lim1)_(Homo_sapiens)_(DBD_0.43)

letter-probability matrix: alength= 4 w= 8 nsites= 1 E= 0
  0.050776	  0.567735	  0.037679	  0.343811	
  0.096070	  0.163832	  0.029930	  0.710167	
  0.886769	  0.040902	  0.036132	  0.036197	
  0.970260	  0.011009	  0.012296	  0.006434	
  0.012245	  0.014168	  0.007333	  0.966254	
  0.055381	  0.046932	  0.060685	  0.837003	
  0.722030	  0.027451	  0.177528	  0.072990	
  0.193501	  0.261956	  0.269545	  0.274998	

URL http://cisbp.ccbr.utoronto.ca/TFreport.php?versionNumber=2.00&searchTF=T217531_2.00

MOTIF M03584_2.00 (GD14977)_(Drosophila_melanogaster)_(DBD_1.00)

letter-probability matrix: alength= 4 w= 11 nsites= 1 E= 0
  0.264023	  0.276067	  0.111458	  0.348452	
  0.000000	  0.135372	  0.864628	  0.000000	
  0.000000	  0.980596	  0.019404	  0.000000	
  0.000000	  0.940726	  0.011685	  0.047590	
  0.000000	  0.210313	  0.131903	  0.657785	
  0.104797	  0.391657	  0.392211	  0.111335	
  0.657132	  0.135060	  0.207808	  0.000000	
  0.063490	  0.009856	  0.926654	  0.000000	
  0.000000	  0.017611	  0.982389	  0.000000	
  0.000000	  0.861385	  0.138615	  0.000000	
  0.349945	  0.105099	  0.276878	  0.268078	

URL http://cisbp.ccbr.utoronto.ca/TFreport.php?versionNumber=2.00&searchTF=T011061_2.00

MOTIF M03593_2.00 (GD23692)_(Drosophila_melanogaster)_(DBD_1.00)

letter-probability matrix: alength= 4 w= 9 nsites= 1 E= 0
  0.484644	  0.240634	  0.234318	  0.040403	
  0.000199	  0.999801	  0.000000	  0.000000	
  0.996036	  0.000595	  0.003369	  0.000000	
  0.002589	  0.813334	  0.149527	  0.034550	
  0.008701	  0.583733	  0.398964	  0.008603	
  0.000000	  0.010645	  0.007715	  0.981641	
  0.000000	  0.000000	  1.000000	  0.000000	
  0.049923	  0.701857	  0.096704	  0.151515	
  0.425770	  0.164979	  0.243594	  0.165657	

URL http://cisbp.ccbr.utoronto.ca/TFreport.php?versionNumber=2.00&searchTF=T038883_2.00

MOTIF M03594_2.00 (h)_(Drosophila_melanogaster)_(DBD_1.00)

letter-probability matrix: alength= 4 w= 12 nsites= 1 E= 0
  0.113122	  0.425339	  0.072398	  0.389140	
  0.000000	  0.106007	  0.780919	  0.113074	
  0.131818	  0.436364	  0.390909	  0.040909	
  0.000000	  0.965066	  0.034934	  0.000000	
  1.000000	  0.000000	  0.000000	  0.000000	
  0.046809	  0.940426	  0.012766	  0.000000	
  0.166038	  0.000000	  0.833962	  0.000000	
  0.000000	  0.783688	  0.021277	  0.195035	
  0.018797	  0.000000	  0.830827	  0.150376	
  0.444934	  0.493392	  0.000000	  0.061674	
  0.197832	  0.598916	  0.130081	  0.073171	
  0.618834	  0.143498	  0.000000	  0.237668	

URL http://cisbp.ccbr.utoronto.ca/TFreport.php?versionNumber=2.00&searchTF=T038418_2.00

MOTIF M03595_2.00 (GD21926)_(Drosophila_melanogaster)_(DBD_1.00)

letter-probability matrix: alength= 4 w= 10 nsites= 1 E= 0
  0.728879	  0.068925	  0.186990	  0.015206	
  0.750779	  0.186916	  0.006231	  0.056075	
  0.000000	  0.996154	  0.000000	  0.003846	
  0.941818	  0.025455	  0.025455	  0.007273	
  0.000000	  0.000000	  1.000000	  0.000000	
  0.000000	  0.984791	  0.015209	  0.000000	
  0.022642	  0.000000	  0.000000	  0.977358	
  0.000000	  0.000000	  0.996154	  0.003846	
  0.722008	  0.000000	  0.000000	  0.277992	
  0.003425	  0.068493	  0.041096	  0.886986	

URL http://cisbp.ccbr.utoronto.ca/TFreport.php?versionNumber=2.00&searchTF=T038879_2.00

MOTIF M03596_2.00 (HLHm3)_(Drosophila_melanogaster)_(DBD_1.00)

letter-probability matrix: alength= 4 w= 14 nsites= 1 E= 0
  0.375455	  0.061818	  0.163636	  0.399091	
  0.077815	  0.109272	  0.033113	  0.779801	
  0.058348	  0.000000	  0.940754	  0.000898	
  0.038925	  0.011121	  0.949954	  0.000000	
  0.000000	  1.000000	  0.000000	  0.000000	
  0.993361	  0.000000	  0.006639	  0.000000	
  0.000882	  0.998236	  0.000000	  0.000882	
  0.000889	  0.000000	  0.999111	  0.000000	
  0.000826	  0.011561	  0.000000	  0.987614	
  0.000000	  0.000000	  1.000000	  0.000000	
  0.001850	  0.960222	  0.013876	  0.024052	
  0.000000	  0.938721	  0.002664	  0.058615	
  0.726901	  0.040883	  0.123467	  0.108749	
  0.369272	  0.165319	  0.057502	  0.407907	

URL http://cisbp.ccbr.utoronto.ca/TFreport.php?versionNumber=2.00&searchTF=T038512_2.00

MOTIF M03597_2.00 (HLHmbeta)_(Drosophila_melanogaster)_(DBD_1.00)

letter-probability matrix: alength= 4 w= 12 nsites= 1 E= 0
  0.151220	  0.209756	  0.068293	  0.570732	
  0.067568	  0.013514	  0.918919	  0.000000	
  0.105932	  0.021186	  0.864407	  0.008475	
  0.050000	  0.927273	  0.013636	  0.009091	
  0.940092	  0.000000	  0.059908	  0.000000	
  0.027907	  0.948837	  0.000000	  0.023256	
  0.027907	  0.023256	  0.948837	  0.000000	
  0.025862	  0.068966	  0.025862	  0.879310	
  0.018519	  0.004630	  0.944444	  0.032407	
  0.016598	  0.846473	  0.024896	  0.112033	
  0.000000	  0.906667	  0.040000	  0.053333	
  0.529412	  0.049020	  0.274510	  0.147059	

URL http://cisbp.ccbr.utoronto.ca/TFreport.php?versionNumber=2.00&searchTF=T038515_2.00

MOTIF M03598_2.00 (HLHmdelta)_(Drosophila_melanogaster)_(DBD_1.00)

letter-probability matrix: alength= 4 w= 14 nsites= 1 E= 0
  0.255597	  0.042635	  0.202818	  0.498950	
  0.029695	  0.046457	  0.025803	  0.898045	
  0.128165	  0.005179	  0.866300	  0.000355	
  0.054357	  0.016655	  0.908403	  0.020585	
  0.000265	  0.994916	  0.000111	  0.004708	
  0.940458	  0.001656	  0.041391	  0.016495	
  0.000084	  0.999676	  0.000028	  0.000211	
  0.000211	  0.000070	  0.999662	  0.000056	
  0.018457	  0.040824	  0.001642	  0.939077	
  0.004653	  0.000070	  0.994943	  0.000334	
  0.020697	  0.908086	  0.016868	  0.054349	
  0.000191	  0.866643	  0.005057	  0.128109	
  0.897677	  0.027178	  0.046073	  0.029073	
  0.501374	  0.200654	  0.042155	  0.255817	

URL http://cisbp.ccbr.utoronto.ca/TFreport.php?versionNumber=2.00&searchTF=T038514_2.00

MOTIF M03599_2.00 (HLHmgamma)_(Drosophila_melanogaster)_(DBD_1.00)

letter-probability matrix: alength= 4 w= 14 nsites= 1 E= 0
  0.266667	  0.094444	  0.244444	  0.394444	
  0.063725	  0.102941	  0.034314	  0.799020	
  0.102941	  0.063725	  0.833333	  0.000000	
  0.050847	  0.000000	  0.949153	  0.000000	
  0.009901	  0.935644	  0.029703	  0.024752	
  0.948718	  0.000000	  0.051282	  0.000000	
  0.000000	  0.969072	  0.030928	  0.000000	
  0.016043	  0.000000	  0.983957	  0.000000	
  0.020408	  0.035714	  0.000000	  0.943878	
  0.000000	  0.000000	  0.962766	  0.037234	
  0.000000	  0.906736	  0.041451	  0.051813	
  0.000000	  0.886700	  0.024631	  0.088670	
  0.757991	  0.100457	  0.063927	  0.077626	
  0.352632	  0.278947	  0.100000	  0.268421	

URL http://cisbp.ccbr.utoronto.ca/TFreport.php?versionNumber=2.00&searchTF=T038513_2.00

MOTIF M03600_2.00 (GD18361)_(Drosophila_melanogaster)_(DBD_1.00)

letter-probability matrix: alength= 4 w= 14 nsites= 1 E= 0
  0.339925	  0.095104	  0.385122	  0.179849	
  0.116732	  0.334630	  0.242542	  0.306096	
  0.741097	  0.017324	  0.240616	  0.000962	
  0.969773	  0.002519	  0.018892	  0.008816	
  0.000000	  0.998703	  0.001297	  0.000000	
  1.000000	  0.000000	  0.000000	  0.000000	
  0.080000	  0.064444	  0.855556	  0.000000	
  0.001092	  0.840611	  0.061135	  0.097162	
  0.000000	  0.001297	  0.000000	  0.998703	
  0.000000	  0.000000	  1.000000	  0.000000	
  0.003783	  0.025221	  0.000000	  0.970996	
  0.000000	  0.241843	  0.019194	  0.738964	
  0.306892	  0.241873	  0.331599	  0.119636	
  0.191882	  0.363469	  0.097786	  0.346863	

URL http://cisbp.ccbr.utoronto.ca/TFreport.php?versionNumber=2.00&searchTF=T038867_2.00

MOTIF M03603_2.00 (GD21828)_(Drosophila_melanogaster)_(DBD_1.00)

letter-probability matrix: alength= 4 w= 10 nsites= 1 E= 0
  0.486637	  0.074610	  0.396437	  0.042316	
  0.419924	  0.348045	  0.195460	  0.036570	
  0.021609	  0.953181	  0.025210	  0.000000	
  0.982673	  0.000000	  0.000000	  0.017327	
  0.000000	  0.037681	  0.195169	  0.767150	
  0.770874	  0.171845	  0.057282	  0.000000	
  0.000000	  0.012392	  0.003717	  0.983891	
  0.004963	  0.009926	  0.985112	  0.000000	
  0.023899	  0.216352	  0.358491	  0.401258	
  0.030787	  0.428734	  0.064994	  0.475485	

URL http://cisbp.ccbr.utoronto.ca/TFreport.php?versionNumber=2.00&searchTF=T038878_2.00

MOTIF M03605_2.00 (twi)_(Drosophila_melanogaster)_(DBD_1.00)

letter-probability matrix: alength= 4 w= 10 nsites= 1 E= 0
  0.568528	  0.253807	  0.124365	  0.053299	
  0.749164	  0.127090	  0.080268	  0.043478	
  0.038462	  0.957265	  0.004274	  0.000000	
  0.969697	  0.000000	  0.025974	  0.004329	
  0.006192	  0.693498	  0.123839	  0.176471	
  0.647399	  0.000000	  0.343931	  0.008671	
  0.000000	  0.008850	  0.000000	  0.991150	
  0.000000	  0.000000	  1.000000	  0.000000	
  0.018293	  0.115854	  0.182927	  0.682927	
  0.085575	  0.207824	  0.158924	  0.547677	

URL http://cisbp.ccbr.utoronto.ca/TFreport.php?versionNumber=2.00&searchTF=T038419_2.00

MOTIF M03607_2.00 (sc)_(Drosophila_melanogaster)_(DBD_1.00)

letter-probability matrix: alength= 4 w= 14 nsites= 1 E= 0
  0.441860	  0.125969	  0.224806	  0.207364	
  0.380309	  0.077220	  0.150579	  0.391892	
  0.661509	  0.001934	  0.166344	  0.170213	
  0.285959	  0.085616	  0.599315	  0.029110	
  0.000000	  1.000000	  0.000000	  0.000000	
  0.919929	  0.001779	  0.007117	  0.071174	
  0.000000	  0.000000	  0.819334	  0.180666	
  0.173846	  0.795385	  0.000000	  0.030769	
  0.080139	  0.017422	  0.001742	  0.900697	
  0.000000	  0.000000	  1.000000	  0.000000	
  0.015411	  0.607877	  0.099315	  0.277397	
  0.156190	  0.184762	  0.000000	  0.659048	
  0.395753	  0.162162	  0.054054	  0.388031	
  0.210832	  0.201161	  0.119923	  0.468085	

URL http://cisbp.ccbr.utoronto.ca/TFreport.php?versionNumber=2.00&searchTF=T038412_2.00

MOTIF M03608_2.00 (GD15288)_(Drosophila_melanogaster)_(DBD_1.00)

letter-probability matrix: alength= 4 w= 12 nsites= 1 E= 0
  0.173674	  0.270788	  0.144023	  0.411516	
  0.125303	  0.130351	  0.643679	  0.100666	
  0.209987	  0.219908	  0.485063	  0.085041	
  0.012469	  0.981373	  0.002309	  0.003849	
  0.928488	  0.010341	  0.023740	  0.037431	
  0.000155	  0.987148	  0.000000	  0.012697	
  0.074614	  0.004041	  0.920046	  0.001299	
  0.022762	  0.633687	  0.009863	  0.333687	
  0.009435	  0.005806	  0.925388	  0.059370	
  0.206128	  0.405794	  0.083565	  0.304513	
  0.156932	  0.547586	  0.151263	  0.144219	
  0.431373	  0.173333	  0.220235	  0.175059	

URL http://cisbp.ccbr.utoronto.ca/TFreport.php?versionNumber=2.00&searchTF=T038858_2.00

MOTIF M03609_2.00 (GD16284)_(Drosophila_melanogaster)_(DBD_1.00)

letter-probability matrix: alength= 4 w= 16 nsites= 1 E= 0
  0.226283	  0.051322	  0.480560	  0.241835	
  0.150078	  0.066096	  0.604199	  0.179627	
  0.346444	  0.181034	  0.314655	  0.157866	
  0.052814	  0.893676	  0.023628	  0.029882	
  0.208877	  0.088773	  0.631201	  0.071149	
  0.000000	  1.000000	  0.000000	  0.000000	
  0.995356	  0.003870	  0.000774	  0.000000	
  0.000680	  0.098639	  0.874830	  0.025850	
  0.056641	  0.837240	  0.106120	  0.000000	
  0.000000	  0.000000	  0.000000	  1.000000	
  0.000000	  0.000776	  0.998447	  0.000776	
  0.090675	  0.655949	  0.082315	  0.171061	
  0.020408	  0.017593	  0.904996	  0.057002	
  0.152569	  0.319104	  0.189460	  0.338867	
  0.185848	  0.559876	  0.097201	  0.157076	
  0.216174	  0.518663	  0.082426	  0.182737	

URL http://cisbp.ccbr.utoronto.ca/TFreport.php?versionNumber=2.00&searchTF=T038859_2.00

MOTIF M03612_2.00 (GD12293)_(Drosophila_melanogaster)_(DBD_1.00)

letter-probability matrix: alength= 4 w= 14 nsites= 1 E= 0
  0.477387	  0.217516	  0.201005	  0.104092	
  0.605964	  0.018104	  0.293930	  0.082002	
  0.857143	  0.017719	  0.098560	  0.026578	
  0.262004	  0.549061	  0.154489	  0.034447	
  0.000000	  1.000000	  0.000000	  0.000000	
  0.995244	  0.002378	  0.001189	  0.001189	
  0.000000	  0.997611	  0.000000	  0.002389	
  0.000000	  0.000000	  1.000000	  0.000000	
  0.000000	  0.002387	  0.002387	  0.995227	
  0.000000	  0.000000	  1.000000	  0.000000	
  0.046606	  0.180344	  0.526849	  0.246201	
  0.023307	  0.130966	  0.012209	  0.833518	
  0.069717	  0.346405	  0.010893	  0.572985	
  0.115018	  0.175092	  0.229304	  0.480586	

URL http://cisbp.ccbr.utoronto.ca/TFreport.php?versionNumber=2.00&searchTF=T038852_2.00

MOTIF M03613_2.00 (GD24318)_(Drosophila_melanogaster)_(DBD_1.00)

letter-probability matrix: alength= 4 w= 12 nsites= 1 E= 0
  0.091892	  0.447568	  0.200000	  0.260541	
  0.538017	  0.044628	  0.226446	  0.190909	
  0.192399	  0.732383	  0.073634	  0.001584	
  0.014721	  0.972660	  0.000000	  0.012618	
  0.996767	  0.001078	  0.002155	  0.000000	
  0.000000	  0.009585	  0.005325	  0.985091	
  0.993555	  0.003222	  0.000000	  0.003222	
  0.011653	  0.008475	  0.000000	  0.979873	
  0.009424	  0.000000	  0.968586	  0.021990	
  0.004866	  0.079481	  0.750203	  0.165450	
  0.186455	  0.244147	  0.039298	  0.530100	
  0.260541	  0.165405	  0.468108	  0.105946	

URL http://cisbp.ccbr.utoronto.ca/TFreport.php?versionNumber=2.00&searchTF=T038886_2.00

MOTIF M03615_2.00 (GD12247)_(Drosophila_melanogaster)_(DBD_1.00)

letter-probability matrix: alength= 4 w= 10 nsites= 1 E= 0
  0.117949	  0.085470	  0.782906	  0.013675	
  0.000000	  0.010799	  0.000000	  0.989201	
  0.004228	  0.968288	  0.014799	  0.012685	
  0.976546	  0.010661	  0.012793	  0.000000	
  0.000000	  0.991342	  0.006494	  0.002165	
  0.000000	  0.000000	  1.000000	  0.000000	
  0.000000	  0.017167	  0.000000	  0.982833	
  0.000000	  0.004329	  0.991342	  0.004329	
  0.991342	  0.000000	  0.000000	  0.008658	
  0.016484	  0.838828	  0.053114	  0.091575	

URL http://cisbp.ccbr.utoronto.ca/TFreport.php?versionNumber=2.00&searchTF=T038851_2.00

MOTIF M03616_2.00 (GD10199)_(Drosophila_melanogaster)_(DBD_0.98)

letter-probability matrix: alength= 4 w= 10 nsites= 1 E= 0
  0.180045	  0.200588	  0.465855	  0.153511	
  0.350167	  0.219352	  0.313883	  0.116599	
  0.000639	  0.999361	  0.000000	  0.000000	
  0.956887	  0.000000	  0.043113	  0.000000	
  0.000000	  1.000000	  0.000000	  0.000000	
  0.000319	  0.000160	  0.999521	  0.000000	
  0.000000	  0.041501	  0.000000	  0.958499	
  0.000080	  0.000000	  0.999681	  0.000240	
  0.116192	  0.312866	  0.216608	  0.354333	
  0.154279	  0.463801	  0.202779	  0.179140	

URL http://cisbp.ccbr.utoronto.ca/TFreport.php?versionNumber=2.00&searchTF=T038848_2.00

MOTIF M03618_2.00 (GD24118)_(Drosophila_melanogaster)_(DBD_1.00)

letter-probability matrix: alength= 4 w= 10 nsites= 1 E= 0
  0.777778	  0.000000	  0.212121	  0.010101	
  0.373913	  0.478261	  0.147826	  0.000000	
  0.000000	  1.000000	  0.000000	  0.000000	
  0.970297	  0.019802	  0.009901	  0.000000	
  0.039216	  0.000000	  0.000000	  0.960784	
  0.980000	  0.000000	  0.010000	  0.010000	
  0.000000	  0.020000	  0.000000	  0.980000	
  0.029703	  0.000000	  0.970297	  0.000000	
  0.000000	  0.117117	  0.459459	  0.423423	
  0.000000	  0.408163	  0.000000	  0.591837	

URL http://cisbp.ccbr.utoronto.ca/TFreport.php?versionNumber=2.00&searchTF=T038884_2.00

MOTIF M03619_2.00 (GD24173)_(Drosophila_melanogaster)_(DBD_1.00)

letter-probability matrix: alength= 4 w= 12 nsites= 1 E= 0
  0.209293	  0.275493	  0.107319	  0.407895	
  0.079542	  0.096405	  0.774101	  0.049952	
  0.188213	  0.125033	  0.645872	  0.040881	
  0.006478	  0.985020	  0.005263	  0.003239	
  0.800856	  0.008229	  0.186307	  0.004608	
  0.000000	  0.994685	  0.000000	  0.005315	
  0.004493	  0.001634	  0.993873	  0.000000	
