MEME version 5.5.8 (Fri May 2 15:43:49 2025 -0700)

ALPHABET= ACGT

strands: + -

Background letter frequencies (from uniform background):
A 0.25000 C 0.25000 G 0.25000 T 0.25000 

MOTIF M00796_2.00 (EDEG_03327)_(Mus_musculus)_(DBD_0.44)

letter-probability matrix: alength= 4 w= 10 nsites= 1 E= 0
  0.359371	  0.149061	  0.090410	  0.401158	
  0.421728	  0.136232	  0.263581	  0.178459	
  0.287711	  0.194796	  0.208921	  0.308572	
  0.387293	  0.104499	  0.432326	  0.075882	
  0.213252	  0.166081	  0.058118	  0.562548	
  0.555669	  0.284341	  0.048919	  0.111071	
  0.768444	  0.096967	  0.051130	  0.083460	
  0.771861	  0.058487	  0.089910	  0.079743	
  0.062825	  0.561351	  0.051953	  0.323871	
  0.748482	  0.072099	  0.068583	  0.110835	

URL http://cisbp.ccbr.utoronto.ca/TFreport.php?versionNumber=2.00&searchTF=T185055_2.00

MOTIF M01558_2.00 (EDEG_01732)_(Saccharomyces_cerevisiae)_(DBD_0.75)

letter-probability matrix: alength= 4 w= 10 nsites= 1 E= 0
  0.112022	  0.583295	  0.081344	  0.223339	
  0.214189	  0.229719	  0.346145	  0.209947	
  0.417547	  0.152079	  0.229155	  0.201220	
  0.584466	  0.060382	  0.129114	  0.226037	
  0.385008	  0.091219	  0.093997	  0.429776	
  0.301324	  0.230024	  0.179143	  0.289509	
  0.257339	  0.273252	  0.284403	  0.185007	
  0.278132	  0.034747	  0.644255	  0.042867	
  0.109929	  0.000794	  0.742363	  0.146913	
  0.392464	  0.185387	  0.181716	  0.240434	

URL http://cisbp.ccbr.utoronto.ca/TFreport.php?versionNumber=2.00&searchTF=T253560_2.00

MOTIF M01567_2.00 (EDEG_01170)_(Saccharomyces_cerevisiae)_(DBD_0.78)

letter-probability matrix: alength= 4 w= 7 nsites= 1 E= 0
  0.315311	  0.189343	  0.207174	  0.288172	
  0.345705	  0.141966	  0.211788	  0.300541	
  0.271982	  0.110580	  0.155359	  0.462079	
  0.583542	  0.000869	  0.110954	  0.304636	
  0.219565	  0.006434	  0.188981	  0.585020	
  0.934996	  0.000354	  0.051964	  0.012687	
  0.422777	  0.000471	  0.095282	  0.481470	

URL http://cisbp.ccbr.utoronto.ca/TFreport.php?versionNumber=2.00&searchTF=T342248_2.00

MOTIF M01679_2.00 (EDEG_01823)_(Danio_rerio)_(DBD_0.77)

letter-probability matrix: alength= 4 w= 8 nsites= 1 E= 0
  0.723485	  0.000344	  0.000344	  0.275826	
  0.721698	  0.000277	  0.000277	  0.277747	
  0.756210	  0.000270	  0.000270	  0.243251	
  0.648218	  0.000270	  0.000270	  0.351242	
  0.864201	  0.000270	  0.000270	  0.135259	
  0.324244	  0.000270	  0.000270	  0.675216	
  0.891199	  0.000270	  0.000270	  0.108261	
  0.062734	  0.000312	  0.000312	  0.936642	

URL http://cisbp.ccbr.utoronto.ca/TFreport.php?versionNumber=2.00&searchTF=T017355_2.00

MOTIF M02053_2.00 (EDEG_02526)_(Encephalitozoon_cuniculi)_(DBD_0.44)

letter-probability matrix: alength= 4 w= 8 nsites= 1 E= 0
  0.131703	  0.157992	  0.052839	  0.657466	
  0.080136	  0.020184	  0.000200	  0.899480	
  0.905166	  0.000189	  0.000189	  0.094457	
  0.942873	  0.000189	  0.000189	  0.056750	
  0.056750	  0.019042	  0.000189	  0.924020	
  0.057840	  0.019408	  0.019408	  0.903344	
  0.890747	  0.000217	  0.108818	  0.000217	
  0.069215	  0.413567	  0.206956	  0.310262	

URL http://cisbp.ccbr.utoronto.ca/TFreport.php?versionNumber=2.00&searchTF=T206521_2.00

MOTIF M02055_2.00 (EDEG_01594)_(Encephalitozoon_cuniculi)_(DBD_0.86)

letter-probability matrix: alength= 4 w= 9 nsites= 1 E= 0
  0.259454	  0.234764	  0.210309	  0.295473	
  0.174519	  0.228614	  0.282036	  0.314831	
  0.058202	  0.248121	  0.089471	  0.604206	
  0.740913	  0.151091	  0.033713	  0.074283	
  0.897687	  0.051926	  0.014877	  0.035510	
  0.000090	  0.021879	  0.000025	  0.978006	
  0.271104	  0.088456	  0.049033	  0.591406	
  0.383479	  0.034788	  0.026557	  0.555176	
  0.666246	  0.107949	  0.156282	  0.069523	

URL http://cisbp.ccbr.utoronto.ca/TFreport.php?versionNumber=2.00&searchTF=T206519_2.00

MOTIF M06870_2.00 (EDEG_00786)_(Arabidopsis_thaliana)_(DBD_0.49)

letter-probability matrix: alength= 4 w= 15 nsites= 1 E= 0
  0.913043	  0.086957	  0.000000	  0.000000	
  0.347826	  0.000000	  0.130435	  0.521739	
  0.391304	  0.000000	  0.217391	  0.391304	
  0.347826	  0.000000	  0.217391	  0.434783	
  0.260870	  0.000000	  0.217391	  0.521739	
  0.173913	  0.043478	  0.782609	  0.000000	
  0.000000	  0.043478	  0.782609	  0.173913	
  0.217391	  0.782609	  0.000000	  0.000000	
  0.000000	  0.000000	  1.000000	  0.000000	
  0.000000	  1.000000	  0.000000	  0.000000	
  0.000000	  1.000000	  0.000000	  0.000000	
  0.913043	  0.086957	  0.000000	  0.000000	
  0.826086	  0.086957	  0.000000	  0.086957	
  0.913043	  0.000000	  0.086957	  0.000000	
  0.695652	  0.000000	  0.260870	  0.043478	

URL http://cisbp.ccbr.utoronto.ca/TFreport.php?versionNumber=2.00&searchTF=T172412_2.00

MOTIF M06945_2.00 (EDEG_00778)_(Arabidopsis_thaliana)_(DBD_0.45)

letter-probability matrix: alength= 4 w= 14 nsites= 1 E= 0
  0.661565	  0.045918	  0.246599	  0.045918	
  0.006803	  0.000000	  0.991496	  0.001701	
  0.972789	  0.003401	  0.006803	  0.017007	
  0.906462	  0.006803	  0.034014	  0.052721	
  0.154762	  0.204082	  0.513605	  0.127551	
  0.210884	  0.374150	  0.209184	  0.205782	
  0.105442	  0.030612	  0.013605	  0.850341	
  0.028912	  0.000000	  0.005102	  0.965986	
  0.000000	  0.994898	  0.005102	  0.000000	
  0.013605	  0.134354	  0.039116	  0.812925	
  0.770408	  0.032313	  0.195578	  0.001701	
  0.003401	  0.000000	  0.996599	  0.000000	
  0.971089	  0.003401	  0.017007	  0.008503	
  0.819727	  0.023810	  0.059524	  0.096939	

URL http://cisbp.ccbr.utoronto.ca/TFreport.php?versionNumber=2.00&searchTF=T240084_2.00

MOTIF M08131_2.00 (EDEG_00847)_(Homo_sapiens)_(DBD_0.42)

letter-probability matrix: alength= 4 w= 11 nsites= 1 E= 0
  0.075767	  0.195992	  0.093926	  0.634314	
  0.000000	  0.000000	  0.000000	  1.000000	
  0.000000	  0.000000	  0.000000	  1.000000	
  0.000000	  0.000000	  0.000000	  1.000000	
  1.000000	  0.000000	  0.000000	  0.000000	
  0.000000	  0.000000	  0.000000	  1.000000	
  0.042580	  0.000000	  0.520977	  0.436443	
  0.343770	  0.000000	  0.656230	  0.000000	
  0.000000	  0.721979	  0.085160	  0.192862	
  0.264245	  0.314339	  0.005009	  0.416406	
  0.115842	  0.300564	  0.199750	  0.383845	

URL http://cisbp.ccbr.utoronto.ca/TFreport.php?versionNumber=2.00&searchTF=T206518_2.00

