MEME version 5.5.8 (Fri May 2 15:43:49 2025 -0700)

ALPHABET= ACGT

strands: + -

Background letter frequencies (from uniform background):
A 0.25000 C 0.25000 G 0.25000 T 0.25000 

MOTIF M02485_2.00 (EMIHUDRAFT_114782)_(Arabidopsis_thaliana)_(DBD_0.41)

letter-probability matrix: alength= 4 w= 10 nsites= 1 E= 0
  0.246206	  0.214041	  0.253704	  0.286050	
  0.223218	  0.225462	  0.123736	  0.427584	
  0.374373	  0.150694	  0.125870	  0.349063	
  0.424988	  0.133228	  0.213164	  0.228620	
  0.314246	  0.138404	  0.139795	  0.407555	
  0.001214	  0.456559	  0.032581	  0.509647	
  0.524312	  0.125473	  0.318011	  0.032204	
  0.266076	  0.207220	  0.195153	  0.331551	
  0.287074	  0.181225	  0.287074	  0.244628	
  0.289992	  0.232724	  0.235063	  0.242222	

URL http://cisbp.ccbr.utoronto.ca/TFreport.php?versionNumber=2.00&searchTF=T327457_2.00

MOTIF M02486_2.00 (EMIHUDRAFT_117867)_(Arabidopsis_thaliana)_(DBD_0.27)

letter-probability matrix: alength= 4 w= 7 nsites= 1 E= 0
  0.240152	  0.206700	  0.235396	  0.317752	
  0.316441	  0.197776	  0.207917	  0.277866	
  0.348064	  0.230993	  0.178107	  0.242836	
  0.281022	  0.168752	  0.167073	  0.383152	
  0.176275	  0.412420	  0.066823	  0.344482	
  0.478649	  0.076782	  0.441849	  0.002721	
  0.255694	  0.168003	  0.260859	  0.315444	

URL http://cisbp.ccbr.utoronto.ca/TFreport.php?versionNumber=2.00&searchTF=T327458_2.00

MOTIF M02525_2.00 (EMIHUDRAFT_447991)_(Brachypodium_distachyon)_(DBD_0.60)

letter-probability matrix: alength= 4 w= 10 nsites= 1 E= 0
  0.293063	  0.270264	  0.198080	  0.238592	
  0.457419	  0.143313	  0.276857	  0.122411	
  0.061314	  0.124657	  0.058139	  0.755890	
  0.106775	  0.160207	  0.133014	  0.600005	
  0.056248	  0.329219	  0.105540	  0.508994	
  0.508994	  0.105540	  0.329219	  0.056248	
  0.600005	  0.133014	  0.160207	  0.106775	
  0.755890	  0.058139	  0.124657	  0.061314	
  0.122411	  0.276857	  0.143313	  0.457419	
  0.238592	  0.198080	  0.270264	  0.293063	

URL http://cisbp.ccbr.utoronto.ca/TFreport.php?versionNumber=2.00&searchTF=T345269_2.00

MOTIF M02698_2.00 (EMIHUDRAFT_357624)_(Arabidopsis_thaliana)_(DBD_0.90)

letter-probability matrix: alength= 4 w= 11 nsites= 1 E= 0
  0.140000	  0.450000	  0.230000	  0.180000	
  0.160000	  0.270000	  0.550000	  0.020000	
  0.000000	  0.919192	  0.040404	  0.040404	
  0.000000	  0.050000	  0.930000	  0.020000	
  0.040404	  0.939394	  0.000000	  0.020202	
  0.040404	  0.020202	  0.020202	  0.919192	
  0.080808	  0.000000	  0.858586	  0.060606	
  0.960000	  0.000000	  0.020000	  0.020000	
  0.040000	  0.040000	  0.920000	  0.000000	
  0.020000	  0.550000	  0.260000	  0.170000	
  0.151515	  0.323232	  0.242424	  0.282828	

URL http://cisbp.ccbr.utoronto.ca/TFreport.php?versionNumber=2.00&searchTF=T269226_2.00

MOTIF M06870_2.00 (EMIHUDRAFT_458951)_(Arabidopsis_thaliana)_(DBD_0.79)

letter-probability matrix: alength= 4 w= 15 nsites= 1 E= 0
  0.913043	  0.086957	  0.000000	  0.000000	
  0.347826	  0.000000	  0.130435	  0.521739	
  0.391304	  0.000000	  0.217391	  0.391304	
  0.347826	  0.000000	  0.217391	  0.434783	
  0.260870	  0.000000	  0.217391	  0.521739	
  0.173913	  0.043478	  0.782609	  0.000000	
  0.000000	  0.043478	  0.782609	  0.173913	
  0.217391	  0.782609	  0.000000	  0.000000	
  0.000000	  0.000000	  1.000000	  0.000000	
  0.000000	  1.000000	  0.000000	  0.000000	
  0.000000	  1.000000	  0.000000	  0.000000	
  0.913043	  0.086957	  0.000000	  0.000000	
  0.826086	  0.086957	  0.000000	  0.086957	
  0.913043	  0.000000	  0.086957	  0.000000	
  0.695652	  0.000000	  0.260870	  0.043478	

URL http://cisbp.ccbr.utoronto.ca/TFreport.php?versionNumber=2.00&searchTF=T172424_2.00

MOTIF M06950_2.00 (EMIHUDRAFT_470076)_(Arabidopsis_thaliana)_(DBD_0.44)

letter-probability matrix: alength= 4 w= 16 nsites= 1 E= 0
  0.000000	  0.000000	  1.000000	  0.000000	
  0.994828	  0.000000	  0.000000	  0.005172	
  0.939654	  0.006897	  0.006897	  0.046552	
  0.070690	  0.241379	  0.572414	  0.115517	
  0.318966	  0.263793	  0.186207	  0.231034	
  0.086207	  0.034483	  0.003448	  0.875862	
  0.005172	  0.000000	  0.003448	  0.991380	
  0.000000	  0.998276	  0.001724	  0.000000	
  0.001724	  0.137931	  0.037931	  0.822414	
  0.786207	  0.029310	  0.184483	  0.000000	
  0.000000	  0.001724	  0.998276	  0.000000	
  0.986207	  0.000000	  0.000000	  0.013793	
  0.777586	  0.027586	  0.086207	  0.108621	
  0.237931	  0.201724	  0.384483	  0.175862	
  0.320690	  0.327586	  0.150000	  0.201724	
  0.341379	  0.113793	  0.125862	  0.418966	

URL http://cisbp.ccbr.utoronto.ca/TFreport.php?versionNumber=2.00&searchTF=T240108_2.00

MOTIF M07295_2.00 (EMIHUDRAFT_222607)_(Arabidopsis_thaliana)_(DBD_0.77)

letter-probability matrix: alength= 4 w= 15 nsites= 1 E= 0
  0.262982	  0.020101	  0.031826	  0.685091	
  0.241206	  0.033501	  0.013400	  0.711893	
  0.396985	  0.187605	  0.026801	  0.388610	
  0.609715	  0.082077	  0.075377	  0.232831	
  0.775544	  0.108878	  0.030151	  0.085427	
  0.936349	  0.000000	  0.050251	  0.013400	
  0.562814	  0.021776	  0.160804	  0.254606	
  0.820770	  0.000000	  0.026801	  0.152429	
  0.000000	  0.000000	  0.000000	  1.000000	
  0.000000	  0.000000	  0.000000	  1.000000	
  0.000000	  0.324958	  0.000000	  0.675042	
  0.862647	  0.000000	  0.137353	  0.000000	
  0.857621	  0.142379	  0.000000	  0.000000	
  1.000000	  0.000000	  0.000000	  0.000000	
  0.549414	  0.055276	  0.000000	  0.395310	

URL http://cisbp.ccbr.utoronto.ca/TFreport.php?versionNumber=2.00&searchTF=T345266_2.00

MOTIF M08108_2.00 (EMIHUDRAFT_448439)_(Homo_sapiens)_(DBD_0.63)

letter-probability matrix: alength= 4 w= 11 nsites= 1 E= 0
  0.204783	  0.244644	  0.387145	  0.163428	
  0.131041	  0.340807	  0.468361	  0.059791	
  0.023916	  0.035376	  0.927753	  0.012955	
  0.013951	  0.939711	  0.010962	  0.035376	
  0.006976	  0.026906	  0.962631	  0.003488	
  0.017937	  0.039860	  0.929248	  0.012955	
  0.013453	  0.015944	  0.956153	  0.014449	
  0.924265	  0.011958	  0.048829	  0.014948	
  0.819631	  0.084704	  0.068261	  0.027404	
  0.231689	  0.322372	  0.322870	  0.123069	
  0.189836	  0.300947	  0.322870	  0.186348	

URL http://cisbp.ccbr.utoronto.ca/TFreport.php?versionNumber=2.00&searchTF=T172423_2.00

