MEME version 5.5.8 (Fri May 2 15:43:49 2025 -0700)

ALPHABET= ACGT

strands: + -

Background letter frequencies (from uniform background):
A 0.25000 C 0.25000 G 0.25000 T 0.25000 

MOTIF M02247_2.00 (EHI_200020)_(Aspergillus_nidulans)_(DBD_0.47)

letter-probability matrix: alength= 4 w= 10 nsites= 1 E= 0
  0.354631	  0.215094	  0.219440	  0.210835	
  0.330282	  0.212714	  0.202340	  0.254665	
  0.214610	  0.210361	  0.307608	  0.267421	
  0.286586	  0.236995	  0.241782	  0.234637	
  0.124300	  0.022037	  0.071001	  0.782662	
  0.089295	  0.000287	  0.037410	  0.873008	
  0.077635	  0.814050	  0.043468	  0.064846	
  0.032211	  0.433685	  0.153288	  0.380816	
  0.614435	  0.084835	  0.185064	  0.115666	
  0.161120	  0.302520	  0.140071	  0.396290	

URL http://cisbp.ccbr.utoronto.ca/TFreport.php?versionNumber=2.00&searchTF=T240095_2.00

MOTIF M02530_2.00 (EHI_153340)_(Paramecium_tetraurelia)_(DBD_0.21)

letter-probability matrix: alength= 4 w= 8 nsites= 1 E= 0
  0.209734	  0.222703	  0.218294	  0.349269	
  0.170043	  0.218340	  0.209778	  0.401839	
  0.118837	  0.418950	  0.132655	  0.329558	
  0.653952	  0.029460	  0.279509	  0.037078	
  0.809150	  0.031062	  0.060702	  0.099086	
  0.707012	  0.055205	  0.089215	  0.148569	
  0.266361	  0.231563	  0.084340	  0.417737	
  0.255167	  0.240308	  0.211013	  0.293512	

URL http://cisbp.ccbr.utoronto.ca/TFreport.php?versionNumber=2.00&searchTF=T345265_2.00

MOTIF M03908_2.00 (EHI_049510)_(Drosophila_melanogaster)_(DBD_0.52)

letter-probability matrix: alength= 4 w= 17 nsites= 1 E= 0
  0.123045	  0.241919	  0.234619	  0.400417	
  0.260688	  0.220021	  0.506778	  0.012513	
  0.011033	  0.013039	  0.961886	  0.014042	
  0.963819	  0.008040	  0.010050	  0.018090	
  0.909867	  0.009488	  0.010436	  0.070209	
  0.157372	  0.237713	  0.151701	  0.453214	
  0.242340	  0.087047	  0.667827	  0.002786	
  0.051456	  0.017476	  0.000000	  0.931068	
  0.020649	  0.005900	  0.030482	  0.942970	
  0.000000	  0.985612	  0.008222	  0.006166	
  0.000000	  0.040854	  0.068709	  0.890436	
  0.402221	  0.273905	  0.318322	  0.005552	
  0.000000	  0.025278	  0.969666	  0.005056	
  0.913333	  0.021905	  0.011429	  0.053333	
  0.766587	  0.023981	  0.029576	  0.179856	
  0.170833	  0.329167	  0.308333	  0.191667	
  0.213542	  0.238542	  0.339583	  0.208333	

URL http://cisbp.ccbr.utoronto.ca/TFreport.php?versionNumber=2.00&searchTF=T240090_2.00

MOTIF M07100_2.00 (EHI_092160)_(Arabidopsis_thaliana)_(DBD_0.72)

letter-probability matrix: alength= 4 w= 11 nsites= 1 E= 0
  0.368948	  0.200334	  0.175292	  0.255426	
  0.519199	  0.138564	  0.178631	  0.163606	
  0.707846	  0.043406	  0.055092	  0.193656	
  0.954925	  0.000000	  0.000000	  0.045075	
  0.998331	  0.000000	  0.000000	  0.001669	
  0.998331	  0.000000	  0.001669	  0.000000	
  0.080134	  0.000000	  0.000000	  0.919866	
  1.000000	  0.000000	  0.000000	  0.000000	
  0.000000	  0.000000	  0.000000	  1.000000	
  0.000000	  1.000000	  0.000000	  0.000000	
  0.043406	  0.060100	  0.006678	  0.889816	

URL http://cisbp.ccbr.utoronto.ca/TFreport.php?versionNumber=2.00&searchTF=T269143_2.00

MOTIF M08149_2.00 (EHI_096510)_(Homo_sapiens)_(DBD_0.71)

letter-probability matrix: alength= 4 w= 15 nsites= 1 E= 0
  0.319149	  0.145315	  0.306021	  0.229516	
  0.331824	  0.068357	  0.259393	  0.340426	
  0.195111	  0.088728	  0.372114	  0.344047	
  0.172929	  0.639203	  0.035310	  0.152558	
  0.000000	  0.445903	  0.000000	  0.554097	
  0.731553	  0.115890	  0.033499	  0.119058	
  0.772295	  0.014486	  0.109099	  0.104120	
  0.953825	  0.000000	  0.039384	  0.006790	
  0.964690	  0.000000	  0.000905	  0.034405	
  0.966501	  0.000000	  0.001811	  0.031689	
  0.025351	  0.028067	  0.000000	  0.946582	
  0.985514	  0.000000	  0.014486	  0.000000	
  0.176098	  0.054323	  0.756451	  0.013128	
  0.441376	  0.378452	  0.066999	  0.113173	
  0.456768	  0.203712	  0.057039	  0.282481	

URL http://cisbp.ccbr.utoronto.ca/TFreport.php?versionNumber=2.00&searchTF=T253564_2.00

