MEME version 5.5.8 (Fri May 2 15:43:49 2025 -0700)

ALPHABET= ACGT

strands: + -

Background letter frequencies (from uniform background):
A 0.25000 C 0.25000 G 0.25000 T 0.25000 

MOTIF M00265_2.00 (EBI_21706)_(Homo_sapiens)_(DBD_0.47)

letter-probability matrix: alength= 4 w= 8 nsites= 1 E= 0
  0.208980	  0.059815	  0.208980	  0.522226	
  0.021604	  0.172077	  0.000107	  0.806212	
  0.981383	  0.000092	  0.009263	  0.009263	
  0.990554	  0.000092	  0.009263	  0.000092	
  0.009263	  0.000092	  0.000092	  0.990554	
  0.009348	  0.009348	  0.000093	  0.981211	
  0.655375	  0.022323	  0.299978	  0.022323	
  0.029982	  0.149314	  0.656474	  0.164230	

URL http://cisbp.ccbr.utoronto.ca/TFreport.php?versionNumber=2.00&searchTF=T206505_2.00

MOTIF M01567_2.00 (EBI_26482)_(Saccharomyces_cerevisiae)_(DBD_0.78)

letter-probability matrix: alength= 4 w= 7 nsites= 1 E= 0
  0.315311	  0.189343	  0.207174	  0.288172	
  0.345705	  0.141966	  0.211788	  0.300541	
  0.271982	  0.110580	  0.155359	  0.462079	
  0.583542	  0.000869	  0.110954	  0.304636	
  0.219565	  0.006434	  0.188981	  0.585020	
  0.934996	  0.000354	  0.051964	  0.012687	
  0.422777	  0.000471	  0.095282	  0.481470	

URL http://cisbp.ccbr.utoronto.ca/TFreport.php?versionNumber=2.00&searchTF=T342246_2.00

MOTIF M01987_2.00 (EBI_27500)_(Strongylocentrotus_purpuratus)_(DBD_0.52)

letter-probability matrix: alength= 4 w= 9 nsites= 1 E= 0
  0.233668	  0.224506	  0.348592	  0.193234	
  0.280037	  0.209542	  0.191507	  0.318914	
  0.404308	  0.290666	  0.110187	  0.194839	
  0.447462	  0.238314	  0.104961	  0.209263	
  0.768976	  0.018266	  0.173306	  0.039451	
  0.016176	  0.708777	  0.031930	  0.243117	
  0.578790	  0.107871	  0.169176	  0.144162	
  0.340778	  0.228430	  0.226157	  0.204635	
  0.301280	  0.239377	  0.210196	  0.249146	

URL http://cisbp.ccbr.utoronto.ca/TFreport.php?versionNumber=2.00&searchTF=T185049_2.00

MOTIF M08196_2.00 (EBI_21994)_(Drosophila_melanogaster)_(DBD_0.54)

letter-probability matrix: alength= 4 w= 13 nsites= 1 E= 0
  0.837210	  0.069767	  0.093023	  0.000000	
  0.930232	  0.046512	  0.000000	  0.023256	
  0.581396	  0.023256	  0.069767	  0.325581	
  0.348837	  0.069767	  0.000000	  0.581396	
  0.093023	  0.162791	  0.372093	  0.372093	
  0.116279	  0.465116	  0.418605	  0.000000	
  0.023256	  0.325581	  0.651163	  0.000000	
  0.000000	  1.000000	  0.000000	  0.000000	
  0.139535	  0.000000	  0.837209	  0.023256	
  0.000000	  0.720930	  0.255814	  0.023256	
  0.046512	  0.813953	  0.139535	  0.000000	
  0.767442	  0.139535	  0.000000	  0.093023	
  0.767442	  0.023256	  0.000000	  0.209302	

URL http://cisbp.ccbr.utoronto.ca/TFreport.php?versionNumber=2.00&searchTF=T172409_2.00

