MEME version 5.5.8 (Fri May 2 15:43:49 2025 -0700)

ALPHABET= ACGT

strands: + -

Background letter frequencies (from uniform background):
A 0.25000 C 0.25000 G 0.25000 T 0.25000 

MOTIF M00049_2.00 (FIBRA_07942)_(Saccharomyces_cerevisiae)_(DBD_0.74)

letter-probability matrix: alength= 4 w= 10 nsites= 1 E= 0
  0.252983	  0.240645	  0.243064	  0.263308	
  0.269403	  0.251189	  0.220568	  0.258839	
  0.252879	  0.285121	  0.209121	  0.252879	
  0.266753	  0.280430	  0.166721	  0.286095	
  0.113406	  0.053569	  0.750675	  0.082350	
  0.849031	  0.039809	  0.035662	  0.075497	
  0.162404	  0.054603	  0.055152	  0.727842	
  0.690436	  0.055552	  0.065846	  0.188166	
  0.445770	  0.151381	  0.208471	  0.194378	
  0.236453	  0.251075	  0.335543	  0.176929	

URL http://cisbp.ccbr.utoronto.ca/TFreport.php?versionNumber=2.00&searchTF=T193319_2.00

MOTIF M00051_2.00 (FIBRA_04723)_(Saccharomyces_cerevisiae)_(DBD_0.69)

letter-probability matrix: alength= 4 w= 8 nsites= 1 E= 0
  0.270248	  0.432235	  0.000270	  0.297246	
  0.000196	  0.000196	  0.999412	  0.000196	
  0.999424	  0.000192	  0.000192	  0.000192	
  0.000192	  0.000192	  0.000192	  0.999424	
  0.980208	  0.000192	  0.019408	  0.000192	
  0.940635	  0.000196	  0.000196	  0.058973	
  0.022934	  0.113760	  0.840372	  0.022934	
  0.344697	  0.241391	  0.241391	  0.172521	

URL http://cisbp.ccbr.utoronto.ca/TFreport.php?versionNumber=2.00&searchTF=T193317_2.00

MOTIF M00058_2.00 (FIBRA_04336)_(Saccharomyces_cerevisiae)_(DBD_0.37)

letter-probability matrix: alength= 4 w= 8 nsites= 1 E= 0
  0.565080	  0.141352	  0.108757	  0.184811	
  0.061126	  0.068758	  0.015339	  0.854777	
  0.248276	  0.096594	  0.000069	  0.655061	
  0.894567	  0.000066	  0.000066	  0.105301	
  0.966917	  0.000066	  0.000066	  0.032952	
  0.078992	  0.006643	  0.013220	  0.901144	
  0.048001	  0.000068	  0.034306	  0.917625	
  0.654724	  0.008935	  0.177017	  0.159324	

URL http://cisbp.ccbr.utoronto.ca/TFreport.php?versionNumber=2.00&searchTF=T218515_2.00

MOTIF M00060_2.00 (FIBRA_03155)_(Saccharomyces_cerevisiae)_(DBD_0.51)

letter-probability matrix: alength= 4 w= 9 nsites= 1 E= 0
  0.320154	  0.181055	  0.206191	  0.292599	
  0.231700	  0.238756	  0.197442	  0.332102	
  0.223589	  0.242212	  0.287095	  0.247105	
  0.161512	  0.025143	  0.029212	  0.784133	
  0.138264	  0.051376	  0.075881	  0.734480	
  0.092315	  0.709959	  0.122145	  0.075581	
  0.148989	  0.381409	  0.144586	  0.325016	
  0.473500	  0.149928	  0.202381	  0.174191	
  0.182247	  0.285820	  0.153755	  0.378177	

URL http://cisbp.ccbr.utoronto.ca/TFreport.php?versionNumber=2.00&searchTF=T240617_2.00

MOTIF M00066_2.00 (FIBRA_04592)_(Saccharomyces_cerevisiae)_(DBD_0.43)

letter-probability matrix: alength= 4 w= 10 nsites= 1 E= 0
  0.228304	  0.228304	  0.228304	  0.315088	
  0.119950	  0.353086	  0.407015	  0.119950	
  0.000130	  0.000130	  0.999610	  0.000130	
  0.000130	  0.000130	  0.000130	  0.999610	
  0.000130	  0.000130	  0.000130	  0.999610	
  0.086914	  0.000130	  0.912826	  0.000130	
  0.000130	  0.999610	  0.000130	  0.000130	
  0.000130	  0.437251	  0.000130	  0.562489	
  0.934522	  0.021826	  0.021826	  0.021826	
  0.130180	  0.304898	  0.261306	  0.303616	

URL http://cisbp.ccbr.utoronto.ca/TFreport.php?versionNumber=2.00&searchTF=T318608_2.00

MOTIF M00070_2.00 (FIBRA_04233)_(Saccharomyces_cerevisiae)_(DBD_0.39)

letter-probability matrix: alength= 4 w= 11 nsites= 1 E= 0
  0.268573	  0.272224	  0.178881	  0.280322	
  0.509793	  0.098806	  0.292595	  0.098806	
  0.848016	  0.050661	  0.050661	  0.050661	
  0.999893	  0.000036	  0.000036	  0.000036	
  0.000036	  0.903786	  0.000036	  0.096142	
  0.903786	  0.000036	  0.000036	  0.096142	
  0.999893	  0.000036	  0.000036	  0.000036	
  0.000036	  0.000036	  0.000036	  0.999893	
  0.591260	  0.071155	  0.071155	  0.266431	
  0.345743	  0.151230	  0.257625	  0.245401	
  0.199374	  0.199374	  0.199374	  0.401877	

URL http://cisbp.ccbr.utoronto.ca/TFreport.php?versionNumber=2.00&searchTF=T329890_2.00

MOTIF M00197_2.00 (FIBRA_04764)_(Mus_musculus)_(DBD_0.45)

letter-probability matrix: alength= 4 w= 8 nsites= 1 E= 0
  0.312219	  0.201080	  0.253079	  0.233622	
  0.315226	  0.161304	  0.285228	  0.238242	
  0.425231	  0.166107	  0.217594	  0.191068	
  0.602919	  0.043025	  0.029719	  0.324337	
  0.058211	  0.504755	  0.245690	  0.191344	
  0.971833	  0.016431	  0.000386	  0.011350	
  0.890196	  0.031232	  0.078370	  0.000202	
  0.180233	  0.052157	  0.044003	  0.723608	

URL http://cisbp.ccbr.utoronto.ca/TFreport.php?versionNumber=2.00&searchTF=T329891_2.00

MOTIF M00208_2.00 (FIBRA_06688)_(Mus_musculus)_(DBD_0.39)

letter-probability matrix: alength= 4 w= 9 nsites= 1 E= 0
  0.610507	  0.080181	  0.080181	  0.229130	
  0.027959	  0.087421	  0.055188	  0.829432	
  0.077434	  0.030859	  0.020893	  0.870814	
  0.237747	  0.206688	  0.478765	  0.076800	
  0.240465	  0.078459	  0.077678	  0.603397	
  0.222149	  0.224382	  0.205070	  0.348399	
  0.230661	  0.273404	  0.181445	  0.314490	
  0.236240	  0.248352	  0.218077	  0.297331	
  0.240132	  0.254981	  0.252444	  0.252444	

URL http://cisbp.ccbr.utoronto.ca/TFreport.php?versionNumber=2.00&searchTF=T329896_2.00

MOTIF M01102_2.00 (FIBRA_07885)_(PBM_CONSTRUCTS)_(DBD_0.84)

letter-probability matrix: alength= 4 w= 8 nsites= 1 E= 0
  0.520400	  0.150739	  0.150739	  0.178122	
  0.168349	  0.386085	  0.237629	  0.207937	
  0.828862	  0.000085	  0.162423	  0.008630	
  0.000085	  0.999744	  0.000085	  0.000085	
  0.000085	  0.000085	  0.982656	  0.017174	
  0.008630	  0.957023	  0.000085	  0.034262	
  0.008630	  0.017174	  0.965567	  0.008630	
  0.562344	  0.150050	  0.000125	  0.287481	

URL http://cisbp.ccbr.utoronto.ca/TFreport.php?versionNumber=2.00&searchTF=T011910_2.00

MOTIF M01235_2.00 (FIBRA_03562)_(Neurospora_crassa)_(DBD_0.89)

letter-probability matrix: alength= 4 w= 11 nsites= 1 E= 0
  0.224507	  0.326478	  0.224507	  0.224507	
  0.203126	  0.299039	  0.391867	  0.105967	
  0.225223	  0.724938	  0.024920	  0.024920	
  0.000216	  0.000216	  0.999351	  0.000216	
  0.999351	  0.000216	  0.000216	  0.000216	
  0.000216	  0.000216	  0.000216	  0.999351	
  0.000216	  0.999351	  0.000216	  0.000216	
  0.000216	  0.000216	  0.897514	  0.102053	
  0.347248	  0.117812	  0.509230	  0.025709	
  0.144249	  0.144249	  0.144249	  0.567252	
  0.225297	  0.324110	  0.225297	  0.225297	

URL http://cisbp.ccbr.utoronto.ca/TFreport.php?versionNumber=2.00&searchTF=T193315_2.00

MOTIF M01418_2.00 (FIBRA_01395)_(Schizophyllum_commune)_(DBD_0.90)

letter-probability matrix: alength= 4 w= 10 nsites= 1 E= 0
  0.250902	  0.143428	  0.143428	  0.462243	
  0.333752	  0.137853	  0.049134	  0.479262	
  0.000113	  0.426315	  0.000113	  0.573459	
  0.000113	  0.999662	  0.000113	  0.000113	
  0.000113	  0.000113	  0.999662	  0.000113	
  0.000113	  0.000113	  0.999662	  0.000113	
  0.910943	  0.000113	  0.088832	  0.000113	
  0.999662	  0.000113	  0.000113	  0.000113	
  0.106685	  0.288552	  0.205358	  0.399405	
  0.200979	  0.397063	  0.200979	  0.200979	

URL http://cisbp.ccbr.utoronto.ca/TFreport.php?versionNumber=2.00&searchTF=T368062_2.00

MOTIF M01458_2.00 (FIBRA_03533)_(Schizophyllum_commune)_(DBD_0.82)

letter-probability matrix: alength= 4 w= 10 nsites= 1 E= 0
  0.372672	  0.160886	  0.416006	  0.050436	
  0.076780	  0.829599	  0.008767	  0.084855	
  0.008563	  0.005194	  0.970165	  0.016078	
  0.001140	  0.993504	  0.003862	  0.001494	
  0.000158	  0.999768	  0.000001	  0.000073	
  0.905574	  0.030526	  0.033068	  0.030832	
  0.000401	  0.979249	  0.000329	  0.020021	
  0.343193	  0.333050	  0.135408	  0.188348	
  0.401867	  0.171764	  0.236541	  0.189828	
  0.319641	  0.225247	  0.223006	  0.232107	

URL http://cisbp.ccbr.utoronto.ca/TFreport.php?versionNumber=2.00&searchTF=T117492_2.00

MOTIF M01464_2.00 (FIBRA_04875)_(Schizophyllum_commune)_(DBD_0.87)

letter-probability matrix: alength= 4 w= 9 nsites= 1 E= 0
  0.276672	  0.242944	  0.219825	  0.260559	
  0.325733	  0.246184	  0.283179	  0.144905	
  0.119885	  0.703825	  0.041121	  0.135169	
  0.022497	  0.791076	  0.000864	  0.185563	
  0.006170	  0.991980	  0.000169	  0.001682	
  0.018530	  0.962344	  0.007999	  0.011127	
  0.002080	  0.192952	  0.006702	  0.798266	
  0.252990	  0.047151	  0.408851	  0.291008	
  0.459462	  0.122738	  0.221419	  0.196381	

URL http://cisbp.ccbr.utoronto.ca/TFreport.php?versionNumber=2.00&searchTF=T117498_2.00

MOTIF M01566_2.00 (FIBRA_06299)_(Saccharomyces_cerevisiae)_(DBD_0.55)

letter-probability matrix: alength= 4 w= 8 nsites= 1 E= 0
  0.270726	  0.299198	  0.159350	  0.270726	
  0.171103	  0.404343	  0.058690	  0.365865	
  0.701225	  0.048078	  0.204963	  0.045733	
  0.053179	  0.447494	  0.090348	  0.408979	
  0.407307	  0.049381	  0.055677	  0.487635	
  0.525518	  0.097943	  0.128302	  0.248237	
  0.510778	  0.094249	  0.117441	  0.277532	
  0.343791	  0.175921	  0.275898	  0.204391	

URL http://cisbp.ccbr.utoronto.ca/TFreport.php?versionNumber=2.00&searchTF=T329893_2.00

MOTIF M01567_2.00 (FIBRA_07233)_(Saccharomyces_cerevisiae)_(DBD_0.89)

letter-probability matrix: alength= 4 w= 7 nsites= 1 E= 0
  0.315311	  0.189343	  0.207174	  0.288172	
  0.345705	  0.141966	  0.211788	  0.300541	
  0.271982	  0.110580	  0.155359	  0.462079	
  0.583542	  0.000869	  0.110954	  0.304636	
  0.219565	  0.006434	  0.188981	  0.585020	
  0.934996	  0.000354	  0.051964	  0.012687	
  0.422777	  0.000471	  0.095282	  0.481470	

URL http://cisbp.ccbr.utoronto.ca/TFreport.php?versionNumber=2.00&searchTF=T342554_2.00

MOTIF M01654_2.00 (FIBRA_03881)_(Neurospora_crassa)_(DBD_0.65)

letter-probability matrix: alength= 4 w= 9 nsites= 1 E= 0
  0.267934	  0.217183	  0.260016	  0.254867	
  0.253271	  0.236148	  0.207361	  0.303220	
  0.244019	  0.201794	  0.295080	  0.259108	
  0.555310	  0.001732	  0.212624	  0.230333	
  0.031649	  0.841093	  0.000193	  0.127065	
  0.319537	  0.007220	  0.669729	  0.003514	
  0.097180	  0.809624	  0.007005	  0.086191	
  0.054095	  0.015344	  0.871960	  0.058601	
  0.292764	  0.177570	  0.157491	  0.372176	

URL http://cisbp.ccbr.utoronto.ca/TFreport.php?versionNumber=2.00&searchTF=T011909_2.00

MOTIF M01669_2.00 (FIBRA_08712)_(Neurospora_crassa)_(DBD_0.47)

letter-probability matrix: alength= 4 w= 8 nsites= 1 E= 0
  0.327371	  0.206664	  0.278967	  0.186997	
  0.090243	  0.314980	  0.037808	  0.556969	
  0.768095	  0.014210	  0.120773	  0.096923	
  0.116745	  0.111051	  0.072966	  0.699238	
  0.248575	  0.418109	  0.163325	  0.169991	
  0.313613	  0.190216	  0.256765	  0.239406	
  0.283505	  0.241587	  0.275126	  0.199782	
  0.264086	  0.231893	  0.272129	  0.231893	

URL http://cisbp.ccbr.utoronto.ca/TFreport.php?versionNumber=2.00&searchTF=T014947_2.00

MOTIF M01671_2.00 (FIBRA_04445)_(Arabidopsis_thaliana)_(DBD_0.56)

letter-probability matrix: alength= 4 w= 9 nsites= 1 E= 0
  0.241564	  0.266970	  0.261683	  0.229783	
  0.209390	  0.306188	  0.250685	  0.233737	
  0.345181	  0.182011	  0.303102	  0.169706	
  0.329720	  0.179153	  0.251701	  0.239426	
  0.411309	  0.042920	  0.202217	  0.343554	
  0.710467	  0.047747	  0.000515	  0.241271	
  0.886835	  0.000921	  0.045045	  0.067199	
  0.454667	  0.009772	  0.038075	  0.497485	
  0.212559	  0.177544	  0.097438	  0.512458	

URL http://cisbp.ccbr.utoronto.ca/TFreport.php?versionNumber=2.00&searchTF=T017493_2.00

MOTIF M01834_2.00 (FIBRA_01656)_(Neurospora_crassa)_(DBD_0.52)

letter-probability matrix: alength= 4 w= 10 nsites= 1 E= 0
  0.138972	  0.117246	  0.552400	  0.191382	
  0.407664	  0.450538	  0.049921	  0.091876	
  0.018202	  0.000228	  0.064170	  0.917399	
  0.109798	  0.113142	  0.249297	  0.527762	
  0.898816	  0.005480	  0.085719	  0.009985	
  0.003372	  0.668907	  0.109469	  0.218251	
  0.178122	  0.123035	  0.455988	  0.242856	
  0.305077	  0.126541	  0.094686	  0.473696	
  0.502827	  0.177727	  0.146973	  0.172474	
  0.496385	  0.129976	  0.163588	  0.210051	

URL http://cisbp.ccbr.utoronto.ca/TFreport.php?versionNumber=2.00&searchTF=T062483_2.00

MOTIF M01835_2.00 (FIBRA_01065)_(Neurospora_crassa)_(DBD_0.66)

letter-probability matrix: alength= 4 w= 11 nsites= 1 E= 0
  0.227977	  0.227977	  0.316068	  0.227977	
  0.575603	  0.108023	  0.208350	  0.108023	
  0.833557	  0.055481	  0.055481	  0.055481	
  0.000201	  0.000201	  0.089004	  0.910593	
  0.188309	  0.089004	  0.722485	  0.000201	
  0.906520	  0.000201	  0.000201	  0.093078	
  0.183108	  0.539578	  0.089004	  0.188309	
  0.277113	  0.000201	  0.539578	  0.183108	
  0.393952	  0.022224	  0.022224	  0.561601	
  0.236961	  0.363298	  0.257563	  0.142178	
  0.415840	  0.194720	  0.194720	  0.194720	

URL http://cisbp.ccbr.utoronto.ca/TFreport.php?versionNumber=2.00&searchTF=T062482_2.00

MOTIF M02016_2.00 (FIBRA_01283)_(Neurospora_crassa)_(DBD_0.78)

letter-probability matrix: alength= 4 w= 9 nsites= 1 E= 0
  0.238290	  0.282447	  0.248015	  0.231248	
  0.249185	  0.272652	  0.259355	  0.218808	
  0.236587	  0.439798	  0.109543	  0.214073	
  0.059758	  0.068055	  0.757717	  0.114470	
  0.902683	  0.000129	  0.000123	  0.097064	
  0.048477	  0.051992	  0.000705	  0.898826	
  0.141843	  0.359503	  0.271706	  0.226948	
  0.208434	  0.289925	  0.254582	  0.247058	
  0.248381	  0.255945	  0.266390	  0.229284	

URL http://cisbp.ccbr.utoronto.ca/TFreport.php?versionNumber=2.00&searchTF=T193313_2.00

MOTIF M02066_2.00 (FIBRA_03525)_(Cryptococcus_neoformans)_(DBD_0.54)

letter-probability matrix: alength= 4 w= 9 nsites= 1 E= 0
  0.369225	  0.133141	  0.242598	  0.255036	
  0.024933	  0.046349	  0.060715	  0.868003	
  0.000003	  0.003807	  0.026755	  0.969436	
  0.912917	  0.043235	  0.041540	  0.002309	
  0.982717	  0.001897	  0.013878	  0.001507	
  0.067783	  0.009741	  0.000695	  0.921781	
  0.282432	  0.143085	  0.028035	  0.546448	
  0.352017	  0.124422	  0.153497	  0.370065	
  0.373390	  0.226472	  0.221988	  0.178150	

URL http://cisbp.ccbr.utoronto.ca/TFreport.php?versionNumber=2.00&searchTF=T218514_2.00

MOTIF M02225_2.00 (FIBRA_06885)_(Neurospora_crassa)_(DBD_0.51)

letter-probability matrix: alength= 4 w= 8 nsites= 1 E= 0
  0.209810	  0.248689	  0.243765	  0.297735	
  0.169404	  0.268348	  0.296570	  0.265678	
  0.128561	  0.266774	  0.173539	  0.431126	
  0.418284	  0.236550	  0.131126	  0.214040	
  0.620568	  0.129106	  0.226022	  0.024304	
  0.203970	  0.136725	  0.099283	  0.560021	
  0.279320	  0.235653	  0.176330	  0.308697	
  0.292088	  0.158706	  0.150966	  0.398240	

URL http://cisbp.ccbr.utoronto.ca/TFreport.php?versionNumber=2.00&searchTF=T218523_2.00

MOTIF M02491_2.00 (FIBRA_03355)_(Neurospora_crassa)_(DBD_0.36)

letter-probability matrix: alength= 4 w= 8 nsites= 1 E= 0
  0.001106	  0.222345	  0.001106	  0.775442	
  0.071937	  0.926638	  0.000712	  0.000712	
  0.071937	  0.000712	  0.000712	  0.926638	
  0.000712	  0.000712	  0.000712	  0.997863	
  0.000712	  0.000712	  0.000712	  0.997863	
  0.000712	  0.000712	  0.997863	  0.000712	
  0.000712	  0.000712	  0.000712	  0.997863	
  0.001106	  0.332965	  0.001106	  0.664823	

URL http://cisbp.ccbr.utoronto.ca/TFreport.php?versionNumber=2.00&searchTF=T329889_2.00

MOTIF M02628_2.00 (FIBRA_03539)_(Neurospora_crassa)_(DBD_0.47)

letter-probability matrix: alength= 4 w= 9 nsites= 1 E= 0
  0.149667	  0.477427	  0.160519	  0.212387	
  0.049254	  0.239126	  0.087094	  0.624525	
  0.000738	  0.998705	  0.000356	  0.000201	
  0.023711	  0.007000	  0.968673	  0.000616	
  0.023252	  0.193716	  0.739809	  0.043224	
  0.072499	  0.475120	  0.209258	  0.243123	
  0.239593	  0.046476	  0.008406	  0.705525	
  0.771267	  0.071381	  0.102313	  0.055039	
  0.364907	  0.143975	  0.198273	  0.292845	

URL http://cisbp.ccbr.utoronto.ca/TFreport.php?versionNumber=2.00&searchTF=T368071_2.00

MOTIF M02698_2.00 (FIBRA_08343)_(Arabidopsis_thaliana)_(DBD_0.87)

letter-probability matrix: alength= 4 w= 11 nsites= 1 E= 0
  0.140000	  0.450000	  0.230000	  0.180000	
  0.160000	  0.270000	  0.550000	  0.020000	
  0.000000	  0.919192	  0.040404	  0.040404	
  0.000000	  0.050000	  0.930000	  0.020000	
  0.040404	  0.939394	  0.000000	  0.020202	
  0.040404	  0.020202	  0.020202	  0.919192	
  0.080808	  0.000000	  0.858586	  0.060606	
  0.960000	  0.000000	  0.020000	  0.020000	
  0.040000	  0.040000	  0.920000	  0.000000	
  0.020000	  0.550000	  0.260000	  0.170000	
  0.151515	  0.323232	  0.242424	  0.282828	

URL http://cisbp.ccbr.utoronto.ca/TFreport.php?versionNumber=2.00&searchTF=T270976_2.00

MOTIF M07977_2.00 (FIBRA_02011)_(Homo_sapiens)_(DBD_0.50)

letter-probability matrix: alength= 4 w= 18 nsites= 1 E= 0
  0.142132	  0.055838	  0.796954	  0.005076	
  0.162437	  0.055838	  0.172589	  0.609136	
  0.010152	  0.802031	  0.005076	  0.182741	
  0.005076	  0.598985	  0.390863	  0.005076	
  0.106599	  0.538071	  0.055838	  0.299492	
  0.030457	  0.086294	  0.766498	  0.116751	
  0.106599	  0.000000	  0.873096	  0.020305	
  0.000000	  0.005076	  0.994924	  0.000000	
  0.055838	  0.000000	  0.005076	  0.939086	
  0.000000	  0.000000	  0.000000	  1.000000	
  0.000000	  0.989848	  0.000000	  0.010152	
  0.299492	  0.000000	  0.700508	  0.000000	
  1.000000	  0.000000	  0.000000	  0.000000	
  0.426396	  0.055838	  0.203046	  0.314721	
  0.091371	  0.279188	  0.010152	  0.619289	
  0.000000	  0.994924	  0.000000	  0.005076	
  0.020305	  0.868020	  0.005076	  0.106599	
  0.071066	  0.771573	  0.126904	  0.030457	

URL http://cisbp.ccbr.utoronto.ca/TFreport.php?versionNumber=2.00&searchTF=T240616_2.00

MOTIF M08452_2.00 (FIBRA_08626)_(Saccharomyces_cerevisiae)_(DBD_0.84)

letter-probability matrix: alength= 4 w= 5 nsites= 1 E= 0
  0.000000	  0.000000	  0.000000	  1.000000	
  0.000000	  0.000000	  0.010160	  0.989840	
  0.005578	  0.000000	  0.994422	  0.000000	
  0.000000	  0.000000	  0.998223	  0.001777	
  0.158006	  0.378979	  0.030665	  0.432350	

URL http://cisbp.ccbr.utoronto.ca/TFreport.php?versionNumber=2.00&searchTF=T159993_2.00

