MEME version 5.5.8 (Fri May 2 15:43:49 2025 -0700)

ALPHABET= ACGT

strands: + -

Background letter frequencies (from uniform background):
A 0.25000 C 0.25000 G 0.25000 T 0.25000 

MOTIF M00051_2.00 (FPSE_04965)_(Saccharomyces_cerevisiae)_(DBD_0.86)

letter-probability matrix: alength= 4 w= 8 nsites= 1 E= 0
  0.270248	  0.432235	  0.000270	  0.297246	
  0.000196	  0.000196	  0.999412	  0.000196	
  0.999424	  0.000192	  0.000192	  0.000192	
  0.000192	  0.000192	  0.000192	  0.999424	
  0.980208	  0.000192	  0.019408	  0.000192	
  0.940635	  0.000196	  0.000196	  0.058973	
  0.022934	  0.113760	  0.840372	  0.022934	
  0.344697	  0.241391	  0.241391	  0.172521	

URL http://cisbp.ccbr.utoronto.ca/TFreport.php?versionNumber=2.00&searchTF=T193344_2.00

MOTIF M00061_2.00 (FPSE_01134)_(Saccharomyces_cerevisiae)_(DBD_0.57)

letter-probability matrix: alength= 4 w= 8 nsites= 1 E= 0
  0.726984	  0.045578	  0.075863	  0.151575	
  0.056906	  0.193208	  0.068264	  0.681622	
  0.064288	  0.064288	  0.871332	  0.000092	
  0.000090	  0.000090	  0.999730	  0.000090	
  0.000090	  0.972713	  0.027107	  0.000090	
  0.000090	  0.963707	  0.009096	  0.027107	
  0.586810	  0.119622	  0.293459	  0.000109	
  0.142918	  0.057253	  0.742576	  0.057253	

URL http://cisbp.ccbr.utoronto.ca/TFreport.php?versionNumber=2.00&searchTF=T240628_2.00

MOTIF M00066_2.00 (FPSE_09383)_(Saccharomyces_cerevisiae)_(DBD_0.46)

letter-probability matrix: alength= 4 w= 10 nsites= 1 E= 0
  0.228304	  0.228304	  0.228304	  0.315088	
  0.119950	  0.353086	  0.407015	  0.119950	
  0.000130	  0.000130	  0.999610	  0.000130	
  0.000130	  0.000130	  0.000130	  0.999610	
  0.000130	  0.000130	  0.000130	  0.999610	
  0.086914	  0.000130	  0.912826	  0.000130	
  0.000130	  0.999610	  0.000130	  0.000130	
  0.000130	  0.437251	  0.000130	  0.562489	
  0.934522	  0.021826	  0.021826	  0.021826	
  0.130180	  0.304898	  0.261306	  0.303616	

URL http://cisbp.ccbr.utoronto.ca/TFreport.php?versionNumber=2.00&searchTF=T318611_2.00

MOTIF M00070_2.00 (FPSE_06551)_(Saccharomyces_cerevisiae)_(DBD_0.48)

letter-probability matrix: alength= 4 w= 11 nsites= 1 E= 0
  0.268573	  0.272224	  0.178881	  0.280322	
  0.509793	  0.098806	  0.292595	  0.098806	
  0.848016	  0.050661	  0.050661	  0.050661	
  0.999893	  0.000036	  0.000036	  0.000036	
  0.000036	  0.903786	  0.000036	  0.096142	
  0.903786	  0.000036	  0.000036	  0.096142	
  0.999893	  0.000036	  0.000036	  0.000036	
  0.000036	  0.000036	  0.000036	  0.999893	
  0.591260	  0.071155	  0.071155	  0.266431	
  0.345743	  0.151230	  0.257625	  0.245401	
  0.199374	  0.199374	  0.199374	  0.401877	

URL http://cisbp.ccbr.utoronto.ca/TFreport.php?versionNumber=2.00&searchTF=T329933_2.00

MOTIF M00521_2.00 (FPSE_03531)_(Mus_musculus)_(DBD_0.58)

letter-probability matrix: alength= 4 w= 10 nsites= 1 E= 0
  0.288498	  0.195329	  0.236202	  0.279971	
  0.262688	  0.217232	  0.208714	  0.311365	
  0.103657	  0.077563	  0.037378	  0.781402	
  0.010538	  0.001868	  0.987333	  0.000261	
  0.907737	  0.003939	  0.058030	  0.030294	
  0.040867	  0.916283	  0.003976	  0.038874	
  0.789137	  0.002614	  0.170876	  0.037373	
  0.131845	  0.141405	  0.524071	  0.202680	
  0.191490	  0.309462	  0.309462	  0.189585	
  0.190909	  0.245132	  0.187129	  0.376831	

URL http://cisbp.ccbr.utoronto.ca/TFreport.php?versionNumber=2.00&searchTF=T218548_2.00

MOTIF M01104_2.00 (FPSE_07259)_(Fusarium_graminearum)_(DBD_1.00)

letter-probability matrix: alength= 4 w= 10 nsites= 1 E= 0
  0.275242	  0.208023	  0.170315	  0.346420	
  0.354896	  0.194771	  0.226292	  0.224040	
  0.393688	  0.199449	  0.175135	  0.231727	
  0.446255	  0.101584	  0.226080	  0.226080	
  0.369831	  0.085888	  0.123106	  0.421174	
  0.504457	  0.044857	  0.076975	  0.373711	
  0.796844	  0.000336	  0.000336	  0.202484	
  0.605595	  0.000062	  0.000397	  0.393945	
  0.296896	  0.000116	  0.028887	  0.674102	
  0.306380	  0.261080	  0.107214	  0.325326	

URL http://cisbp.ccbr.utoronto.ca/TFreport.php?versionNumber=2.00&searchTF=T017496_2.00

MOTIF M01112_2.00 (FPSE_01403)_(Aspergillus_nidulans)_(DBD_0.91)

letter-probability matrix: alength= 4 w= 10 nsites= 1 E= 0
  0.122112	  0.224738	  0.209544	  0.443606	
  0.018496	  0.970245	  0.005461	  0.005798	
  0.745660	  0.085993	  0.077036	  0.091311	
  0.007546	  0.773578	  0.056319	  0.162557	
  0.141821	  0.067665	  0.784125	  0.006389	
  0.016308	  0.011724	  0.045226	  0.926741	
  0.001098	  0.003467	  0.985529	  0.009906	
  0.829137	  0.075218	  0.044718	  0.050927	
  0.020220	  0.576333	  0.043237	  0.360210	
  0.211790	  0.401656	  0.147761	  0.238793	

URL http://cisbp.ccbr.utoronto.ca/TFreport.php?versionNumber=2.00&searchTF=T039286_2.00

MOTIF M01115_2.00 (FPSE_11950)_(Neurospora_crassa)_(DBD_0.98)

letter-probability matrix: alength= 4 w= 10 nsites= 1 E= 0
  0.401900	  0.132450	  0.201583	  0.264067	
  0.232202	  0.199858	  0.114161	  0.453778	
  0.047953	  0.533909	  0.070826	  0.347312	
  0.589023	  0.001713	  0.237096	  0.172167	
  0.140856	  0.436041	  0.139454	  0.283649	
  0.219952	  0.173021	  0.359032	  0.247995	
  0.172499	  0.317472	  0.192557	  0.317472	
  0.161212	  0.287930	  0.285065	  0.265793	
  0.506352	  0.195827	  0.122392	  0.175429	
  0.203641	  0.291885	  0.197623	  0.306850	

URL http://cisbp.ccbr.utoronto.ca/TFreport.php?versionNumber=2.00&searchTF=T039299_2.00

MOTIF M01116_2.00 (FPSE_06158)_(Neurospora_crassa)_(DBD_0.96)

letter-probability matrix: alength= 4 w= 9 nsites= 1 E= 0
  0.205969	  0.329549	  0.234563	  0.229919	
  0.099121	  0.747209	  0.074914	  0.078755	
  0.515605	  0.238732	  0.140519	  0.105145	
  0.048574	  0.775174	  0.033218	  0.143035	
  0.095708	  0.119260	  0.781571	  0.003460	
  0.013930	  0.001606	  0.036747	  0.947716	
  0.000984	  0.004545	  0.976584	  0.017887	
  0.493454	  0.273535	  0.122907	  0.110104	
  0.129898	  0.406160	  0.186186	  0.277757	

URL http://cisbp.ccbr.utoronto.ca/TFreport.php?versionNumber=2.00&searchTF=T039290_2.00

MOTIF M01145_2.00 (FPSE_04421)_(Neurospora_crassa)_(DBD_0.77)

letter-probability matrix: alength= 4 w= 11 nsites= 1 E= 0
  0.304921	  0.231693	  0.231693	  0.231693	
  0.340005	  0.274032	  0.110671	  0.275291	
  0.059989	  0.582299	  0.224609	  0.133103	
  0.999749	  0.000084	  0.000084	  0.000084	
  0.000084	  0.999749	  0.000084	  0.000084	
  0.000084	  0.000084	  0.999749	  0.000084	
  0.000084	  0.000084	  0.000084	  0.999749	
  0.000084	  0.072312	  0.927521	  0.000084	
  0.090619	  0.018390	  0.272188	  0.618803	
  0.139412	  0.581764	  0.139412	  0.139412	
  0.351444	  0.190094	  0.268368	  0.190094	

URL http://cisbp.ccbr.utoronto.ca/TFreport.php?versionNumber=2.00&searchTF=T062613_2.00

MOTIF M01147_2.00 (FPSE_02636)_(Neurospora_crassa)_(DBD_0.94)

letter-probability matrix: alength= 4 w= 10 nsites= 1 E= 0
  0.256344	  0.201648	  0.261523	  0.280485	
  0.466416	  0.147685	  0.263770	  0.122129	
  0.056276	  0.045162	  0.000477	  0.898085	
  0.076513	  0.037995	  0.643848	  0.241643	
  0.796372	  0.031502	  0.085633	  0.086493	
  0.072044	  0.711432	  0.042832	  0.173691	
  0.178754	  0.047276	  0.689532	  0.084438	
  0.163925	  0.196254	  0.078997	  0.560825	
  0.373050	  0.284779	  0.165954	  0.176216	
  0.318316	  0.178225	  0.258022	  0.245438	

URL http://cisbp.ccbr.utoronto.ca/TFreport.php?versionNumber=2.00&searchTF=T062609_2.00

MOTIF M01152_2.00 (FPSE_03349)_(Neurospora_crassa)_(DBD_0.80)

letter-probability matrix: alength= 4 w= 13 nsites= 1 E= 0
  0.207726	  0.207726	  0.207726	  0.376822	
  0.294504	  0.207726	  0.290044	  0.207726	
  0.207726	  0.294504	  0.207726	  0.290044	
  0.376822	  0.207726	  0.207726	  0.207726	
  0.135212	  0.044794	  0.127261	  0.692734	
  0.085480	  0.087943	  0.210705	  0.615872	
  0.909025	  0.000186	  0.000186	  0.090604	
  0.000186	  0.914149	  0.000186	  0.085480	
  0.784437	  0.042460	  0.130644	  0.042460	
  0.608725	  0.127754	  0.042460	  0.221062	
  0.790154	  0.042460	  0.042460	  0.124927	
  0.213111	  0.042460	  0.127754	  0.616676	
  0.293150	  0.296066	  0.205392	  0.205392	

URL http://cisbp.ccbr.utoronto.ca/TFreport.php?versionNumber=2.00&searchTF=T062611_2.00

MOTIF M01175_2.00 (FPSE_05401)_(Fusarium_graminearum)_(DBD_1.00)

letter-probability matrix: alength= 4 w= 10 nsites= 1 E= 0
  0.226792	  0.260873	  0.240816	  0.271519	
  0.262036	  0.208196	  0.343258	  0.186510	
  0.199991	  0.313648	  0.353637	  0.132724	
  0.279505	  0.133356	  0.519579	  0.067560	
  0.005203	  0.113207	  0.853393	  0.028197	
  0.000288	  0.959092	  0.037939	  0.002680	
  0.026664	  0.000132	  0.158112	  0.815093	
  0.155695	  0.090731	  0.663746	  0.089828	
  0.399424	  0.156026	  0.265078	  0.179473	
  0.266808	  0.234283	  0.289030	  0.209879	

URL http://cisbp.ccbr.utoronto.ca/TFreport.php?versionNumber=2.00&searchTF=T117668_2.00

MOTIF M01177_2.00 (FPSE_09214)_(Fusarium_graminearum)_(DBD_1.00)

letter-probability matrix: alength= 4 w= 10 nsites= 1 E= 0
  0.200416	  0.257339	  0.117966	  0.424280	
  0.233637	  0.125684	  0.331547	  0.309132	
  0.141787	  0.586590	  0.087735	  0.183888	
  0.632717	  0.028503	  0.265078	  0.073702	
  0.099236	  0.582597	  0.076516	  0.241651	
  0.330908	  0.156310	  0.157881	  0.354901	
  0.207126	  0.158116	  0.447343	  0.187415	
  0.192705	  0.503287	  0.127889	  0.176119	
  0.420225	  0.219377	  0.081515	  0.278883	
  0.350685	  0.212701	  0.228124	  0.208490	

URL http://cisbp.ccbr.utoronto.ca/TFreport.php?versionNumber=2.00&searchTF=T117678_2.00

MOTIF M01186_2.00 (FPSE_11115)_(Schizosaccharomyces_pombe)_(DBD_0.78)

letter-probability matrix: alength= 4 w= 10 nsites= 1 E= 0
  0.256395	  0.163485	  0.193779	  0.386341	
  0.391732	  0.188779	  0.204502	  0.214987	
  0.022499	  0.937723	  0.013111	  0.026668	
  0.007099	  0.880037	  0.004015	  0.108849	
  0.000048	  0.996330	  0.002545	  0.001077	
  0.006410	  0.990227	  0.000453	  0.002909	
  0.208754	  0.040494	  0.529089	  0.221663	
  0.056743	  0.896529	  0.002093	  0.044636	
  0.382669	  0.216409	  0.131259	  0.269663	
  0.165510	  0.379566	  0.141038	  0.313886	

URL http://cisbp.ccbr.utoronto.ca/TFreport.php?versionNumber=2.00&searchTF=T117682_2.00

MOTIF M01191_2.00 (FPSE_04814)_(Neurospora_crassa)_(DBD_0.96)

letter-probability matrix: alength= 4 w= 8 nsites= 1 E= 0
  0.071641	  0.138611	  0.023375	  0.766373	
  0.226285	  0.003260	  0.714653	  0.055801	
  0.016784	  0.692578	  0.000482	  0.290156	
  0.014487	  0.000146	  0.956484	  0.028883	
  0.013726	  0.698763	  0.286951	  0.000560	
  0.000324	  0.993943	  0.000305	  0.005429	
  0.227321	  0.072702	  0.605688	  0.094289	
  0.030195	  0.718877	  0.064566	  0.186362	

URL http://cisbp.ccbr.utoronto.ca/TFreport.php?versionNumber=2.00&searchTF=T117664_2.00

MOTIF M01192_2.00 (FPSE_11794)_(Neurospora_crassa)_(DBD_0.89)

letter-probability matrix: alength= 4 w= 8 nsites= 1 E= 0
  0.238098	  0.442125	  0.231298	  0.088479	
  0.005803	  0.971099	  0.005803	  0.017295	
  0.000055	  0.933916	  0.000055	  0.065975	
  0.000055	  0.988849	  0.000055	  0.011042	
  0.005548	  0.884476	  0.000055	  0.109921	
  0.022150	  0.016626	  0.011103	  0.950122	
  0.246270	  0.000075	  0.447702	  0.305953	
  0.547243	  0.042193	  0.147412	  0.263152	

URL http://cisbp.ccbr.utoronto.ca/TFreport.php?versionNumber=2.00&searchTF=T117687_2.00

MOTIF M01193_2.00 (FPSE_02736)_(Neurospora_crassa)_(DBD_0.94)

letter-probability matrix: alength= 4 w= 10 nsites= 1 E= 0
  0.171974	  0.307153	  0.259134	  0.261738	
  0.176120	  0.141339	  0.539781	  0.142760	
  0.201468	  0.325587	  0.241201	  0.231743	
  0.242179	  0.354135	  0.186733	  0.216953	
  0.187486	  0.174811	  0.494579	  0.143123	
  0.781029	  0.071565	  0.138464	  0.008941	
  0.008899	  0.010236	  0.050195	  0.930671	
  0.046751	  0.849653	  0.086906	  0.016690	
  0.257316	  0.290123	  0.290123	  0.162439	
  0.191340	  0.312327	  0.250648	  0.245685	

URL http://cisbp.ccbr.utoronto.ca/TFreport.php?versionNumber=2.00&searchTF=T117653_2.00

MOTIF M01198_2.00 (FPSE_04322)_(Neurospora_crassa)_(DBD_1.00)

letter-probability matrix: alength= 4 w= 8 nsites= 1 E= 0
  0.008032	  0.985829	  0.000534	  0.005604	
  0.000361	  0.758996	  0.000317	  0.240326	
  0.065429	  0.872155	  0.039290	  0.023126	
  0.000001	  0.999660	  0.000134	  0.000205	
  0.499172	  0.000032	  0.489288	  0.011507	
  0.139979	  0.376715	  0.252520	  0.230786	
  0.284498	  0.230610	  0.244870	  0.240021	
  0.280918	  0.298289	  0.261926	  0.158866	

URL http://cisbp.ccbr.utoronto.ca/TFreport.php?versionNumber=2.00&searchTF=T117661_2.00

MOTIF M01236_2.00 (FPSE_10791)_(Neurospora_crassa)_(DBD_0.97)

letter-probability matrix: alength= 4 w= 8 nsites= 1 E= 0
  0.349800	  0.449601	  0.100299	  0.100299	
  0.200067	  0.799268	  0.000333	  0.000333	
  0.000322	  0.000322	  0.999034	  0.000322	
  0.999064	  0.000312	  0.000312	  0.000312	
  0.000312	  0.000312	  0.000312	  0.999064	
  0.000312	  0.999064	  0.000312	  0.000312	
  0.000322	  0.000322	  0.805735	  0.193621	
  0.624376	  0.208403	  0.083611	  0.083611	

URL http://cisbp.ccbr.utoronto.ca/TFreport.php?versionNumber=2.00&searchTF=T193350_2.00

MOTIF M01237_2.00 (FPSE_00936)_(Neurospora_crassa)_(DBD_0.96)

letter-probability matrix: alength= 4 w= 8 nsites= 1 E= 0
  0.227143	  0.251032	  0.238789	  0.283037	
  0.422687	  0.229667	  0.067130	  0.280516	
  0.086439	  0.059112	  0.811951	  0.042497	
  0.921225	  0.000266	  0.017214	  0.061295	
  0.095561	  0.028212	  0.030869	  0.845358	
  0.509100	  0.209065	  0.076911	  0.204925	
  0.563117	  0.107070	  0.130776	  0.199036	
  0.224323	  0.222091	  0.373563	  0.180023	

URL http://cisbp.ccbr.utoronto.ca/TFreport.php?versionNumber=2.00&searchTF=T193341_2.00

MOTIF M01273_2.00 (FPSE_07698)_(Neurospora_crassa)_(DBD_0.82)

letter-probability matrix: alength= 4 w= 7 nsites= 1 E= 0
  0.469028	  0.000123	  0.000123	  0.530726	
  0.999727	  0.000091	  0.000091	  0.000091	
  0.027354	  0.972465	  0.000091	  0.000091	
  0.000091	  0.999727	  0.000091	  0.000091	
  0.000091	  0.999727	  0.000091	  0.000091	
  0.972212	  0.027605	  0.000092	  0.000092	
  0.012942	  0.371732	  0.269221	  0.346105	

URL http://cisbp.ccbr.utoronto.ca/TFreport.php?versionNumber=2.00&searchTF=T271013_2.00

MOTIF M01274_2.00 (FPSE_08658)_(Neurospora_crassa)_(DBD_0.90)

letter-probability matrix: alength= 4 w= 10 nsites= 1 E= 0
  0.240853	  0.318680	  0.243274	  0.197194	
  0.220423	  0.229419	  0.115071	  0.435088	
  0.425781	  0.183814	  0.285409	  0.104996	
  0.344735	  0.252845	  0.061116	  0.341305	
  0.000991	  0.001478	  0.004621	  0.992910	
  0.996324	  0.001369	  0.002126	  0.000182	
  0.130163	  0.047408	  0.019083	  0.803347	
  0.611750	  0.074167	  0.102138	  0.211944	
  0.240340	  0.162724	  0.429257	  0.167680	
  0.217449	  0.293526	  0.317973	  0.171052	

URL http://cisbp.ccbr.utoronto.ca/TFreport.php?versionNumber=2.00&searchTF=T271015_2.00

MOTIF M01347_2.00 (FPSE_06178)_(Aspergillus_nidulans)_(DBD_0.68)

letter-probability matrix: alength= 4 w= 10 nsites= 1 E= 0
  0.276614	  0.198864	  0.176377	  0.348146	
  0.415053	  0.107598	  0.357239	  0.120110	
  0.381929	  0.071182	  0.328729	  0.218161	
  0.477788	  0.018342	  0.016431	  0.487440	
  0.074349	  0.549368	  0.163820	  0.212463	
  0.110522	  0.655382	  0.185902	  0.048193	
  0.003526	  0.972880	  0.019111	  0.004483	
  0.000265	  0.984507	  0.015213	  0.000015	
  0.000495	  0.000042	  0.989614	  0.009848	
  0.477462	  0.131431	  0.267330	  0.123777	

URL http://cisbp.ccbr.utoronto.ca/TFreport.php?versionNumber=2.00&searchTF=T368582_2.00

MOTIF M01398_2.00 (FPSE_09096)_(Aspergillus_nidulans)_(DBD_0.76)

letter-probability matrix: alength= 4 w= 9 nsites= 1 E= 0
  0.237191	  0.208276	  0.326642	  0.227891	
  0.527458	  0.148127	  0.210202	  0.114213	
  0.030582	  0.907236	  0.032799	  0.029383	
  0.000097	  0.999312	  0.000055	  0.000536	
  0.000061	  0.000073	  0.999171	  0.000696	
  0.010118	  0.032599	  0.947943	  0.009340	
  0.254257	  0.298374	  0.269980	  0.177389	
  0.428613	  0.060374	  0.073741	  0.437272	
  0.423193	  0.192064	  0.214397	  0.170346	

URL http://cisbp.ccbr.utoronto.ca/TFreport.php?versionNumber=2.00&searchTF=T368660_2.00

MOTIF M01413_2.00 (FPSE_03055)_(Fusarium_graminearum)_(DBD_1.00)

letter-probability matrix: alength= 4 w= 9 nsites= 1 E= 0
  0.188017	  0.280489	  0.277698	  0.253797	
  0.236329	  0.277335	  0.300433	  0.185903	
  0.098802	  0.159672	  0.125602	  0.615923	
  0.004808	  0.992530	  0.002055	  0.000607	
  0.000010	  0.020028	  0.979584	  0.000378	
  0.003651	  0.006925	  0.987420	  0.002004	
  0.168346	  0.418226	  0.201547	  0.211881	
  0.428536	  0.109988	  0.134340	  0.327136	
  0.375418	  0.214442	  0.199944	  0.210196	

URL http://cisbp.ccbr.utoronto.ca/TFreport.php?versionNumber=2.00&searchTF=T368506_2.00

MOTIF M01414_2.00 (FPSE_03021)_(Fusarium_graminearum)_(DBD_1.00)

letter-probability matrix: alength= 4 w= 10 nsites= 1 E= 0
  0.220240	  0.245849	  0.205351	  0.328560	
  0.208460	  0.357719	  0.128992	  0.304828	
  0.021761	  0.880176	  0.035878	  0.062185	
  0.001619	  0.019725	  0.974469	  0.004187	
  0.004921	  0.023418	  0.966330	  0.005331	
  0.692076	  0.134249	  0.112134	  0.061541	
  0.351055	  0.023126	  0.064132	  0.561687	
  0.528629	  0.081474	  0.181324	  0.208573	
  0.170749	  0.061571	  0.047002	  0.720678	
  0.649242	  0.086991	  0.155369	  0.108398	

URL http://cisbp.ccbr.utoronto.ca/TFreport.php?versionNumber=2.00&searchTF=T368504_2.00

MOTIF M01415_2.00 (FPSE_03183)_(Fusarium_graminearum)_(DBD_0.97)

letter-probability matrix: alength= 4 w= 10 nsites= 1 E= 0
  0.167650	  0.179806	  0.112379	  0.540166	
  0.007925	  0.972680	  0.000852	  0.018542	
  0.001793	  0.021196	  0.976358	  0.000653	
  0.005496	  0.007419	  0.986356	  0.000729	
  0.603347	  0.109125	  0.233339	  0.054190	
  0.277880	  0.124860	  0.353255	  0.244005	
  0.379353	  0.080517	  0.072130	  0.468000	
  0.161471	  0.023204	  0.015554	  0.799771	
  0.663974	  0.111971	  0.100308	  0.123747	
  0.326255	  0.201881	  0.283632	  0.188232	

URL http://cisbp.ccbr.utoronto.ca/TFreport.php?versionNumber=2.00&searchTF=T368512_2.00

MOTIF M01416_2.00 (FPSE_08900)_(Fusarium_graminearum)_(DBD_1.00)

letter-probability matrix: alength= 4 w= 8 nsites= 1 E= 0
  0.179527	  0.290129	  0.267823	  0.262520	
  0.306376	  0.209519	  0.312565	  0.171540	
  0.117285	  0.209475	  0.510100	  0.163140	
  0.072663	  0.833669	  0.000366	  0.093302	
  0.000213	  0.004275	  0.995083	  0.000429	
  0.018523	  0.043336	  0.915061	  0.023081	
  0.553556	  0.047293	  0.342531	  0.056620	
  0.399570	  0.170782	  0.308089	  0.121558	

URL http://cisbp.ccbr.utoronto.ca/TFreport.php?versionNumber=2.00&searchTF=T368653_2.00

MOTIF M01417_2.00 (FPSE_10192)_(Fusarium_graminearum)_(DBD_0.95)

letter-probability matrix: alength= 4 w= 8 nsites= 1 E= 0
  0.069090	  0.465369	  0.206926	  0.258615	
  0.223542	  0.141228	  0.270579	  0.364652	
  0.000090	  0.000090	  0.999730	  0.000090	
  0.000089	  0.999732	  0.000089	  0.000089	
  0.000089	  0.000089	  0.999732	  0.000089	
  0.000089	  0.000089	  0.999732	  0.000089	
  0.827063	  0.018266	  0.154580	  0.000091	
  0.303347	  0.056267	  0.617812	  0.022574	

URL http://cisbp.ccbr.utoronto.ca/TFreport.php?versionNumber=2.00&searchTF=T368685_2.00

MOTIF M01420_2.00 (FPSE_00332)_(Neurospora_crassa)_(DBD_0.95)

letter-probability matrix: alength= 4 w= 11 nsites= 1 E= 0
  0.246046	  0.255232	  0.244001	  0.254721	
  0.197461	  0.506031	  0.100161	  0.196348	
  0.121770	  0.121877	  0.633470	  0.122883	
  0.599356	  0.096427	  0.105102	  0.199115	
  0.000240	  0.504786	  0.000240	  0.494735	
  0.000240	  0.999281	  0.000240	  0.000240	
  0.000240	  0.096427	  0.903094	  0.000240	
  0.105102	  0.000240	  0.894419	  0.000240	
  0.400629	  0.197681	  0.100381	  0.301309	
  0.249515	  0.252660	  0.347746	  0.150079	
  0.224657	  0.224657	  0.224657	  0.326030	

URL http://cisbp.ccbr.utoronto.ca/TFreport.php?versionNumber=2.00&searchTF=T368455_2.00

MOTIF M01421_2.00 (FPSE_12020)_(Neurospora_crassa)_(DBD_0.95)

letter-probability matrix: alength= 4 w= 8 nsites= 1 E= 0
  0.561185	  0.157959	  0.157959	  0.122896	
  0.154807	  0.678367	  0.071514	  0.095312	
  0.040902	  0.020502	  0.357099	  0.581497	
  0.000093	  0.953443	  0.046372	  0.000093	
  0.000092	  0.045946	  0.953870	  0.000092	
  0.000093	  0.990466	  0.009348	  0.000093	
  0.000093	  0.018604	  0.971955	  0.009348	
  0.690267	  0.154807	  0.083413	  0.071514	

URL http://cisbp.ccbr.utoronto.ca/TFreport.php?versionNumber=2.00&searchTF=T368714_2.00

MOTIF M01422_2.00 (FPSE_01459)_(Neurospora_crassa)_(DBD_0.76)

letter-probability matrix: alength= 4 w= 10 nsites= 1 E= 0
  0.232604	  0.262260	  0.320325	  0.184811	
  0.142412	  0.454286	  0.186555	  0.216746	
  0.099948	  0.089537	  0.100952	  0.709563	
  0.006856	  0.987460	  0.004689	  0.000995	
  0.012343	  0.049062	  0.937370	  0.001225	
  0.016865	  0.005785	  0.920794	  0.056556	
  0.386984	  0.278212	  0.198023	  0.136781	
  0.169255	  0.188936	  0.450974	  0.190835	
  0.317482	  0.185012	  0.221500	  0.276006	
  0.312522	  0.146156	  0.084325	  0.456997	

URL http://cisbp.ccbr.utoronto.ca/TFreport.php?versionNumber=2.00&searchTF=T368471_2.00

MOTIF M01424_2.00 (FPSE_05872)_(Neurospora_crassa)_(DBD_0.90)

letter-probability matrix: alength= 4 w= 12 nsites= 1 E= 0
  0.229430	  0.311710	  0.229430	  0.229430	
  0.156173	  0.348200	  0.238453	  0.257175	
  0.156173	  0.257175	  0.430480	  0.156173	
  0.020639	  0.249349	  0.599469	  0.130544	
  0.089470	  0.372115	  0.183311	  0.355105	
  0.102722	  0.807726	  0.000082	  0.089470	
  0.000082	  0.999753	  0.000082	  0.000082	
  0.000082	  0.192109	  0.807726	  0.000082	
  0.121654	  0.020652	  0.837041	  0.020652	
  0.346292	  0.176136	  0.383662	  0.093909	
  0.203814	  0.379657	  0.322619	  0.093909	
  0.229443	  0.229443	  0.311670	  0.229443	

URL http://cisbp.ccbr.utoronto.ca/TFreport.php?versionNumber=2.00&searchTF=T368568_2.00

MOTIF M01430_2.00 (FPSE_07163)_(Neurospora_crassa)_(DBD_0.92)

letter-probability matrix: alength= 4 w= 10 nsites= 1 E= 0
  0.210147	  0.310819	  0.204562	  0.274472	
  0.011851	  0.070129	  0.011851	  0.906168	
  0.000012	  0.999964	  0.000012	  0.000012	
  0.000012	  0.884310	  0.000012	  0.115666	
  0.000012	  0.115666	  0.884310	  0.000012	
  0.000012	  0.999964	  0.000012	  0.000012	
  0.000012	  0.000012	  0.999964	  0.000012	
  0.000012	  0.000012	  0.999964	  0.000012	
  0.388247	  0.181144	  0.320143	  0.110467	
  0.238161	  0.238161	  0.285518	  0.238161	

URL http://cisbp.ccbr.utoronto.ca/TFreport.php?versionNumber=2.00&searchTF=T368613_2.00

MOTIF M01474_2.00 (FPSE_05112)_(Neurospora_crassa)_(DBD_0.98)

letter-probability matrix: alength= 4 w= 10 nsites= 1 E= 0
  0.182660	  0.313445	  0.223101	  0.280795	
  0.189292	  0.109212	  0.530218	  0.171278	
  0.198474	  0.320749	  0.212865	  0.267912	
  0.293861	  0.334657	  0.195021	  0.176462	
  0.157266	  0.177317	  0.548912	  0.116505	
  0.974295	  0.000972	  0.024088	  0.000645	
  0.003870	  0.000302	  0.000238	  0.995590	
  0.098639	  0.736176	  0.088364	  0.076820	
  0.302958	  0.276883	  0.250534	  0.169626	
  0.173810	  0.307342	  0.232284	  0.286564	

URL http://cisbp.ccbr.utoronto.ca/TFreport.php?versionNumber=2.00&searchTF=T117667_2.00

MOTIF M01536_2.00 (FPSE_00633)_(Saccharomyces_cerevisiae)_(DBD_0.82)

letter-probability matrix: alength= 4 w= 8 nsites= 1 E= 0
  0.582226	  0.083887	  0.083887	  0.250000	
  0.187656	  0.000623	  0.000623	  0.811097	
  0.117958	  0.000587	  0.000587	  0.880869	
  0.000587	  0.000587	  0.000587	  0.998239	
  0.000587	  0.000587	  0.000587	  0.998239	
  0.000587	  0.000587	  0.000587	  0.998239	
  0.000587	  0.000587	  0.000587	  0.998239	
  0.000767	  0.690951	  0.077454	  0.230828	

URL http://cisbp.ccbr.utoronto.ca/TFreport.php?versionNumber=2.00&searchTF=T117642_2.00

MOTIF M01557_2.00 (FPSE_05044)_(Saccharomyces_cerevisiae)_(DBD_0.75)

letter-probability matrix: alength= 4 w= 8 nsites= 1 E= 0
  0.009615	  0.009615	  0.009615	  0.971154	
  0.009615	  0.009615	  0.009615	  0.971154	
  0.971154	  0.009615	  0.009615	  0.009615	
  0.971154	  0.009615	  0.009615	  0.009615	
  0.009615	  0.009615	  0.009615	  0.971154	
  0.971154	  0.009615	  0.009615	  0.009615	
  0.971154	  0.009615	  0.009615	  0.009615	
  0.971154	  0.009615	  0.009615	  0.009615	

URL http://cisbp.ccbr.utoronto.ca/TFreport.php?versionNumber=2.00&searchTF=T254056_2.00

MOTIF M01566_2.00 (FPSE_00047)_(Saccharomyces_cerevisiae)_(DBD_0.72)

letter-probability matrix: alength= 4 w= 8 nsites= 1 E= 0
  0.270726	  0.299198	  0.159350	  0.270726	
  0.171103	  0.404343	  0.058690	  0.365865	
  0.701225	  0.048078	  0.204963	  0.045733	
  0.053179	  0.447494	  0.090348	  0.408979	
  0.407307	  0.049381	  0.055677	  0.487635	
  0.525518	  0.097943	  0.128302	  0.248237	
  0.510778	  0.094249	  0.117441	  0.277532	
  0.343791	  0.175921	  0.275898	  0.204391	

URL http://cisbp.ccbr.utoronto.ca/TFreport.php?versionNumber=2.00&searchTF=T329929_2.00

MOTIF M01567_2.00 (FPSE_05036)_(Saccharomyces_cerevisiae)_(DBD_0.91)

letter-probability matrix: alength= 4 w= 7 nsites= 1 E= 0
  0.315311	  0.189343	  0.207174	  0.288172	
  0.345705	  0.141966	  0.211788	  0.300541	
  0.271982	  0.110580	  0.155359	  0.462079	
  0.583542	  0.000869	  0.110954	  0.304636	
  0.219565	  0.006434	  0.188981	  0.585020	
  0.934996	  0.000354	  0.051964	  0.012687	
  0.422777	  0.000471	  0.095282	  0.481470	

URL http://cisbp.ccbr.utoronto.ca/TFreport.php?versionNumber=2.00&searchTF=T342557_2.00

MOTIF M01652_2.00 (FPSE_02622)_(Nectria_haematococca)_(DBD_1.00)

letter-probability matrix: alength= 4 w= 10 nsites= 1 E= 0
  0.282479	  0.173160	  0.181256	  0.363105	
  0.200768	  0.319145	  0.136963	  0.343123	
  0.492646	  0.261305	  0.149200	  0.096849	
  0.029691	  0.074764	  0.001569	  0.893977	
  0.120064	  0.011447	  0.815301	  0.053187	
  0.053187	  0.815301	  0.011447	  0.120064	
  0.893977	  0.001569	  0.074764	  0.029691	
  0.096849	  0.149200	  0.261305	  0.492646	
  0.343123	  0.136963	  0.319145	  0.200768	
  0.363105	  0.181256	  0.173160	  0.282479	

URL http://cisbp.ccbr.utoronto.ca/TFreport.php?versionNumber=2.00&searchTF=T011918_2.00

MOTIF M01653_2.00 (FPSE_07396)_(Neurospora_crassa)_(DBD_0.77)

letter-probability matrix: alength= 4 w= 7 nsites= 1 E= 0
  0.254004	  0.178993	  0.339458	  0.227545	
  0.499602	  0.072516	  0.169662	  0.258220	
  0.016037	  0.958019	  0.002259	  0.023686	
  0.245680	  0.015395	  0.667829	  0.071096	
  0.003258	  0.983503	  0.000671	  0.012568	
  0.006852	  0.044015	  0.948168	  0.000965	
  0.221910	  0.228668	  0.179877	  0.369545	

URL http://cisbp.ccbr.utoronto.ca/TFreport.php?versionNumber=2.00&searchTF=T011919_2.00

MOTIF M01654_2.00 (FPSE_10424)_(Neurospora_crassa)_(DBD_0.55)

letter-probability matrix: alength= 4 w= 9 nsites= 1 E= 0
  0.267934	  0.217183	  0.260016	  0.254867	
  0.253271	  0.236148	  0.207361	  0.303220	
  0.244019	  0.201794	  0.295080	  0.259108	
  0.555310	  0.001732	  0.212624	  0.230333	
  0.031649	  0.841093	  0.000193	  0.127065	
  0.319537	  0.007220	  0.669729	  0.003514	
  0.097180	  0.809624	  0.007005	  0.086191	
  0.054095	  0.015344	  0.871960	  0.058601	
  0.292764	  0.177570	  0.157491	  0.372176	

URL http://cisbp.ccbr.utoronto.ca/TFreport.php?versionNumber=2.00&searchTF=T011920_2.00

MOTIF M01669_2.00 (FPSE_05803)_(Neurospora_crassa)_(DBD_0.85)

letter-probability matrix: alength= 4 w= 8 nsites= 1 E= 0
  0.327371	  0.206664	  0.278967	  0.186997	
  0.090243	  0.314980	  0.037808	  0.556969	
  0.768095	  0.014210	  0.120773	  0.096923	
  0.116745	  0.111051	  0.072966	  0.699238	
  0.248575	  0.418109	  0.163325	  0.169991	
  0.313613	  0.190216	  0.256765	  0.239406	
  0.283505	  0.241587	  0.275126	  0.199782	
  0.264086	  0.231893	  0.272129	  0.231893	

URL http://cisbp.ccbr.utoronto.ca/TFreport.php?versionNumber=2.00&searchTF=T014959_2.00

MOTIF M01763_2.00 (FPSE_02604)_(Neurospora_crassa)_(DBD_0.94)

letter-probability matrix: alength= 4 w= 9 nsites= 1 E= 0
  0.234551	  0.267114	  0.256640	  0.241695	
  0.183174	  0.652254	  0.070841	  0.093731	
  0.485425	  0.065041	  0.300373	  0.149161	
  0.010186	  0.889792	  0.020105	  0.079917	
  0.237638	  0.011714	  0.750505	  0.000144	
  0.045671	  0.018384	  0.000093	  0.935853	
  0.000510	  0.000044	  0.939955	  0.059491	
  0.100496	  0.206462	  0.533850	  0.159193	
  0.193468	  0.331993	  0.205431	  0.269108	

URL http://cisbp.ccbr.utoronto.ca/TFreport.php?versionNumber=2.00&searchTF=T039287_2.00

MOTIF M01764_2.00 (FPSE_01025)_(Neurospora_crassa)_(DBD_0.92)

letter-probability matrix: alength= 4 w= 8 nsites= 1 E= 0
  0.155399	  0.605464	  0.085285	  0.153853	
  0.482785	  0.126415	  0.223536	  0.167264	
  0.050807	  0.711963	  0.000239	  0.236992	
  0.136010	  0.078471	  0.782682	  0.002837	
  0.112390	  0.135908	  0.000270	  0.751431	
  0.016247	  0.030505	  0.878218	  0.075030	
  0.336463	  0.336463	  0.136796	  0.190278	
  0.171491	  0.348812	  0.205312	  0.274385	

URL http://cisbp.ccbr.utoronto.ca/TFreport.php?versionNumber=2.00&searchTF=T039283_2.00

MOTIF M01765_2.00 (FPSE_09709)_(Neurospora_crassa)_(DBD_0.89)

letter-probability matrix: alength= 4 w= 14 nsites= 1 E= 0
  0.339409	  0.220197	  0.220197	  0.220197	
  0.168352	  0.168352	  0.168352	  0.494944	
  0.168352	  0.494944	  0.168352	  0.168352	
  0.573389	  0.154731	  0.074270	  0.197609	
  0.021655	  0.935036	  0.021655	  0.021655	
  0.102116	  0.021655	  0.854575	  0.021655	
  0.000213	  0.080674	  0.000213	  0.918899	
  0.582192	  0.085093	  0.332502	  0.000213	
  0.327972	  0.526230	  0.030016	  0.115781	
  0.081861	  0.081861	  0.583379	  0.252899	
  0.668651	  0.167626	  0.081861	  0.081861	
  0.175943	  0.258335	  0.175943	  0.389780	
  0.228559	  0.228559	  0.314324	  0.228559	
  0.228559	  0.228559	  0.228559	  0.314324	

URL http://cisbp.ccbr.utoronto.ca/TFreport.php?versionNumber=2.00&searchTF=T039295_2.00

MOTIF M01790_2.00 (FPSE_11967)_(Aspergillus_nidulans)_(DBD_0.78)

letter-probability matrix: alength= 4 w= 10 nsites= 1 E= 0
  0.154221	  0.132739	  0.506936	  0.206105	
  0.384330	  0.442085	  0.102668	  0.070916	
  0.058696	  0.013228	  0.037054	  0.891022	
  0.007506	  0.030745	  0.385962	  0.575787	
  0.911092	  0.000094	  0.061846	  0.026968	
  0.063690	  0.586417	  0.169700	  0.180193	
  0.278427	  0.160639	  0.196204	  0.364730	
  0.518034	  0.154476	  0.059742	  0.267747	
  0.729176	  0.086653	  0.088404	  0.095767	
  0.258065	  0.140220	  0.224351	  0.377364	

URL http://cisbp.ccbr.utoronto.ca/TFreport.php?versionNumber=2.00&searchTF=T062636_2.00

MOTIF M01791_2.00 (FPSE_00779)_(Aspergillus_nidulans)_(DBD_0.80)

letter-probability matrix: alength= 4 w= 9 nsites= 1 E= 0
  0.248440	  0.175072	  0.312686	  0.263802	
  0.348841	  0.201264	  0.236185	  0.213709	
  0.250961	  0.137730	  0.144792	  0.466518	
  0.192616	  0.159285	  0.330530	  0.317569	
  0.547798	  0.306711	  0.100074	  0.045418	
  0.083480	  0.792037	  0.004829	  0.119654	
  0.161924	  0.013834	  0.778312	  0.045930	
  0.238359	  0.306059	  0.081759	  0.373822	
  0.313093	  0.147894	  0.356559	  0.182454	

URL http://cisbp.ccbr.utoronto.ca/TFreport.php?versionNumber=2.00&searchTF=T062605_2.00

MOTIF M01833_2.00 (FPSE_01581)_(Neurospora_crassa)_(DBD_0.90)

letter-probability matrix: alength= 4 w= 8 nsites= 1 E= 0
  0.071937	  0.071937	  0.071937	  0.784188	
  0.945903	  0.000525	  0.053046	  0.000525	
  0.053046	  0.893382	  0.000525	  0.053046	
  0.000525	  0.053046	  0.945903	  0.000525	
  0.000525	  0.000525	  0.000525	  0.998424	
  0.893382	  0.053046	  0.000525	  0.053046	
  0.998424	  0.000525	  0.000525	  0.000525	
  0.077454	  0.154141	  0.077454	  0.690951	

URL http://cisbp.ccbr.utoronto.ca/TFreport.php?versionNumber=2.00&searchTF=T062606_2.00

MOTIF M01834_2.00 (FPSE_11731)_(Neurospora_crassa)_(DBD_0.77)

letter-probability matrix: alength= 4 w= 10 nsites= 1 E= 0
  0.138972	  0.117246	  0.552400	  0.191382	
  0.407664	  0.450538	  0.049921	  0.091876	
  0.018202	  0.000228	  0.064170	  0.917399	
  0.109798	  0.113142	  0.249297	  0.527762	
  0.898816	  0.005480	  0.085719	  0.009985	
  0.003372	  0.668907	  0.109469	  0.218251	
  0.178122	  0.123035	  0.455988	  0.242856	
  0.305077	  0.126541	  0.094686	  0.473696	
  0.502827	  0.177727	  0.146973	  0.172474	
  0.496385	  0.129976	  0.163588	  0.210051	

URL http://cisbp.ccbr.utoronto.ca/TFreport.php?versionNumber=2.00&searchTF=T062635_2.00

MOTIF M01835_2.00 (FPSE_06572)_(Neurospora_crassa)_(DBD_0.81)

letter-probability matrix: alength= 4 w= 11 nsites= 1 E= 0
  0.227977	  0.227977	  0.316068	  0.227977	
  0.575603	  0.108023	  0.208350	  0.108023	
  0.833557	  0.055481	  0.055481	  0.055481	
  0.000201	  0.000201	  0.089004	  0.910593	
  0.188309	  0.089004	  0.722485	  0.000201	
  0.906520	  0.000201	  0.000201	  0.093078	
  0.183108	  0.539578	  0.089004	  0.188309	
  0.277113	  0.000201	  0.539578	  0.183108	
  0.393952	  0.022224	  0.022224	  0.561601	
  0.236961	  0.363298	  0.257563	  0.142178	
  0.415840	  0.194720	  0.194720	  0.194720	

URL http://cisbp.ccbr.utoronto.ca/TFreport.php?versionNumber=2.00&searchTF=T062617_2.00

MOTIF M01838_2.00 (FPSE_10348)_(Neurospora_crassa)_(DBD_0.84)

letter-probability matrix: alength= 4 w= 10 nsites= 1 E= 0
  0.205745	  0.195711	  0.371161	  0.227383	
  0.348492	  0.331496	  0.141686	  0.178326	
  0.158625	  0.112904	  0.146429	  0.582042	
  0.129977	  0.140802	  0.261741	  0.467480	
  0.680697	  0.045291	  0.180029	  0.093983	
  0.046524	  0.572470	  0.141169	  0.239837	
  0.243006	  0.136059	  0.341411	  0.279524	
  0.305636	  0.191023	  0.151775	  0.351566	
  0.458175	  0.155594	  0.171958	  0.214273	
  0.354470	  0.165774	  0.217158	  0.262598	

URL http://cisbp.ccbr.utoronto.ca/TFreport.php?versionNumber=2.00&searchTF=T062630_2.00

MOTIF M01869_2.00 (FPSE_01543)_(Neurospora_crassa)_(DBD_0.89)

letter-probability matrix: alength= 4 w= 9 nsites= 1 E= 0
  0.232303	  0.278117	  0.301280	  0.188301	
  0.240892	  0.258359	  0.229144	  0.271605	
  0.317587	  0.033810	  0.544981	  0.103622	
  0.055537	  0.818146	  0.057803	  0.068514	
  0.078988	  0.828236	  0.092693	  0.000083	
  0.095690	  0.513429	  0.063505	  0.327377	
  0.399263	  0.104545	  0.340229	  0.155963	
  0.625925	  0.065316	  0.208352	  0.100407	
  0.187361	  0.344824	  0.185496	  0.282318	

URL http://cisbp.ccbr.utoronto.ca/TFreport.php?versionNumber=2.00&searchTF=T117647_2.00

MOTIF M01875_2.00 (FPSE_11518)_(Neurospora_crassa)_(DBD_0.93)

letter-probability matrix: alength= 4 w= 10 nsites= 1 E= 0
  0.228420	  0.351141	  0.177894	  0.242545	
  0.217337	  0.230776	  0.167578	  0.384309	
  0.291251	  0.274290	  0.306184	  0.128276	
  0.407416	  0.487765	  0.020902	  0.083917	
  0.011307	  0.002171	  0.977890	  0.008631	
  0.003258	  0.993412	  0.000230	  0.003099	
  0.006106	  0.991595	  0.001681	  0.000618	
  0.794394	  0.076522	  0.038382	  0.090702	
  0.006716	  0.948091	  0.008797	  0.036396	
  0.558969	  0.132435	  0.173485	  0.135111	

URL http://cisbp.ccbr.utoronto.ca/TFreport.php?versionNumber=2.00&searchTF=T117684_2.00

MOTIF M01876_2.00 (FPSE_10955)_(Neurospora_crassa)_(DBD_0.94)

letter-probability matrix: alength= 4 w= 10 nsites= 1 E= 0
  0.265928	  0.228887	  0.211289	  0.293896	
  0.267198	  0.188291	  0.379172	  0.165338	
  0.206530	  0.090962	  0.483207	  0.219301	
  0.631133	  0.066521	  0.088016	  0.214330	
  0.002492	  0.956504	  0.000015	  0.040988	
  0.006556	  0.992606	  0.000082	  0.000756	
  0.027586	  0.950807	  0.001170	  0.020436	
  0.018282	  0.306716	  0.025685	  0.649317	
  0.207707	  0.082775	  0.345892	  0.363626	
  0.364432	  0.162121	  0.275432	  0.198015	

URL http://cisbp.ccbr.utoronto.ca/TFreport.php?versionNumber=2.00&searchTF=T117680_2.00

MOTIF M01879_2.00 (FPSE_06027)_(Neurospora_crassa)_(DBD_0.92)

letter-probability matrix: alength= 4 w= 10 nsites= 1 E= 0
  0.289992	  0.212694	  0.304860	  0.192453	
  0.226165	  0.376631	  0.131797	  0.265407	
  0.199332	  0.017725	  0.681959	  0.100985	
  0.075701	  0.801743	  0.000218	  0.122338	
  0.645987	  0.007697	  0.129125	  0.217192	
  0.158375	  0.581123	  0.012121	  0.248381	
  0.244520	  0.088173	  0.432376	  0.234932	
  0.170600	  0.075893	  0.538789	  0.214718	
  0.377946	  0.137655	  0.240989	  0.243411	
  0.151477	  0.459636	  0.144089	  0.244798	

URL http://cisbp.ccbr.utoronto.ca/TFreport.php?versionNumber=2.00&searchTF=T117673_2.00

MOTIF M01880_2.00 (FPSE_05649)_(Neurospora_crassa)_(DBD_0.87)

letter-probability matrix: alength= 4 w= 10 nsites= 1 E= 0
  0.234625	  0.186417	  0.195975	  0.382982	
  0.402301	  0.190033	  0.158729	  0.248937	
  0.051863	  0.870097	  0.044639	  0.033402	
  0.050910	  0.692328	  0.033117	  0.223645	
  0.035818	  0.827543	  0.107604	  0.029034	
  0.018683	  0.970314	  0.001818	  0.009185	
  0.469660	  0.032201	  0.347933	  0.150206	
  0.256290	  0.570383	  0.052264	  0.121063	
  0.399739	  0.198504	  0.159303	  0.242454	
  0.162794	  0.299611	  0.192960	  0.344635	

URL http://cisbp.ccbr.utoronto.ca/TFreport.php?versionNumber=2.00&searchTF=T117671_2.00

MOTIF M01883_2.00 (FPSE_11009)_(Neurospora_crassa)_(DBD_0.98)

letter-probability matrix: alength= 4 w= 9 nsites= 1 E= 0
  0.202106	  0.230164	  0.210354	  0.357377	
  0.304198	  0.179053	  0.346429	  0.170320	
  0.098210	  0.511379	  0.126104	  0.264307	
  0.210415	  0.555064	  0.120191	  0.114329	
  0.100675	  0.813949	  0.050496	  0.034879	
  0.061818	  0.857654	  0.042275	  0.038252	
  0.049596	  0.048130	  0.044876	  0.857399	
  0.060369	  0.049426	  0.685724	  0.204481	
  0.460766	  0.076930	  0.311965	  0.150339	

URL http://cisbp.ccbr.utoronto.ca/TFreport.php?versionNumber=2.00&searchTF=T117681_2.00

MOTIF M01888_2.00 (FPSE_09315)_(Neurospora_crassa)_(DBD_0.96)

letter-probability matrix: alength= 4 w= 10 nsites= 1 E= 0
  0.230330	  0.239730	  0.206338	  0.323602	
  0.349754	  0.229805	  0.261708	  0.158734	
  0.116537	  0.733778	  0.065904	  0.083781	
  0.048500	  0.899247	  0.042164	  0.010090	
  0.047304	  0.885891	  0.065798	  0.001007	
  0.034535	  0.964849	  0.000217	  0.000399	
  0.354320	  0.029970	  0.441510	  0.174199	
  0.018674	  0.979590	  0.000218	  0.001518	
  0.239927	  0.308073	  0.230520	  0.221481	
  0.227471	  0.295014	  0.207893	  0.269622	

URL http://cisbp.ccbr.utoronto.ca/TFreport.php?versionNumber=2.00&searchTF=T117679_2.00

MOTIF M01889_2.00 (FPSE_01182)_(Neurospora_crassa)_(DBD_0.90)

letter-probability matrix: alength= 4 w= 10 nsites= 1 E= 0
  0.124153	  0.602759	  0.078376	  0.194711	
  0.095496	  0.644891	  0.109846	  0.149767	
  0.507539	  0.310932	  0.065995	  0.115535	
  0.176187	  0.018021	  0.805566	  0.000226	
  0.001317	  0.997902	  0.000020	  0.000760	
  0.033539	  0.927699	  0.032875	  0.005887	
  0.461789	  0.250913	  0.081868	  0.205430	
  0.073267	  0.688221	  0.056493	  0.182019	
  0.218753	  0.398594	  0.170365	  0.212288	
  0.195323	  0.322034	  0.173236	  0.309407	

URL http://cisbp.ccbr.utoronto.ca/TFreport.php?versionNumber=2.00&searchTF=T117644_2.00

MOTIF M01890_2.00 (FPSE_03379)_(Neurospora_crassa)_(DBD_0.90)

letter-probability matrix: alength= 4 w= 9 nsites= 1 E= 0
  0.139493	  0.644202	  0.059028	  0.157278	
  0.296341	  0.087489	  0.081574	  0.534596	
  0.231240	  0.296918	  0.315279	  0.156563	
  0.456611	  0.443116	  0.004322	  0.095950	
  0.013386	  0.000000	  0.986535	  0.000079	
  0.000000	  0.999883	  0.000000	  0.000117	
  0.184719	  0.811461	  0.000402	  0.003417	
  0.462362	  0.136503	  0.094288	  0.306847	
  0.079462	  0.599012	  0.057701	  0.263824	

URL http://cisbp.ccbr.utoronto.ca/TFreport.php?versionNumber=2.00&searchTF=T117656_2.00

MOTIF M01892_2.00 (FPSE_04598)_(Neurospora_crassa)_(DBD_0.91)

letter-probability matrix: alength= 4 w= 10 nsites= 1 E= 0
  0.278551	  0.219116	  0.237366	  0.264966	
  0.245793	  0.220190	  0.300212	  0.233805	
  0.283666	  0.269831	  0.199896	  0.246607	
  0.199424	  0.140532	  0.211756	  0.448288	
  0.136535	  0.014106	  0.801580	  0.047779	
