MEME version 5.5.8 (Fri May 2 15:43:49 2025 -0700)

ALPHABET= ACGT

strands: + -

Background letter frequencies (from uniform background):
A 0.25000 C 0.25000 G 0.25000 T 0.25000 

MOTIF M00111_2.00 (TFAP2D)_(Mus_musculus)_(DBD_0.80)

letter-probability matrix: alength= 4 w= 10 nsites= 1 E= 0
  0.220377	  0.335405	  0.102037	  0.342181	
  0.111784	  0.193750	  0.669524	  0.024942	
  0.009553	  0.989147	  0.000370	  0.000929	
  0.000437	  0.891193	  0.000324	  0.108046	
  0.046223	  0.377462	  0.191229	  0.385087	
  0.132612	  0.336106	  0.329451	  0.201830	
  0.430307	  0.248265	  0.229178	  0.092250	
  0.301624	  0.024759	  0.651437	  0.022180	
  0.055101	  0.000431	  0.943092	  0.001376	
  0.095237	  0.349453	  0.435445	  0.119865	

URL http://cisbp.ccbr.utoronto.ca/TFreport.php?versionNumber=2.00&searchTF=T010836_2.00

MOTIF M00112_2.00 (TFAP2B)_(Mus_musculus)_(DBD_0.99)

letter-probability matrix: alength= 4 w= 10 nsites= 1 E= 0
  0.000019	  0.999823	  0.000038	  0.000120	
  0.000091	  0.899183	  0.000093	  0.100634	
  0.023042	  0.234469	  0.177208	  0.565281	
  0.107618	  0.390953	  0.394882	  0.106547	
  0.537857	  0.155647	  0.286458	  0.020037	
  0.051649	  0.000023	  0.948115	  0.000213	
  0.000014	  0.000011	  0.999930	  0.000045	
  0.000011	  0.667311	  0.331377	  0.001301	
  0.201422	  0.246017	  0.349115	  0.203446	
  0.598826	  0.108307	  0.129667	  0.163199	

URL http://cisbp.ccbr.utoronto.ca/TFreport.php?versionNumber=2.00&searchTF=T010835_2.00

MOTIF M00116_2.00 (ENSGALG00000027335)_(Mus_musculus)_(DBD_0.97)

letter-probability matrix: alength= 4 w= 11 nsites= 1 E= 0
  0.299920	  0.199062	  0.199062	  0.301956	
  0.282795	  0.466267	  0.073219	  0.177718	
  0.928776	  0.023741	  0.023741	  0.023741	
  0.999535	  0.000155	  0.000155	  0.000155	
  0.000155	  0.000155	  0.000155	  0.999535	
  0.999535	  0.000155	  0.000155	  0.000155	
  0.000155	  0.000155	  0.000155	  0.999535	
  0.000155	  0.097259	  0.000155	  0.902432	
  0.542245	  0.051093	  0.149621	  0.257042	
  0.176936	  0.277743	  0.176936	  0.368385	
  0.226414	  0.320759	  0.226414	  0.226414	

URL http://cisbp.ccbr.utoronto.ca/TFreport.php?versionNumber=2.00&searchTF=T014561_2.00

MOTIF M00120_2.00 (MYF6)_(Mus_musculus)_(DBD_1.00)

letter-probability matrix: alength= 4 w= 9 nsites= 1 E= 0
  0.289475	  0.254187	  0.269905	  0.186433	
  0.052590	  0.774738	  0.052067	  0.120605	
  0.533145	  0.105509	  0.232478	  0.128869	
  0.266544	  0.300527	  0.261266	  0.171664	
  0.190214	  0.458588	  0.173843	  0.177355	
  0.000604	  0.000378	  0.000312	  0.998705	
  0.001765	  0.002135	  0.869844	  0.126256	
  0.234495	  0.165246	  0.146560	  0.453699	
  0.018343	  0.468373	  0.072187	  0.441097	

URL http://cisbp.ccbr.utoronto.ca/TFreport.php?versionNumber=2.00&searchTF=T034512_2.00

MOTIF M00124_2.00 (ENSGALG00000006089)_(Mus_musculus)_(DBD_0.97)

letter-probability matrix: alength= 4 w= 10 nsites= 1 E= 0
  0.260600	  0.193057	  0.290902	  0.255440	
  0.297930	  0.203743	  0.261611	  0.236716	
  0.174845	  0.166318	  0.245649	  0.413188	
  0.186210	  0.177128	  0.390283	  0.246379	
  0.445741	  0.112139	  0.281389	  0.160732	
  0.171869	  0.422731	  0.182497	  0.222903	
  0.256025	  0.100011	  0.480715	  0.163249	
  0.268049	  0.185151	  0.235372	  0.311428	
  0.340203	  0.183010	  0.278534	  0.198253	
  0.336613	  0.151250	  0.270138	  0.241999	

URL http://cisbp.ccbr.utoronto.ca/TFreport.php?versionNumber=2.00&searchTF=T059838_2.00

MOTIF M00136_2.00 (MTF1)_(Mus_musculus)_(DBD_0.98)

letter-probability matrix: alength= 4 w= 9 nsites= 1 E= 0
  0.004902	  0.985294	  0.004902	  0.004902	
  0.002475	  0.002475	  0.992574	  0.002475	
  0.002475	  0.002475	  0.002475	  0.992574	
  0.002475	  0.002475	  0.992574	  0.002475	
  0.002475	  0.497525	  0.002475	  0.497525	
  0.002475	  0.002475	  0.992574	  0.002475	
  0.002475	  0.992574	  0.002475	  0.002475	
  0.992574	  0.002475	  0.002475	  0.002475	
  0.495098	  0.495098	  0.004902	  0.004902	

URL http://cisbp.ccbr.utoronto.ca/TFreport.php?versionNumber=2.00&searchTF=T095827_2.00

MOTIF M00137_2.00 (ENSGALG00000006811)_(Mus_musculus)_(DBD_1.00)

letter-probability matrix: alength= 4 w= 10 nsites= 1 E= 0
  0.207272	  0.352141	  0.166340	  0.274248	
  0.074916	  0.894594	  0.006530	  0.023960	
  0.252946	  0.641094	  0.034924	  0.071035	
  0.119889	  0.457861	  0.024205	  0.398045	
  0.215900	  0.203327	  0.552700	  0.028073	
  0.059790	  0.493158	  0.162525	  0.284528	
  0.183884	  0.144648	  0.274322	  0.397146	
  0.121150	  0.079601	  0.740279	  0.058970	
  0.235070	  0.267704	  0.183072	  0.314154	
  0.057682	  0.125832	  0.604832	  0.211653	

URL http://cisbp.ccbr.utoronto.ca/TFreport.php?versionNumber=2.00&searchTF=T095872_2.00

MOTIF M00140_2.00 (ZNF410)_(Mus_musculus)_(DBD_0.96)

letter-probability matrix: alength= 4 w= 8 nsites= 1 E= 0
  0.200397	  0.795635	  0.001984	  0.001984	
  0.001244	  0.747512	  0.001244	  0.250000	
  0.996681	  0.001106	  0.001106	  0.001106	
  0.001106	  0.001106	  0.001106	  0.996681	
  0.001106	  0.996681	  0.001106	  0.001106	
  0.001106	  0.996681	  0.001106	  0.001106	
  0.001106	  0.996681	  0.001106	  0.001106	
  0.995739	  0.001420	  0.001420	  0.001420	

URL http://cisbp.ccbr.utoronto.ca/TFreport.php?versionNumber=2.00&searchTF=T095903_2.00

MOTIF M00141_2.00 (ENSGALG00000026718)_(Mus_musculus)_(DBD_0.99)

letter-probability matrix: alength= 4 w= 9 nsites= 1 E= 0
  0.384359	  0.087495	  0.433364	  0.094782	
  0.001417	  0.025498	  0.001820	  0.971265	
  0.136986	  0.003190	  0.853954	  0.005870	
  0.000720	  0.984235	  0.013489	  0.001556	
  0.014112	  0.979480	  0.001711	  0.004697	
  0.547870	  0.386078	  0.009450	  0.056602	
  0.432663	  0.219194	  0.190558	  0.157584	
  0.113275	  0.528381	  0.136978	  0.221366	
  0.180992	  0.346697	  0.210283	  0.262028	

URL http://cisbp.ccbr.utoronto.ca/TFreport.php?versionNumber=2.00&searchTF=T096006_2.00

MOTIF M00144_2.00 (OSR1)_(Mus_musculus)_(DBD_1.00)

letter-probability matrix: alength= 4 w= 9 nsites= 1 E= 0
  0.239345	  0.218745	  0.246634	  0.295275	
  0.191857	  0.178887	  0.532058	  0.097198	
  0.021077	  0.835642	  0.002359	  0.140921	
  0.032784	  0.170704	  0.000247	  0.796265	
  0.546729	  0.158215	  0.044432	  0.250624	
  0.007923	  0.906640	  0.002363	  0.083075	
  0.000350	  0.507322	  0.000000	  0.492328	
  0.126341	  0.131497	  0.544020	  0.198142	
  0.176151	  0.179710	  0.240169	  0.403971	

URL http://cisbp.ccbr.utoronto.ca/TFreport.php?versionNumber=2.00&searchTF=T095967_2.00

MOTIF M00151_2.00 (ENSGALG00000006497)_(Mus_musculus)_(DBD_0.99)

letter-probability matrix: alength= 4 w= 10 nsites= 1 E= 0
  0.223888	  0.340749	  0.172629	  0.262735	
  0.117345	  0.833068	  0.021224	  0.028364	
  0.244512	  0.632238	  0.057932	  0.065318	
  0.127993	  0.488810	  0.013763	  0.369435	
  0.225619	  0.259523	  0.482435	  0.032422	
  0.071595	  0.534338	  0.144175	  0.249892	
  0.203029	  0.171289	  0.228915	  0.396767	
  0.180390	  0.084363	  0.661906	  0.073341	
  0.249109	  0.256696	  0.195956	  0.298238	
  0.100681	  0.137271	  0.540209	  0.221840	

URL http://cisbp.ccbr.utoronto.ca/TFreport.php?versionNumber=2.00&searchTF=T095868_2.00

MOTIF M00156_2.00 (ELF3)_(Mus_musculus)_(DBD_0.95)

letter-probability matrix: alength= 4 w= 10 nsites= 1 E= 0
  0.411349	  0.141096	  0.190460	  0.257094	
  0.256228	  0.286021	  0.214019	  0.243731	
  0.255689	  0.345145	  0.285420	  0.113745	
  0.360725	  0.386880	  0.177348	  0.075047	
  0.143150	  0.028047	  0.745381	  0.083421	
  0.125128	  0.023321	  0.756981	  0.094570	
  0.888187	  0.000017	  0.039614	  0.072181	
  0.787696	  0.000028	  0.029345	  0.182932	
  0.390316	  0.110715	  0.414452	  0.084517	
  0.222956	  0.197744	  0.143592	  0.435709	

URL http://cisbp.ccbr.utoronto.ca/TFreport.php?versionNumber=2.00&searchTF=T176169_2.00

MOTIF M00163_2.00 (FOXK1)_(Mus_musculus)_(DBD_0.99)

letter-probability matrix: alength= 4 w= 8 nsites= 1 E= 0
  0.309467	  0.142959	  0.547336	  0.000238	
  0.295052	  0.000164	  0.000164	  0.704620	
  0.619510	  0.295749	  0.000141	  0.084600	
  0.888534	  0.069545	  0.000139	  0.041782	
  0.999584	  0.000139	  0.000139	  0.000139	
  0.000139	  0.957940	  0.000139	  0.041782	
  0.999572	  0.000143	  0.000143	  0.000143	
  0.660068	  0.132164	  0.056750	  0.151018	

URL http://cisbp.ccbr.utoronto.ca/TFreport.php?versionNumber=2.00&searchTF=T185861_2.00

MOTIF M00172_2.00 (ENSGALG00000011054)_(Mus_musculus)_(DBD_1.00)

letter-probability matrix: alength= 4 w= 10 nsites= 1 E= 0
  0.183789	  0.303016	  0.164644	  0.348551	
  0.107098	  0.054258	  0.023191	  0.815454	
  0.868219	  0.022566	  0.074176	  0.035038	
  0.965411	  0.017682	  0.000907	  0.015999	
  0.018285	  0.097133	  0.050708	  0.833874	
  0.113053	  0.096338	  0.418995	  0.371615	
  0.447592	  0.063681	  0.359201	  0.129526	
  0.204977	  0.311967	  0.273937	  0.209118	
  0.227740	  0.286634	  0.210231	  0.275395	
  0.212729	  0.249640	  0.210612	  0.327019	

URL http://cisbp.ccbr.utoronto.ca/TFreport.php?versionNumber=2.00&searchTF=T210236_2.00

MOTIF M00180_2.00 (ENSGALG00000015522)_(Mus_musculus)_(DBD_0.96)

letter-probability matrix: alength= 4 w= 9 nsites= 1 E= 0
  0.165458	  0.343340	  0.036919	  0.454283	
  0.975103	  0.000330	  0.019936	  0.004630	
  0.948213	  0.047209	  0.003613	  0.000965	
  0.001692	  0.998220	  0.000045	  0.000043	
  0.033377	  0.182706	  0.625079	  0.158837	
  0.098345	  0.035110	  0.748805	  0.117740	
  0.262572	  0.281611	  0.064105	  0.391712	
  0.191940	  0.427171	  0.082863	  0.298027	
  0.317812	  0.187065	  0.252512	  0.242611	

URL http://cisbp.ccbr.utoronto.ca/TFreport.php?versionNumber=2.00&searchTF=T269609_2.00

MOTIF M00186_2.00 (RFX4)_(Mus_musculus)_(DBD_1.00)

letter-probability matrix: alength= 4 w= 10 nsites= 1 E= 0
  0.071969	  0.027556	  0.876757	  0.023718	
  0.043751	  0.062085	  0.082972	  0.811192	
  0.263828	  0.195449	  0.035350	  0.505373	
  0.277657	  0.050219	  0.476462	  0.195662	
  0.040535	  0.621518	  0.064210	  0.273736	
  0.027735	  0.451560	  0.091168	  0.429537	
  0.579359	  0.135900	  0.150193	  0.134548	
  0.268595	  0.156524	  0.265923	  0.308958	
  0.108591	  0.168610	  0.656936	  0.065864	
  0.169606	  0.263349	  0.369991	  0.197054	

URL http://cisbp.ccbr.utoronto.ca/TFreport.php?versionNumber=2.00&searchTF=T318265_2.00

MOTIF M00192_2.00 (ENSGALG00000007870)_(Mus_musculus)_(DBD_0.97)

letter-probability matrix: alength= 4 w= 10 nsites= 1 E= 0
  0.288710	  0.216031	  0.234024	  0.261235	
  0.267885	  0.210726	  0.228276	  0.293113	
  0.254675	  0.244689	  0.210606	  0.290031	
  0.178353	  0.381367	  0.197110	  0.243170	
  0.142077	  0.390086	  0.214084	  0.253754	
  0.577609	  0.339984	  0.075861	  0.006546	
  0.069047	  0.067007	  0.858163	  0.005782	
  0.628592	  0.263350	  0.048110	  0.059948	
  0.080759	  0.917332	  0.000028	  0.001880	
  0.388991	  0.137491	  0.312172	  0.161347	

URL http://cisbp.ccbr.utoronto.ca/TFreport.php?versionNumber=2.00&searchTF=T324648_2.00

MOTIF M00193_2.00 (TCF7)_(Mus_musculus)_(DBD_1.00)

letter-probability matrix: alength= 4 w= 9 nsites= 1 E= 0
  0.181253	  0.200316	  0.105625	  0.512805	
  0.193981	  0.157238	  0.162027	  0.486755	
  0.165856	  0.190780	  0.108975	  0.534388	
  0.214521	  0.234724	  0.386994	  0.163761	
  0.366461	  0.201118	  0.166316	  0.266105	
  0.245754	  0.197223	  0.159866	  0.397157	
  0.204582	  0.302164	  0.324073	  0.169181	
  0.226849	  0.220145	  0.217954	  0.335052	
  0.257350	  0.221503	  0.242363	  0.278784	

URL http://cisbp.ccbr.utoronto.ca/TFreport.php?versionNumber=2.00&searchTF=T328128_2.00

MOTIF M00194_2.00 (HBP1)_(Mus_musculus)_(DBD_1.00)

letter-probability matrix: alength= 4 w= 8 nsites= 1 E= 0
  0.226419	  0.257852	  0.260443	  0.255286	
  0.256789	  0.177373	  0.194077	  0.371762	
  0.185974	  0.312814	  0.363438	  0.137773	
  0.505770	  0.103139	  0.144906	  0.246185	
  0.528531	  0.076715	  0.198364	  0.196390	
  0.225196	  0.166830	  0.131233	  0.476741	
  0.220657	  0.150899	  0.414308	  0.214136	
  0.349045	  0.129697	  0.335359	  0.185899	

URL http://cisbp.ccbr.utoronto.ca/TFreport.php?versionNumber=2.00&searchTF=T328129_2.00

MOTIF M00197_2.00 (SOX8)_(Mus_musculus)_(DBD_0.99)

letter-probability matrix: alength= 4 w= 8 nsites= 1 E= 0
  0.312219	  0.201080	  0.253079	  0.233622	
  0.315226	  0.161304	  0.285228	  0.238242	
  0.425231	  0.166107	  0.217594	  0.191068	
  0.602919	  0.043025	  0.029719	  0.324337	
  0.058211	  0.504755	  0.245690	  0.191344	
  0.971833	  0.016431	  0.000386	  0.011350	
  0.890196	  0.031232	  0.078370	  0.000202	
  0.180233	  0.052157	  0.044003	  0.723608	

URL http://cisbp.ccbr.utoronto.ca/TFreport.php?versionNumber=2.00&searchTF=T328126_2.00

MOTIF M00200_2.00 (ENSGALG00000010529)_(Mus_musculus)_(DBD_1.00)

letter-probability matrix: alength= 4 w= 10 nsites= 1 E= 0
  0.487159	  0.134101	  0.192210	  0.186530	
  0.103241	  0.367628	  0.410375	  0.118756	
  0.639521	  0.041709	  0.022663	  0.296107	
  0.118677	  0.035037	  0.012139	  0.834147	
  0.107632	  0.677712	  0.134118	  0.080537	
  0.874585	  0.017180	  0.013247	  0.094988	
  0.809823	  0.058957	  0.086213	  0.045007	
  0.758453	  0.014031	  0.099612	  0.127904	
  0.182254	  0.175107	  0.575592	  0.067047	
  0.284337	  0.183124	  0.403494	  0.129045	

URL http://cisbp.ccbr.utoronto.ca/TFreport.php?versionNumber=2.00&searchTF=T328132_2.00

MOTIF M00201_2.00 (ENSGALG00000003723)_(Mus_musculus)_(DBD_0.90)

letter-probability matrix: alength= 4 w= 10 nsites= 1 E= 0
  0.806958	  0.018417	  0.014929	  0.159696	
  0.000158	  0.063550	  0.009411	  0.926882	
  0.000162	  0.000157	  0.000079	  0.999602	
  0.261590	  0.078790	  0.649875	  0.009745	
  0.083298	  0.023393	  0.028572	  0.864737	
  0.102484	  0.262358	  0.142552	  0.492606	
  0.245858	  0.288517	  0.199289	  0.266335	
  0.201761	  0.272348	  0.161917	  0.363974	
  0.224773	  0.248413	  0.285743	  0.241071	
  0.193695	  0.309911	  0.195642	  0.300752	

URL http://cisbp.ccbr.utoronto.ca/TFreport.php?versionNumber=2.00&searchTF=T328124_2.00

MOTIF M00203_2.00 (ENSGALG00000013204)_(Mus_musculus)_(DBD_1.00)

letter-probability matrix: alength= 4 w= 8 nsites= 1 E= 0
  0.711397	  0.062629	  0.074981	  0.150993	
  0.013623	  0.102692	  0.036662	  0.847024	
  0.035706	  0.005341	  0.000489	  0.958464	
  0.163603	  0.110768	  0.676843	  0.048786	
  0.083974	  0.035892	  0.034141	  0.845992	
  0.117419	  0.271985	  0.139177	  0.471419	
  0.223078	  0.342928	  0.166921	  0.267073	
  0.215726	  0.282593	  0.176621	  0.325060	

URL http://cisbp.ccbr.utoronto.ca/TFreport.php?versionNumber=2.00&searchTF=T328134_2.00

MOTIF M00209_2.00 (ENSGALG00000028422)_(Mus_musculus)_(DBD_0.94)

letter-probability matrix: alength= 4 w= 8 nsites= 1 E= 0
  0.298569	  0.212512	  0.246904	  0.242015	
  0.319250	  0.175208	  0.266660	  0.238883	
  0.357639	  0.192390	  0.237347	  0.212624	
  0.679599	  0.055230	  0.056345	  0.208826	
  0.056853	  0.555835	  0.186881	  0.200431	
  0.931608	  0.011904	  0.000958	  0.055529	
  0.869014	  0.026242	  0.081236	  0.023508	
  0.183811	  0.059974	  0.047177	  0.709038	

URL http://cisbp.ccbr.utoronto.ca/TFreport.php?versionNumber=2.00&searchTF=T328142_2.00

MOTIF M00210_2.00 (ENSGALG00000016397)_(Mus_musculus)_(DBD_1.00)

letter-probability matrix: alength= 4 w= 9 nsites= 1 E= 0
  0.582313	  0.045468	  0.065171	  0.307049	
  0.000166	  0.026985	  0.042747	  0.930102	
  0.000694	  0.004197	  0.008451	  0.986658	
  0.162207	  0.112042	  0.712568	  0.013182	
  0.062890	  0.020726	  0.008260	  0.908125	
  0.115259	  0.280670	  0.201780	  0.402292	
  0.239591	  0.304580	  0.151250	  0.304580	
  0.245191	  0.230912	  0.215301	  0.308597	
  0.213432	  0.285237	  0.240644	  0.260687	

URL http://cisbp.ccbr.utoronto.ca/TFreport.php?versionNumber=2.00&searchTF=T328135_2.00

MOTIF M00221_2.00 (ENSGALG00000015241)_(Homo_sapiens)_(DBD_0.99)

letter-probability matrix: alength= 4 w= 7 nsites= 1 E= 0
  0.218481	  0.542778	  0.065150	  0.173591	
  0.993489	  0.000140	  0.000130	  0.006242	
  0.074476	  0.854462	  0.000219	  0.070843	
  0.072024	  0.697147	  0.031093	  0.199736	
  0.051165	  0.000005	  0.000166	  0.948664	
  0.102037	  0.001304	  0.776918	  0.119741	
  0.189254	  0.355345	  0.058738	  0.396664	

URL http://cisbp.ccbr.utoronto.ca/TFreport.php?versionNumber=2.00&searchTF=T095951_2.00

MOTIF M00235_2.00 (OVOL2)_(Homo_sapiens)_(DBD_0.96)

letter-probability matrix: alength= 4 w= 10 nsites= 1 E= 0
  0.334335	  0.215324	  0.171082	  0.279260	
  0.108131	  0.791037	  0.042664	  0.058169	
  0.082134	  0.811069	  0.030215	  0.076581	
  0.073553	  0.010783	  0.852356	  0.063308	
  0.015879	  0.389564	  0.024904	  0.569653	
  0.065308	  0.000232	  0.000794	  0.933666	
  0.680212	  0.062328	  0.125512	  0.131948	
  0.198096	  0.239548	  0.232468	  0.329888	
  0.261279	  0.243615	  0.220432	  0.274675	
  0.217333	  0.276284	  0.151628	  0.354756	

URL http://cisbp.ccbr.utoronto.ca/TFreport.php?versionNumber=2.00&searchTF=T095892_2.00

MOTIF M00238_2.00 (ENSGALG00000005940)_(Homo_sapiens)_(DBD_0.99)

letter-probability matrix: alength= 4 w= 9 nsites= 1 E= 0
  0.351796	  0.247906	  0.191148	  0.209150	
  0.666768	  0.093920	  0.052062	  0.187250	
  0.650725	  0.113079	  0.088066	  0.148130	
  0.152463	  0.094342	  0.103226	  0.649969	
  0.166062	  0.615454	  0.125507	  0.092978	
  0.356325	  0.175185	  0.149283	  0.319208	
  0.216526	  0.289371	  0.298183	  0.195920	
  0.281196	  0.175748	  0.272885	  0.270170	
  0.256671	  0.199896	  0.313499	  0.229935	

URL http://cisbp.ccbr.utoronto.ca/TFreport.php?versionNumber=2.00&searchTF=T095859_2.00

MOTIF M00242_2.00 (KLF11)_(Homo_sapiens)_(DBD_0.90)

letter-probability matrix: alength= 4 w= 8 nsites= 1 E= 0
  0.356838	  0.641738	  0.000712	  0.000712	
  0.000525	  0.998424	  0.000525	  0.000525	
  0.053046	  0.105567	  0.840861	  0.000525	
  0.053046	  0.945903	  0.000525	  0.000525	
  0.000525	  0.945903	  0.053046	  0.000525	
  0.000525	  0.998424	  0.000525	  0.000525	
  0.210609	  0.788340	  0.000525	  0.000525	
  0.000767	  0.921012	  0.000767	  0.077454	

URL http://cisbp.ccbr.utoronto.ca/TFreport.php?versionNumber=2.00&searchTF=T095966_2.00

MOTIF M00249_2.00 (WT1)_(Homo_sapiens)_(DBD_1.00)

letter-probability matrix: alength= 4 w= 11 nsites= 1 E= 0
  0.307654	  0.294673	  0.198837	  0.198837	
  0.097668	  0.706996	  0.097668	  0.097668	
  0.024894	  0.324730	  0.024894	  0.625481	
  0.000229	  0.999312	  0.000229	  0.000229	
  0.000229	  0.999312	  0.000229	  0.000229	
  0.000229	  0.999312	  0.000229	  0.000229	
  0.097056	  0.902485	  0.000229	  0.000229	
  0.000229	  0.999312	  0.000229	  0.000229	
  0.258716	  0.154144	  0.535748	  0.051393	
  0.152561	  0.542316	  0.152561	  0.152561	
  0.323995	  0.225335	  0.225335	  0.225335	

URL http://cisbp.ccbr.utoronto.ca/TFreport.php?versionNumber=2.00&searchTF=T095916_2.00

MOTIF M00257_2.00 (ENSGALG00000022940)_(Homo_sapiens)_(DBD_0.99)

letter-probability matrix: alength= 4 w= 10 nsites= 1 E= 0
  0.326582	  0.181033	  0.131457	  0.360928	
  0.376628	  0.160976	  0.273488	  0.188908	
  0.247519	  0.242618	  0.230785	  0.279077	
  0.363901	  0.188083	  0.342709	  0.105307	
  0.343254	  0.200031	  0.077360	  0.379355	
  0.494185	  0.252879	  0.037446	  0.215489	
  0.759756	  0.101799	  0.035623	  0.102822	
  0.777778	  0.049722	  0.111770	  0.060730	
  0.010752	  0.547346	  0.078656	  0.363246	
  0.741580	  0.060267	  0.105508	  0.092646	

URL http://cisbp.ccbr.utoronto.ca/TFreport.php?versionNumber=2.00&searchTF=T185877_2.00

MOTIF M00264_2.00 (ENSGALG00000025770)_(Homo_sapiens)_(DBD_0.88)

letter-probability matrix: alength= 4 w= 9 nsites= 1 E= 0
  0.233408	  0.265811	  0.293767	  0.207014	
  0.218699	  0.307260	  0.229912	  0.244129	
  0.170035	  0.133754	  0.053303	  0.642908	
  0.615562	  0.090246	  0.171149	  0.123043	
  0.889185	  0.026584	  0.061578	  0.022653	
  0.050885	  0.155955	  0.072935	  0.720226	
  0.195427	  0.193483	  0.209597	  0.401492	
  0.262679	  0.206630	  0.324061	  0.206630	
  0.264075	  0.227292	  0.322542	  0.186091	

URL http://cisbp.ccbr.utoronto.ca/TFreport.php?versionNumber=2.00&searchTF=T210294_2.00

MOTIF M00269_2.00 (ENSGALG00000029057)_(Homo_sapiens)_(DBD_0.98)

letter-probability matrix: alength= 4 w= 9 nsites= 1 E= 0
  0.229316	  0.241073	  0.315798	  0.213813	
  0.253073	  0.274150	  0.250555	  0.222222	
  0.157370	  0.139575	  0.058475	  0.644580	
  0.707575	  0.071654	  0.162690	  0.058081	
  0.832219	  0.032593	  0.038248	  0.096940	
  0.094336	  0.203744	  0.131219	  0.570701	
  0.201381	  0.173330	  0.250936	  0.374353	
  0.319152	  0.169978	  0.332177	  0.178693	
  0.261395	  0.227245	  0.328991	  0.182369	

URL http://cisbp.ccbr.utoronto.ca/TFreport.php?versionNumber=2.00&searchTF=T210339_2.00

MOTIF M00282_2.00 (PHOX2B)_(Homo_sapiens)_(DBD_1.00)

letter-probability matrix: alength= 4 w= 8 nsites= 1 E= 0
  0.000303	  0.091102	  0.000303	  0.908293	
  0.972192	  0.000270	  0.027268	  0.000270	
  0.999190	  0.000270	  0.000270	  0.000270	
  0.000270	  0.000270	  0.000270	  0.999190	
  0.000270	  0.000270	  0.000270	  0.999190	
  0.742295	  0.000285	  0.257135	  0.000285	
  0.143010	  0.107347	  0.642297	  0.107347	
  0.105567	  0.210609	  0.105567	  0.578256	

URL http://cisbp.ccbr.utoronto.ca/TFreport.php?versionNumber=2.00&searchTF=T210251_2.00

MOTIF M00284_2.00 (VAX1)_(Homo_sapiens)_(DBD_1.00)

letter-probability matrix: alength= 4 w= 8 nsites= 1 E= 0
  0.212142	  0.267001	  0.332704	  0.188153	
  0.181967	  0.331565	  0.248098	  0.238370	
  0.130633	  0.095813	  0.021811	  0.751743	
  0.696930	  0.117529	  0.124796	  0.060745	
  0.798766	  0.051577	  0.039373	  0.110285	
  0.149564	  0.065873	  0.107525	  0.677037	
  0.193150	  0.156564	  0.312144	  0.338142	
  0.343299	  0.116583	  0.360900	  0.179218	

URL http://cisbp.ccbr.utoronto.ca/TFreport.php?versionNumber=2.00&searchTF=T210221_2.00

MOTIF M00287_2.00 (ENSGALG00000010213)_(Homo_sapiens)_(DBD_1.00)

letter-probability matrix: alength= 4 w= 10 nsites= 1 E= 0
  0.276533	  0.274138	  0.272562	  0.176767	
  0.096569	  0.200738	  0.096569	  0.606124	
  0.000039	  0.000039	  0.000039	  0.999883	
  0.999883	  0.000039	  0.000039	  0.000039	
  0.999883	  0.000039	  0.000039	  0.000039	
  0.000039	  0.000039	  0.000039	  0.999883	
  0.000039	  0.000039	  0.000039	  0.999883	
  0.999883	  0.000039	  0.000039	  0.000039	
  0.187323	  0.073272	  0.666133	  0.073272	
  0.248701	  0.250739	  0.247869	  0.252690	

URL http://cisbp.ccbr.utoronto.ca/TFreport.php?versionNumber=2.00&searchTF=T210229_2.00

MOTIF M00290_2.00 (ENSGALG00000026180)_(Homo_sapiens)_(DBD_1.00)

letter-probability matrix: alength= 4 w= 8 nsites= 1 E= 0
  0.157555	  0.127712	  0.069392	  0.645340	
  0.632466	  0.076679	  0.146882	  0.143973	
  0.886949	  0.005685	  0.055025	  0.052341	
  0.068959	  0.060553	  0.110335	  0.760153	
  0.143566	  0.126064	  0.153975	  0.576395	
  0.315323	  0.085080	  0.443012	  0.156585	
  0.236009	  0.260830	  0.300026	  0.203135	
  0.240835	  0.263516	  0.226810	  0.268839	

URL http://cisbp.ccbr.utoronto.ca/TFreport.php?versionNumber=2.00&searchTF=T210302_2.00

MOTIF M00299_2.00 (ENSGALG00000009277)_(Homo_sapiens)_(DBD_1.00)

letter-probability matrix: alength= 4 w= 9 nsites= 1 E= 0
  0.246631	  0.170357	  0.218742	  0.364270	
  0.146319	  0.069116	  0.122216	  0.662348	
  0.162793	  0.064876	  0.028008	  0.744324	
  0.268819	  0.112622	  0.066290	  0.552270	
  0.850146	  0.001641	  0.098043	  0.050170	
  0.071014	  0.344772	  0.054211	  0.530003	
  0.273384	  0.084849	  0.327300	  0.314466	
  0.382416	  0.107394	  0.363765	  0.146424	
  0.160580	  0.259510	  0.360970	  0.218939	

URL http://cisbp.ccbr.utoronto.ca/TFreport.php?versionNumber=2.00&searchTF=T210225_2.00

MOTIF M00302_2.00 (NKX2-8)_(Homo_sapiens)_(DBD_0.95)

letter-probability matrix: alength= 4 w= 8 nsites= 1 E= 0
  0.258024	  0.205009	  0.159661	  0.377305	
  0.208002	  0.280773	  0.210093	  0.301132	
  0.449120	  0.048293	  0.414590	  0.087996	
  0.890092	  0.000219	  0.000692	  0.108997	
  0.064128	  0.029104	  0.750607	  0.156160	
  0.214231	  0.021479	  0.232073	  0.532218	
  0.301742	  0.030252	  0.566555	  0.101451	
  0.103442	  0.333289	  0.313880	  0.249388	

URL http://cisbp.ccbr.utoronto.ca/TFreport.php?versionNumber=2.00&searchTF=T210333_2.00

MOTIF M00309_2.00 (HESX1)_(Homo_sapiens)_(DBD_0.88)

letter-probability matrix: alength= 4 w= 9 nsites= 1 E= 0
  0.197779	  0.303944	  0.100202	  0.398075	
  0.000090	  0.000090	  0.000090	  0.999730	
  0.999730	  0.000090	  0.000090	  0.000090	
  0.999730	  0.000090	  0.000090	  0.000090	
  0.000090	  0.000090	  0.000090	  0.999730	
  0.000090	  0.000090	  0.000090	  0.999730	
  0.505959	  0.000090	  0.493861	  0.000090	
  0.104421	  0.000090	  0.895399	  0.000090	
  0.149888	  0.347965	  0.149888	  0.352259	

URL http://cisbp.ccbr.utoronto.ca/TFreport.php?versionNumber=2.00&searchTF=T210204_2.00

MOTIF M00313_2.00 (ENSGALG00000005613)_(Homo_sapiens)_(DBD_1.00)

letter-probability matrix: alength= 4 w= 8 nsites= 1 E= 0
  0.236754	  0.264283	  0.191909	  0.307053	
  0.206447	  0.060343	  0.054601	  0.678609	
  0.695907	  0.033623	  0.143339	  0.127131	
  0.911180	  0.028638	  0.048654	  0.011528	
  0.071152	  0.047220	  0.245873	  0.635756	
  0.157348	  0.600920	  0.093547	  0.148185	
  0.119260	  0.534486	  0.103680	  0.242574	
  0.228531	  0.327560	  0.213081	  0.230828	

URL http://cisbp.ccbr.utoronto.ca/TFreport.php?versionNumber=2.00&searchTF=T210205_2.00

MOTIF M00319_2.00 (ISX)_(Homo_sapiens)_(DBD_0.88)

letter-probability matrix: alength= 4 w= 8 nsites= 1 E= 0
  0.188828	  0.042016	  0.188828	  0.580327	
  0.049768	  0.105004	  0.000055	  0.845172	
  0.944304	  0.020248	  0.020248	  0.015199	
  0.989750	  0.005100	  0.000050	  0.005100	
  0.005100	  0.000050	  0.000050	  0.994799	
  0.036503	  0.020881	  0.046917	  0.895699	
  0.648166	  0.027648	  0.234487	  0.089699	
  0.057766	  0.134660	  0.624856	  0.182718	

URL http://cisbp.ccbr.utoronto.ca/TFreport.php?versionNumber=2.00&searchTF=T210242_2.00

MOTIF M00326_2.00 (SIX6)_(Homo_sapiens)_(DBD_1.00)

letter-probability matrix: alength= 4 w= 7 nsites= 1 E= 0
  0.273376	  0.198512	  0.270656	  0.257456	
  0.166014	  0.211045	  0.153250	  0.469690	
  0.159910	  0.071137	  0.616841	  0.152111	
  0.913679	  0.031108	  0.053919	  0.001294	
  0.045977	  0.132706	  0.065244	  0.756073	
  0.648564	  0.291419	  0.019782	  0.040236	
  0.077620	  0.451161	  0.162687	  0.308532	

URL http://cisbp.ccbr.utoronto.ca/TFreport.php?versionNumber=2.00&searchTF=T210271_2.00

MOTIF M00342_2.00 (PAX6)_(Homo_sapiens)_(DBD_1.00)

letter-probability matrix: alength= 4 w= 14 nsites= 1 E= 0
  0.222869	  0.222869	  0.222869	  0.331393	
  0.301150	  0.196775	  0.305300	  0.196775	
  0.173218	  0.173218	  0.173218	  0.480345	
  0.290347	  0.101116	  0.507421	  0.101116	
  0.147808	  0.755127	  0.048533	  0.048533	
  0.226946	  0.118673	  0.128567	  0.525813	
  0.692134	  0.307374	  0.000246	  0.000246	
  0.999261	  0.000246	  0.000246	  0.000246	
  0.027377	  0.027377	  0.027377	  0.917868	
  0.053471	  0.053471	  0.053471	  0.839587	
  0.768916	  0.077028	  0.077028	  0.077028	
  0.342275	  0.149130	  0.260189	  0.248406	
  0.201714	  0.201714	  0.201714	  0.394859	
  0.226053	  0.226053	  0.321841	  0.226053	

URL http://cisbp.ccbr.utoronto.ca/TFreport.php?versionNumber=2.00&searchTF=T237352_2.00

MOTIF M00358_2.00 (ENSGALG00000005246)_(Homo_sapiens)_(DBD_0.92)

letter-probability matrix: alength= 4 w= 7 nsites= 1 E= 0
  0.286355	  0.241588	  0.313322	  0.158734	
  0.702444	  0.017541	  0.261012	  0.019002	
  0.019868	  0.216834	  0.014001	  0.749296	
  0.209688	  0.149249	  0.140558	  0.500505	
  0.414902	  0.160460	  0.214443	  0.210196	
  0.247979	  0.250472	  0.288111	  0.213438	
  0.224226	  0.276622	  0.265776	  0.233376	

URL http://cisbp.ccbr.utoronto.ca/TFreport.php?versionNumber=2.00&searchTF=T237351_2.00

MOTIF M00377_2.00 (POU2F1)_(Homo_sapiens)_(DBD_1.00)

letter-probability matrix: alength= 4 w= 10 nsites= 1 E= 0
  0.167408	  0.262548	  0.149970	  0.420075	
  0.419877	  0.154464	  0.135634	  0.290024	
  0.086602	  0.147131	  0.073063	  0.693204	
  0.160945	  0.033151	  0.679300	  0.126604	
  0.398008	  0.516188	  0.039904	  0.045900	
  0.719327	  0.048343	  0.058458	  0.173871	
  0.272217	  0.000461	  0.057777	  0.669545	
  0.793448	  0.022118	  0.028974	  0.155460	
  0.455101	  0.074479	  0.046086	  0.424333	
  0.272938	  0.136899	  0.170587	  0.419576	

URL http://cisbp.ccbr.utoronto.ca/TFreport.php?versionNumber=2.00&searchTF=T238221_2.00

MOTIF M00382_2.00 (HOXA10)_(Mus_musculus)_(DBD_0.98)

letter-probability matrix: alength= 4 w= 9 nsites= 1 E= 0
  0.187731	  0.158382	  0.173298	  0.480589	
  0.167569	  0.131814	  0.115745	  0.584872	
  0.349023	  0.092309	  0.110514	  0.448155	
  0.651686	  0.088196	  0.113246	  0.146872	
  0.112866	  0.256262	  0.099107	  0.531765	
  0.157200	  0.146572	  0.349855	  0.346373	
  0.360306	  0.132549	  0.322774	  0.184371	
  0.161159	  0.348065	  0.238028	  0.252747	
  0.234266	  0.294847	  0.234266	  0.236621	

URL http://cisbp.ccbr.utoronto.ca/TFreport.php?versionNumber=2.00&searchTF=T210309_2.00

MOTIF M00383_2.00 (ENSGALG00000011055)_(Mus_musculus)_(DBD_1.00)

letter-probability matrix: alength= 4 w= 9 nsites= 1 E= 0
  0.196847	  0.282147	  0.169428	  0.351577	
  0.155907	  0.072187	  0.051897	  0.720008	
  0.696670	  0.087035	  0.095232	  0.121063	
  0.798358	  0.042630	  0.032219	  0.126793	
  0.067221	  0.146641	  0.081287	  0.704851	
  0.114380	  0.141109	  0.368533	  0.375978	
  0.447955	  0.095078	  0.322046	  0.134922	
  0.226418	  0.284970	  0.217540	  0.271072	
  0.214998	  0.296080	  0.212859	  0.276063	

URL http://cisbp.ccbr.utoronto.ca/TFreport.php?versionNumber=2.00&searchTF=T210237_2.00

MOTIF M00384_2.00 (MEOX1)_(Mus_musculus)_(DBD_0.98)

letter-probability matrix: alength= 4 w= 9 nsites= 1 E= 0
  0.260011	  0.244869	  0.186928	  0.308192	
  0.121246	  0.118845	  0.033711	  0.726198	
  0.700489	  0.000333	  0.270908	  0.028269	
  0.962122	  0.009292	  0.000107	  0.028478	
  0.024775	  0.111032	  0.068021	  0.796173	
  0.075798	  0.088950	  0.394680	  0.440572	
  0.541591	  0.066321	  0.277137	  0.114952	
  0.183583	  0.341268	  0.255359	  0.219789	
  0.201776	  0.326086	  0.199769	  0.272370	

URL http://cisbp.ccbr.utoronto.ca/TFreport.php?versionNumber=2.00&searchTF=T210189_2.00

MOTIF M00386_2.00 (IRX2)_(Mus_musculus)_(DBD_0.98)

letter-probability matrix: alength= 4 w= 9 nsites= 1 E= 0
  0.268445	  0.240482	  0.255353	  0.235720	
  0.200643	  0.235457	  0.276312	  0.287588	
  0.315755	  0.080236	  0.258518	  0.345491	
  0.782420	  0.011733	  0.091139	  0.114708	
  0.101611	  0.743341	  0.043867	  0.111181	
  0.671433	  0.112103	  0.066647	  0.149817	
  0.308060	  0.244764	  0.116780	  0.330396	
  0.231796	  0.229489	  0.363528	  0.175187	
  0.271804	  0.243491	  0.248410	  0.236295	

URL http://cisbp.ccbr.utoronto.ca/TFreport.php?versionNumber=2.00&searchTF=T210244_2.00

MOTIF M00387_2.00 (ENSGALG00000027677)_(Mus_musculus)_(DBD_1.00)

letter-probability matrix: alength= 4 w= 9 nsites= 1 E= 0
  0.315765	  0.220301	  0.205408	  0.258526	
  0.151708	  0.068167	  0.021157	  0.758968	
  0.845957	  0.049426	  0.102562	  0.002055	
  0.951365	  0.000267	  0.022374	  0.025995	
  0.075887	  0.057354	  0.094561	  0.772199	
  0.162453	  0.124013	  0.179538	  0.533996	
  0.376830	  0.081597	  0.412317	  0.129256	
  0.193529	  0.319075	  0.269193	  0.218203	
  0.222715	  0.280309	  0.224953	  0.272024	

URL http://cisbp.ccbr.utoronto.ca/TFreport.php?versionNumber=2.00&searchTF=T210322_2.00

MOTIF M00388_2.00 (ENSGALG00000006438)_(Mus_musculus)_(DBD_1.00)

letter-probability matrix: alength= 4 w= 10 nsites= 1 E= 0
  0.247073	  0.284202	  0.206373	  0.262352	
  0.149870	  0.075171	  0.040036	  0.734924	
  0.706549	  0.090958	  0.126519	  0.075974	
  0.851645	  0.008910	  0.044131	  0.095313	
  0.070692	  0.091682	  0.096383	  0.741243	
  0.120799	  0.217919	  0.226813	  0.434469	
  0.367812	  0.088905	  0.402450	  0.140833	
  0.215590	  0.296895	  0.274069	  0.213445	
  0.220651	  0.269503	  0.211999	  0.297847	
  0.238452	  0.238452	  0.243269	  0.279826	

URL http://cisbp.ccbr.utoronto.ca/TFreport.php?versionNumber=2.00&searchTF=T210209_2.00

MOTIF M00390_2.00 (ENSGALG00000026100)_(Mus_musculus)_(DBD_1.00)

letter-probability matrix: alength= 4 w= 10 nsites= 1 E= 0
  0.243261	  0.166357	  0.201167	  0.389216	
  0.150809	  0.096160	  0.097127	  0.655904	
  0.132509	  0.071283	  0.033671	  0.762537	
  0.375039	  0.047800	  0.050251	  0.526910	
  0.786702	  0.022598	  0.070658	  0.120043	
  0.049934	  0.380205	  0.076762	  0.493099	
  0.144111	  0.083145	  0.473703	  0.299041	
  0.480914	  0.085258	  0.283068	  0.150760	
  0.111427	  0.385049	  0.255538	  0.247986	
  0.205443	  0.332012	  0.201375	  0.261170	

URL http://cisbp.ccbr.utoronto.ca/TFreport.php?versionNumber=2.00&searchTF=T210301_2.00

MOTIF M00392_2.00 (ENSGALG00000026249)_(Mus_musculus)_(DBD_1.00)

letter-probability matrix: alength= 4 w= 8 nsites= 1 E= 0
  0.143010	  0.107347	  0.036020	  0.713623	
  0.000250	  0.025225	  0.000250	  0.974276	
  0.974276	  0.000250	  0.000250	  0.025225	
  0.999251	  0.000250	  0.000250	  0.000250	
  0.000250	  0.000250	  0.000250	  0.999251	
  0.000250	  0.000250	  0.125125	  0.874376	
  0.804939	  0.000277	  0.194506	  0.000277	
  0.038786	  0.576421	  0.153994	  0.230799	

URL http://cisbp.ccbr.utoronto.ca/TFreport.php?versionNumber=2.00&searchTF=T210304_2.00

MOTIF M00393_2.00 (EVX2)_(Mus_musculus)_(DBD_1.00)

letter-probability matrix: alength= 4 w= 8 nsites= 1 E= 0
  0.235698	  0.265748	  0.314993	  0.183561	
  0.194613	  0.361771	  0.230676	  0.212940	
  0.142042	  0.092400	  0.025949	  0.739610	
  0.699379	  0.079059	  0.175949	  0.045613	
  0.870945	  0.043362	  0.006683	  0.079010	
  0.058490	  0.192260	  0.064641	  0.684609	
  0.137513	  0.209290	  0.328232	  0.324966	
  0.380775	  0.133247	  0.314885	  0.171093	

URL http://cisbp.ccbr.utoronto.ca/TFreport.php?versionNumber=2.00&searchTF=T210274_2.00

MOTIF M00399_2.00 (PKNOX1)_(Mus_musculus)_(DBD_1.00)

letter-probability matrix: alength= 4 w= 8 nsites= 1 E= 0
  0.145807	  0.166050	  0.102749	  0.585395	
  0.047416	  0.026548	  0.887984	  0.038052	
  0.795904	  0.000436	  0.143952	  0.059709	
  0.041428	  0.910466	  0.001396	  0.046710	
  0.672067	  0.019113	  0.247239	  0.061581	
  0.160336	  0.171961	  0.418748	  0.248954	
  0.200186	  0.289816	  0.301643	  0.208355	
  0.204146	  0.262129	  0.190345	  0.343380	

URL http://cisbp.ccbr.utoronto.ca/TFreport.php?versionNumber=2.00&searchTF=T210259_2.00

MOTIF M00402_2.00 (ENSGALG00000025867)_(Mus_musculus)_(DBD_0.96)

letter-probability matrix: alength= 4 w= 7 nsites= 1 E= 0
  0.144397	  0.120611	  0.119411	  0.615582	
  0.644210	  0.107557	  0.134025	  0.114208	
  0.733858	  0.022383	  0.092602	  0.151156	
  0.080543	  0.104458	  0.116604	  0.698395	
  0.170686	  0.157563	  0.174135	  0.497616	
  0.375164	  0.124881	  0.304102	  0.195853	
  0.313095	  0.175301	  0.329148	  0.182456	

URL http://cisbp.ccbr.utoronto.ca/TFreport.php?versionNumber=2.00&searchTF=T210296_2.00

MOTIF M00405_2.00 (LHX1)_(Mus_musculus)_(DBD_1.00)

letter-probability matrix: alength= 4 w= 9 nsites= 1 E= 0
  0.166699	  0.079535	  0.057179	  0.696587	
  0.658460	  0.072959	  0.164006	  0.104575	
  0.860814	  0.014554	  0.044163	  0.080469	
  0.057497	  0.058075	  0.037402	  0.847026	
  0.146493	  0.115235	  0.184376	  0.553896	
  0.427710	  0.071410	  0.368133	  0.132747	
  0.333758	  0.210696	  0.276004	  0.179543	
  0.279203	  0.233210	  0.202743	  0.284843	
  0.269584	  0.207863	  0.189973	  0.332580	

URL http://cisbp.ccbr.utoronto.ca/TFreport.php?versionNumber=2.00&searchTF=T210202_2.00

MOTIF M00407_2.00 (ENSGALG00000008774)_(Mus_musculus)_(DBD_1.00)

letter-probability matrix: alength= 4 w= 9 nsites= 1 E= 0
  0.295464	  0.173911	  0.204087	  0.326538	
  0.083726	  0.082068	  0.055565	  0.778641	
  0.003120	  0.034053	  0.960935	  0.001893	
  0.873497	  0.000758	  0.057541	  0.068204	
  0.019591	  0.939245	  0.007207	  0.033956	
  0.851816	  0.012030	  0.105359	  0.030796	
  0.150397	  0.123135	  0.540925	  0.185542	
  0.147020	  0.354449	  0.343974	  0.154557	
  0.187865	  0.236447	  0.144854	  0.430834	

URL http://cisbp.ccbr.utoronto.ca/TFreport.php?versionNumber=2.00&searchTF=T210219_2.00

MOTIF M00408_2.00 (HNF1B)_(Mus_musculus)_(DBD_1.00)

letter-probability matrix: alength= 4 w= 8 nsites= 1 E= 0
  0.239820	  0.259794	  0.183074	  0.317313	
  0.220380	  0.185927	  0.127148	  0.466545	
  0.477055	  0.158798	  0.088911	  0.275237	
  0.656404	  0.076461	  0.061361	  0.205774	
  0.035142	  0.691865	  0.093634	  0.179359	
  0.172604	  0.340700	  0.165836	  0.320859	
  0.328951	  0.207662	  0.253638	  0.209749	
  0.264945	  0.228041	  0.304760	  0.202254	

URL http://cisbp.ccbr.utoronto.ca/TFreport.php?versionNumber=2.00&searchTF=T210203_2.00

MOTIF M00411_2.00 (GSC)_(Mus_musculus)_(DBD_0.98)

letter-probability matrix: alength= 4 w= 9 nsites= 1 E= 0
  0.240681	  0.253021	  0.279632	  0.226665	
  0.227219	  0.312909	  0.182347	  0.277525	
  0.152629	  0.043729	  0.032395	  0.771247	
  0.781271	  0.024069	  0.108954	  0.085706	
  0.946629	  0.020346	  0.018971	  0.014054	
  0.079369	  0.043125	  0.124475	  0.753031	
  0.124675	  0.611374	  0.090532	  0.173419	
  0.108349	  0.531316	  0.137739	  0.222596	
  0.186346	  0.310320	  0.277995	  0.225339	

URL http://cisbp.ccbr.utoronto.ca/TFreport.php?versionNumber=2.00&searchTF=T210234_2.00

MOTIF M00415_2.00 (ENSGALG00000006365)_(Mus_musculus)_(DBD_1.00)

letter-probability matrix: alength= 4 w= 9 nsites= 1 E= 0
  0.214819	  0.275834	  0.165637	  0.343710	
  0.156468	  0.031590	  0.029162	  0.782780	
  0.812989	  0.018187	  0.092825	  0.075999	
  0.970114	  0.005298	  0.018493	  0.006095	
  0.033505	  0.020526	  0.194747	  0.751222	
  0.084599	  0.778927	  0.049300	  0.087175	
  0.054735	  0.673516	  0.068890	  0.202859	
  0.203348	  0.355996	  0.215922	  0.224734	
  0.226520	  0.293780	  0.211205	  0.268495	

URL http://cisbp.ccbr.utoronto.ca/TFreport.php?versionNumber=2.00&searchTF=T210208_2.00

MOTIF M00416_2.00 (IRX4)_(Mus_musculus)_(DBD_1.00)

letter-probability matrix: alength= 4 w= 8 nsites= 1 E= 0
  0.262564	  0.254804	  0.249759	  0.232873	
  0.275648	  0.244478	  0.251924	  0.227950	
  0.207360	  0.229168	  0.266256	  0.297216	
  0.311690	  0.111276	  0.242744	  0.334290	
  0.708550	  0.043957	  0.124365	  0.123128	
  0.169491	  0.597527	  0.115908	  0.117073	
  0.675885	  0.093319	  0.088768	  0.142028	
  0.337236	  0.221580	  0.120396	  0.320789	

URL http://cisbp.ccbr.utoronto.ca/TFreport.php?versionNumber=2.00&searchTF=T210277_2.00

MOTIF M00417_2.00 (OTP)_(Mus_musculus)_(DBD_1.00)

letter-probability matrix: alength= 4 w= 8 nsites= 1 E= 0
  0.281218	  0.216834	  0.307701	  0.194247	
  0.129122	  0.376440	  0.129122	  0.365315	
  0.165282	  0.184501	  0.049782	  0.600435	
  0.689510	  0.110607	  0.091467	  0.108417	
  0.925332	  0.042528	  0.028507	  0.003633	
  0.103670	  0.106828	  0.082370	  0.707132	
  0.155855	  0.155855	  0.181078	  0.507211	
  0.479837	  0.103902	  0.258126	  0.158135	

URL http://cisbp.ccbr.utoronto.ca/TFreport.php?versionNumber=2.00&searchTF=T210310_2.00

MOTIF M00418_2.00 (ENSGALG00000027720)_(Mus_musculus)_(DBD_1.00)

letter-probability matrix: alength= 4 w= 8 nsites= 1 E= 0
  0.244685	  0.262426	  0.184929	  0.307960	
  0.195722	  0.063860	  0.036477	  0.703941	
  0.712083	  0.037645	  0.106505	  0.143767	
  0.921471	  0.039884	  0.018840	  0.019806	
  0.072358	  0.024572	  0.250040	  0.653030	
  0.149500	  0.630995	  0.082872	  0.136633	
  0.112604	  0.499634	  0.129525	  0.258237	
  0.173100	  0.309164	  0.276959	  0.240777	

URL http://cisbp.ccbr.utoronto.ca/TFreport.php?versionNumber=2.00&searchTF=T210323_2.00

MOTIF M00419_2.00 (HMBOX1)_(Mus_musculus)_(DBD_1.00)

