MEME version 5.5.8 (Fri May 2 15:43:49 2025 -0700)

ALPHABET= ACGT

strands: + -

Background letter frequencies (from uniform background):
A 0.25000 C 0.25000 G 0.25000 T 0.25000 

MOTIF M01105_2.00 (GUITHDRAFT_115713)_(Fusarium_graminearum)_(DBD_0.54)

letter-probability matrix: alength= 4 w= 9 nsites= 1 E= 0
  0.374340	  0.173324	  0.185892	  0.266444	
  0.331918	  0.236250	  0.215916	  0.215916	
  0.367239	  0.211878	  0.193642	  0.227241	
  0.398201	  0.106374	  0.253904	  0.241521	
  0.306146	  0.173133	  0.150515	  0.370206	
  0.572249	  0.002137	  0.149841	  0.275772	
  0.602371	  0.092840	  0.044740	  0.260050	
  0.505970	  0.048254	  0.059530	  0.386247	
  0.331768	  0.096009	  0.106106	  0.466117	

URL http://cisbp.ccbr.utoronto.ca/TFreport.php?versionNumber=2.00&searchTF=T017527_2.00

MOTIF M01321_2.00 (GUITHDRAFT_63344)_(Ciona_intestinalis)_(DBD_0.53)

letter-probability matrix: alength= 4 w= 9 nsites= 1 E= 0
  0.376035	  0.194354	  0.212657	  0.216953	
  0.454381	  0.107656	  0.216792	  0.221171	
  0.137399	  0.086737	  0.067551	  0.708313	
  0.109833	  0.055643	  0.046944	  0.787579	
  0.012137	  0.537147	  0.052787	  0.397928	
  0.713480	  0.021119	  0.242294	  0.023107	
  0.855693	  0.015362	  0.033179	  0.095766	
  0.786029	  0.054981	  0.101189	  0.057800	
  0.279467	  0.282276	  0.129397	  0.308859	

URL http://cisbp.ccbr.utoronto.ca/TFreport.php?versionNumber=2.00&searchTF=T345511_2.00

MOTIF M01567_2.00 (GUITHDRAFT_152740)_(Saccharomyces_cerevisiae)_(DBD_0.77)

letter-probability matrix: alength= 4 w= 7 nsites= 1 E= 0
  0.315311	  0.189343	  0.207174	  0.288172	
  0.345705	  0.141966	  0.211788	  0.300541	
  0.271982	  0.110580	  0.155359	  0.462079	
  0.583542	  0.000869	  0.110954	  0.304636	
  0.219565	  0.006434	  0.188981	  0.585020	
  0.934996	  0.000354	  0.051964	  0.012687	
  0.422777	  0.000471	  0.095282	  0.481470	

URL http://cisbp.ccbr.utoronto.ca/TFreport.php?versionNumber=2.00&searchTF=T342607_2.00

MOTIF M02227_2.00 (GUITHDRAFT_44500)_(Oikopleura_dioica)_(DBD_0.45)

letter-probability matrix: alength= 4 w= 8 nsites= 1 E= 0
  0.308789	  0.191211	  0.250000	  0.250000	
  0.009525	  0.037816	  0.000094	  0.952565	
  0.000083	  0.000083	  0.999752	  0.000083	
  0.958784	  0.000082	  0.000082	  0.041052	
  0.000082	  0.999754	  0.000082	  0.000082	
  0.950590	  0.000082	  0.049246	  0.000082	
  0.074832	  0.056147	  0.635370	  0.233651	
  0.132587	  0.277095	  0.397519	  0.192799	

URL http://cisbp.ccbr.utoronto.ca/TFreport.php?versionNumber=2.00&searchTF=T219281_2.00

MOTIF M02283_2.00 (GUITHDRAFT_40700)_(Dictyostelium_discoideum)_(DBD_0.73)

letter-probability matrix: alength= 4 w= 10 nsites= 1 E= 0
  0.233777	  0.598464	  0.083460	  0.084299	
  0.030948	  0.562453	  0.044359	  0.362240	
  0.506429	  0.042836	  0.155615	  0.295120	
  0.524310	  0.062308	  0.043907	  0.369475	
  0.657133	  0.044163	  0.042009	  0.256695	
  0.290800	  0.112464	  0.066862	  0.529873	
  0.281986	  0.340992	  0.131875	  0.245147	
  0.228299	  0.247314	  0.296088	  0.228299	
  0.301159	  0.033037	  0.594451	  0.071353	
  0.207356	  0.056511	  0.520315	  0.215818	

URL http://cisbp.ccbr.utoronto.ca/TFreport.php?versionNumber=2.00&searchTF=T254427_2.00

MOTIF M02320_2.00 (GUITHDRAFT_142870)_(Dictyostelium_discoideum)_(DBD_0.79)

letter-probability matrix: alength= 4 w= 9 nsites= 1 E= 0
  0.247227	  0.219270	  0.254756	  0.278747	
  0.277152	  0.263635	  0.215846	  0.243366	
  0.342211	  0.120956	  0.250994	  0.285839	
  0.941574	  0.014993	  0.013840	  0.029593	
  0.013226	  0.094837	  0.093894	  0.798043	
  0.038983	  0.909700	  0.013107	  0.038211	
  0.154512	  0.056842	  0.023342	  0.765304	
  0.047996	  0.614684	  0.254960	  0.082361	
  0.217159	  0.333830	  0.347453	  0.101558	

URL http://cisbp.ccbr.utoronto.ca/TFreport.php?versionNumber=2.00&searchTF=T273130_2.00

MOTIF M02486_2.00 (GUITHDRAFT_163519)_(Arabidopsis_thaliana)_(DBD_0.41)

letter-probability matrix: alength= 4 w= 7 nsites= 1 E= 0
  0.240152	  0.206700	  0.235396	  0.317752	
  0.316441	  0.197776	  0.207917	  0.277866	
  0.348064	  0.230993	  0.178107	  0.242836	
  0.281022	  0.168752	  0.167073	  0.383152	
  0.176275	  0.412420	  0.066823	  0.344482	
  0.478649	  0.076782	  0.441849	  0.002721	
  0.255694	  0.168003	  0.260859	  0.315444	

URL http://cisbp.ccbr.utoronto.ca/TFreport.php?versionNumber=2.00&searchTF=T330448_2.00

MOTIF M02525_2.00 (GUITHDRAFT_43196)_(Brachypodium_distachyon)_(DBD_0.69)

letter-probability matrix: alength= 4 w= 10 nsites= 1 E= 0
  0.293063	  0.270264	  0.198080	  0.238592	
  0.457419	  0.143313	  0.276857	  0.122411	
  0.061314	  0.124657	  0.058139	  0.755890	
  0.106775	  0.160207	  0.133014	  0.600005	
  0.056248	  0.329219	  0.105540	  0.508994	
  0.508994	  0.105540	  0.329219	  0.056248	
  0.600005	  0.133014	  0.160207	  0.106775	
  0.755890	  0.058139	  0.124657	  0.061314	
  0.122411	  0.276857	  0.143313	  0.457419	
  0.238592	  0.198080	  0.270264	  0.293063	

URL http://cisbp.ccbr.utoronto.ca/TFreport.php?versionNumber=2.00&searchTF=T345508_2.00

MOTIF M02534_2.00 (GUITHDRAFT_44838)_(Chlorella_vulgaris)_(DBD_0.74)

letter-probability matrix: alength= 4 w= 10 nsites= 1 E= 0
  0.325158	  0.217960	  0.193313	  0.263568	
  0.358359	  0.188960	  0.202661	  0.250019	
  0.376331	  0.147005	  0.219306	  0.257358	
  0.184463	  0.155625	  0.138027	  0.521885	
  0.198756	  0.111283	  0.133230	  0.556730	
  0.071722	  0.451598	  0.138766	  0.337914	
  0.700958	  0.002209	  0.240435	  0.056399	
  0.752532	  0.046221	  0.081732	  0.119515	
  0.746615	  0.060072	  0.100038	  0.093275	
  0.297928	  0.261609	  0.101175	  0.339288	

URL http://cisbp.ccbr.utoronto.ca/TFreport.php?versionNumber=2.00&searchTF=T345509_2.00

MOTIF M02535_2.00 (GUITHDRAFT_151625)_(Ostreococcus_tauri)_(DBD_0.27)

letter-probability matrix: alength= 4 w= 10 nsites= 1 E= 0
  0.542652	  0.117995	  0.113519	  0.225834	
  0.279593	  0.143987	  0.195206	  0.381215	
  0.096535	  0.175727	  0.119694	  0.608045	
  0.202572	  0.123770	  0.085906	  0.587752	
  0.084457	  0.280504	  0.202746	  0.432293	
  0.432293	  0.202746	  0.280504	  0.084457	
  0.587752	  0.085906	  0.123770	  0.202572	
  0.608045	  0.119694	  0.175727	  0.096535	
  0.381215	  0.195206	  0.143987	  0.279593	
  0.225834	  0.113519	  0.117995	  0.542652	

URL http://cisbp.ccbr.utoronto.ca/TFreport.php?versionNumber=2.00&searchTF=T345506_2.00

MOTIF M02698_2.00 (GUITHDRAFT_164718)_(Arabidopsis_thaliana)_(DBD_0.92)

letter-probability matrix: alength= 4 w= 11 nsites= 1 E= 0
  0.140000	  0.450000	  0.230000	  0.180000	
  0.160000	  0.270000	  0.550000	  0.020000	
  0.000000	  0.919192	  0.040404	  0.040404	
  0.000000	  0.050000	  0.930000	  0.020000	
  0.040404	  0.939394	  0.000000	  0.020202	
  0.040404	  0.020202	  0.020202	  0.919192	
  0.080808	  0.000000	  0.858586	  0.060606	
  0.960000	  0.000000	  0.020000	  0.020000	
  0.040000	  0.040000	  0.920000	  0.000000	
  0.020000	  0.550000	  0.260000	  0.170000	
  0.151515	  0.323232	  0.242424	  0.282828	

URL http://cisbp.ccbr.utoronto.ca/TFreport.php?versionNumber=2.00&searchTF=T273151_2.00

MOTIF M02959_2.00 (GUITHDRAFT_133924)_(Homo_sapiens)_(DBD_0.64)

letter-probability matrix: alength= 4 w= 12 nsites= 1 E= 0
  0.046512	  0.011628	  0.023256	  0.918605	
  0.000000	  0.000000	  0.000000	  1.000000	
  0.011765	  0.035294	  0.011765	  0.941176	
  0.000000	  0.040404	  0.939394	  0.020202	
  0.010309	  0.000000	  0.989691	  0.000000	
  0.000000	  0.915385	  0.053846	  0.030769	
  0.000000	  0.010204	  0.989796	  0.000000	
  0.030303	  0.000000	  0.969697	  0.000000	
  0.010101	  0.000000	  0.989899	  0.000000	
  0.989247	  0.010753	  0.000000	  0.000000	
  0.967742	  0.000000	  0.032258	  0.000000	
  0.925532	  0.010638	  0.031915	  0.031915	

URL http://cisbp.ccbr.utoronto.ca/TFreport.php?versionNumber=2.00&searchTF=T173198_2.00

MOTIF M07266_2.00 (GUITHDRAFT_146350)_(Arabidopsis_thaliana)_(DBD_0.30)

letter-probability matrix: alength= 4 w= 8 nsites= 1 E= 0
  0.035000	  0.143333	  0.080000	  0.741667	
  0.586667	  0.048333	  0.001667	  0.363333	
  0.995000	  0.000000	  0.000000	  0.005000	
  0.028333	  0.000000	  0.000000	  0.971667	
  0.000000	  0.988333	  0.011667	  0.000000	
  1.000000	  0.000000	  0.000000	  0.000000	
  0.000000	  0.000000	  0.005000	  0.995000	
  0.598334	  0.073333	  0.060000	  0.268333	

URL http://cisbp.ccbr.utoronto.ca/TFreport.php?versionNumber=2.00&searchTF=T330440_2.00

MOTIF M07295_2.00 (GUITHDRAFT_52378)_(Arabidopsis_thaliana)_(DBD_0.74)

letter-probability matrix: alength= 4 w= 15 nsites= 1 E= 0
  0.262982	  0.020101	  0.031826	  0.685091	
  0.241206	  0.033501	  0.013400	  0.711893	
  0.396985	  0.187605	  0.026801	  0.388610	
  0.609715	  0.082077	  0.075377	  0.232831	
  0.775544	  0.108878	  0.030151	  0.085427	
  0.936349	  0.000000	  0.050251	  0.013400	
  0.562814	  0.021776	  0.160804	  0.254606	
  0.820770	  0.000000	  0.026801	  0.152429	
  0.000000	  0.000000	  0.000000	  1.000000	
  0.000000	  0.000000	  0.000000	  1.000000	
  0.000000	  0.324958	  0.000000	  0.675042	
  0.862647	  0.000000	  0.137353	  0.000000	
  0.857621	  0.142379	  0.000000	  0.000000	
  1.000000	  0.000000	  0.000000	  0.000000	
  0.549414	  0.055276	  0.000000	  0.395310	

URL http://cisbp.ccbr.utoronto.ca/TFreport.php?versionNumber=2.00&searchTF=T345510_2.00

MOTIF M07300_2.00 (GUITHDRAFT_148793)_(Arabidopsis_thaliana)_(DBD_0.55)

letter-probability matrix: alength= 4 w= 15 nsites= 1 E= 0
  0.429048	  0.081803	  0.101836	  0.387312	
  0.225376	  0.038397	  0.046745	  0.689482	
  0.100167	  0.068447	  0.001669	  0.829717	
  0.090150	  0.288815	  0.068447	  0.552588	
  0.487479	  0.220367	  0.178631	  0.113523	
  0.933221	  0.010017	  0.043406	  0.013356	
  0.924876	  0.023372	  0.001669	  0.050083	
  0.858097	  0.000000	  0.023372	  0.118531	
  0.016694	  0.001669	  0.011686	  0.969951	
  0.000000	  0.000000	  0.000000	  1.000000	
  0.000000	  0.530885	  0.000000	  0.469115	
  0.726211	  0.001669	  0.272120	  0.000000	
  1.000000	  0.000000	  0.000000	  0.000000	
  1.000000	  0.000000	  0.000000	  0.000000	
  0.297162	  0.155259	  0.016694	  0.530885	

URL http://cisbp.ccbr.utoronto.ca/TFreport.php?versionNumber=2.00&searchTF=T345505_2.00

MOTIF M08108_2.00 (GUITHDRAFT_133922)_(Homo_sapiens)_(DBD_0.65)

letter-probability matrix: alength= 4 w= 11 nsites= 1 E= 0
  0.204783	  0.244644	  0.387145	  0.163428	
  0.131041	  0.340807	  0.468361	  0.059791	
  0.023916	  0.035376	  0.927753	  0.012955	
  0.013951	  0.939711	  0.010962	  0.035376	
  0.006976	  0.026906	  0.962631	  0.003488	
  0.017937	  0.039860	  0.929248	  0.012955	
  0.013453	  0.015944	  0.956153	  0.014449	
  0.924265	  0.011958	  0.048829	  0.014948	
  0.819631	  0.084704	  0.068261	  0.027404	
  0.231689	  0.322372	  0.322870	  0.123069	
  0.189836	  0.300947	  0.322870	  0.186348	

URL http://cisbp.ccbr.utoronto.ca/TFreport.php?versionNumber=2.00&searchTF=T173197_2.00

MOTIF M08109_2.00 (GUITHDRAFT_81084)_(Homo_sapiens)_(DBD_0.75)

letter-probability matrix: alength= 4 w= 11 nsites= 1 E= 0
  0.144835	  0.197018	  0.451544	  0.206603	
  0.082535	  0.271565	  0.645900	  0.000000	
  0.000000	  0.005857	  0.994143	  0.000000	
  0.000000	  1.000000	  0.000000	  0.000000	
  0.000000	  0.000000	  1.000000	  0.000000	
  0.014377	  0.116081	  0.869542	  0.000000	
  0.007987	  0.021832	  0.970181	  0.000000	
  0.960064	  0.000000	  0.039936	  0.000000	
  0.667199	  0.000000	  0.332801	  0.000000	
  0.379127	  0.185836	  0.383387	  0.051651	
  0.267838	  0.209265	  0.328009	  0.194888	

URL http://cisbp.ccbr.utoronto.ca/TFreport.php?versionNumber=2.00&searchTF=T173199_2.00

MOTIF M08149_2.00 (GUITHDRAFT_40207)_(Homo_sapiens)_(DBD_0.73)

letter-probability matrix: alength= 4 w= 15 nsites= 1 E= 0
  0.319149	  0.145315	  0.306021	  0.229516	
  0.331824	  0.068357	  0.259393	  0.340426	
  0.195111	  0.088728	  0.372114	  0.344047	
  0.172929	  0.639203	  0.035310	  0.152558	
  0.000000	  0.445903	  0.000000	  0.554097	
  0.731553	  0.115890	  0.033499	  0.119058	
  0.772295	  0.014486	  0.109099	  0.104120	
  0.953825	  0.000000	  0.039384	  0.006790	
  0.964690	  0.000000	  0.000905	  0.034405	
  0.966501	  0.000000	  0.001811	  0.031689	
  0.025351	  0.028067	  0.000000	  0.946582	
  0.985514	  0.000000	  0.014486	  0.000000	
  0.176098	  0.054323	  0.756451	  0.013128	
  0.441376	  0.378452	  0.066999	  0.113173	
  0.456768	  0.203712	  0.057039	  0.282481	

URL http://cisbp.ccbr.utoronto.ca/TFreport.php?versionNumber=2.00&searchTF=T254426_2.00

