MEME version 5.5.8 (Fri May 2 15:43:49 2025 -0700)

ALPHABET= ACGT

strands: + -

Background letter frequencies (from uniform background):
A 0.25000 C 0.25000 G 0.25000 T 0.25000 

MOTIF M00160_2.00 (HMEL018018)_(Mus_musculus)_(DBD_0.71)

letter-probability matrix: alength= 4 w= 10 nsites= 1 E= 0
  0.272342	  0.213287	  0.238265	  0.276106	
  0.383328	  0.071216	  0.521888	  0.023568	
  0.117428	  0.105265	  0.021002	  0.756305	
  0.834939	  0.152266	  0.000007	  0.012788	
  0.908292	  0.059096	  0.002967	  0.029645	
  0.977393	  0.014489	  0.001628	  0.006490	
  0.001282	  0.843632	  0.000001	  0.155085	
  0.965165	  0.012083	  0.006831	  0.015922	
  0.479654	  0.164189	  0.114694	  0.241463	
  0.417043	  0.185221	  0.142285	  0.255451	

URL http://cisbp.ccbr.utoronto.ca/TFreport.php?versionNumber=2.00&searchTF=T187795_2.00

MOTIF M00161_2.00 (HMEL002016)_(Mus_musculus)_(DBD_0.68)

letter-probability matrix: alength= 4 w= 12 nsites= 1 E= 0
  0.394926	  0.201691	  0.201691	  0.201691	
  0.357836	  0.147163	  0.347838	  0.147163	
  0.159006	  0.172368	  0.068783	  0.599842	
  0.841382	  0.113021	  0.022798	  0.022798	
  0.999531	  0.000156	  0.000156	  0.000156	
  0.999531	  0.000156	  0.000156	  0.000156	
  0.000156	  0.999531	  0.000156	  0.000156	
  0.999531	  0.000156	  0.000156	  0.000156	
  0.854605	  0.048465	  0.048465	  0.048465	
  0.691020	  0.102993	  0.102993	  0.102993	
  0.181373	  0.360053	  0.181373	  0.277201	
  0.317926	  0.227358	  0.227358	  0.227358	

URL http://cisbp.ccbr.utoronto.ca/TFreport.php?versionNumber=2.00&searchTF=T187778_2.00

MOTIF M00188_2.00 (HMEL015479)_(Mus_musculus)_(DBD_0.87)

letter-probability matrix: alength= 4 w= 10 nsites= 1 E= 0
  0.104605	  0.584172	  0.194454	  0.116769	
  0.266268	  0.282733	  0.156727	  0.294272	
  0.098718	  0.112423	  0.073867	  0.714991	
  0.512814	  0.101485	  0.365006	  0.020695	
  0.255170	  0.103744	  0.573599	  0.067487	
  0.184311	  0.457887	  0.038345	  0.319457	
  0.484397	  0.018971	  0.233435	  0.263197	
  0.869982	  0.053972	  0.047869	  0.028176	
  0.021911	  0.904128	  0.002656	  0.071305	
  0.236202	  0.300271	  0.335186	  0.128340	

URL http://cisbp.ccbr.utoronto.ca/TFreport.php?versionNumber=2.00&searchTF=T318642_2.00

MOTIF M00195_2.00 (HMEL002398)_(Mus_musculus)_(DBD_0.81)

letter-probability matrix: alength= 4 w= 10 nsites= 1 E= 0
  0.279067	  0.181426	  0.181426	  0.358081	
  0.289551	  0.189085	  0.212315	  0.309049	
  0.000105	  0.000105	  0.000105	  0.999685	
  0.000105	  0.000105	  0.999685	  0.000105	
  0.000105	  0.999685	  0.000105	  0.000105	
  0.000105	  0.000105	  0.000105	  0.999685	
  0.000105	  0.000105	  0.999685	  0.000105	
  0.999685	  0.000105	  0.000105	  0.000105	
  0.068679	  0.613130	  0.162332	  0.155859	
  0.241038	  0.147190	  0.147190	  0.464583	

URL http://cisbp.ccbr.utoronto.ca/TFreport.php?versionNumber=2.00&searchTF=T330599_2.00

MOTIF M00264_2.00 (HMEL015847)_(Homo_sapiens)_(DBD_0.86)

letter-probability matrix: alength= 4 w= 9 nsites= 1 E= 0
  0.233408	  0.265811	  0.293767	  0.207014	
  0.218699	  0.307260	  0.229912	  0.244129	
  0.170035	  0.133754	  0.053303	  0.642908	
  0.615562	  0.090246	  0.171149	  0.123043	
  0.889185	  0.026584	  0.061578	  0.022653	
  0.050885	  0.155955	  0.072935	  0.720226	
  0.195427	  0.193483	  0.209597	  0.401492	
  0.262679	  0.206630	  0.324061	  0.206630	
  0.264075	  0.227292	  0.322542	  0.186091	

URL http://cisbp.ccbr.utoronto.ca/TFreport.php?versionNumber=2.00&searchTF=T219616_2.00

MOTIF M00313_2.00 (HMEL012804)_(Homo_sapiens)_(DBD_0.96)

letter-probability matrix: alength= 4 w= 8 nsites= 1 E= 0
  0.236754	  0.264283	  0.191909	  0.307053	
  0.206447	  0.060343	  0.054601	  0.678609	
  0.695907	  0.033623	  0.143339	  0.127131	
  0.911180	  0.028638	  0.048654	  0.011528	
  0.071152	  0.047220	  0.245873	  0.635756	
  0.157348	  0.600920	  0.093547	  0.148185	
  0.119260	  0.534486	  0.103680	  0.242574	
  0.228531	  0.327560	  0.213081	  0.230828	

URL http://cisbp.ccbr.utoronto.ca/TFreport.php?versionNumber=2.00&searchTF=T219602_2.00

MOTIF M00396_2.00 (HMEL015659)_(Mus_musculus)_(DBD_1.00)

letter-probability matrix: alength= 4 w= 8 nsites= 1 E= 0
  0.243137	  0.255603	  0.173058	  0.328201	
  0.180751	  0.050761	  0.028138	  0.740350	
  0.754094	  0.029830	  0.091425	  0.124651	
  0.948503	  0.020184	  0.016361	  0.014953	
  0.061921	  0.014525	  0.234126	  0.689428	
  0.144617	  0.648127	  0.069692	  0.137564	
  0.112198	  0.502838	  0.114465	  0.270499	
  0.173843	  0.301314	  0.278148	  0.246695	

URL http://cisbp.ccbr.utoronto.ca/TFreport.php?versionNumber=2.00&searchTF=T219615_2.00

MOTIF M00399_2.00 (HMEL005588)_(Mus_musculus)_(DBD_0.85)

letter-probability matrix: alength= 4 w= 8 nsites= 1 E= 0
  0.145807	  0.166050	  0.102749	  0.585395	
  0.047416	  0.026548	  0.887984	  0.038052	
  0.795904	  0.000436	  0.143952	  0.059709	
  0.041428	  0.910466	  0.001396	  0.046710	
  0.672067	  0.019113	  0.247239	  0.061581	
  0.160336	  0.171961	  0.418748	  0.248954	
  0.200186	  0.289816	  0.301643	  0.208355	
  0.204146	  0.262129	  0.190345	  0.343380	

URL http://cisbp.ccbr.utoronto.ca/TFreport.php?versionNumber=2.00&searchTF=T219572_2.00

MOTIF M00431_2.00 (HMEL015079)_(Mus_musculus)_(DBD_0.88)

letter-probability matrix: alength= 4 w= 8 nsites= 1 E= 0
  0.097409	  0.113174	  0.032751	  0.756666	
  0.789979	  0.041763	  0.110168	  0.058091	
  0.961786	  0.000398	  0.018152	  0.019664	
  0.015867	  0.053209	  0.038253	  0.892672	
  0.109607	  0.104261	  0.116385	  0.669747	
  0.466764	  0.086127	  0.316026	  0.131082	
  0.311503	  0.148622	  0.408058	  0.131816	
  0.205307	  0.309360	  0.213686	  0.271648	

URL http://cisbp.ccbr.utoronto.ca/TFreport.php?versionNumber=2.00&searchTF=T219611_2.00

MOTIF M00438_2.00 (HMEL012305)_(Mus_musculus)_(DBD_0.98)

letter-probability matrix: alength= 4 w= 9 nsites= 1 E= 0
  0.211292	  0.263287	  0.243044	  0.282377	
  0.249961	  0.185175	  0.148607	  0.416257	
  0.165668	  0.301867	  0.221404	  0.311061	
  0.494881	  0.045346	  0.355781	  0.103992	
  0.869196	  0.000051	  0.015449	  0.115304	
  0.101810	  0.062998	  0.673917	  0.161274	
  0.247088	  0.045139	  0.174120	  0.533653	
  0.334033	  0.038522	  0.503326	  0.124119	
  0.129395	  0.311957	  0.305780	  0.252868	

URL http://cisbp.ccbr.utoronto.ca/TFreport.php?versionNumber=2.00&searchTF=T219601_2.00

MOTIF M00446_2.00 (HMEL025050)_(Mus_musculus)_(DBD_0.56)

letter-probability matrix: alength= 4 w= 8 nsites= 1 E= 0
  0.207406	  0.312522	  0.197290	  0.282782	
  0.212544	  0.078190	  0.070750	  0.638516	
  0.637557	  0.086284	  0.186353	  0.089805	
  0.761956	  0.050194	  0.052767	  0.135083	
  0.078717	  0.160109	  0.131087	  0.630087	
  0.157976	  0.172853	  0.344620	  0.324551	
  0.338739	  0.140503	  0.342143	  0.178615	
  0.200480	  0.314415	  0.267927	  0.217177	

URL http://cisbp.ccbr.utoronto.ca/TFreport.php?versionNumber=2.00&searchTF=T219629_2.00

MOTIF M00476_2.00 (HMEL025000)_(Mus_musculus)_(DBD_1.00)

letter-probability matrix: alength= 4 w= 9 nsites= 1 E= 0
  0.219817	  0.202917	  0.222026	  0.355240	
  0.214850	  0.129017	  0.132946	  0.523188	
  0.513373	  0.061621	  0.131763	  0.293243	
  0.787783	  0.015788	  0.077418	  0.119012	
  0.061583	  0.194490	  0.104625	  0.639303	
  0.168088	  0.140399	  0.363030	  0.328483	
  0.320844	  0.119218	  0.380298	  0.179640	
  0.183628	  0.344782	  0.238153	  0.233437	
  0.224687	  0.297291	  0.224687	  0.253334	

URL http://cisbp.ccbr.utoronto.ca/TFreport.php?versionNumber=2.00&searchTF=T219622_2.00

MOTIF M00483_2.00 (HMEL001028)_(Mus_musculus)_(DBD_0.96)

letter-probability matrix: alength= 4 w= 7 nsites= 1 E= 0
  0.247356	  0.242458	  0.265291	  0.244895	
  0.187686	  0.245862	  0.203318	  0.363134	
  0.206531	  0.145540	  0.437226	  0.210703	
  0.818609	  0.111900	  0.033704	  0.035788	
  0.126658	  0.170970	  0.099632	  0.602740	
  0.539508	  0.337193	  0.043409	  0.079890	
  0.146793	  0.419484	  0.179294	  0.254430	

URL http://cisbp.ccbr.utoronto.ca/TFreport.php?versionNumber=2.00&searchTF=T219560_2.00

MOTIF M00496_2.00 (HMEL006180)_(Mus_musculus)_(DBD_0.75)

letter-probability matrix: alength= 4 w= 10 nsites= 1 E= 0
  0.216206	  0.153889	  0.098124	  0.531781	
  0.089177	  0.323961	  0.131713	  0.455149	
  0.803249	  0.004050	  0.162173	  0.030529	
  0.969053	  0.000345	  0.017053	  0.013549	
  0.019178	  0.000140	  0.910310	  0.070371	
  0.110227	  0.024108	  0.059296	  0.806369	
  0.276692	  0.010308	  0.687392	  0.025608	
  0.073623	  0.323423	  0.423672	  0.179282	
  0.194223	  0.289747	  0.202150	  0.313879	
  0.180705	  0.277790	  0.191879	  0.349626	

URL http://cisbp.ccbr.utoronto.ca/TFreport.php?versionNumber=2.00&searchTF=T219576_2.00

MOTIF M00504_2.00 (HMEL025052)_(Mus_musculus)_(DBD_0.88)

letter-probability matrix: alength= 4 w= 9 nsites= 1 E= 0
  0.187953	  0.312996	  0.166699	  0.332351	
  0.123462	  0.059498	  0.023949	  0.793091	
  0.836264	  0.023546	  0.099379	  0.040811	
  0.958798	  0.008548	  0.007734	  0.024920	
  0.020845	  0.118761	  0.058388	  0.802005	
  0.122114	  0.113858	  0.421979	  0.342049	
  0.445655	  0.068686	  0.354088	  0.131571	
  0.186220	  0.326010	  0.277808	  0.209962	
  0.215548	  0.296837	  0.224345	  0.263271	

URL http://cisbp.ccbr.utoronto.ca/TFreport.php?versionNumber=2.00&searchTF=T219631_2.00

MOTIF M00506_2.00 (HMEL006181)_(Mus_musculus)_(DBD_0.93)

letter-probability matrix: alength= 4 w= 9 nsites= 1 E= 0
  0.222072	  0.252902	  0.183644	  0.341382	
  0.190880	  0.144264	  0.176205	  0.488650	
  0.671910	  0.026579	  0.219231	  0.082280	
  0.946942	  0.002124	  0.008275	  0.042659	
  0.048899	  0.017112	  0.727602	  0.206387	
  0.181881	  0.050066	  0.158119	  0.609934	
  0.334214	  0.016976	  0.579278	  0.069532	
  0.135232	  0.297969	  0.339336	  0.227464	
  0.208040	  0.278030	  0.218707	  0.295223	

URL http://cisbp.ccbr.utoronto.ca/TFreport.php?versionNumber=2.00&searchTF=T219577_2.00

MOTIF M00554_2.00 (HMEL025035)_(Drosophila_melanogaster)_(DBD_0.98)

letter-probability matrix: alength= 4 w= 10 nsites= 1 E= 0
  0.251496	  0.177226	  0.199822	  0.371455	
  0.148997	  0.073254	  0.136173	  0.641576	
  0.122081	  0.052704	  0.056525	  0.768690	
  0.381649	  0.037883	  0.070422	  0.510046	
  0.882245	  0.000299	  0.060489	  0.056967	
  0.048121	  0.268735	  0.096905	  0.586239	
  0.165526	  0.087281	  0.407129	  0.340063	
  0.403411	  0.084771	  0.354234	  0.157584	
  0.125944	  0.405791	  0.231791	  0.236474	
  0.189990	  0.335953	  0.201738	  0.272318	

URL http://cisbp.ccbr.utoronto.ca/TFreport.php?versionNumber=2.00&searchTF=T219626_2.00

MOTIF M00555_2.00 (HMEL006176)_(Drosophila_melanogaster)_(DBD_0.96)

letter-probability matrix: alength= 4 w= 8 nsites= 1 E= 0
  0.102338	  0.069985	  0.032730	  0.794948	
  0.792313	  0.045831	  0.074066	  0.087791	
  0.951444	  0.000214	  0.021285	  0.027058	
  0.034616	  0.020995	  0.051640	  0.892749	
  0.077589	  0.068130	  0.095720	  0.758561	
  0.350452	  0.037684	  0.507361	  0.104504	
  0.214873	  0.273157	  0.327028	  0.184943	
  0.211851	  0.274755	  0.209743	  0.303652	

URL http://cisbp.ccbr.utoronto.ca/TFreport.php?versionNumber=2.00&searchTF=T219575_2.00

MOTIF M00556_2.00 (HMEL011193)_(Drosophila_melanogaster)_(DBD_0.93)

letter-probability matrix: alength= 4 w= 10 nsites= 1 E= 0
  0.225403	  0.225403	  0.323790	  0.225403	
  0.125576	  0.231347	  0.418331	  0.224745	
  0.000115	  0.000115	  0.000115	  0.999655	
  0.999655	  0.000115	  0.000115	  0.000115	
  0.999655	  0.000115	  0.000115	  0.000115	
  0.000115	  0.000115	  0.000115	  0.999655	
  0.000115	  0.000115	  0.000115	  0.999655	
  0.999655	  0.000115	  0.000115	  0.000115	
  0.322805	  0.120694	  0.531790	  0.024712	
  0.219817	  0.229876	  0.223708	  0.326600	

URL http://cisbp.ccbr.utoronto.ca/TFreport.php?versionNumber=2.00&searchTF=T219598_2.00

MOTIF M00557_2.00 (HMEL013187)_(Drosophila_melanogaster)_(DBD_1.00)

letter-probability matrix: alength= 4 w= 9 nsites= 1 E= 0
  0.243483	  0.258539	  0.306448	  0.191530	
  0.206850	  0.317982	  0.181634	  0.293534	
  0.110856	  0.033389	  0.011684	  0.844070	
  0.894610	  0.051233	  0.053860	  0.000297	
  0.947543	  0.000984	  0.023427	  0.028047	
  0.139344	  0.033346	  0.087090	  0.740219	
  0.192569	  0.124022	  0.232864	  0.450544	
  0.357775	  0.064709	  0.468673	  0.108843	
  0.187431	  0.305947	  0.291025	  0.215597	

URL http://cisbp.ccbr.utoronto.ca/TFreport.php?versionNumber=2.00&searchTF=T219604_2.00

MOTIF M00558_2.00 (HMEL025034)_(Drosophila_melanogaster)_(DBD_1.00)

letter-probability matrix: alength= 4 w= 9 nsites= 1 E= 0
  0.217791	  0.178312	  0.203067	  0.400830	
  0.182540	  0.115234	  0.102204	  0.600023	
  0.599068	  0.030126	  0.087827	  0.282979	
  0.818970	  0.020864	  0.080483	  0.079682	
  0.075605	  0.178667	  0.083557	  0.662171	
  0.132125	  0.112590	  0.370091	  0.385195	
  0.393154	  0.095986	  0.355740	  0.155120	
  0.161580	  0.381840	  0.236276	  0.220303	
  0.218514	  0.319529	  0.197719	  0.264238	

URL http://cisbp.ccbr.utoronto.ca/TFreport.php?versionNumber=2.00&searchTF=T219625_2.00

MOTIF M00823_2.00 (HMEL011744)_(Mus_musculus)_(DBD_0.56)

letter-probability matrix: alength= 4 w= 10 nsites= 1 E= 0
  0.059337	  0.000621	  0.928182	  0.011861	
  0.018760	  0.033505	  0.039319	  0.908416	
  0.149151	  0.185853	  0.022759	  0.642237	
  0.267523	  0.020475	  0.560711	  0.151291	
  0.048693	  0.717326	  0.051704	  0.182278	
  0.060788	  0.307168	  0.088890	  0.543155	
  0.623033	  0.036401	  0.279947	  0.060619	
  0.227931	  0.165512	  0.292669	  0.313889	
  0.107270	  0.169924	  0.611157	  0.111648	
  0.120378	  0.281643	  0.340577	  0.257402	

URL http://cisbp.ccbr.utoronto.ca/TFreport.php?versionNumber=2.00&searchTF=T318641_2.00

MOTIF M00832_2.00 (HMEL015536)_(Mus_musculus)_(DBD_0.73)

letter-probability matrix: alength= 4 w= 11 nsites= 1 E= 0
  0.538889	  0.153704	  0.153704	  0.153704	
  0.235964	  0.059136	  0.571481	  0.133420	
  0.019402	  0.019402	  0.941795	  0.019402	
  0.000143	  0.000143	  0.000143	  0.999572	
  0.000143	  0.000143	  0.999572	  0.000143	
  0.000143	  0.000143	  0.000143	  0.999572	
  0.000143	  0.000143	  0.796563	  0.203152	
  0.999572	  0.000143	  0.000143	  0.000143	
  0.710684	  0.096439	  0.096439	  0.096439	
  0.268043	  0.191007	  0.274907	  0.266044	
  0.307777	  0.230741	  0.230741	  0.230741	

URL http://cisbp.ccbr.utoronto.ca/TFreport.php?versionNumber=2.00&searchTF=T340756_2.00

MOTIF M00997_2.00 (HMEL013192)_(Mus_musculus)_(DBD_0.64)

letter-probability matrix: alength= 4 w= 9 nsites= 1 E= 0
  0.284381	  0.238540	  0.238540	  0.238540	
  0.000009	  0.000009	  0.000009	  0.999973	
  0.000009	  0.000009	  0.228234	  0.771748	
  0.537328	  0.000009	  0.292941	  0.169722	
  0.000009	  0.836914	  0.000009	  0.163067	
  0.000009	  0.000009	  0.999973	  0.000009	
  0.000009	  0.794728	  0.000009	  0.205254	
  0.999973	  0.000009	  0.000009	  0.000009	
  0.965592	  0.011469	  0.011469	  0.011469	

URL http://cisbp.ccbr.utoronto.ca/TFreport.php?versionNumber=2.00&searchTF=T063666_2.00

MOTIF M01013_2.00 (HMEL010214)_(Drosophila_melanogaster)_(DBD_0.75)

letter-probability matrix: alength= 4 w= 10 nsites= 1 E= 0
  0.284331	  0.208542	  0.217052	  0.290075	
  0.282899	  0.199355	  0.271806	  0.245940	
  0.262076	  0.126297	  0.394901	  0.216726	
  0.543238	  0.172009	  0.107506	  0.177247	
  0.247908	  0.519600	  0.003644	  0.228848	
  0.333431	  0.073658	  0.454609	  0.138302	
  0.243370	  0.520392	  0.110452	  0.125786	
  0.271118	  0.240460	  0.209046	  0.279375	
  0.335408	  0.205480	  0.220379	  0.238733	
  0.303345	  0.209531	  0.218082	  0.269043	

URL http://cisbp.ccbr.utoronto.ca/TFreport.php?versionNumber=2.00&searchTF=T187787_2.00

MOTIF M01026_2.00 (HMEL008012)_(Homo_sapiens)_(DBD_0.75)

letter-probability matrix: alength= 4 w= 8 nsites= 1 E= 0
  0.866667	  0.000000	  0.133333	  0.000000	
  1.000000	  0.000000	  0.000000	  0.000000	
  0.000000	  1.000000	  0.000000	  0.000000	
  1.000000	  0.000000	  0.000000	  0.000000	
  0.952381	  0.047619	  0.000000	  0.000000	
  0.714286	  0.000000	  0.000000	  0.285714	
  0.111111	  0.000000	  0.888889	  0.000000	
  0.250000	  0.083333	  0.583333	  0.083333	

URL http://cisbp.ccbr.utoronto.ca/TFreport.php?versionNumber=2.00&searchTF=T330608_2.00

MOTIF M01664_2.00 (HMEL016284)_(Drosophila_melanogaster)_(DBD_0.90)

letter-probability matrix: alength= 4 w= 8 nsites= 1 E= 0
  0.227052	  0.269126	  0.203401	  0.300420	
  0.364833	  0.112105	  0.244555	  0.278506	
  0.954295	  0.000150	  0.000361	  0.045194	
  0.003226	  0.022006	  0.000879	  0.973889	
  0.180785	  0.422972	  0.060178	  0.336065	
  0.601595	  0.071492	  0.188592	  0.138322	
  0.500975	  0.146431	  0.170129	  0.182465	
  0.400462	  0.148803	  0.221987	  0.228748	

URL http://cisbp.ccbr.utoronto.ca/TFreport.php?versionNumber=2.00&searchTF=T015072_2.00

MOTIF M01671_2.00 (HMEL018028)_(Arabidopsis_thaliana)_(DBD_0.51)

letter-probability matrix: alength= 4 w= 9 nsites= 1 E= 0
  0.241564	  0.266970	  0.261683	  0.229783	
  0.209390	  0.306188	  0.250685	  0.233737	
  0.345181	  0.182011	  0.303102	  0.169706	
  0.329720	  0.179153	  0.251701	  0.239426	
  0.411309	  0.042920	  0.202217	  0.343554	
  0.710467	  0.047747	  0.000515	  0.241271	
  0.886835	  0.000921	  0.045045	  0.067199	
  0.454667	  0.009772	  0.038075	  0.497485	
  0.212559	  0.177544	  0.097438	  0.512458	

URL http://cisbp.ccbr.utoronto.ca/TFreport.php?versionNumber=2.00&searchTF=T017541_2.00

MOTIF M01896_2.00 (HMEL015598)_(Bombyx_mori)_(DBD_1.00)

letter-probability matrix: alength= 4 w= 10 nsites= 1 E= 0
  0.234003	  0.269167	  0.213862	  0.282968	
  0.165030	  0.378465	  0.117463	  0.339042	
  0.161689	  0.623702	  0.107305	  0.107305	
  0.189188	  0.117066	  0.634438	  0.059308	
  0.000295	  0.880381	  0.000177	  0.119147	
  0.110357	  0.107095	  0.694866	  0.087682	
  0.291421	  0.222465	  0.300296	  0.185818	
  0.262292	  0.257099	  0.223511	  0.257099	
  0.235549	  0.255168	  0.200722	  0.308561	
  0.248131	  0.238401	  0.222284	  0.291184	

URL http://cisbp.ccbr.utoronto.ca/TFreport.php?versionNumber=2.00&searchTF=T161995_2.00

MOTIF M01904_2.00 (HMEL014166)_(Bombyx_mori)_(DBD_0.99)

letter-probability matrix: alength= 4 w= 8 nsites= 1 E= 0
  0.323441	  0.204183	  0.227925	  0.244451	
  0.124915	  0.390580	  0.177263	  0.307242	
  0.183240	  0.469092	  0.121608	  0.226060	
  0.416853	  0.062348	  0.421042	  0.099757	
  0.885618	  0.004935	  0.057185	  0.052263	
  0.095238	  0.001659	  0.017398	  0.885704	
  0.230967	  0.597213	  0.047573	  0.124247	
  0.438839	  0.136201	  0.263521	  0.161440	

URL http://cisbp.ccbr.utoronto.ca/TFreport.php?versionNumber=2.00&searchTF=T166648_2.00

MOTIF M01907_2.00 (HMEL006876)_(Bombyx_mori)_(DBD_0.96)

letter-probability matrix: alength= 4 w= 12 nsites= 1 E= 0
  0.199396	  0.199396	  0.199396	  0.401812	
  0.256959	  0.242577	  0.148560	  0.351904	
  0.057166	  0.713712	  0.057166	  0.171955	
  0.139009	  0.024219	  0.812553	  0.024219	
  0.000211	  0.999368	  0.000211	  0.000211	
  0.000211	  0.000211	  0.999368	  0.000211	
  0.131998	  0.088765	  0.094228	  0.685009	
  0.779026	  0.000211	  0.088765	  0.131998	
  0.348070	  0.273603	  0.139597	  0.238730	
  0.383478	  0.190432	  0.324439	  0.101651	
  0.193045	  0.420866	  0.193045	  0.193045	
  0.225991	  0.225991	  0.322026	  0.225991	

URL http://cisbp.ccbr.utoronto.ca/TFreport.php?versionNumber=2.00&searchTF=T168453_2.00

MOTIF M01931_2.00 (HMEL014130)_(Homo_sapiens)_(DBD_0.87)

letter-probability matrix: alength= 4 w= 10 nsites= 1 E= 0
  0.152291	  0.152291	  0.246263	  0.449154	
  0.765274	  0.048025	  0.048025	  0.138675	
  0.999536	  0.000155	  0.000155	  0.000155	
  0.000155	  0.000155	  0.000155	  0.999536	
  0.129788	  0.000155	  0.489012	  0.381045	
  0.000155	  0.000155	  0.000155	  0.999536	
  0.908886	  0.000155	  0.000155	  0.090805	
  0.091796	  0.000155	  0.000155	  0.907895	
  0.279387	  0.195482	  0.097864	  0.427268	
  0.393611	  0.202130	  0.202130	  0.202130	

URL http://cisbp.ccbr.utoronto.ca/TFreport.php?versionNumber=2.00&searchTF=T169330_2.00

MOTIF M01972_2.00 (HMEL004504)_(Drosophila_melanogaster)_(DBD_0.83)

letter-probability matrix: alength= 4 w= 8 nsites= 1 E= 0
  0.001244	  0.996269	  0.001244	  0.001244	
  0.000996	  0.997012	  0.000996	  0.000996	
  0.000996	  0.000996	  0.997012	  0.000996	
  0.000996	  0.000996	  0.997012	  0.000996	
  0.997012	  0.000996	  0.000996	  0.000996	
  0.897410	  0.000996	  0.000996	  0.100598	
  0.332965	  0.001106	  0.664823	  0.001106	
  0.001420	  0.285511	  0.001420	  0.711648	

URL http://cisbp.ccbr.utoronto.ca/TFreport.php?versionNumber=2.00&searchTF=T177399_2.00

MOTIF M01978_2.00 (HMEL002691)_(Homo_sapiens)_(DBD_0.94)

letter-probability matrix: alength= 4 w= 8 nsites= 1 E= 0
  0.374378	  0.001244	  0.623134	  0.001244	
  0.001106	  0.001106	  0.001106	  0.996681	
  0.996681	  0.001106	  0.001106	  0.001106	
  0.996681	  0.001106	  0.001106	  0.001106	
  0.996681	  0.001106	  0.001106	  0.001106	
  0.001106	  0.996681	  0.001106	  0.001106	
  0.996681	  0.001106	  0.001106	  0.001106	
  0.498344	  0.167219	  0.001656	  0.332781	

URL http://cisbp.ccbr.utoronto.ca/TFreport.php?versionNumber=2.00&searchTF=T187779_2.00

MOTIF M02079_2.00 (HMEL013615)_(Danio_rerio)_(DBD_1.00)

letter-probability matrix: alength= 4 w= 11 nsites= 1 E= 0
  0.302242	  0.232586	  0.232586	  0.232586	
  0.307145	  0.161528	  0.286763	  0.244565	
  0.058793	  0.200678	  0.058793	  0.681736	
  0.000022	  0.000022	  0.000022	  0.999933	
  0.999933	  0.000022	  0.000022	  0.000022	
  0.999933	  0.000022	  0.000022	  0.000022	
  0.000022	  0.000022	  0.000022	  0.999933	
  0.000022	  0.000022	  0.000022	  0.999933	
  0.947691	  0.017436	  0.017436	  0.017436	
  0.232706	  0.088495	  0.590304	  0.088495	
  0.256077	  0.191230	  0.259937	  0.292756	

URL http://cisbp.ccbr.utoronto.ca/TFreport.php?versionNumber=2.00&searchTF=T219605_2.00

MOTIF M02085_2.00 (HMEL008404)_(Homo_sapiens)_(DBD_0.95)

letter-probability matrix: alength= 4 w= 10 nsites= 1 E= 0
  0.220232	  0.271696	  0.222446	  0.285626	
  0.291351	  0.229185	  0.263625	  0.215838	
  0.194386	  0.333568	  0.204352	  0.267694	
  0.106702	  0.252155	  0.096548	  0.544595	
  0.708900	  0.012106	  0.207206	  0.071788	
  0.671736	  0.131613	  0.027657	  0.168994	
  0.144596	  0.205191	  0.069682	  0.580531	
  0.155780	  0.110880	  0.270007	  0.463333	
  0.512218	  0.101367	  0.192241	  0.194173	
  0.253879	  0.199708	  0.363893	  0.182520	

URL http://cisbp.ccbr.utoronto.ca/TFreport.php?versionNumber=2.00&searchTF=T219584_2.00

MOTIF M02095_2.00 (HMEL004518)_(Homo_sapiens)_(DBD_0.98)

letter-probability matrix: alength= 4 w= 8 nsites= 1 E= 0
  0.179193	  0.301407	  0.162140	  0.357260	
  0.074235	  0.030485	  0.008822	  0.886458	
  0.851715	  0.047811	  0.054996	  0.045479	
  0.990749	  0.001748	  0.005096	  0.002407	
  0.014720	  0.015321	  0.026822	  0.943137	
  0.097912	  0.049604	  0.084273	  0.768211	
  0.416004	  0.048458	  0.424408	  0.111129	
  0.301403	  0.186503	  0.379346	  0.132748	

URL http://cisbp.ccbr.utoronto.ca/TFreport.php?versionNumber=2.00&searchTF=T219567_2.00

MOTIF M02116_2.00 (HMEL009385)_(Drosophila_melanogaster)_(DBD_0.93)

letter-probability matrix: alength= 4 w= 10 nsites= 1 E= 0
  0.253051	  0.238314	  0.279665	  0.228970	
  0.242653	  0.302365	  0.260248	  0.194734	
  0.195915	  0.264458	  0.272512	  0.267116	
  0.289959	  0.184886	  0.184886	  0.340270	
  0.356070	  0.158401	  0.280095	  0.205435	
  0.793922	  0.007822	  0.142164	  0.056092	
  0.130027	  0.075773	  0.143702	  0.650499	
  0.108948	  0.192650	  0.185096	  0.513306	
  0.487798	  0.044252	  0.372375	  0.095574	
  0.230097	  0.239487	  0.313720	  0.216697	

URL http://cisbp.ccbr.utoronto.ca/TFreport.php?versionNumber=2.00&searchTF=T219592_2.00

MOTIF M02121_2.00 (HMEL011021)_(Drosophila_melanogaster)_(DBD_0.96)

letter-probability matrix: alength= 4 w= 10 nsites= 1 E= 0
  0.292329	  0.229079	  0.288644	  0.189949	
  0.136427	  0.336877	  0.156525	  0.370171	
  0.034513	  0.118059	  0.009674	  0.837754	
  0.801571	  0.072692	  0.093201	  0.032536	
  0.970781	  0.007894	  0.008025	  0.013300	
  0.013300	  0.008025	  0.007894	  0.970781	
  0.032536	  0.093201	  0.072692	  0.801571	
  0.837754	  0.009674	  0.118059	  0.034513	
  0.370171	  0.156525	  0.336877	  0.136427	
  0.189949	  0.288644	  0.229079	  0.292329	

URL http://cisbp.ccbr.utoronto.ca/TFreport.php?versionNumber=2.00&searchTF=T219596_2.00

MOTIF M02147_2.00 (HMEL012214)_(Nematostella_vectensis)_(DBD_0.54)

letter-probability matrix: alength= 4 w= 10 nsites= 1 E= 0
  0.278816	  0.247673	  0.255282	  0.218229	
  0.193819	  0.291332	  0.190112	  0.324737	
  0.267659	  0.193115	  0.126695	  0.412532	
  0.419900	  0.162984	  0.208787	  0.208330	
  0.569557	  0.167110	  0.130840	  0.132493	
  0.132493	  0.130840	  0.167110	  0.569557	
  0.208330	  0.208787	  0.162984	  0.419900	
  0.412532	  0.126695	  0.193115	  0.267659	
  0.324737	  0.190112	  0.291332	  0.193819	
  0.218229	  0.255282	  0.247673	  0.278816	

URL http://cisbp.ccbr.utoronto.ca/TFreport.php?versionNumber=2.00&searchTF=T219600_2.00

MOTIF M02164_2.00 (HMEL025049)_(Nematostella_vectensis)_(DBD_0.53)

letter-probability matrix: alength= 4 w= 10 nsites= 1 E= 0
  0.263598	  0.191411	  0.294249	  0.250742	
  0.163653	  0.192048	  0.127453	  0.516847	
  0.371523	  0.075763	  0.313440	  0.239274	
  0.860903	  0.055036	  0.077322	  0.006739	
  0.013155	  0.256420	  0.093393	  0.637031	
  0.149236	  0.280206	  0.338839	  0.231719	
  0.215807	  0.096969	  0.489991	  0.197233	
  0.227062	  0.213839	  0.385764	  0.173335	
  0.170561	  0.295625	  0.246927	  0.286888	
  0.201758	  0.261666	  0.241548	  0.295028	

URL http://cisbp.ccbr.utoronto.ca/TFreport.php?versionNumber=2.00&searchTF=T219628_2.00

MOTIF M02389_2.00 (HMEL013488)_(Anopheles_gambiae)_(DBD_1.00)

letter-probability matrix: alength= 4 w= 9 nsites= 1 E= 0
  0.204503	  0.287316	  0.270584	  0.237598	
  0.485878	  0.132417	  0.294700	  0.087004	
  0.078903	  0.000537	  0.726489	  0.194071	
  0.317652	  0.029694	  0.441844	  0.210810	
  0.087591	  0.124298	  0.273877	  0.514234	
  0.025269	  0.803982	  0.001803	  0.168946	
  0.686473	  0.000962	  0.255077	  0.057487	
  0.245340	  0.287910	  0.233375	  0.233375	
  0.250274	  0.250274	  0.231032	  0.268421	

URL http://cisbp.ccbr.utoronto.ca/TFreport.php?versionNumber=2.00&searchTF=T305615_2.00

MOTIF M02396_2.00 (HMEL013397)_(Homo_sapiens)_(DBD_0.61)

letter-probability matrix: alength= 4 w= 8 nsites= 1 E= 0
  0.278105	  0.261909	  0.232293	  0.227693	
  0.278963	  0.204605	  0.361796	  0.154637	
  0.382629	  0.084527	  0.481577	  0.051268	
  0.046551	  0.038112	  0.780974	  0.134363	
  0.042478	  0.000262	  0.861773	  0.095487	
  0.000827	  0.066011	  0.136979	  0.796183	
  0.020304	  0.706840	  0.122830	  0.150025	
  0.591100	  0.059263	  0.260339	  0.089298	

URL http://cisbp.ccbr.utoronto.ca/TFreport.php?versionNumber=2.00&searchTF=T305614_2.00

MOTIF M02407_2.00 (HMEL008775)_(Drosophila_melanogaster)_(DBD_0.96)

letter-probability matrix: alength= 4 w= 8 nsites= 1 E= 0
  0.682505	  0.000244	  0.317008	  0.000244	
  0.692036	  0.000154	  0.307657	  0.000154	
  0.000143	  0.000143	  0.999572	  0.000143	
  0.000143	  0.000143	  0.999572	  0.000143	
  0.000143	  0.014420	  0.000143	  0.985294	
  0.000143	  0.999572	  0.000143	  0.000143	
  0.861162	  0.000154	  0.138530	  0.000154	
  0.229184	  0.291632	  0.104288	  0.374896	

URL http://cisbp.ccbr.utoronto.ca/TFreport.php?versionNumber=2.00&searchTF=T305606_2.00

MOTIF M02408_2.00 (HMEL012854)_(Drosophila_melanogaster)_(DBD_0.76)

letter-probability matrix: alength= 4 w= 12 nsites= 1 E= 0
  0.200832	  0.200832	  0.200832	  0.397504	
  0.198971	  0.109814	  0.581401	  0.109814	
  0.760318	  0.194141	  0.022771	  0.022771	
  0.106323	  0.329688	  0.541218	  0.022771	
  0.000202	  0.000202	  0.999393	  0.000202	
  0.000202	  0.000202	  0.000202	  0.999393	
  0.000202	  0.999393	  0.000202	  0.000202	
  0.999393	  0.000202	  0.000202	  0.000202	
  0.756390	  0.049370	  0.144869	  0.049370	
  0.226166	  0.140388	  0.230661	  0.402784	
  0.227432	  0.227432	  0.227432	  0.317705	
  0.227432	  0.227432	  0.227432	  0.317705	

URL http://cisbp.ccbr.utoronto.ca/TFreport.php?versionNumber=2.00&searchTF=T305613_2.00

MOTIF M02487_2.00 (HMEL017569)_(Mus_musculus)_(DBD_0.54)

letter-probability matrix: alength= 4 w= 11 nsites= 1 E= 0
  0.198724	  0.198724	  0.198724	  0.403828	
  0.316423	  0.127420	  0.127420	  0.428737	
  0.932065	  0.022645	  0.022645	  0.022645	
  0.000193	  0.000193	  0.000193	  0.999420	
  0.189343	  0.000193	  0.000193	  0.810271	
  0.999420	  0.000193	  0.000193	  0.000193	
  0.000193	  0.000193	  0.000193	  0.999420	
  0.578424	  0.000193	  0.093202	  0.328180	
  0.149498	  0.177554	  0.051469	  0.621478	
  0.407566	  0.122773	  0.122773	  0.346887	
  0.227548	  0.227548	  0.227548	  0.317355	

URL http://cisbp.ccbr.utoronto.ca/TFreport.php?versionNumber=2.00&searchTF=T330624_2.00

MOTIF M02490_2.00 (HMEL005034)_(Neurospora_crassa)_(DBD_0.36)

letter-probability matrix: alength= 4 w= 10 nsites= 1 E= 0
  0.329130	  0.229626	  0.220622	  0.220622	
  0.346994	  0.223477	  0.251969	  0.177560	
  0.448098	  0.134965	  0.110500	  0.306437	
  0.335755	  0.153912	  0.139266	  0.371067	
  0.248453	  0.220358	  0.178619	  0.352571	
  0.233539	  0.293933	  0.209213	  0.263315	
  0.195880	  0.356917	  0.275201	  0.172001	
  0.140053	  0.396240	  0.262965	  0.200742	
  0.596865	  0.017317	  0.262878	  0.122939	
  0.143083	  0.219956	  0.147441	  0.489520	

URL http://cisbp.ccbr.utoronto.ca/TFreport.php?versionNumber=2.00&searchTF=T330604_2.00

MOTIF M02680_2.00 (HMEL012080)_(Homo_sapiens)_(DBD_0.87)

letter-probability matrix: alength= 4 w= 14 nsites= 1 E= 0
  0.037037	  0.370370	  0.259259	  0.333333	
  0.370370	  0.259259	  0.185185	  0.185185	
  0.629630	  0.148148	  0.074074	  0.148148	
  0.464286	  0.178571	  0.178571	  0.178571	
  0.136364	  0.500000	  0.363636	  0.000000	
  0.259259	  0.000000	  0.740741	  0.000000	
  0.000000	  0.000000	  0.000000	  1.000000	
  1.000000	  0.000000	  0.000000	  0.000000	
  1.000000	  0.000000	  0.000000	  0.000000	
  1.000000	  0.000000	  0.000000	  0.000000	
  0.000000	  0.925926	  0.000000	  0.074074	
  1.000000	  0.000000	  0.000000	  0.000000	
  0.592593	  0.148148	  0.074074	  0.185185	
  0.259259	  0.148148	  0.222222	  0.370370	

URL http://cisbp.ccbr.utoronto.ca/TFreport.php?versionNumber=2.00&searchTF=T187789_2.00

MOTIF M02698_2.00 (HMEL014671)_(Arabidopsis_thaliana)_(DBD_0.89)

letter-probability matrix: alength= 4 w= 11 nsites= 1 E= 0
  0.140000	  0.450000	  0.230000	  0.180000	
  0.160000	  0.270000	  0.550000	  0.020000	
  0.000000	  0.919192	  0.040404	  0.040404	
  0.000000	  0.050000	  0.930000	  0.020000	
  0.040404	  0.939394	  0.000000	  0.020202	
  0.040404	  0.020202	  0.020202	  0.919192	
  0.080808	  0.000000	  0.858586	  0.060606	
  0.960000	  0.000000	  0.020000	  0.020000	
  0.040000	  0.040000	  0.920000	  0.000000	
  0.020000	  0.550000	  0.260000	  0.170000	
  0.151515	  0.323232	  0.242424	  0.282828	

URL http://cisbp.ccbr.utoronto.ca/TFreport.php?versionNumber=2.00&searchTF=T273330_2.00

MOTIF M02796_2.00 (HMEL010237)_(Homo_sapiens)_(DBD_0.91)

letter-probability matrix: alength= 4 w= 10 nsites= 1 E= 0
  0.122951	  0.774590	  0.057377	  0.045082	
  0.125461	  0.132841	  0.697417	  0.044280	
  0.020725	  0.979275	  0.000000	  0.000000	
  0.979275	  0.005181	  0.015544	  0.000000	
  0.000000	  0.154472	  0.768293	  0.077236	
  0.025510	  0.964286	  0.005102	  0.005102	
  0.020725	  0.000000	  0.000000	  0.979275	
  0.010471	  0.000000	  0.989529	  0.000000	
  0.000000	  1.000000	  0.000000	  0.000000	
  0.082902	  0.253886	  0.489637	  0.173575	

URL http://cisbp.ccbr.utoronto.ca/TFreport.php?versionNumber=2.00&searchTF=T040438_2.00

MOTIF M02960_2.00 (HMEL015196)_(Homo_sapiens)_(DBD_0.51)

letter-probability matrix: alength= 4 w= 14 nsites= 1 E= 0
  0.323009	  0.002212	  0.002212	  0.672566	
  0.047566	  0.000000	  0.002212	  0.950221	
  0.006383	  0.003191	  0.001064	  0.989362	
  0.005453	  0.000000	  0.000000	  0.994547	
  0.001005	  0.017085	  0.981910	  0.000000	
  0.000000	  0.000000	  1.000000	  0.000000	
  0.000000	  0.996994	  0.001002	  0.002004	
  0.000000	  0.000000	  1.000000	  0.000000	
  0.000000	  0.010299	  0.989701	  0.000000	
  0.000000	  0.002079	  0.997921	  0.000000	
  0.998956	  0.000000	  0.001044	  0.000000	
  0.996894	  0.000000	  0.003106	  0.000000	
  0.933962	  0.018868	  0.007338	  0.039832	
  0.547958	  0.172840	  0.068376	  0.210826	

URL http://cisbp.ccbr.utoronto.ca/TFreport.php?versionNumber=2.00&searchTF=T173210_2.00

MOTIF M03087_2.00 (HMEL004093)_(Homo_sapiens)_(DBD_0.56)

letter-probability matrix: alength= 4 w= 8 nsites= 1 E= 0
  0.050776	  0.567735	  0.037679	  0.343811	
  0.096070	  0.163832	  0.029930	  0.710167	
  0.886769	  0.040902	  0.036132	  0.036197	
  0.970260	  0.011009	  0.012296	  0.006434	
  0.012245	  0.014168	  0.007333	  0.966254	
  0.055381	  0.046932	  0.060685	  0.837003	
  0.722030	  0.027451	  0.177528	  0.072990	
  0.193501	  0.261956	  0.269545	  0.274998	

URL http://cisbp.ccbr.utoronto.ca/TFreport.php?versionNumber=2.00&searchTF=T219566_2.00

MOTIF M03168_2.00 (HMEL008500)_(Homo_sapiens)_(DBD_0.43)

letter-probability matrix: alength= 4 w= 8 nsites= 1 E= 0
  0.072612	  0.450780	  0.073912	  0.402697	
  0.096614	  0.141577	  0.014371	  0.747439	
  0.795066	  0.130619	  0.028606	  0.045709	
  0.940555	  0.027395	  0.008236	  0.023814	
  0.050778	  0.014703	  0.036416	  0.898102	
  0.063239	  0.039960	  0.242873	  0.653928	
  0.742999	  0.012306	  0.188402	  0.056294	
  0.185954	  0.363723	  0.177579	  0.272745	

URL http://cisbp.ccbr.utoronto.ca/TFreport.php?versionNumber=2.00&searchTF=T219586_2.00

MOTIF M03187_2.00 (HMEL016421)_(Homo_sapiens)_(DBD_0.34)

letter-probability matrix: alength= 4 w= 10 nsites= 1 E= 0
  0.204127	  0.184967	  0.428150	  0.182756	
  0.215917	  0.351756	  0.109801	  0.322525	
  0.043559	  0.000000	  0.007920	  0.948521	
  0.979788	  0.000000	  0.012753	  0.007459	
  0.996086	  0.001712	  0.002202	  0.000000	
  0.000000	  0.000000	  0.003670	  0.996330	
  0.000000	  0.003670	  0.000000	  0.996330	
  0.449727	  0.009033	  0.518184	  0.023057	
  0.305822	  0.189634	  0.412921	  0.091624	
  0.196709	  0.393173	  0.113212	  0.296906	

URL http://cisbp.ccbr.utoronto.ca/TFreport.php?versionNumber=2.00&searchTF=T219619_2.00

MOTIF M03233_2.00 (HMEL013133)_(Homo_sapiens)_(DBD_1.00)

letter-probability matrix: alength= 4 w= 11 nsites= 1 E= 0
  0.128887	  0.307132	  0.235146	  0.328834	
  0.180386	  0.173504	  0.355347	  0.290762	
  0.156964	  0.179104	  0.129448	  0.534484	
  0.133379	  0.100398	  0.033272	  0.732952	
  0.769137	  0.000000	  0.124287	  0.106576	
  0.983214	  0.000000	  0.016786	  0.000000	
  0.054051	  0.028179	  0.332443	  0.585327	
  0.036134	  0.202331	  0.027586	  0.733949	
  0.080054	  0.018102	  0.849562	  0.052282	
  0.164108	  0.335892	  0.282160	  0.217840	
  0.159100	  0.252151	  0.142555	  0.446195	

URL http://cisbp.ccbr.utoronto.ca/TFreport.php?versionNumber=2.00&searchTF=T219603_2.00

MOTIF M03442_2.00 (HMEL004481)_(Homo_sapiens)_(DBD_0.91)

letter-probability matrix: alength= 4 w= 17 nsites= 1 E= 0
  0.188349	  0.113885	  0.311870	  0.385896	
  0.000000	  0.222244	  0.496222	  0.281535	
  0.145961	  0.711395	  0.001825	  0.140819	
  0.853559	  0.006527	  0.124822	  0.015093	
  0.168060	  0.277841	  0.367969	  0.186131	
  0.000000	  0.142481	  0.000479	  0.857040	
  0.008338	  0.718345	  0.273162	  0.000154	
  0.907360	  0.000423	  0.089890	  0.002327	
  0.395295	  0.011117	  0.020941	  0.572647	
  0.000000	  0.187604	  0.812396	  0.000000	
  0.000565	  0.998494	  0.000377	  0.000565	
  0.126604	  0.000000	  0.873007	  0.000389	
  0.000000	  0.000528	  0.056215	  0.943257	
  0.095593	  0.000201	  0.903602	  0.000604	
  0.933333	  0.000000	  0.016985	  0.049682	
  0.014772	  0.984667	  0.000000	  0.000561	
  0.062632	  0.272553	  0.604673	  0.060142	

URL http://cisbp.ccbr.utoronto.ca/TFreport.php?versionNumber=2.00&searchTF=T311937_2.00

MOTIF M03464_2.00 (HMEL009843)_(Homo_sapiens)_(DBD_0.78)

letter-probability matrix: alength= 4 w= 16 nsites= 1 E= 0
  0.346042	  0.180102	  0.101307	  0.372549	
  0.499099	  0.111478	  0.277043	  0.112380	
  0.814229	  0.080237	  0.091700	  0.013834	
  0.010607	  0.967849	  0.013590	  0.007955	
  0.010255	  0.960966	  0.019517	  0.009262	
  0.179980	  0.014593	  0.790323	  0.015105	
  0.013518	  0.947247	  0.019782	  0.019453	
  0.879192	  0.024242	  0.027071	  0.069495	
  0.754116	  0.023417	  0.196121	  0.026345	
  0.844211	  0.058275	  0.077312	  0.020202	
  0.043840	  0.907520	  0.030080	  0.018560	
  0.026658	  0.921001	  0.027308	  0.025033	
  0.288510	  0.048611	  0.638573	  0.024306	
  0.038779	  0.891291	  0.033376	  0.036554	
  0.700671	  0.087248	  0.148322	  0.063758	
  0.435691	  0.133382	  0.278857	  0.152070	

URL http://cisbp.ccbr.utoronto.ca/TFreport.php?versionNumber=2.00&searchTF=T319579_2.00

MOTIF M03594_2.00 (HMEL008426)_(Drosophila_melanogaster)_(DBD_0.85)

letter-probability matrix: alength= 4 w= 12 nsites= 1 E= 0
  0.113122	  0.425339	  0.072398	  0.389140	
  0.000000	  0.106007	  0.780919	  0.113074	
  0.131818	  0.436364	  0.390909	  0.040909	
  0.000000	  0.965066	  0.034934	  0.000000	
  1.000000	  0.000000	  0.000000	  0.000000	
  0.046809	  0.940426	  0.012766	  0.000000	
  0.166038	  0.000000	  0.833962	  0.000000	
  0.000000	  0.783688	  0.021277	  0.195035	
  0.018797	  0.000000	  0.830827	  0.150376	
  0.444934	  0.493392	  0.000000	  0.061674	
  0.197832	  0.598916	  0.130081	  0.073171	
  0.618834	  0.143498	  0.000000	  0.237668	

URL http://cisbp.ccbr.utoronto.ca/TFreport.php?versionNumber=2.00&searchTF=T040432_2.00

MOTIF M03595_2.00 (HMEL008759)_(Drosophila_melanogaster)_(DBD_0.89)

letter-probability matrix: alength= 4 w= 10 nsites= 1 E= 0
  0.728879	  0.068925	  0.186990	  0.015206	
  0.750779	  0.186916	  0.006231	  0.056075	
  0.000000	  0.996154	  0.000000	  0.003846	
  0.941818	  0.025455	  0.025455	  0.007273	
  0.000000	  0.000000	  1.000000	  0.000000	
  0.000000	  0.984791	  0.015209	  0.000000	
  0.022642	  0.000000	  0.000000	  0.977358	
  0.000000	  0.000000	  0.996154	  0.003846	
  0.722008	  0.000000	  0.000000	  0.277992	
  0.003425	  0.068493	  0.041096	  0.886986	

URL http://cisbp.ccbr.utoronto.ca/TFreport.php?versionNumber=2.00&searchTF=T040434_2.00

MOTIF M03613_2.00 (HMEL004962)_(Drosophila_melanogaster)_(DBD_0.79)

letter-probability matrix: alength= 4 w= 12 nsites= 1 E= 0
  0.091892	  0.447568	  0.200000	  0.260541	
  0.538017	  0.044628	  0.226446	  0.190909	
  0.192399	  0.732383	  0.073634	  0.001584	
  0.014721	  0.972660	  0.000000	  0.012618	
  0.996767	  0.001078	  0.002155	  0.000000	
  0.000000	  0.009585	  0.005325	  0.985091	
  0.993555	  0.003222	  0.000000	  0.003222	
  0.011653	  0.008475	  0.000000	  0.979873	
  0.009424	  0.000000	  0.968586	  0.021990	
  0.004866	  0.079481	  0.750203	  0.165450	
  0.186455	  0.244147	  0.039298	  0.530100	
  0.260541	  0.165405	  0.468108	  0.105946	

URL http://cisbp.ccbr.utoronto.ca/TFreport.php?versionNumber=2.00&searchTF=T040420_2.00

MOTIF M03626_2.00 (HMEL008680)_(Drosophila_melanogaster)_(DBD_0.80)

letter-probability matrix: alength= 4 w= 10 nsites= 1 E= 0
  0.552301	  0.056346	  0.388563	  0.002789	
  0.183278	  0.067545	  0.010708	  0.738468	
  0.002176	  0.975252	  0.021485	  0.001088	
  0.904414	  0.002018	  0.085498	  0.008071	
  0.000000	  0.858305	  0.119914	  0.021781	
  0.021338	  0.116998	  0.859746	  0.001918	
  0.006331	  0.085085	  0.000506	  0.908078	
  0.001083	  0.018955	  0.971026	  0.008936	
  0.767551	  0.003639	  0.044949	  0.183861	
  0.000837	  0.422755	  0.050195	  0.526213	

