MEME version 5.5.8 (Fri May 2 15:43:49 2025 -0700)

ALPHABET= ACGT

strands: + -

Background letter frequencies (from uniform background):
A 0.25000 C 0.25000 G 0.25000 T 0.25000 

MOTIF M01181_2.00 (HpaG802957)_(Phytophthora_ramorum)_(DBD_0.88)

letter-probability matrix: alength= 4 w= 10 nsites= 1 E= 0
  0.248195	  0.105027	  0.546873	  0.099905	
  0.195378	  0.716899	  0.008289	  0.079435	
  0.087467	  0.337398	  0.498330	  0.076804	
  0.000207	  0.998918	  0.000008	  0.000866	
  0.994272	  0.000124	  0.001540	  0.004063	
  0.004168	  0.002265	  0.003734	  0.989832	
  0.004749	  0.980440	  0.003699	  0.011112	
  0.228444	  0.399931	  0.121667	  0.249958	
  0.115062	  0.452807	  0.116218	  0.315913	
  0.223830	  0.305176	  0.165818	  0.305176	

URL http://cisbp.ccbr.utoronto.ca/TFreport.php?versionNumber=2.00&searchTF=T119802_2.00

MOTIF M01182_2.00 (HpaG801423)_(Phytophthora_ramorum)_(DBD_0.86)

letter-probability matrix: alength= 4 w= 8 nsites= 1 E= 0
  0.189431	  0.279786	  0.297087	  0.233697	
  0.433031	  0.122831	  0.347516	  0.096622	
  0.329019	  0.136471	  0.002790	  0.531719	
  0.002266	  0.038406	  0.295368	  0.663960	
  0.097496	  0.713239	  0.061548	  0.127717	
  0.243698	  0.422391	  0.102098	  0.231813	
  0.171262	  0.315196	  0.231179	  0.282363	
  0.294313	  0.201269	  0.243385	  0.261032	

URL http://cisbp.ccbr.utoronto.ca/TFreport.php?versionNumber=2.00&searchTF=T119799_2.00

MOTIF M01183_2.00 (HpaG807312)_(Phytophthora_ramorum)_(DBD_0.94)

letter-probability matrix: alength= 4 w= 10 nsites= 1 E= 0
  0.145340	  0.527989	  0.107670	  0.219001	
  0.172670	  0.109003	  0.652871	  0.065456	
  0.179912	  0.556946	  0.038957	  0.224184	
  0.041581	  0.923009	  0.013703	  0.021707	
  0.127040	  0.027785	  0.510049	  0.335126	
  0.049853	  0.232544	  0.059685	  0.657918	
  0.000026	  0.999837	  0.000023	  0.000114	
  0.020944	  0.002696	  0.899510	  0.076850	
  0.039898	  0.053321	  0.834082	  0.072699	
  0.682255	  0.189692	  0.076356	  0.051697	

URL http://cisbp.ccbr.utoronto.ca/TFreport.php?versionNumber=2.00&searchTF=T119808_2.00

MOTIF M02158_2.00 (HpaG810406)_(Phytophthora_ramorum)_(DBD_0.98)

letter-probability matrix: alength= 4 w= 10 nsites= 1 E= 0
  0.275971	  0.165719	  0.200396	  0.357915	
  0.128038	  0.113559	  0.057531	  0.700872	
  0.027895	  0.061464	  0.861314	  0.049326	
  0.879747	  0.026566	  0.052438	  0.041249	
  0.132476	  0.342545	  0.098141	  0.426838	
  0.362000	  0.122934	  0.233141	  0.281926	
  0.249547	  0.252055	  0.228068	  0.270331	
  0.211545	  0.201228	  0.452341	  0.134887	
  0.118644	  0.495776	  0.220550	  0.165030	
  0.336683	  0.175764	  0.227953	  0.259600	

URL http://cisbp.ccbr.utoronto.ca/TFreport.php?versionNumber=2.00&searchTF=T219658_2.00

MOTIF M02331_2.00 (HpaG801016)_(Phytophthora_ramorum)_(DBD_0.89)

letter-probability matrix: alength= 4 w= 9 nsites= 1 E= 0
  0.232598	  0.188540	  0.264889	  0.313974	
  0.179667	  0.412033	  0.064142	  0.344159	
  0.850592	  0.002046	  0.051210	  0.096152	
  0.067551	  0.530002	  0.054211	  0.348236	
  0.116387	  0.704098	  0.091553	  0.087963	
  0.096786	  0.545937	  0.063593	  0.293684	
  0.473798	  0.139879	  0.162517	  0.223806	
  0.261815	  0.244115	  0.195907	  0.298163	
  0.260078	  0.284570	  0.147081	  0.308271	

URL http://cisbp.ccbr.utoronto.ca/TFreport.php?versionNumber=2.00&searchTF=T273373_2.00

MOTIF M02332_2.00 (HpaG806491)_(Phytophthora_ramorum)_(DBD_0.97)

letter-probability matrix: alength= 4 w= 10 nsites= 1 E= 0
  0.387714	  0.173881	  0.264524	  0.173881	
  0.350779	  0.046076	  0.367057	  0.236088	
  0.694687	  0.000161	  0.304990	  0.000161	
  0.000161	  0.000161	  0.694687	  0.304990	
  0.000161	  0.104586	  0.000161	  0.895091	
  0.000161	  0.999516	  0.000161	  0.000161	
  0.999516	  0.000161	  0.000161	  0.000161	
  0.000161	  0.000161	  0.999516	  0.000161	
  0.076281	  0.076281	  0.076281	  0.771158	
  0.204086	  0.204086	  0.293150	  0.298679	

URL http://cisbp.ccbr.utoronto.ca/TFreport.php?versionNumber=2.00&searchTF=T273386_2.00

MOTIF M02333_2.00 (HpaG810857)_(Phytophthora_ramorum)_(DBD_0.72)

letter-probability matrix: alength= 4 w= 10 nsites= 1 E= 0
  0.264512	  0.197925	  0.280869	  0.256695	
  0.125183	  0.219155	  0.196327	  0.459335	
  0.109125	  0.091148	  0.700987	  0.098740	
  0.255287	  0.117025	  0.048057	  0.579630	
  0.998698	  0.000083	  0.000171	  0.001048	
  0.023216	  0.623179	  0.173267	  0.180338	
  0.052385	  0.870108	  0.042040	  0.035468	
  0.058169	  0.540964	  0.027204	  0.373663	
  0.646963	  0.035956	  0.101727	  0.215355	
  0.260903	  0.211484	  0.164704	  0.362908	

URL http://cisbp.ccbr.utoronto.ca/TFreport.php?versionNumber=2.00&searchTF=T273397_2.00

MOTIF M02521_2.00 (HpaG809535)_(Arabidopsis_thaliana)_(DBD_0.55)

letter-probability matrix: alength= 4 w= 10 nsites= 1 E= 0
  0.522758	  0.122074	  0.176790	  0.178378	
  0.504019	  0.070068	  0.132055	  0.293858	
  0.116979	  0.090623	  0.053210	  0.739188	
  0.060392	  0.042474	  0.021930	  0.875204	
  0.020663	  0.422735	  0.044125	  0.512477	
  0.512477	  0.044125	  0.422735	  0.020663	
  0.875204	  0.021930	  0.042474	  0.060392	
  0.739188	  0.053210	  0.090623	  0.116979	
  0.293858	  0.132055	  0.070068	  0.504019	
  0.178378	  0.176790	  0.122074	  0.522758	

URL http://cisbp.ccbr.utoronto.ca/TFreport.php?versionNumber=2.00&searchTF=T345515_2.00

MOTIF M02525_2.00 (HpaG802517)_(Brachypodium_distachyon)_(DBD_0.30)

letter-probability matrix: alength= 4 w= 10 nsites= 1 E= 0
  0.293063	  0.270264	  0.198080	  0.238592	
  0.457419	  0.143313	  0.276857	  0.122411	
  0.061314	  0.124657	  0.058139	  0.755890	
  0.106775	  0.160207	  0.133014	  0.600005	
  0.056248	  0.329219	  0.105540	  0.508994	
  0.508994	  0.105540	  0.329219	  0.056248	
  0.600005	  0.133014	  0.160207	  0.106775	
  0.755890	  0.058139	  0.124657	  0.061314	
  0.122411	  0.276857	  0.143313	  0.457419	
  0.238592	  0.198080	  0.270264	  0.293063	

URL http://cisbp.ccbr.utoronto.ca/TFreport.php?versionNumber=2.00&searchTF=T345514_2.00

MOTIF M02698_2.00 (HpaG807540)_(Arabidopsis_thaliana)_(DBD_0.85)

letter-probability matrix: alength= 4 w= 11 nsites= 1 E= 0
  0.140000	  0.450000	  0.230000	  0.180000	
  0.160000	  0.270000	  0.550000	  0.020000	
  0.000000	  0.919192	  0.040404	  0.040404	
  0.000000	  0.050000	  0.930000	  0.020000	
  0.040404	  0.939394	  0.000000	  0.020202	
  0.040404	  0.020202	  0.020202	  0.919192	
  0.080808	  0.000000	  0.858586	  0.060606	
  0.960000	  0.000000	  0.020000	  0.020000	
  0.040000	  0.040000	  0.920000	  0.000000	
  0.020000	  0.550000	  0.260000	  0.170000	
  0.151515	  0.323232	  0.242424	  0.282828	

URL http://cisbp.ccbr.utoronto.ca/TFreport.php?versionNumber=2.00&searchTF=T273388_2.00

MOTIF M07295_2.00 (HpaG812938)_(Arabidopsis_thaliana)_(DBD_0.36)

letter-probability matrix: alength= 4 w= 15 nsites= 1 E= 0
  0.262982	  0.020101	  0.031826	  0.685091	
  0.241206	  0.033501	  0.013400	  0.711893	
  0.396985	  0.187605	  0.026801	  0.388610	
  0.609715	  0.082077	  0.075377	  0.232831	
  0.775544	  0.108878	  0.030151	  0.085427	
  0.936349	  0.000000	  0.050251	  0.013400	
  0.562814	  0.021776	  0.160804	  0.254606	
  0.820770	  0.000000	  0.026801	  0.152429	
  0.000000	  0.000000	  0.000000	  1.000000	
  0.000000	  0.000000	  0.000000	  1.000000	
  0.000000	  0.324958	  0.000000	  0.675042	
  0.862647	  0.000000	  0.137353	  0.000000	
  0.857621	  0.142379	  0.000000	  0.000000	
  1.000000	  0.000000	  0.000000	  0.000000	
  0.549414	  0.055276	  0.000000	  0.395310	

URL http://cisbp.ccbr.utoronto.ca/TFreport.php?versionNumber=2.00&searchTF=T345516_2.00

MOTIF M07300_2.00 (HpaG813268)_(Arabidopsis_thaliana)_(DBD_0.66)

letter-probability matrix: alength= 4 w= 15 nsites= 1 E= 0
  0.429048	  0.081803	  0.101836	  0.387312	
  0.225376	  0.038397	  0.046745	  0.689482	
  0.100167	  0.068447	  0.001669	  0.829717	
  0.090150	  0.288815	  0.068447	  0.552588	
  0.487479	  0.220367	  0.178631	  0.113523	
  0.933221	  0.010017	  0.043406	  0.013356	
  0.924876	  0.023372	  0.001669	  0.050083	
  0.858097	  0.000000	  0.023372	  0.118531	
  0.016694	  0.001669	  0.011686	  0.969951	
  0.000000	  0.000000	  0.000000	  1.000000	
  0.000000	  0.530885	  0.000000	  0.469115	
  0.726211	  0.001669	  0.272120	  0.000000	
  1.000000	  0.000000	  0.000000	  0.000000	
  1.000000	  0.000000	  0.000000	  0.000000	
  0.297162	  0.155259	  0.016694	  0.530885	

URL http://cisbp.ccbr.utoronto.ca/TFreport.php?versionNumber=2.00&searchTF=T345517_2.00

MOTIF M08108_2.00 (HpaG800423)_(Homo_sapiens)_(DBD_0.75)

letter-probability matrix: alength= 4 w= 11 nsites= 1 E= 0
  0.204783	  0.244644	  0.387145	  0.163428	
  0.131041	  0.340807	  0.468361	  0.059791	
  0.023916	  0.035376	  0.927753	  0.012955	
  0.013951	  0.939711	  0.010962	  0.035376	
  0.006976	  0.026906	  0.962631	  0.003488	
  0.017937	  0.039860	  0.929248	  0.012955	
  0.013453	  0.015944	  0.956153	  0.014449	
  0.924265	  0.011958	  0.048829	  0.014948	
  0.819631	  0.084704	  0.068261	  0.027404	
  0.231689	  0.322372	  0.322870	  0.123069	
  0.189836	  0.300947	  0.322870	  0.186348	

URL http://cisbp.ccbr.utoronto.ca/TFreport.php?versionNumber=2.00&searchTF=T173212_2.00

MOTIF M08149_2.00 (HpaG813528)_(Homo_sapiens)_(DBD_0.73)

letter-probability matrix: alength= 4 w= 15 nsites= 1 E= 0
  0.319149	  0.145315	  0.306021	  0.229516	
  0.331824	  0.068357	  0.259393	  0.340426	
  0.195111	  0.088728	  0.372114	  0.344047	
  0.172929	  0.639203	  0.035310	  0.152558	
  0.000000	  0.445903	  0.000000	  0.554097	
  0.731553	  0.115890	  0.033499	  0.119058	
  0.772295	  0.014486	  0.109099	  0.104120	
  0.953825	  0.000000	  0.039384	  0.006790	
  0.964690	  0.000000	  0.000905	  0.034405	
  0.966501	  0.000000	  0.001811	  0.031689	
  0.025351	  0.028067	  0.000000	  0.946582	
  0.985514	  0.000000	  0.014486	  0.000000	
  0.176098	  0.054323	  0.756451	  0.013128	
  0.441376	  0.378452	  0.066999	  0.113173	
  0.456768	  0.203712	  0.057039	  0.282481	

URL http://cisbp.ccbr.utoronto.ca/TFreport.php?versionNumber=2.00&searchTF=T254464_2.00

MOTIF M08452_2.00 (HpaG800403)_(Saccharomyces_cerevisiae)_(DBD_0.73)

letter-probability matrix: alength= 4 w= 5 nsites= 1 E= 0
  0.000000	  0.000000	  0.000000	  1.000000	
  0.000000	  0.000000	  0.010160	  0.989840	
  0.005578	  0.000000	  0.994422	  0.000000	
  0.000000	  0.000000	  0.998223	  0.001777	
  0.158006	  0.378979	  0.030665	  0.432350	

URL http://cisbp.ccbr.utoronto.ca/TFreport.php?versionNumber=2.00&searchTF=T160078_2.00

