MEME version 5.5.8 (Fri May 2 15:43:49 2025 -0700)

ALPHABET= ACGT

strands: + -

Background letter frequencies (from uniform background):
A 0.25000 C 0.25000 G 0.25000 T 0.25000 

MOTIF M00158_2.00 (HDID_0000892601)_(Mus_musculus)_(DBD_0.41)

letter-probability matrix: alength= 4 w= 10 nsites= 1 E= 0
  0.497929	  0.096588	  0.145541	  0.259942	
  0.239502	  0.275493	  0.259450	  0.225555	
  0.238666	  0.401443	  0.297397	  0.062494	
  0.339402	  0.554011	  0.093427	  0.013160	
  0.009336	  0.001239	  0.986255	  0.003171	
  0.006697	  0.003195	  0.983988	  0.006120	
  0.979497	  0.004380	  0.005458	  0.010666	
  0.868199	  0.019815	  0.004602	  0.107385	
  0.352316	  0.096017	  0.530876	  0.020791	
  0.123743	  0.244253	  0.082947	  0.549058	

URL http://cisbp.ccbr.utoronto.ca/TFreport.php?versionNumber=2.00&searchTF=T178513_2.00

MOTIF M00161_2.00 (HDID_0000845501)_(Mus_musculus)_(DBD_0.65)

letter-probability matrix: alength= 4 w= 12 nsites= 1 E= 0
  0.394926	  0.201691	  0.201691	  0.201691	
  0.357836	  0.147163	  0.347838	  0.147163	
  0.159006	  0.172368	  0.068783	  0.599842	
  0.841382	  0.113021	  0.022798	  0.022798	
  0.999531	  0.000156	  0.000156	  0.000156	
  0.999531	  0.000156	  0.000156	  0.000156	
  0.000156	  0.999531	  0.000156	  0.000156	
  0.999531	  0.000156	  0.000156	  0.000156	
  0.854605	  0.048465	  0.048465	  0.048465	
  0.691020	  0.102993	  0.102993	  0.102993	
  0.181373	  0.360053	  0.181373	  0.277201	
  0.317926	  0.227358	  0.227358	  0.227358	

URL http://cisbp.ccbr.utoronto.ca/TFreport.php?versionNumber=2.00&searchTF=T190607_2.00

MOTIF M00167_2.00 (HDID_0000180601)_(Mus_musculus)_(DBD_0.83)

letter-probability matrix: alength= 4 w= 9 nsites= 1 E= 0
  0.269704	  0.232136	  0.256550	  0.241610	
  0.223924	  0.265418	  0.268085	  0.242574	
  0.334851	  0.238337	  0.111462	  0.315350	
  0.139815	  0.113332	  0.678797	  0.068055	
  0.741047	  0.046902	  0.102316	  0.109735	
  0.190215	  0.082943	  0.088957	  0.637884	
  0.577501	  0.109805	  0.104450	  0.208244	
  0.492768	  0.132959	  0.175922	  0.198351	
  0.218515	  0.266895	  0.342700	  0.171890	

URL http://cisbp.ccbr.utoronto.ca/TFreport.php?versionNumber=2.00&searchTF=T197527_2.00

MOTIF M00376_2.00 (HDID_0001005601)_(Caenorhabditis_elegans)_(DBD_0.79)

letter-probability matrix: alength= 4 w= 10 nsites= 1 E= 0
  0.214617	  0.090818	  0.075102	  0.619463	
  0.069859	  0.360136	  0.209869	  0.360136	
  0.722064	  0.000065	  0.260373	  0.017498	
  0.991898	  0.000023	  0.004261	  0.003818	
  0.000309	  0.000156	  0.977664	  0.021871	
  0.127581	  0.009014	  0.083827	  0.779578	
  0.331797	  0.010325	  0.629247	  0.028632	
  0.038565	  0.396364	  0.362249	  0.202823	
  0.184394	  0.295029	  0.197764	  0.322813	
  0.196154	  0.281154	  0.168832	  0.353860	

URL http://cisbp.ccbr.utoronto.ca/TFreport.php?versionNumber=2.00&searchTF=T234278_2.00

MOTIF M00386_2.00 (HDID_0000922001)_(Mus_musculus)_(DBD_0.71)

letter-probability matrix: alength= 4 w= 9 nsites= 1 E= 0
  0.268445	  0.240482	  0.255353	  0.235720	
  0.200643	  0.235457	  0.276312	  0.287588	
  0.315755	  0.080236	  0.258518	  0.345491	
  0.782420	  0.011733	  0.091139	  0.114708	
  0.101611	  0.743341	  0.043867	  0.111181	
  0.671433	  0.112103	  0.066647	  0.149817	
  0.308060	  0.244764	  0.116780	  0.330396	
  0.231796	  0.229489	  0.363528	  0.175187	
  0.271804	  0.243491	  0.248410	  0.236295	

URL http://cisbp.ccbr.utoronto.ca/TFreport.php?versionNumber=2.00&searchTF=T234274_2.00

MOTIF M00388_2.00 (HDID_0000586201)_(Mus_musculus)_(DBD_0.74)

letter-probability matrix: alength= 4 w= 10 nsites= 1 E= 0
  0.247073	  0.284202	  0.206373	  0.262352	
  0.149870	  0.075171	  0.040036	  0.734924	
  0.706549	  0.090958	  0.126519	  0.075974	
  0.851645	  0.008910	  0.044131	  0.095313	
  0.070692	  0.091682	  0.096383	  0.741243	
  0.120799	  0.217919	  0.226813	  0.434469	
  0.367812	  0.088905	  0.402450	  0.140833	
  0.215590	  0.296895	  0.274069	  0.213445	
  0.220651	  0.269503	  0.211999	  0.297847	
  0.238452	  0.238452	  0.243269	  0.279826	

URL http://cisbp.ccbr.utoronto.ca/TFreport.php?versionNumber=2.00&searchTF=T234258_2.00

MOTIF M00415_2.00 (HDID_0000962701)_(Mus_musculus)_(DBD_0.86)

letter-probability matrix: alength= 4 w= 9 nsites= 1 E= 0
  0.214819	  0.275834	  0.165637	  0.343710	
  0.156468	  0.031590	  0.029162	  0.782780	
  0.812989	  0.018187	  0.092825	  0.075999	
  0.970114	  0.005298	  0.018493	  0.006095	
  0.033505	  0.020526	  0.194747	  0.751222	
  0.084599	  0.778927	  0.049300	  0.087175	
  0.054735	  0.673516	  0.068890	  0.202859	
  0.203348	  0.355996	  0.215922	  0.224734	
  0.226520	  0.293780	  0.211205	  0.268495	

URL http://cisbp.ccbr.utoronto.ca/TFreport.php?versionNumber=2.00&searchTF=T234276_2.00

MOTIF M00416_2.00 (HDID_0000776001)_(Mus_musculus)_(DBD_0.70)

letter-probability matrix: alength= 4 w= 8 nsites= 1 E= 0
  0.262564	  0.254804	  0.249759	  0.232873	
  0.275648	  0.244478	  0.251924	  0.227950	
  0.207360	  0.229168	  0.266256	  0.297216	
  0.311690	  0.111276	  0.242744	  0.334290	
  0.708550	  0.043957	  0.124365	  0.123128	
  0.169491	  0.597527	  0.115908	  0.117073	
  0.675885	  0.093319	  0.088768	  0.142028	
  0.337236	  0.221580	  0.120396	  0.320789	

URL http://cisbp.ccbr.utoronto.ca/TFreport.php?versionNumber=2.00&searchTF=T234265_2.00

MOTIF M00430_2.00 (HDID_0000746201)_(Mus_musculus)_(DBD_0.84)

letter-probability matrix: alength= 4 w= 7 nsites= 1 E= 0
  0.143815	  0.343274	  0.223303	  0.289608	
  0.074562	  0.321060	  0.036658	  0.567720	
  0.673560	  0.162809	  0.098749	  0.064882	
  0.883750	  0.060593	  0.022069	  0.033588	
  0.044040	  0.070464	  0.000928	  0.884568	
  0.163964	  0.310956	  0.088204	  0.436876	
  0.481574	  0.126098	  0.155564	  0.236763	

URL http://cisbp.ccbr.utoronto.ca/TFreport.php?versionNumber=2.00&searchTF=T234264_2.00

MOTIF M00432_2.00 (HDID_0000463201)_(Mus_musculus)_(DBD_0.58)

letter-probability matrix: alength= 4 w= 8 nsites= 1 E= 0
  0.233021	  0.233021	  0.237729	  0.296228	
  0.299569	  0.128040	  0.147281	  0.425109	
  0.394212	  0.088845	  0.184360	  0.332583	
  0.791037	  0.010521	  0.120704	  0.077738	
  0.125342	  0.030909	  0.107883	  0.735866	
  0.111249	  0.116952	  0.215243	  0.556556	
  0.502249	  0.069345	  0.330001	  0.098405	
  0.304872	  0.239820	  0.275859	  0.179449	

URL http://cisbp.ccbr.utoronto.ca/TFreport.php?versionNumber=2.00&searchTF=T234252_2.00

MOTIF M00433_2.00 (HDID_0000968501)_(Mus_musculus)_(DBD_0.81)

letter-probability matrix: alength= 4 w= 9 nsites= 1 E= 0
  0.239869	  0.317378	  0.190584	  0.252168	
  0.133763	  0.050707	  0.022333	  0.793196	
  0.850989	  0.020830	  0.051749	  0.076432	
  0.959274	  0.011777	  0.004509	  0.024439	
  0.324957	  0.077765	  0.136141	  0.461136	
  0.139125	  0.306548	  0.136371	  0.417956	
  0.193728	  0.061958	  0.611831	  0.132483	
  0.201560	  0.269370	  0.319285	  0.209785	
  0.174474	  0.290550	  0.187125	  0.347851	

URL http://cisbp.ccbr.utoronto.ca/TFreport.php?versionNumber=2.00&searchTF=T234277_2.00

MOTIF M00435_2.00 (HDID_0000611501)_(Mus_musculus)_(DBD_0.55)

letter-probability matrix: alength= 4 w= 9 nsites= 1 E= 0
  0.336764	  0.194296	  0.190449	  0.278490	
  0.293592	  0.187202	  0.219684	  0.299522	
  0.143147	  0.291160	  0.156628	  0.409065	
  0.060921	  0.242154	  0.011817	  0.685107	
  0.768466	  0.128303	  0.074024	  0.029207	
  0.954390	  0.018561	  0.016964	  0.010085	
  0.035549	  0.016296	  0.012819	  0.935337	
  0.150061	  0.196574	  0.074518	  0.578848	
  0.582945	  0.073559	  0.135381	  0.208115	

URL http://cisbp.ccbr.utoronto.ca/TFreport.php?versionNumber=2.00&searchTF=T234260_2.00

MOTIF M00442_2.00 (HDID_0000901601)_(Mus_musculus)_(DBD_0.90)

letter-probability matrix: alength= 4 w= 10 nsites= 1 E= 0
  0.232947	  0.273366	  0.293187	  0.200499	
  0.212847	  0.340554	  0.181376	  0.265223	
  0.136717	  0.049300	  0.011335	  0.802648	
  0.797526	  0.087489	  0.088368	  0.026616	
  0.889584	  0.000658	  0.045639	  0.064120	
  0.150641	  0.058844	  0.122107	  0.668408	
  0.186789	  0.142591	  0.242253	  0.428367	
  0.315574	  0.091322	  0.456867	  0.136237	
  0.212950	  0.281760	  0.314523	  0.190768	
  0.193573	  0.288776	  0.231748	  0.285903	

URL http://cisbp.ccbr.utoronto.ca/TFreport.php?versionNumber=2.00&searchTF=T234272_2.00

MOTIF M00458_2.00 (HDID_0000184601)_(Mus_musculus)_(DBD_0.98)

letter-probability matrix: alength= 4 w= 7 nsites= 1 E= 0
  0.207112	  0.268610	  0.252968	  0.271310	
  0.229210	  0.070431	  0.130927	  0.569432	
  0.521448	  0.073450	  0.236656	  0.168445	
  0.627941	  0.108034	  0.128053	  0.135972	
  0.172464	  0.088251	  0.270478	  0.468806	
  0.209059	  0.140136	  0.302661	  0.348144	
  0.255000	  0.139947	  0.428917	  0.176137	

URL http://cisbp.ccbr.utoronto.ca/TFreport.php?versionNumber=2.00&searchTF=T234241_2.00

MOTIF M00460_2.00 (HDID_0000273701)_(Mus_musculus)_(DBD_0.86)

letter-probability matrix: alength= 4 w= 9 nsites= 1 E= 0
  0.245921	  0.297380	  0.182183	  0.274516	
  0.148145	  0.057294	  0.053420	  0.741141	
  0.826195	  0.029278	  0.049246	  0.095281	
  0.911651	  0.016367	  0.020806	  0.051175	
  0.341059	  0.073851	  0.129290	  0.455800	
  0.145727	  0.296408	  0.137241	  0.420623	
  0.217704	  0.062373	  0.591781	  0.128142	
  0.218605	  0.261718	  0.292150	  0.227527	
  0.175236	  0.274825	  0.175236	  0.374703	

URL http://cisbp.ccbr.utoronto.ca/TFreport.php?versionNumber=2.00&searchTF=T234243_2.00

MOTIF M00466_2.00 (HDID_0000047201)_(Mus_musculus)_(DBD_0.93)

letter-probability matrix: alength= 4 w= 9 nsites= 1 E= 0
  0.319806	  0.179059	  0.239299	  0.261835	
  0.326964	  0.089108	  0.142572	  0.441355	
  0.104999	  0.140324	  0.052665	  0.702012	
  0.632389	  0.042927	  0.165588	  0.159096	
  0.902412	  0.000373	  0.035342	  0.061872	
  0.062494	  0.001133	  0.033956	  0.902416	
  0.174093	  0.139713	  0.298744	  0.387450	
  0.522018	  0.055573	  0.301178	  0.121231	
  0.164852	  0.331971	  0.291502	  0.211674	

URL http://cisbp.ccbr.utoronto.ca/TFreport.php?versionNumber=2.00&searchTF=T234234_2.00

MOTIF M00476_2.00 (HDID_0000589101)_(Mus_musculus)_(DBD_0.93)

letter-probability matrix: alength= 4 w= 9 nsites= 1 E= 0
  0.219817	  0.202917	  0.222026	  0.355240	
  0.214850	  0.129017	  0.132946	  0.523188	
  0.513373	  0.061621	  0.131763	  0.293243	
  0.787783	  0.015788	  0.077418	  0.119012	
  0.061583	  0.194490	  0.104625	  0.639303	
  0.168088	  0.140399	  0.363030	  0.328483	
  0.320844	  0.119218	  0.380298	  0.179640	
  0.183628	  0.344782	  0.238153	  0.233437	
  0.224687	  0.297291	  0.224687	  0.253334	

URL http://cisbp.ccbr.utoronto.ca/TFreport.php?versionNumber=2.00&searchTF=T234259_2.00

MOTIF M00483_2.00 (HDID_0000074101)_(Mus_musculus)_(DBD_0.93)

letter-probability matrix: alength= 4 w= 7 nsites= 1 E= 0
  0.247356	  0.242458	  0.265291	  0.244895	
  0.187686	  0.245862	  0.203318	  0.363134	
  0.206531	  0.145540	  0.437226	  0.210703	
  0.818609	  0.111900	  0.033704	  0.035788	
  0.126658	  0.170970	  0.099632	  0.602740	
  0.539508	  0.337193	  0.043409	  0.079890	
  0.146793	  0.419484	  0.179294	  0.254430	

URL http://cisbp.ccbr.utoronto.ca/TFreport.php?versionNumber=2.00&searchTF=T234235_2.00

MOTIF M00484_2.00 (HDID_0000786301)_(Mus_musculus)_(DBD_0.68)

letter-probability matrix: alength= 4 w= 8 nsites= 1 E= 0
  0.260569	  0.255410	  0.285108	  0.198913	
  0.177845	  0.320830	  0.230652	  0.270673	
  0.114497	  0.403649	  0.048938	  0.432917	
  0.580843	  0.152091	  0.107177	  0.159889	
  0.790662	  0.111371	  0.053137	  0.044830	
  0.121087	  0.104221	  0.012262	  0.762430	
  0.136206	  0.248183	  0.120804	  0.494807	
  0.509367	  0.130735	  0.162905	  0.196993	

URL http://cisbp.ccbr.utoronto.ca/TFreport.php?versionNumber=2.00&searchTF=T234267_2.00

MOTIF M00487_2.00 (HDID_0000351601)_(Mus_musculus)_(DBD_0.88)

letter-probability matrix: alength= 4 w= 8 nsites= 1 E= 0
  0.245580	  0.266033	  0.173057	  0.315330	
  0.119000	  0.042484	  0.026819	  0.811696	
  0.775973	  0.070395	  0.099895	  0.053738	
  0.952272	  0.000511	  0.019863	  0.027354	
  0.039124	  0.063862	  0.062598	  0.834416	
  0.140547	  0.106223	  0.141959	  0.611271	
  0.355145	  0.111333	  0.377106	  0.156417	
  0.288606	  0.209571	  0.335312	  0.166511	

URL http://cisbp.ccbr.utoronto.ca/TFreport.php?versionNumber=2.00&searchTF=T234247_2.00

MOTIF M00491_2.00 (HDID_0000286401)_(Mus_musculus)_(DBD_0.68)

letter-probability matrix: alength= 4 w= 9 nsites= 1 E= 0
  0.308862	  0.217651	  0.204976	  0.268511	
  0.162560	  0.093789	  0.036637	  0.707014	
  0.804281	  0.032784	  0.144020	  0.018915	
  0.924954	  0.003353	  0.032451	  0.039242	
  0.084100	  0.081615	  0.097711	  0.736574	
  0.173718	  0.152541	  0.191988	  0.481753	
  0.336856	  0.096511	  0.419748	  0.146886	
  0.197434	  0.312750	  0.280172	  0.209643	
  0.224674	  0.282775	  0.231517	  0.261034	

URL http://cisbp.ccbr.utoronto.ca/TFreport.php?versionNumber=2.00&searchTF=T234244_2.00

MOTIF M00495_2.00 (HDID_0000029301)_(Mus_musculus)_(DBD_0.86)

letter-probability matrix: alength= 4 w= 9 nsites= 1 E= 0
  0.184447	  0.364076	  0.184447	  0.267030	
  0.116544	  0.046445	  0.001308	  0.835703	
  0.822965	  0.097799	  0.078485	  0.000750	
  0.891592	  0.011056	  0.021179	  0.076173	
  0.116988	  0.045699	  0.100693	  0.736620	
  0.189372	  0.123188	  0.282510	  0.404930	
  0.430266	  0.105047	  0.303203	  0.161484	
  0.227412	  0.274998	  0.297901	  0.199689	
  0.184723	  0.307617	  0.234829	  0.272832	

URL http://cisbp.ccbr.utoronto.ca/TFreport.php?versionNumber=2.00&searchTF=T234233_2.00

MOTIF M00710_2.00 (HDID_0001073701)_(Caenorhabditis_elegans)_(DBD_0.81)

letter-probability matrix: alength= 4 w= 10 nsites= 1 E= 0
  0.450923	  0.148771	  0.148771	  0.251536	
  0.298333	  0.204180	  0.289058	  0.208429	
  0.896801	  0.000144	  0.000144	  0.102910	
  0.910076	  0.089635	  0.000144	  0.000144	
  0.089635	  0.807310	  0.000144	  0.102910	
  0.999567	  0.000144	  0.000144	  0.000144	
  0.999567	  0.000144	  0.000144	  0.000144	
  0.000144	  0.000144	  0.000144	  0.999567	
  0.609680	  0.101374	  0.101374	  0.187572	
  0.240264	  0.237286	  0.371677	  0.150773	

URL http://cisbp.ccbr.utoronto.ca/TFreport.php?versionNumber=2.00&searchTF=T336424_2.00

MOTIF M00796_2.00 (HDID_0000500401)_(Mus_musculus)_(DBD_0.71)

letter-probability matrix: alength= 4 w= 10 nsites= 1 E= 0
  0.359371	  0.149061	  0.090410	  0.401158	
  0.421728	  0.136232	  0.263581	  0.178459	
  0.287711	  0.194796	  0.208921	  0.308572	
  0.387293	  0.104499	  0.432326	  0.075882	
  0.213252	  0.166081	  0.058118	  0.562548	
  0.555669	  0.284341	  0.048919	  0.111071	
  0.768444	  0.096967	  0.051130	  0.083460	
  0.771861	  0.058487	  0.089910	  0.079743	
  0.062825	  0.561351	  0.051953	  0.323871	
  0.748482	  0.072099	  0.068583	  0.110835	

URL http://cisbp.ccbr.utoronto.ca/TFreport.php?versionNumber=2.00&searchTF=T190605_2.00

MOTIF M00818_2.00 (HDID_0000037701)_(Mus_musculus)_(DBD_0.87)

letter-probability matrix: alength= 4 w= 8 nsites= 1 E= 0
  0.722222	  0.013889	  0.138889	  0.125000	
  0.814433	  0.010309	  0.051546	  0.123711	
  0.972727	  0.009091	  0.009091	  0.009091	
  0.009009	  0.009009	  0.747748	  0.234234	
  0.026786	  0.008929	  0.946429	  0.017857	
  0.008929	  0.098214	  0.089286	  0.803571	
  0.009615	  0.836538	  0.019231	  0.134615	
  0.790123	  0.024691	  0.160494	  0.024691	

URL http://cisbp.ccbr.utoronto.ca/TFreport.php?versionNumber=2.00&searchTF=T308818_2.00

MOTIF M00823_2.00 (HDID_0000095701)_(Mus_musculus)_(DBD_0.57)

letter-probability matrix: alength= 4 w= 10 nsites= 1 E= 0
  0.059337	  0.000621	  0.928182	  0.011861	
  0.018760	  0.033505	  0.039319	  0.908416	
  0.149151	  0.185853	  0.022759	  0.642237	
  0.267523	  0.020475	  0.560711	  0.151291	
  0.048693	  0.717326	  0.051704	  0.182278	
  0.060788	  0.307168	  0.088890	  0.543155	
  0.623033	  0.036401	  0.279947	  0.060619	
  0.227931	  0.165512	  0.292669	  0.313889	
  0.107270	  0.169924	  0.611157	  0.111648	
  0.120378	  0.281643	  0.340577	  0.257402	

URL http://cisbp.ccbr.utoronto.ca/TFreport.php?versionNumber=2.00&searchTF=T319199_2.00

MOTIF M00829_2.00 (HDID_0000038501)_(Mus_musculus)_(DBD_0.77)

letter-probability matrix: alength= 4 w= 8 nsites= 1 E= 0
  0.260870	  0.173913	  0.130435	  0.434783	
  0.806452	  0.032258	  0.032258	  0.129032	
  0.914286	  0.028571	  0.028571	  0.028571	
  0.028571	  0.885714	  0.028571	  0.057143	
  0.914286	  0.028571	  0.028571	  0.028571	
  0.914286	  0.028571	  0.028571	  0.028571	
  0.028571	  0.028571	  0.028571	  0.914286	
  0.320000	  0.120000	  0.360000	  0.200000	

URL http://cisbp.ccbr.utoronto.ca/TFreport.php?versionNumber=2.00&searchTF=T336410_2.00

MOTIF M00835_2.00 (HDID_0000627201)_(Mus_musculus)_(DBD_0.75)

letter-probability matrix: alength= 4 w= 10 nsites= 1 E= 0
  0.353916	  0.145338	  0.298586	  0.202160	
  0.672425	  0.040081	  0.179628	  0.107866	
  0.197985	  0.109748	  0.606795	  0.085472	
  0.020276	  0.028773	  0.924656	  0.026296	
  0.003890	  0.062703	  0.000398	  0.933009	
  0.011365	  0.014304	  0.973157	  0.001174	
  0.090981	  0.133040	  0.018005	  0.757974	
  0.038779	  0.216564	  0.449388	  0.295269	
  0.873100	  0.020533	  0.080002	  0.026365	
  0.522605	  0.163829	  0.139606	  0.173960	

URL http://cisbp.ccbr.utoronto.ca/TFreport.php?versionNumber=2.00&searchTF=T341741_2.00

MOTIF M01485_2.00 (HDID_0000554001)_(Mus_musculus)_(DBD_0.79)

letter-probability matrix: alength= 4 w= 9 nsites= 1 E= 0
  0.459522	  0.123988	  0.257286	  0.159204	
  0.115659	  0.639476	  0.181390	  0.063475	
  0.147216	  0.822129	  0.025839	  0.004816	
  0.000821	  0.001213	  0.995522	  0.002443	
  0.001119	  0.001200	  0.994484	  0.003197	
  0.964413	  0.005880	  0.009792	  0.019916	
  0.635432	  0.057645	  0.032600	  0.274323	
  0.279102	  0.122925	  0.545432	  0.052540	
  0.125096	  0.281205	  0.101401	  0.492298	

URL http://cisbp.ccbr.utoronto.ca/TFreport.php?versionNumber=2.00&searchTF=T178511_2.00

MOTIF M01489_2.00 (HDID_0000070401)_(Mus_musculus)_(DBD_0.41)

letter-probability matrix: alength= 4 w= 10 nsites= 1 E= 0
  0.292662	  0.237228	  0.244452	  0.225658	
  0.396424	  0.156410	  0.290756	  0.156410	
  0.143761	  0.549031	  0.188322	  0.118885	
  0.120828	  0.832447	  0.032930	  0.013796	
  0.000258	  0.000099	  0.996966	  0.002677	
  0.006486	  0.006108	  0.981989	  0.005417	
  0.929250	  0.010220	  0.029206	  0.031324	
  0.638426	  0.070740	  0.020677	  0.270158	
  0.353350	  0.140817	  0.431582	  0.074252	
  0.136540	  0.294896	  0.110678	  0.457886	

URL http://cisbp.ccbr.utoronto.ca/TFreport.php?versionNumber=2.00&searchTF=T178509_2.00

MOTIF M01655_2.00 (HDID_0000342501)_(Acyrthosiphon_pisum)_(DBD_0.42)

letter-probability matrix: alength= 4 w= 9 nsites= 1 E= 0
  0.196725	  0.270916	  0.204754	  0.327605	
  0.403679	  0.081501	  0.259984	  0.254836	
  0.999299	  0.000095	  0.000188	  0.000418	
  0.000504	  0.001241	  0.000417	  0.997838	
  0.165827	  0.376511	  0.033147	  0.424515	
  0.732498	  0.053328	  0.119876	  0.094298	
  0.661030	  0.093112	  0.113727	  0.132132	
  0.510165	  0.098962	  0.174991	  0.215882	
  0.335782	  0.227343	  0.144960	  0.291915	

URL http://cisbp.ccbr.utoronto.ca/TFreport.php?versionNumber=2.00&searchTF=T016561_2.00

MOTIF M01718_2.00 (HDID_0001003601)_(Mus_musculus)_(DBD_0.81)

letter-probability matrix: alength= 4 w= 10 nsites= 1 E= 0
  0.365483	  0.272271	  0.181123	  0.181123	
  0.744728	  0.154736	  0.050268	  0.050268	
  0.000139	  0.999582	  0.000139	  0.000139	
  0.999582	  0.000139	  0.000139	  0.000139	
  0.000139	  0.210614	  0.000139	  0.789108	
  0.782721	  0.000139	  0.217001	  0.000139	
  0.000139	  0.000139	  0.000139	  0.999582	
  0.000139	  0.000139	  0.999582	  0.000139	
  0.069016	  0.069016	  0.579511	  0.282456	
  0.199871	  0.298430	  0.199871	  0.301828	

URL http://cisbp.ccbr.utoronto.ca/TFreport.php?versionNumber=2.00&searchTF=T054109_2.00

MOTIF M01987_2.00 (HDID_0000915801)_(Strongylocentrotus_purpuratus)_(DBD_0.64)

letter-probability matrix: alength= 4 w= 9 nsites= 1 E= 0
  0.233668	  0.224506	  0.348592	  0.193234	
  0.280037	  0.209542	  0.191507	  0.318914	
  0.404308	  0.290666	  0.110187	  0.194839	
  0.447462	  0.238314	  0.104961	  0.209263	
  0.768976	  0.018266	  0.173306	  0.039451	
  0.016176	  0.708777	  0.031930	  0.243117	
  0.578790	  0.107871	  0.169176	  0.144162	
  0.340778	  0.228430	  0.226157	  0.204635	
  0.301280	  0.239377	  0.210196	  0.249146	

URL http://cisbp.ccbr.utoronto.ca/TFreport.php?versionNumber=2.00&searchTF=T190609_2.00

MOTIF M02113_2.00 (HDID_0000443701)_(Drosophila_melanogaster)_(DBD_0.79)

letter-probability matrix: alength= 4 w= 10 nsites= 1 E= 0
  0.209338	  0.253142	  0.321807	  0.215713	
  0.269176	  0.231682	  0.207548	  0.291594	
  0.108996	  0.124128	  0.038142	  0.728735	
  0.818862	  0.018319	  0.138091	  0.024728	
  0.925508	  0.028799	  0.000527	  0.045166	
  0.090056	  0.159244	  0.124019	  0.626680	
  0.097497	  0.244649	  0.314135	  0.343719	
  0.322285	  0.084389	  0.452794	  0.140532	
  0.204560	  0.257459	  0.351027	  0.186954	
  0.179474	  0.298877	  0.181278	  0.340370	

URL http://cisbp.ccbr.utoronto.ca/TFreport.php?versionNumber=2.00&searchTF=T234251_2.00

MOTIF M02181_2.00 (HDID_0000394301)_(Caenorhabditis_elegans)_(DBD_0.88)

letter-probability matrix: alength= 4 w= 9 nsites= 1 E= 0
  0.254632	  0.175883	  0.145448	  0.424037	
  0.142356	  0.323220	  0.198013	  0.336411	
  0.548573	  0.056110	  0.295102	  0.100215	
  0.843985	  0.010785	  0.015152	  0.130078	
  0.093756	  0.069456	  0.658981	  0.177806	
  0.242854	  0.064229	  0.135974	  0.556942	
  0.319548	  0.055529	  0.506187	  0.118736	
  0.129420	  0.285164	  0.344834	  0.240582	
  0.215414	  0.271120	  0.219766	  0.293701	

URL http://cisbp.ccbr.utoronto.ca/TFreport.php?versionNumber=2.00&searchTF=T234248_2.00

MOTIF M02218_2.00 (HDID_0000820601)_(Lingula_unguis)_(DBD_0.84)

letter-probability matrix: alength= 4 w= 11 nsites= 1 E= 0
  0.227031	  0.227031	  0.227031	  0.318906	
  0.435618	  0.147410	  0.269563	  0.147410	
  0.161922	  0.070047	  0.070047	  0.697983	
  0.810230	  0.092063	  0.000188	  0.097518	
  0.798927	  0.000188	  0.000188	  0.200697	
  0.200697	  0.000188	  0.000188	  0.798927	
  0.308777	  0.000188	  0.000188	  0.690846	
  0.796344	  0.000188	  0.000188	  0.203279	
  0.707618	  0.145310	  0.023157	  0.123915	
  0.102779	  0.102779	  0.102779	  0.691664	
  0.370463	  0.180141	  0.180141	  0.269255	

URL http://cisbp.ccbr.utoronto.ca/TFreport.php?versionNumber=2.00&searchTF=T234268_2.00

MOTIF M02227_2.00 (HDID_0001012401)_(Oikopleura_dioica)_(DBD_0.65)

letter-probability matrix: alength= 4 w= 8 nsites= 1 E= 0
  0.308789	  0.191211	  0.250000	  0.250000	
  0.009525	  0.037816	  0.000094	  0.952565	
  0.000083	  0.000083	  0.999752	  0.000083	
  0.958784	  0.000082	  0.000082	  0.041052	
  0.000082	  0.999754	  0.000082	  0.000082	
  0.950590	  0.000082	  0.049246	  0.000082	
  0.074832	  0.056147	  0.635370	  0.233651	
  0.132587	  0.277095	  0.397519	  0.192799	

URL http://cisbp.ccbr.utoronto.ca/TFreport.php?versionNumber=2.00&searchTF=T234279_2.00

MOTIF M02408_2.00 (HDID_0000867201)_(Drosophila_melanogaster)_(DBD_0.81)

letter-probability matrix: alength= 4 w= 12 nsites= 1 E= 0
  0.200832	  0.200832	  0.200832	  0.397504	
  0.198971	  0.109814	  0.581401	  0.109814	
  0.760318	  0.194141	  0.022771	  0.022771	
  0.106323	  0.329688	  0.541218	  0.022771	
  0.000202	  0.000202	  0.999393	  0.000202	
  0.000202	  0.000202	  0.000202	  0.999393	
  0.000202	  0.999393	  0.000202	  0.000202	
  0.999393	  0.000202	  0.000202	  0.000202	
  0.756390	  0.049370	  0.144869	  0.049370	
  0.226166	  0.140388	  0.230661	  0.402784	
  0.227432	  0.227432	  0.227432	  0.317705	
  0.227432	  0.227432	  0.227432	  0.317705	

URL http://cisbp.ccbr.utoronto.ca/TFreport.php?versionNumber=2.00&searchTF=T308826_2.00

MOTIF M02412_2.00 (HDID_0000104501)_(Schistosoma_mansoni)_(DBD_0.83)

letter-probability matrix: alength= 4 w= 8 nsites= 1 E= 0
  0.537718	  0.000084	  0.462114	  0.000084	
  0.000056	  0.000056	  0.999831	  0.000056	
  0.000056	  0.000056	  0.994182	  0.005705	
  0.000056	  0.005705	  0.005705	  0.988534	
  0.000056	  0.988534	  0.005705	  0.005705	
  0.933168	  0.006120	  0.060652	  0.000061	
  0.265620	  0.281240	  0.218760	  0.234380	
  0.247313	  0.258061	  0.268809	  0.225817	

URL http://cisbp.ccbr.utoronto.ca/TFreport.php?versionNumber=2.00&searchTF=T308819_2.00

MOTIF M02452_2.00 (HDID_0000451901)_(Schistosoma_mansoni)_(DBD_0.72)

letter-probability matrix: alength= 4 w= 8 nsites= 1 E= 0
  0.001420	  0.001420	  0.995739	  0.001420	
  0.001420	  0.001420	  0.001420	  0.995739	
  0.001420	  0.001420	  0.001420	  0.995739	
  0.001420	  0.001420	  0.995739	  0.001420	
  0.001420	  0.995739	  0.001420	  0.001420	
  0.001420	  0.143466	  0.001420	  0.853693	
  0.995739	  0.001420	  0.001420	  0.001420	
  0.250000	  0.002475	  0.250000	  0.497525	

URL http://cisbp.ccbr.utoronto.ca/TFreport.php?versionNumber=2.00&searchTF=T319200_2.00

MOTIF M02457_2.00 (HDID_0000068701)_(Schistosoma_mansoni)_(DBD_0.71)

letter-probability matrix: alength= 4 w= 11 nsites= 1 E= 0
  0.303907	  0.232031	  0.232031	  0.232031	
  0.314070	  0.127384	  0.127384	  0.431163	
  0.795729	  0.038813	  0.126645	  0.038813	
  0.999493	  0.000169	  0.000169	  0.000169	
  0.000169	  0.999493	  0.000169	  0.000169	
  0.000169	  0.999493	  0.000169	  0.000169	
  0.158657	  0.000169	  0.841005	  0.000169	
  0.000169	  0.999493	  0.000169	  0.000169	
  0.945586	  0.018138	  0.018138	  0.018138	
  0.510000	  0.122785	  0.244430	  0.122785	
  0.211356	  0.288116	  0.211356	  0.289173	

URL http://cisbp.ccbr.utoronto.ca/TFreport.php?versionNumber=2.00&searchTF=T319812_2.00

MOTIF M02527_2.00 (HDID_0000815801)_(Gallus_gallus)_(DBD_0.71)

letter-probability matrix: alength= 4 w= 9 nsites= 1 E= 0
  0.349676	  0.158972	  0.248680	  0.242672	
  0.685347	  0.000206	  0.210663	  0.103784	
  0.000206	  0.000206	  0.000206	  0.999383	
  0.000206	  0.000206	  0.000206	  0.999383	
  0.000206	  0.561674	  0.000206	  0.437915	
  0.787598	  0.000206	  0.211990	  0.000206	
  0.999383	  0.000206	  0.000206	  0.000206	
  0.999383	  0.000206	  0.000206	  0.000206	
  0.285406	  0.211983	  0.091233	  0.411378	

URL http://cisbp.ccbr.utoronto.ca/TFreport.php?versionNumber=2.00&searchTF=T346277_2.00

MOTIF M02531_2.00 (HDID_0000947401)_(Strongylocentrotus_purpuratus)_(DBD_0.79)

letter-probability matrix: alength= 4 w= 10 nsites= 1 E= 0
  0.329088	  0.211945	  0.207748	  0.251219	
  0.341064	  0.190961	  0.215308	  0.252666	
  0.380265	  0.141297	  0.226075	  0.252363	
  0.182256	  0.140529	  0.140529	  0.536686	
  0.184768	  0.106602	  0.125098	  0.583532	
  0.070854	  0.464339	  0.099546	  0.365262	
  0.678507	  0.007463	  0.257210	  0.056820	
  0.773469	  0.036266	  0.079114	  0.111151	
  0.727567	  0.064053	  0.109915	  0.098465	
  0.299483	  0.260358	  0.105854	  0.334306	

URL http://cisbp.ccbr.utoronto.ca/TFreport.php?versionNumber=2.00&searchTF=T346278_2.00

MOTIF M02680_2.00 (HDID_0000182601)_(Homo_sapiens)_(DBD_0.81)

letter-probability matrix: alength= 4 w= 14 nsites= 1 E= 0
  0.037037	  0.370370	  0.259259	  0.333333	
  0.370370	  0.259259	  0.185185	  0.185185	
  0.629630	  0.148148	  0.074074	  0.148148	
  0.464286	  0.178571	  0.178571	  0.178571	
  0.136364	  0.500000	  0.363636	  0.000000	
  0.259259	  0.000000	  0.740741	  0.000000	
  0.000000	  0.000000	  0.000000	  1.000000	
  1.000000	  0.000000	  0.000000	  0.000000	
  1.000000	  0.000000	  0.000000	  0.000000	
  1.000000	  0.000000	  0.000000	  0.000000	
  0.000000	  0.925926	  0.000000	  0.074074	
  1.000000	  0.000000	  0.000000	  0.000000	
  0.592593	  0.148148	  0.074074	  0.185185	
  0.259259	  0.148148	  0.222222	  0.370370	

URL http://cisbp.ccbr.utoronto.ca/TFreport.php?versionNumber=2.00&searchTF=T190601_2.00

MOTIF M02969_2.00 (HDID_0000932101)_(Homo_sapiens)_(DBD_0.72)

letter-probability matrix: alength= 4 w= 10 nsites= 1 E= 0
  0.604595	  0.079459	  0.192703	  0.123243	
  0.095866	  0.797220	  0.079473	  0.027441	
  0.050441	  0.940311	  0.005885	  0.003363	
  0.000447	  0.000000	  0.999553	  0.000000	
  0.000862	  0.001723	  0.963809	  0.033606	
  0.995107	  0.003114	  0.001335	  0.000445	
  0.849601	  0.016331	  0.000000	  0.134068	
  0.163924	  0.080645	  0.736340	  0.019092	
  0.049622	  0.160039	  0.055209	  0.735130	
  0.347787	  0.142155	  0.290121	  0.219937	

URL http://cisbp.ccbr.utoronto.ca/TFreport.php?versionNumber=2.00&searchTF=T178514_2.00

MOTIF M03042_2.00 (HDID_0000998001)_(Homo_sapiens)_(DBD_0.76)

letter-probability matrix: alength= 4 w= 14 nsites= 1 E= 0
  0.352201	  0.150314	  0.179874	  0.317610	
  0.393060	  0.076223	  0.511377	  0.019340	
  0.134047	  0.141598	  0.040277	  0.684078	
  0.594837	  0.297419	  0.000000	  0.107744	
  0.914796	  0.039724	  0.008636	  0.036845	
  0.951497	  0.009581	  0.000000	  0.038922	
  0.000000	  0.262264	  0.000000	  0.737736	
  0.683718	  0.000000	  0.307548	  0.008734	
  0.095106	  0.007230	  0.013904	  0.883760	
  0.053819	  0.009838	  0.016782	  0.919560	
  0.453172	  0.008459	  0.031420	  0.506949	
  0.359119	  0.030818	  0.228931	  0.381132	
  0.014827	  0.366831	  0.112576	  0.505766	
  0.244025	  0.160377	  0.198742	  0.396855	

URL http://cisbp.ccbr.utoronto.ca/TFreport.php?versionNumber=2.00&searchTF=T190612_2.00

MOTIF M03087_2.00 (HDID_0000654601)_(Homo_sapiens)_(DBD_0.26)

letter-probability matrix: alength= 4 w= 8 nsites= 1 E= 0
  0.050776	  0.567735	  0.037679	  0.343811	
  0.096070	  0.163832	  0.029930	  0.710167	
  0.886769	  0.040902	  0.036132	  0.036197	
  0.970260	  0.011009	  0.012296	  0.006434	
  0.012245	  0.014168	  0.007333	  0.966254	
  0.055381	  0.046932	  0.060685	  0.837003	
  0.722030	  0.027451	  0.177528	  0.072990	
  0.193501	  0.261956	  0.269545	  0.274998	

URL http://cisbp.ccbr.utoronto.ca/TFreport.php?versionNumber=2.00&searchTF=T234261_2.00

MOTIF M03168_2.00 (HDID_0000783701)_(Homo_sapiens)_(DBD_0.46)

letter-probability matrix: alength= 4 w= 8 nsites= 1 E= 0
  0.072612	  0.450780	  0.073912	  0.402697	
  0.096614	  0.141577	  0.014371	  0.747439	
  0.795066	  0.130619	  0.028606	  0.045709	
  0.940555	  0.027395	  0.008236	  0.023814	
  0.050778	  0.014703	  0.036416	  0.898102	
  0.063239	  0.039960	  0.242873	  0.653928	
  0.742999	  0.012306	  0.188402	  0.056294	
  0.185954	  0.363723	  0.177579	  0.272745	

URL http://cisbp.ccbr.utoronto.ca/TFreport.php?versionNumber=2.00&searchTF=T234266_2.00

MOTIF M03344_2.00 (HDID_0000499401)_(Homo_sapiens)_(DBD_0.92)

letter-probability matrix: alength= 4 w= 12 nsites= 1 E= 0
  0.371513	  0.019313	  0.473712	  0.135461	
  0.005660	  0.990566	  0.000000	  0.003774	
  0.000000	  0.007874	  0.000000	  0.992126	
  0.995261	  0.000000	  0.000000	  0.004739	
  0.474302	  0.000635	  0.000000	  0.525063	
  0.813533	  0.000000	  0.003099	  0.183368	
  0.955124	  0.000910	  0.000606	  0.043360	
  0.985915	  0.000000	  0.000000	  0.014085	
  0.000000	  0.000000	  0.000000	  1.000000	
  0.997467	  0.000950	  0.000633	  0.000950	
  0.029969	  0.005810	  0.963303	  0.000917	
  0.269702	  0.569223	  0.026358	  0.134718	

URL http://cisbp.ccbr.utoronto.ca/TFreport.php?versionNumber=2.00&searchTF=T259579_2.00

MOTIF M03379_2.00 (HDID_0000481901)_(Homo_sapiens)_(DBD_0.66)

letter-probability matrix: alength= 4 w= 18 nsites= 1 E= 0
  0.304978	  0.118025	  0.389497	  0.187500	
  0.002117	  0.037165	  0.000627	  0.960091	
  0.024157	  0.085087	  0.865648	  0.025108	
  0.741742	  0.025419	  0.031259	  0.201580	
  0.001361	  0.998015	  0.000284	  0.000340	
  0.000287	  0.998796	  0.000287	  0.000630	
  0.000520	  0.169043	  0.001783	  0.828654	
  0.026729	  0.331426	  0.189825	  0.452020	
  0.874831	  0.019162	  0.104348	  0.001658	
  0.001264	  0.127408	  0.017925	  0.853403	
  0.392329	  0.334357	  0.253823	  0.019491	
  0.777784	  0.004550	  0.216907	  0.000758	
  0.000601	  0.004137	  0.994529	  0.000734	
  0.000800	  0.004601	  0.992332	  0.002267	
  0.191967	  0.015968	  0.009567	  0.782499	
  0.004421	  0.966368	  0.012211	  0.017000	
  0.945331	  0.002315	  0.048752	  0.003602	
  0.256156	  0.423102	  0.136135	  0.184607	

URL http://cisbp.ccbr.utoronto.ca/TFreport.php?versionNumber=2.00&searchTF=T308823_2.00

MOTIF M03508_2.00 (HDID_0000870801)_(Homo_sapiens)_(DBD_0.77)

letter-probability matrix: alength= 4 w= 15 nsites= 1 E= 0
  0.887588	  0.105386	  0.007026	  0.000000	
  1.000000	  0.000000	  0.000000	  0.000000	
  0.000000	  0.992147	  0.007853	  0.000000	
  0.992147	  0.000000	  0.000000	  0.007853	
  0.853604	  0.146396	  0.000000	  0.000000	
  0.000000	  0.000000	  0.000000	  1.000000	
  0.954660	  0.000000	  0.030227	  0.015113	
  0.550000	  0.352381	  0.066667	  0.030952	
  0.000000	  1.000000	  0.000000	  0.000000	
  1.000000	  0.000000	  0.000000	  0.000000	
  0.000000	  0.000000	  0.000000	  1.000000	
  0.000000	  0.000000	  0.000000	  1.000000	
  0.000000	  0.000000	  1.000000	  0.000000	
  0.000000	  0.023018	  0.007673	  0.969309	
  0.005249	  0.000000	  0.000000	  0.994751	

URL http://cisbp.ccbr.utoronto.ca/TFreport.php?versionNumber=2.00&searchTF=T336421_2.00

MOTIF M03716_2.00 (HDID_0000079101)_(Drosophila_melanogaster)_(DBD_0.87)

letter-probability matrix: alength= 4 w= 14 nsites= 1 E= 0
  0.360100	  0.193048	  0.199210	  0.247641	
  0.256692	  0.265839	  0.218756	  0.258714	
  0.193215	  0.442108	  0.252895	  0.111783	
  0.352083	  0.000745	  0.644813	  0.002359	
  0.959889	  0.003789	  0.034473	  0.001848	
  0.001436	  0.003062	  0.001531	  0.993971	
  0.013441	  0.962736	  0.002874	  0.020949	
  0.351063	  0.015662	  0.625625	  0.007650	
  0.953019	  0.011654	  0.019637	  0.015691	
  0.020653	  0.012539	  0.009220	  0.957588	
  0.728791	  0.052768	  0.073188	  0.145253	
  0.447675	  0.198710	  0.112063	  0.241552	
  0.252840	  0.221645	  0.158675	  0.366840	
  0.262469	  0.237050	  0.219911	  0.280570	

URL http://cisbp.ccbr.utoronto.ca/TFreport.php?versionNumber=2.00&searchTF=T167563_2.00

MOTIF M03725_2.00 (HDID_0000025901)_(Drosophila_melanogaster)_(DBD_0.72)

letter-probability matrix: alength= 4 w= 10 nsites= 1 E= 0
  0.446128	  0.065539	  0.267733	  0.220601	
  0.043176	  0.830849	  0.110219	  0.015757	
  0.049278	  0.929973	  0.020749	  0.000000	
  0.000000	  0.000000	  1.000000	  0.000000	
  0.000272	  0.000906	  0.974454	  0.024368	
  0.994729	  0.002497	  0.000000	  0.002774	
  0.736075	  0.021076	  0.004379	  0.238470	
  0.270760	  0.037544	  0.684505	  0.007191	
  0.040075	  0.244405	  0.061360	  0.654160	
  0.190574	  0.157014	  0.429767	  0.222646	

URL http://cisbp.ccbr.utoronto.ca/TFreport.php?versionNumber=2.00&searchTF=T178507_2.00

MOTIF M03726_2.00 (HDID_0000758301)_(Drosophila_melanogaster)_(DBD_0.89)

letter-probability matrix: alength= 4 w= 11 nsites= 1 E= 0
  0.239657	  0.129977	  0.550351	  0.080016	
  0.651665	  0.017290	  0.139080	  0.191965	
  0.006142	  0.983877	  0.008061	  0.001919	
  0.000000	  0.994182	  0.000000	  0.005818	
  0.001936	  0.001549	  0.992641	  0.003873	
  0.003673	  0.005008	  0.855760	  0.135559	
  0.916995	  0.079070	  0.003936	  0.000000	
  0.932678	  0.003639	  0.000000	  0.063683	
  0.178628	  0.003828	  0.817544	  0.000000	
  0.002717	  0.211893	  0.011772	  0.773619	
  0.212559	  0.245710	  0.385725	  0.156006	

URL http://cisbp.ccbr.utoronto.ca/TFreport.php?versionNumber=2.00&searchTF=T178512_2.00

MOTIF M03750_2.00 (HDID_0000955901)_(Drosophila_melanogaster)_(DBD_0.79)

letter-probability matrix: alength= 4 w= 16 nsites= 1 E= 0
  0.080430	  0.174558	  0.654012	  0.091000	
  0.001295	  0.997583	  0.000173	  0.000949	
  0.002522	  0.000414	  0.996876	  0.000188	
  0.998450	  0.000258	  0.000310	  0.000982	
  0.996647	  0.002476	  0.000567	  0.000310	
  0.000000	  0.000000	  0.999772	  0.000228	
  0.496231	  0.000000	  0.503589	  0.000179	
  0.999534	  0.000000	  0.000466	  0.000000	
  0.000259	  0.999050	  0.000173	  0.000518	
  0.000413	  0.650599	  0.183964	  0.165024	
  0.001129	  0.029711	  0.703205	  0.265955	
  0.103240	  0.796369	  0.014026	  0.086365	
  0.658216	  0.038848	  0.156852	  0.146083	
  0.675570	  0.112971	  0.122349	  0.089110	
  0.075443	  0.125011	  0.670676	  0.128870	
  0.151772	  0.511092	  0.200820	  0.136316	

URL http://cisbp.ccbr.utoronto.ca/TFreport.php?versionNumber=2.00&searchTF=T190610_2.00

MOTIF M03761_2.00 (HDID_0000584901)_(Drosophila_melanogaster)_(DBD_0.77)

letter-probability matrix: alength= 4 w= 8 nsites= 1 E= 0
  0.223431	  0.206679	  0.466469	  0.103420	
  0.308898	  0.477701	  0.025315	  0.188086	
  0.000000	  0.000000	  1.000000	  0.000000	
  0.999515	  0.000485	  0.000000	  0.000000	
  0.000000	  0.000000	  0.000000	  1.000000	
  0.999946	  0.000054	  0.000000	  0.000000	
  1.000000	  0.000000	  0.000000	  0.000000	
  0.024249	  0.421465	  0.504790	  0.049496	

URL http://cisbp.ccbr.utoronto.ca/TFreport.php?versionNumber=2.00&searchTF=T197528_2.00

MOTIF M03784_2.00 (HDID_0000868301)_(Drosophila_melanogaster)_(DBD_0.90)

letter-probability matrix: alength= 4 w= 10 nsites= 1 E= 0
  0.146262	  0.379283	  0.368536	  0.105919	
  0.153738	  0.323053	  0.300935	  0.222274	
  0.030549	  0.058972	  0.057777	  0.852703	
  0.801899	  0.040220	  0.146890	  0.010992	
  0.949985	  0.000296	  0.049719	  0.000000	
  0.000000	  0.298437	  0.000000	  0.701563	
  0.000000	  0.072663	  0.652439	  0.274898	
  0.595934	  0.021999	  0.338160	  0.043906	
  0.099271	  0.351498	  0.157931	  0.391299	
  0.202492	  0.236293	  0.419003	  0.142212	

URL http://cisbp.ccbr.utoronto.ca/TFreport.php?versionNumber=2.00&searchTF=T234271_2.00

MOTIF M03930_2.00 (HDID_0000406601)_(Drosophila_melanogaster)_(DBD_0.57)

letter-probability matrix: alength= 4 w= 11 nsites= 1 E= 0
  0.897968	  0.026793	  0.004034	  0.071206	
  0.619488	  0.001352	  0.002070	  0.377091	
  0.163806	  0.361051	  0.304302	  0.170841	
  0.035853	  0.084843	  0.135944	  0.743360	
  0.640533	  0.032992	  0.326475	  0.000000	
  0.018869	  0.000951	  0.897626	  0.082553	
  0.526533	  0.012783	  0.335196	  0.125488	
  0.084144	  0.095788	  0.437022	  0.383046	
  0.000000	  0.919955	  0.022965	  0.057080	
  0.885233	  0.000113	  0.105725	  0.008929	
  0.186099	  0.432083	  0.169570	  0.212248	

URL http://cisbp.ccbr.utoronto.ca/TFreport.php?versionNumber=2.00&searchTF=T308822_2.00

MOTIF M03942_2.00 (HDID_0000274801)_(Drosophila_melanogaster)_(DBD_0.71)

letter-probability matrix: alength= 4 w= 9 nsites= 1 E= 0
  0.018087	  0.753585	  0.205165	  0.023163	
  0.981617	  0.000000	  0.018383	  0.000000	
  1.000000	  0.000000	  0.000000	  0.000000	
  0.000000	  0.000000	  1.000000	  0.000000	
  0.000000	  0.000000	  1.000000	  0.000000	
  0.175697	  0.216672	  0.023768	  0.583863	
  0.000000	  0.944251	  0.000000	  0.055749	
  0.555828	  0.001077	  0.437855	  0.005240	
  0.163677	  0.307541	  0.155791	  0.372992	

URL http://cisbp.ccbr.utoronto.ca/TFreport.php?versionNumber=2.00&searchTF=T308821_2.00

MOTIF M06189_2.00 (HDID_0000070301)_(Drosophila_melanogaster)_(DBD_0.51)

letter-probability matrix: alength= 4 w= 9 nsites= 1 E= 0
  0.809524	  0.047619	  0.095238	  0.047619	
  0.095238	  0.809524	  0.047619	  0.047619	
  0.047619	  0.904762	  0.047619	  0.000000	
  0.000000	  0.000000	  1.000000	  0.000000	
  0.000000	  0.000000	  1.000000	  0.000000	
  1.000000	  0.000000	  0.000000	  0.000000	
  1.000000	  0.000000	  0.000000	  0.000000	
  0.333333	  0.000000	  0.666667	  0.000000	
  0.095238	  0.333333	  0.000000	  0.571429	

URL http://cisbp.ccbr.utoronto.ca/TFreport.php?versionNumber=2.00&searchTF=T178508_2.00

MOTIF M06197_2.00 (HDID_0000153201)_(Drosophila_melanogaster)_(DBD_0.66)

letter-probability matrix: alength= 4 w= 8 nsites= 1 E= 0
  0.150000	  0.000000	  0.200000	  0.650000	
  0.350000	  0.250000	  0.300000	  0.100000	
  0.200000	  0.150000	  0.000000	  0.650000	
  1.000000	  0.000000	  0.000000	  0.000000	
