MEME version 5.5.8 (Fri May 2 15:43:49 2025 -0700)

ALPHABET= ACGT

strands: + -

Background letter frequencies (from uniform background):
A 0.25000 C 0.25000 G 0.25000 T 0.25000 

MOTIF M00158_2.00 (HNAJ_0000958801)_(Mus_musculus)_(DBD_0.41)

letter-probability matrix: alength= 4 w= 10 nsites= 1 E= 0
  0.497929	  0.096588	  0.145541	  0.259942	
  0.239502	  0.275493	  0.259450	  0.225555	
  0.238666	  0.401443	  0.297397	  0.062494	
  0.339402	  0.554011	  0.093427	  0.013160	
  0.009336	  0.001239	  0.986255	  0.003171	
  0.006697	  0.003195	  0.983988	  0.006120	
  0.979497	  0.004380	  0.005458	  0.010666	
  0.868199	  0.019815	  0.004602	  0.107385	
  0.352316	  0.096017	  0.530876	  0.020791	
  0.123743	  0.244253	  0.082947	  0.549058	

URL http://cisbp.ccbr.utoronto.ca/TFreport.php?versionNumber=2.00&searchTF=T178529_2.00

MOTIF M00161_2.00 (HNAJ_0000187001)_(Mus_musculus)_(DBD_0.65)

letter-probability matrix: alength= 4 w= 12 nsites= 1 E= 0
  0.394926	  0.201691	  0.201691	  0.201691	
  0.357836	  0.147163	  0.347838	  0.147163	
  0.159006	  0.172368	  0.068783	  0.599842	
  0.841382	  0.113021	  0.022798	  0.022798	
  0.999531	  0.000156	  0.000156	  0.000156	
  0.999531	  0.000156	  0.000156	  0.000156	
  0.000156	  0.999531	  0.000156	  0.000156	
  0.999531	  0.000156	  0.000156	  0.000156	
  0.854605	  0.048465	  0.048465	  0.048465	
  0.691020	  0.102993	  0.102993	  0.102993	
  0.181373	  0.360053	  0.181373	  0.277201	
  0.317926	  0.227358	  0.227358	  0.227358	

URL http://cisbp.ccbr.utoronto.ca/TFreport.php?versionNumber=2.00&searchTF=T190632_2.00

MOTIF M00167_2.00 (HNAJ_0001025501)_(Mus_musculus)_(DBD_0.83)

letter-probability matrix: alength= 4 w= 9 nsites= 1 E= 0
  0.269704	  0.232136	  0.256550	  0.241610	
  0.223924	  0.265418	  0.268085	  0.242574	
  0.334851	  0.238337	  0.111462	  0.315350	
  0.139815	  0.113332	  0.678797	  0.068055	
  0.741047	  0.046902	  0.102316	  0.109735	
  0.190215	  0.082943	  0.088957	  0.637884	
  0.577501	  0.109805	  0.104450	  0.208244	
  0.492768	  0.132959	  0.175922	  0.198351	
  0.218515	  0.266895	  0.342700	  0.171890	

URL http://cisbp.ccbr.utoronto.ca/TFreport.php?versionNumber=2.00&searchTF=T197533_2.00

MOTIF M00170_2.00 (HNAJ_0001184001)_(Mus_musculus)_(DBD_0.56)

letter-probability matrix: alength= 4 w= 10 nsites= 1 E= 0
  0.209374	  0.233720	  0.159832	  0.397074	
  0.163450	  0.121087	  0.144967	  0.570496	
  0.767485	  0.012467	  0.178238	  0.041809	
  0.971535	  0.004091	  0.015625	  0.008748	
  0.011394	  0.002492	  0.856692	  0.129422	
  0.130487	  0.022903	  0.095706	  0.750904	
  0.343268	  0.018147	  0.613089	  0.025496	
  0.097817	  0.321534	  0.373569	  0.207080	
  0.177217	  0.319698	  0.207966	  0.295118	
  0.190838	  0.262808	  0.198626	  0.347729	

URL http://cisbp.ccbr.utoronto.ca/TFreport.php?versionNumber=2.00&searchTF=T234384_2.00

MOTIF M00386_2.00 (HNAJ_0000526401)_(Mus_musculus)_(DBD_0.71)

letter-probability matrix: alength= 4 w= 9 nsites= 1 E= 0
  0.268445	  0.240482	  0.255353	  0.235720	
  0.200643	  0.235457	  0.276312	  0.287588	
  0.315755	  0.080236	  0.258518	  0.345491	
  0.782420	  0.011733	  0.091139	  0.114708	
  0.101611	  0.743341	  0.043867	  0.111181	
  0.671433	  0.112103	  0.066647	  0.149817	
  0.308060	  0.244764	  0.116780	  0.330396	
  0.231796	  0.229489	  0.363528	  0.175187	
  0.271804	  0.243491	  0.248410	  0.236295	

URL http://cisbp.ccbr.utoronto.ca/TFreport.php?versionNumber=2.00&searchTF=T234359_2.00

MOTIF M00415_2.00 (HNAJ_0001042701)_(Mus_musculus)_(DBD_0.86)

letter-probability matrix: alength= 4 w= 9 nsites= 1 E= 0
  0.214819	  0.275834	  0.165637	  0.343710	
  0.156468	  0.031590	  0.029162	  0.782780	
  0.812989	  0.018187	  0.092825	  0.075999	
  0.970114	  0.005298	  0.018493	  0.006095	
  0.033505	  0.020526	  0.194747	  0.751222	
  0.084599	  0.778927	  0.049300	  0.087175	
  0.054735	  0.673516	  0.068890	  0.202859	
  0.203348	  0.355996	  0.215922	  0.224734	
  0.226520	  0.293780	  0.211205	  0.268495	

URL http://cisbp.ccbr.utoronto.ca/TFreport.php?versionNumber=2.00&searchTF=T234378_2.00

MOTIF M00416_2.00 (HNAJ_0000146901)_(Mus_musculus)_(DBD_0.64)

letter-probability matrix: alength= 4 w= 8 nsites= 1 E= 0
  0.262564	  0.254804	  0.249759	  0.232873	
  0.275648	  0.244478	  0.251924	  0.227950	
  0.207360	  0.229168	  0.266256	  0.297216	
  0.311690	  0.111276	  0.242744	  0.334290	
  0.708550	  0.043957	  0.124365	  0.123128	
  0.169491	  0.597527	  0.115908	  0.117073	
  0.675885	  0.093319	  0.088768	  0.142028	
  0.337236	  0.221580	  0.120396	  0.320789	

URL http://cisbp.ccbr.utoronto.ca/TFreport.php?versionNumber=2.00&searchTF=T234347_2.00

MOTIF M00432_2.00 (HNAJ_0001276601)_(Mus_musculus)_(DBD_0.61)

letter-probability matrix: alength= 4 w= 8 nsites= 1 E= 0
  0.233021	  0.233021	  0.237729	  0.296228	
  0.299569	  0.128040	  0.147281	  0.425109	
  0.394212	  0.088845	  0.184360	  0.332583	
  0.791037	  0.010521	  0.120704	  0.077738	
  0.125342	  0.030909	  0.107883	  0.735866	
  0.111249	  0.116952	  0.215243	  0.556556	
  0.502249	  0.069345	  0.330001	  0.098405	
  0.304872	  0.239820	  0.275859	  0.179449	

URL http://cisbp.ccbr.utoronto.ca/TFreport.php?versionNumber=2.00&searchTF=T234389_2.00

MOTIF M00433_2.00 (HNAJ_0001296701)_(Mus_musculus)_(DBD_0.81)

letter-probability matrix: alength= 4 w= 9 nsites= 1 E= 0
  0.239869	  0.317378	  0.190584	  0.252168	
  0.133763	  0.050707	  0.022333	  0.793196	
  0.850989	  0.020830	  0.051749	  0.076432	
  0.959274	  0.011777	  0.004509	  0.024439	
  0.324957	  0.077765	  0.136141	  0.461136	
  0.139125	  0.306548	  0.136371	  0.417956	
  0.193728	  0.061958	  0.611831	  0.132483	
  0.201560	  0.269370	  0.319285	  0.209785	
  0.174474	  0.290550	  0.187125	  0.347851	

URL http://cisbp.ccbr.utoronto.ca/TFreport.php?versionNumber=2.00&searchTF=T234390_2.00

MOTIF M00437_2.00 (HNAJ_0001319401)_(Mus_musculus)_(DBD_1.00)

letter-probability matrix: alength= 4 w= 9 nsites= 1 E= 0
  0.279714	  0.187498	  0.226732	  0.306056	
  0.133384	  0.136078	  0.089410	  0.641128	
  0.028209	  0.031489	  0.906531	  0.033772	
  0.787150	  0.003969	  0.102352	  0.106529	
  0.042661	  0.891832	  0.004969	  0.060538	
  0.758156	  0.019315	  0.172585	  0.049943	
  0.174931	  0.152077	  0.461457	  0.211535	
  0.174360	  0.324123	  0.333994	  0.167523	
  0.196701	  0.255107	  0.167617	  0.380575	

URL http://cisbp.ccbr.utoronto.ca/TFreport.php?versionNumber=2.00&searchTF=T234391_2.00

MOTIF M00442_2.00 (HNAJ_0000785001)_(Mus_musculus)_(DBD_0.90)

letter-probability matrix: alength= 4 w= 10 nsites= 1 E= 0
  0.232947	  0.273366	  0.293187	  0.200499	
  0.212847	  0.340554	  0.181376	  0.265223	
  0.136717	  0.049300	  0.011335	  0.802648	
  0.797526	  0.087489	  0.088368	  0.026616	
  0.889584	  0.000658	  0.045639	  0.064120	
  0.150641	  0.058844	  0.122107	  0.668408	
  0.186789	  0.142591	  0.242253	  0.428367	
  0.315574	  0.091322	  0.456867	  0.136237	
  0.212950	  0.281760	  0.314523	  0.190768	
  0.193573	  0.288776	  0.231748	  0.285903	

URL http://cisbp.ccbr.utoronto.ca/TFreport.php?versionNumber=2.00&searchTF=T234371_2.00

MOTIF M00458_2.00 (HNAJ_0000982601)_(Mus_musculus)_(DBD_0.98)

letter-probability matrix: alength= 4 w= 7 nsites= 1 E= 0
  0.207112	  0.268610	  0.252968	  0.271310	
  0.229210	  0.070431	  0.130927	  0.569432	
  0.521448	  0.073450	  0.236656	  0.168445	
  0.627941	  0.108034	  0.128053	  0.135972	
  0.172464	  0.088251	  0.270478	  0.468806	
  0.209059	  0.140136	  0.302661	  0.348144	
  0.255000	  0.139947	  0.428917	  0.176137	

URL http://cisbp.ccbr.utoronto.ca/TFreport.php?versionNumber=2.00&searchTF=T234376_2.00

MOTIF M00460_2.00 (HNAJ_0000941201)_(Mus_musculus)_(DBD_0.86)

letter-probability matrix: alength= 4 w= 9 nsites= 1 E= 0
  0.245921	  0.297380	  0.182183	  0.274516	
  0.148145	  0.057294	  0.053420	  0.741141	
  0.826195	  0.029278	  0.049246	  0.095281	
  0.911651	  0.016367	  0.020806	  0.051175	
  0.341059	  0.073851	  0.129290	  0.455800	
  0.145727	  0.296408	  0.137241	  0.420623	
  0.217704	  0.062373	  0.591781	  0.128142	
  0.218605	  0.261718	  0.292150	  0.227527	
  0.175236	  0.274825	  0.175236	  0.374703	

URL http://cisbp.ccbr.utoronto.ca/TFreport.php?versionNumber=2.00&searchTF=T234374_2.00

MOTIF M00466_2.00 (HNAJ_0000095401)_(Mus_musculus)_(DBD_0.93)

letter-probability matrix: alength= 4 w= 9 nsites= 1 E= 0
  0.319806	  0.179059	  0.239299	  0.261835	
  0.326964	  0.089108	  0.142572	  0.441355	
  0.104999	  0.140324	  0.052665	  0.702012	
  0.632389	  0.042927	  0.165588	  0.159096	
  0.902412	  0.000373	  0.035342	  0.061872	
  0.062494	  0.001133	  0.033956	  0.902416	
  0.174093	  0.139713	  0.298744	  0.387450	
  0.522018	  0.055573	  0.301178	  0.121231	
  0.164852	  0.331971	  0.291502	  0.211674	

URL http://cisbp.ccbr.utoronto.ca/TFreport.php?versionNumber=2.00&searchTF=T234346_2.00

MOTIF M00483_2.00 (HNAJ_0000289701)_(Mus_musculus)_(DBD_0.95)

letter-probability matrix: alength= 4 w= 7 nsites= 1 E= 0
  0.247356	  0.242458	  0.265291	  0.244895	
  0.187686	  0.245862	  0.203318	  0.363134	
  0.206531	  0.145540	  0.437226	  0.210703	
  0.818609	  0.111900	  0.033704	  0.035788	
  0.126658	  0.170970	  0.099632	  0.602740	
  0.539508	  0.337193	  0.043409	  0.079890	
  0.146793	  0.419484	  0.179294	  0.254430	

URL http://cisbp.ccbr.utoronto.ca/TFreport.php?versionNumber=2.00&searchTF=T234353_2.00

MOTIF M00484_2.00 (HNAJ_0000054901)_(Mus_musculus)_(DBD_0.68)

letter-probability matrix: alength= 4 w= 8 nsites= 1 E= 0
  0.260569	  0.255410	  0.285108	  0.198913	
  0.177845	  0.320830	  0.230652	  0.270673	
  0.114497	  0.403649	  0.048938	  0.432917	
  0.580843	  0.152091	  0.107177	  0.159889	
  0.790662	  0.111371	  0.053137	  0.044830	
  0.121087	  0.104221	  0.012262	  0.762430	
  0.136206	  0.248183	  0.120804	  0.494807	
  0.509367	  0.130735	  0.162905	  0.196993	

URL http://cisbp.ccbr.utoronto.ca/TFreport.php?versionNumber=2.00&searchTF=T234342_2.00

MOTIF M00487_2.00 (HNAJ_0000295101)_(Mus_musculus)_(DBD_0.88)

letter-probability matrix: alength= 4 w= 8 nsites= 1 E= 0
  0.245580	  0.266033	  0.173057	  0.315330	
  0.119000	  0.042484	  0.026819	  0.811696	
  0.775973	  0.070395	  0.099895	  0.053738	
  0.952272	  0.000511	  0.019863	  0.027354	
  0.039124	  0.063862	  0.062598	  0.834416	
  0.140547	  0.106223	  0.141959	  0.611271	
  0.355145	  0.111333	  0.377106	  0.156417	
  0.288606	  0.209571	  0.335312	  0.166511	

URL http://cisbp.ccbr.utoronto.ca/TFreport.php?versionNumber=2.00&searchTF=T234354_2.00

MOTIF M00491_2.00 (HNAJ_0000282501)_(Mus_musculus)_(DBD_0.68)

letter-probability matrix: alength= 4 w= 9 nsites= 1 E= 0
  0.308862	  0.217651	  0.204976	  0.268511	
  0.162560	  0.093789	  0.036637	  0.707014	
  0.804281	  0.032784	  0.144020	  0.018915	
  0.924954	  0.003353	  0.032451	  0.039242	
  0.084100	  0.081615	  0.097711	  0.736574	
  0.173718	  0.152541	  0.191988	  0.481753	
  0.336856	  0.096511	  0.419748	  0.146886	
  0.197434	  0.312750	  0.280172	  0.209643	
  0.224674	  0.282775	  0.231517	  0.261034	

URL http://cisbp.ccbr.utoronto.ca/TFreport.php?versionNumber=2.00&searchTF=T234352_2.00

MOTIF M00495_2.00 (HNAJ_0001006601)_(Mus_musculus)_(DBD_0.86)

letter-probability matrix: alength= 4 w= 9 nsites= 1 E= 0
  0.184447	  0.364076	  0.184447	  0.267030	
  0.116544	  0.046445	  0.001308	  0.835703	
  0.822965	  0.097799	  0.078485	  0.000750	
  0.891592	  0.011056	  0.021179	  0.076173	
  0.116988	  0.045699	  0.100693	  0.736620	
  0.189372	  0.123188	  0.282510	  0.404930	
  0.430266	  0.105047	  0.303203	  0.161484	
  0.227412	  0.274998	  0.297901	  0.199689	
  0.184723	  0.307617	  0.234829	  0.272832	

URL http://cisbp.ccbr.utoronto.ca/TFreport.php?versionNumber=2.00&searchTF=T234377_2.00

MOTIF M00557_2.00 (HNAJ_0000006701)_(Drosophila_melanogaster)_(DBD_0.90)

letter-probability matrix: alength= 4 w= 9 nsites= 1 E= 0
  0.243483	  0.258539	  0.306448	  0.191530	
  0.206850	  0.317982	  0.181634	  0.293534	
  0.110856	  0.033389	  0.011684	  0.844070	
  0.894610	  0.051233	  0.053860	  0.000297	
  0.947543	  0.000984	  0.023427	  0.028047	
  0.139344	  0.033346	  0.087090	  0.740219	
  0.192569	  0.124022	  0.232864	  0.450544	
  0.357775	  0.064709	  0.468673	  0.108843	
  0.187431	  0.305947	  0.291025	  0.215597	

URL http://cisbp.ccbr.utoronto.ca/TFreport.php?versionNumber=2.00&searchTF=T234341_2.00

MOTIF M00710_2.00 (HNAJ_0001021801)_(Caenorhabditis_elegans)_(DBD_0.81)

letter-probability matrix: alength= 4 w= 10 nsites= 1 E= 0
  0.450923	  0.148771	  0.148771	  0.251536	
  0.298333	  0.204180	  0.289058	  0.208429	
  0.896801	  0.000144	  0.000144	  0.102910	
  0.910076	  0.089635	  0.000144	  0.000144	
  0.089635	  0.807310	  0.000144	  0.102910	
  0.999567	  0.000144	  0.000144	  0.000144	
  0.999567	  0.000144	  0.000144	  0.000144	
  0.000144	  0.000144	  0.000144	  0.999567	
  0.609680	  0.101374	  0.101374	  0.187572	
  0.240264	  0.237286	  0.371677	  0.150773	

URL http://cisbp.ccbr.utoronto.ca/TFreport.php?versionNumber=2.00&searchTF=T336455_2.00

MOTIF M00796_2.00 (HNAJ_0001261001)_(Mus_musculus)_(DBD_0.71)

letter-probability matrix: alength= 4 w= 10 nsites= 1 E= 0
  0.359371	  0.149061	  0.090410	  0.401158	
  0.421728	  0.136232	  0.263581	  0.178459	
  0.287711	  0.194796	  0.208921	  0.308572	
  0.387293	  0.104499	  0.432326	  0.075882	
  0.213252	  0.166081	  0.058118	  0.562548	
  0.555669	  0.284341	  0.048919	  0.111071	
  0.768444	  0.096967	  0.051130	  0.083460	
  0.771861	  0.058487	  0.089910	  0.079743	
  0.062825	  0.561351	  0.051953	  0.323871	
  0.748482	  0.072099	  0.068583	  0.110835	

URL http://cisbp.ccbr.utoronto.ca/TFreport.php?versionNumber=2.00&searchTF=T190640_2.00

MOTIF M00818_2.00 (HNAJ_0001261101)_(Mus_musculus)_(DBD_0.87)

letter-probability matrix: alength= 4 w= 8 nsites= 1 E= 0
  0.722222	  0.013889	  0.138889	  0.125000	
  0.814433	  0.010309	  0.051546	  0.123711	
  0.972727	  0.009091	  0.009091	  0.009091	
  0.009009	  0.009009	  0.747748	  0.234234	
  0.026786	  0.008929	  0.946429	  0.017857	
  0.008929	  0.098214	  0.089286	  0.803571	
  0.009615	  0.836538	  0.019231	  0.134615	
  0.790123	  0.024691	  0.160494	  0.024691	

URL http://cisbp.ccbr.utoronto.ca/TFreport.php?versionNumber=2.00&searchTF=T308847_2.00

MOTIF M00823_2.00 (HNAJ_0001122601)_(Mus_musculus)_(DBD_0.56)

letter-probability matrix: alength= 4 w= 10 nsites= 1 E= 0
  0.059337	  0.000621	  0.928182	  0.011861	
  0.018760	  0.033505	  0.039319	  0.908416	
  0.149151	  0.185853	  0.022759	  0.642237	
  0.267523	  0.020475	  0.560711	  0.151291	
  0.048693	  0.717326	  0.051704	  0.182278	
  0.060788	  0.307168	  0.088890	  0.543155	
  0.623033	  0.036401	  0.279947	  0.060619	
  0.227931	  0.165512	  0.292669	  0.313889	
  0.107270	  0.169924	  0.611157	  0.111648	
  0.120378	  0.281643	  0.340577	  0.257402	

URL http://cisbp.ccbr.utoronto.ca/TFreport.php?versionNumber=2.00&searchTF=T319209_2.00

MOTIF M00829_2.00 (HNAJ_0000973701)_(Mus_musculus)_(DBD_0.74)

letter-probability matrix: alength= 4 w= 8 nsites= 1 E= 0
  0.260870	  0.173913	  0.130435	  0.434783	
  0.806452	  0.032258	  0.032258	  0.129032	
  0.914286	  0.028571	  0.028571	  0.028571	
  0.028571	  0.885714	  0.028571	  0.057143	
  0.914286	  0.028571	  0.028571	  0.028571	
  0.914286	  0.028571	  0.028571	  0.028571	
  0.028571	  0.028571	  0.028571	  0.914286	
  0.320000	  0.120000	  0.360000	  0.200000	

URL http://cisbp.ccbr.utoronto.ca/TFreport.php?versionNumber=2.00&searchTF=T336451_2.00

MOTIF M00835_2.00 (HNAJ_0000047101)_(Mus_musculus)_(DBD_0.75)

letter-probability matrix: alength= 4 w= 10 nsites= 1 E= 0
  0.353916	  0.145338	  0.298586	  0.202160	
  0.672425	  0.040081	  0.179628	  0.107866	
  0.197985	  0.109748	  0.606795	  0.085472	
  0.020276	  0.028773	  0.924656	  0.026296	
  0.003890	  0.062703	  0.000398	  0.933009	
  0.011365	  0.014304	  0.973157	  0.001174	
  0.090981	  0.133040	  0.018005	  0.757974	
  0.038779	  0.216564	  0.449388	  0.295269	
  0.873100	  0.020533	  0.080002	  0.026365	
  0.522605	  0.163829	  0.139606	  0.173960	

URL http://cisbp.ccbr.utoronto.ca/TFreport.php?versionNumber=2.00&searchTF=T341744_2.00

MOTIF M01143_2.00 (HNAJ_0001185401)_(Monodelphis_domestica)_(DBD_0.69)

letter-probability matrix: alength= 4 w= 8 nsites= 1 E= 0
  0.127712	  0.223416	  0.255317	  0.393556	
  0.918921	  0.014775	  0.036827	  0.029477	
  0.000066	  0.966917	  0.013220	  0.019797	
  0.013134	  0.000065	  0.980201	  0.006600	
  0.000065	  0.019668	  0.000065	  0.980201	
  0.027087	  0.054107	  0.898473	  0.020332	
  0.076389	  0.000076	  0.595314	  0.328220	
  0.142901	  0.622297	  0.081701	  0.153101	

URL http://cisbp.ccbr.utoronto.ca/TFreport.php?versionNumber=2.00&searchTF=T074573_2.00

MOTIF M01485_2.00 (HNAJ_0001234001)_(Mus_musculus)_(DBD_0.80)

letter-probability matrix: alength= 4 w= 9 nsites= 1 E= 0
  0.459522	  0.123988	  0.257286	  0.159204	
  0.115659	  0.639476	  0.181390	  0.063475	
  0.147216	  0.822129	  0.025839	  0.004816	
  0.000821	  0.001213	  0.995522	  0.002443	
  0.001119	  0.001200	  0.994484	  0.003197	
  0.964413	  0.005880	  0.009792	  0.019916	
  0.635432	  0.057645	  0.032600	  0.274323	
  0.279102	  0.122925	  0.545432	  0.052540	
  0.125096	  0.281205	  0.101401	  0.492298	

URL http://cisbp.ccbr.utoronto.ca/TFreport.php?versionNumber=2.00&searchTF=T178531_2.00

MOTIF M01489_2.00 (HNAJ_0000526201)_(Mus_musculus)_(DBD_0.41)

letter-probability matrix: alength= 4 w= 10 nsites= 1 E= 0
  0.292662	  0.237228	  0.244452	  0.225658	
  0.396424	  0.156410	  0.290756	  0.156410	
  0.143761	  0.549031	  0.188322	  0.118885	
  0.120828	  0.832447	  0.032930	  0.013796	
  0.000258	  0.000099	  0.996966	  0.002677	
  0.006486	  0.006108	  0.981989	  0.005417	
  0.929250	  0.010220	  0.029206	  0.031324	
  0.638426	  0.070740	  0.020677	  0.270158	
  0.353350	  0.140817	  0.431582	  0.074252	
  0.136540	  0.294896	  0.110678	  0.457886	

URL http://cisbp.ccbr.utoronto.ca/TFreport.php?versionNumber=2.00&searchTF=T178525_2.00

MOTIF M01655_2.00 (HNAJ_0000082601)_(Acyrthosiphon_pisum)_(DBD_0.42)

letter-probability matrix: alength= 4 w= 9 nsites= 1 E= 0
  0.196725	  0.270916	  0.204754	  0.327605	
  0.403679	  0.081501	  0.259984	  0.254836	
  0.999299	  0.000095	  0.000188	  0.000418	
  0.000504	  0.001241	  0.000417	  0.997838	
  0.165827	  0.376511	  0.033147	  0.424515	
  0.732498	  0.053328	  0.119876	  0.094298	
  0.661030	  0.093112	  0.113727	  0.132132	
  0.510165	  0.098962	  0.174991	  0.215882	
  0.335782	  0.227343	  0.144960	  0.291915	

URL http://cisbp.ccbr.utoronto.ca/TFreport.php?versionNumber=2.00&searchTF=T016569_2.00

MOTIF M01718_2.00 (HNAJ_0000179601)_(Mus_musculus)_(DBD_0.81)

letter-probability matrix: alength= 4 w= 10 nsites= 1 E= 0
  0.365483	  0.272271	  0.181123	  0.181123	
  0.744728	  0.154736	  0.050268	  0.050268	
  0.000139	  0.999582	  0.000139	  0.000139	
  0.999582	  0.000139	  0.000139	  0.000139	
  0.000139	  0.210614	  0.000139	  0.789108	
  0.782721	  0.000139	  0.217001	  0.000139	
  0.000139	  0.000139	  0.000139	  0.999582	
  0.000139	  0.000139	  0.999582	  0.000139	
  0.069016	  0.069016	  0.579511	  0.282456	
  0.199871	  0.298430	  0.199871	  0.301828	

URL http://cisbp.ccbr.utoronto.ca/TFreport.php?versionNumber=2.00&searchTF=T054143_2.00

MOTIF M01931_2.00 (HNAJ_0000472601)_(Homo_sapiens)_(DBD_0.68)

letter-probability matrix: alength= 4 w= 10 nsites= 1 E= 0
  0.152291	  0.152291	  0.246263	  0.449154	
  0.765274	  0.048025	  0.048025	  0.138675	
  0.999536	  0.000155	  0.000155	  0.000155	
  0.000155	  0.000155	  0.000155	  0.999536	
  0.129788	  0.000155	  0.489012	  0.381045	
  0.000155	  0.000155	  0.000155	  0.999536	
  0.908886	  0.000155	  0.000155	  0.090805	
  0.091796	  0.000155	  0.000155	  0.907895	
  0.279387	  0.195482	  0.097864	  0.427268	
  0.393611	  0.202130	  0.202130	  0.202130	

URL http://cisbp.ccbr.utoronto.ca/TFreport.php?versionNumber=2.00&searchTF=T169825_2.00

MOTIF M01987_2.00 (HNAJ_0001282801)_(Strongylocentrotus_purpuratus)_(DBD_0.64)

letter-probability matrix: alength= 4 w= 9 nsites= 1 E= 0
  0.233668	  0.224506	  0.348592	  0.193234	
  0.280037	  0.209542	  0.191507	  0.318914	
  0.404308	  0.290666	  0.110187	  0.194839	
  0.447462	  0.238314	  0.104961	  0.209263	
  0.768976	  0.018266	  0.173306	  0.039451	
  0.016176	  0.708777	  0.031930	  0.243117	
  0.578790	  0.107871	  0.169176	  0.144162	
  0.340778	  0.228430	  0.226157	  0.204635	
  0.301280	  0.239377	  0.210196	  0.249146	

URL http://cisbp.ccbr.utoronto.ca/TFreport.php?versionNumber=2.00&searchTF=T190642_2.00

MOTIF M01988_2.00 (HNAJ_0000565501)_(Strongylocentrotus_purpuratus)_(DBD_0.76)

letter-probability matrix: alength= 4 w= 10 nsites= 1 E= 0
  0.321884	  0.201178	  0.236085	  0.240854	
  0.216367	  0.234387	  0.239122	  0.310124	
  0.297171	  0.182055	  0.409243	  0.111532	
  0.279854	  0.144643	  0.132194	  0.443309	
  0.472247	  0.313407	  0.069235	  0.145111	
  0.572460	  0.196359	  0.062174	  0.169007	
  0.751021	  0.048981	  0.135834	  0.064163	
  0.037542	  0.655546	  0.026722	  0.280190	
  0.680835	  0.057015	  0.121915	  0.140235	
  0.359328	  0.213628	  0.193298	  0.233746	

URL http://cisbp.ccbr.utoronto.ca/TFreport.php?versionNumber=2.00&searchTF=T190637_2.00

MOTIF M02082_2.00 (HNAJ_0000198401)_(Danio_rerio)_(DBD_0.44)

letter-probability matrix: alength= 4 w= 10 nsites= 1 E= 0
  0.504443	  0.121214	  0.177005	  0.197338	
  0.240897	  0.290867	  0.127852	  0.340384	
  0.263741	  0.128320	  0.083250	  0.524688	
  0.215150	  0.262480	  0.330707	  0.191662	
  0.394649	  0.031097	  0.095110	  0.479144	
  0.479144	  0.095110	  0.031097	  0.394649	
  0.191662	  0.330707	  0.262480	  0.215150	
  0.524688	  0.083250	  0.128320	  0.263741	
  0.340384	  0.127852	  0.290867	  0.240897	
  0.197338	  0.177005	  0.121214	  0.504443	

URL http://cisbp.ccbr.utoronto.ca/TFreport.php?versionNumber=2.00&searchTF=T234348_2.00

MOTIF M02085_2.00 (HNAJ_0000321501)_(Homo_sapiens)_(DBD_0.68)

letter-probability matrix: alength= 4 w= 10 nsites= 1 E= 0
  0.220232	  0.271696	  0.222446	  0.285626	
  0.291351	  0.229185	  0.263625	  0.215838	
  0.194386	  0.333568	  0.204352	  0.267694	
  0.106702	  0.252155	  0.096548	  0.544595	
  0.708900	  0.012106	  0.207206	  0.071788	
  0.671736	  0.131613	  0.027657	  0.168994	
  0.144596	  0.205191	  0.069682	  0.580531	
  0.155780	  0.110880	  0.270007	  0.463333	
  0.512218	  0.101367	  0.192241	  0.194173	
  0.253879	  0.199708	  0.363893	  0.182520	

URL http://cisbp.ccbr.utoronto.ca/TFreport.php?versionNumber=2.00&searchTF=T234355_2.00

MOTIF M02108_2.00 (HNAJ_0000084501)_(Tetraodon_nigroviridis)_(DBD_0.54)

letter-probability matrix: alength= 4 w= 9 nsites= 1 E= 0
  0.268350	  0.290700	  0.290700	  0.150249	
  0.154974	  0.385006	  0.141636	  0.318384	
  0.122643	  0.028482	  0.076652	  0.772224	
  0.707222	  0.111202	  0.101631	  0.079945	
  0.830706	  0.066838	  0.040136	  0.062320	
  0.081072	  0.074095	  0.052214	  0.792619	
  0.104874	  0.048075	  0.145876	  0.701175	
  0.559054	  0.044981	  0.300740	  0.095225	
  0.224447	  0.255606	  0.352002	  0.167945	

URL http://cisbp.ccbr.utoronto.ca/TFreport.php?versionNumber=2.00&searchTF=T234345_2.00

MOTIF M02113_2.00 (HNAJ_0000058201)_(Drosophila_melanogaster)_(DBD_0.82)

letter-probability matrix: alength= 4 w= 10 nsites= 1 E= 0
  0.209338	  0.253142	  0.321807	  0.215713	
  0.269176	  0.231682	  0.207548	  0.291594	
  0.108996	  0.124128	  0.038142	  0.728735	
  0.818862	  0.018319	  0.138091	  0.024728	
  0.925508	  0.028799	  0.000527	  0.045166	
  0.090056	  0.159244	  0.124019	  0.626680	
  0.097497	  0.244649	  0.314135	  0.343719	
  0.322285	  0.084389	  0.452794	  0.140532	
  0.204560	  0.257459	  0.351027	  0.186954	
  0.179474	  0.298877	  0.181278	  0.340370	

URL http://cisbp.ccbr.utoronto.ca/TFreport.php?versionNumber=2.00&searchTF=T234343_2.00

MOTIF M02132_2.00 (HNAJ_0001179801)_(Fusarium_graminearum)_(DBD_0.47)

letter-probability matrix: alength= 4 w= 11 nsites= 1 E= 0
  0.227301	  0.227301	  0.227301	  0.318098	
  0.166123	  0.244123	  0.423631	  0.166123	
  0.134747	  0.044275	  0.215150	  0.605828	
  0.999540	  0.000153	  0.000153	  0.000153	
  0.000153	  0.999540	  0.000153	  0.000153	
  0.999540	  0.000153	  0.000153	  0.000153	
  0.000153	  0.000153	  0.000153	  0.999540	
  0.000153	  0.000153	  0.999540	  0.000153	
  0.022853	  0.097620	  0.022853	  0.856675	
  0.233342	  0.508125	  0.084030	  0.174502	
  0.295782	  0.205878	  0.292461	  0.205878	

URL http://cisbp.ccbr.utoronto.ca/TFreport.php?versionNumber=2.00&searchTF=T234383_2.00

MOTIF M02170_2.00 (HNAJ_0000234901)_(Schistosoma_mansoni)_(DBD_0.75)

letter-probability matrix: alength= 4 w= 8 nsites= 1 E= 0
  0.176643	  0.117958	  0.000587	  0.704812	
  0.000357	  0.036020	  0.000357	  0.963267	
  0.998930	  0.000357	  0.000357	  0.000357	
  0.998930	  0.000357	  0.000357	  0.000357	
  0.000357	  0.143010	  0.000357	  0.856277	
  0.143010	  0.000357	  0.000357	  0.856277	
  0.592086	  0.000370	  0.407175	  0.000370	
  0.095532	  0.000475	  0.855989	  0.048004	

URL http://cisbp.ccbr.utoronto.ca/TFreport.php?versionNumber=2.00&searchTF=T234351_2.00

MOTIF M02218_2.00 (HNAJ_0000530301)_(Lingula_unguis)_(DBD_0.84)

letter-probability matrix: alength= 4 w= 11 nsites= 1 E= 0
  0.227031	  0.227031	  0.227031	  0.318906	
  0.435618	  0.147410	  0.269563	  0.147410	
  0.161922	  0.070047	  0.070047	  0.697983	
  0.810230	  0.092063	  0.000188	  0.097518	
  0.798927	  0.000188	  0.000188	  0.200697	
  0.200697	  0.000188	  0.000188	  0.798927	
  0.308777	  0.000188	  0.000188	  0.690846	
  0.796344	  0.000188	  0.000188	  0.203279	
  0.707618	  0.145310	  0.023157	  0.123915	
  0.102779	  0.102779	  0.102779	  0.691664	
  0.370463	  0.180141	  0.180141	  0.269255	

URL http://cisbp.ccbr.utoronto.ca/TFreport.php?versionNumber=2.00&searchTF=T234361_2.00

MOTIF M02227_2.00 (HNAJ_0001355001)_(Oikopleura_dioica)_(DBD_0.81)

letter-probability matrix: alength= 4 w= 8 nsites= 1 E= 0
  0.308789	  0.191211	  0.250000	  0.250000	
  0.009525	  0.037816	  0.000094	  0.952565	
  0.000083	  0.000083	  0.999752	  0.000083	
  0.958784	  0.000082	  0.000082	  0.041052	
  0.000082	  0.999754	  0.000082	  0.000082	
  0.950590	  0.000082	  0.049246	  0.000082	
  0.074832	  0.056147	  0.635370	  0.233651	
  0.132587	  0.277095	  0.397519	  0.192799	

URL http://cisbp.ccbr.utoronto.ca/TFreport.php?versionNumber=2.00&searchTF=T234392_2.00

MOTIF M02231_2.00 (HNAJ_0000200501)_(Oikopleura_dioica)_(DBD_0.49)

letter-probability matrix: alength= 4 w= 8 nsites= 1 E= 0
  0.207215	  0.306053	  0.171358	  0.315374	
  0.090096	  0.018744	  0.001464	  0.889696	
  0.816181	  0.077838	  0.060621	  0.045360	
  0.985399	  0.000872	  0.002673	  0.011057	
  0.012063	  0.044707	  0.027116	  0.916113	
  0.110602	  0.058905	  0.083591	  0.746902	
  0.380207	  0.035899	  0.483338	  0.100556	
  0.288584	  0.199335	  0.335287	  0.176794	

URL http://cisbp.ccbr.utoronto.ca/TFreport.php?versionNumber=2.00&searchTF=T234349_2.00

MOTIF M02408_2.00 (HNAJ_0000904901)_(Drosophila_melanogaster)_(DBD_0.81)

letter-probability matrix: alength= 4 w= 12 nsites= 1 E= 0
  0.200832	  0.200832	  0.200832	  0.397504	
  0.198971	  0.109814	  0.581401	  0.109814	
  0.760318	  0.194141	  0.022771	  0.022771	
  0.106323	  0.329688	  0.541218	  0.022771	
  0.000202	  0.000202	  0.999393	  0.000202	
  0.000202	  0.000202	  0.000202	  0.999393	
  0.000202	  0.999393	  0.000202	  0.000202	
  0.999393	  0.000202	  0.000202	  0.000202	
  0.756390	  0.049370	  0.144869	  0.049370	
  0.226166	  0.140388	  0.230661	  0.402784	
  0.227432	  0.227432	  0.227432	  0.317705	
  0.227432	  0.227432	  0.227432	  0.317705	

URL http://cisbp.ccbr.utoronto.ca/TFreport.php?versionNumber=2.00&searchTF=T308842_2.00

MOTIF M02412_2.00 (HNAJ_0000614901)_(Schistosoma_mansoni)_(DBD_0.82)

letter-probability matrix: alength= 4 w= 8 nsites= 1 E= 0
  0.537718	  0.000084	  0.462114	  0.000084	
  0.000056	  0.000056	  0.999831	  0.000056	
  0.000056	  0.000056	  0.994182	  0.005705	
  0.000056	  0.005705	  0.005705	  0.988534	
  0.000056	  0.988534	  0.005705	  0.005705	
  0.933168	  0.006120	  0.060652	  0.000061	
  0.265620	  0.281240	  0.218760	  0.234380	
  0.247313	  0.258061	  0.268809	  0.225817	

URL http://cisbp.ccbr.utoronto.ca/TFreport.php?versionNumber=2.00&searchTF=T308841_2.00

MOTIF M02452_2.00 (HNAJ_0000214001)_(Schistosoma_mansoni)_(DBD_0.94)

letter-probability matrix: alength= 4 w= 8 nsites= 1 E= 0
  0.001420	  0.001420	  0.995739	  0.001420	
  0.001420	  0.001420	  0.001420	  0.995739	
  0.001420	  0.001420	  0.001420	  0.995739	
  0.001420	  0.001420	  0.995739	  0.001420	
  0.001420	  0.995739	  0.001420	  0.001420	
  0.001420	  0.143466	  0.001420	  0.853693	
  0.995739	  0.001420	  0.001420	  0.001420	
  0.250000	  0.002475	  0.250000	  0.497525	

URL http://cisbp.ccbr.utoronto.ca/TFreport.php?versionNumber=2.00&searchTF=T319207_2.00

MOTIF M02457_2.00 (HNAJ_0001011401)_(Schistosoma_mansoni)_(DBD_0.73)

letter-probability matrix: alength= 4 w= 11 nsites= 1 E= 0
  0.303907	  0.232031	  0.232031	  0.232031	
  0.314070	  0.127384	  0.127384	  0.431163	
  0.795729	  0.038813	  0.126645	  0.038813	
  0.999493	  0.000169	  0.000169	  0.000169	
  0.000169	  0.999493	  0.000169	  0.000169	
  0.000169	  0.999493	  0.000169	  0.000169	
  0.158657	  0.000169	  0.841005	  0.000169	
  0.000169	  0.999493	  0.000169	  0.000169	
  0.945586	  0.018138	  0.018138	  0.018138	
  0.510000	  0.122785	  0.244430	  0.122785	
  0.211356	  0.288116	  0.211356	  0.289173	

URL http://cisbp.ccbr.utoronto.ca/TFreport.php?versionNumber=2.00&searchTF=T319816_2.00

MOTIF M02490_2.00 (HNAJ_0000793101)_(Neurospora_crassa)_(DBD_0.38)

letter-probability matrix: alength= 4 w= 10 nsites= 1 E= 0
  0.329130	  0.229626	  0.220622	  0.220622	
  0.346994	  0.223477	  0.251969	  0.177560	
  0.448098	  0.134965	  0.110500	  0.306437	
  0.335755	  0.153912	  0.139266	  0.371067	
  0.248453	  0.220358	  0.178619	  0.352571	
  0.233539	  0.293933	  0.209213	  0.263315	
  0.195880	  0.356917	  0.275201	  0.172001	
  0.140053	  0.396240	  0.262965	  0.200742	
  0.596865	  0.017317	  0.262878	  0.122939	
  0.143083	  0.219956	  0.147441	  0.489520	

URL http://cisbp.ccbr.utoronto.ca/TFreport.php?versionNumber=2.00&searchTF=T336450_2.00

MOTIF M02527_2.00 (HNAJ_0000804601)_(Gallus_gallus)_(DBD_0.60)

letter-probability matrix: alength= 4 w= 9 nsites= 1 E= 0
  0.349676	  0.158972	  0.248680	  0.242672	
  0.685347	  0.000206	  0.210663	  0.103784	
  0.000206	  0.000206	  0.000206	  0.999383	
  0.000206	  0.000206	  0.000206	  0.999383	
  0.000206	  0.561674	  0.000206	  0.437915	
  0.787598	  0.000206	  0.211990	  0.000206	
  0.999383	  0.000206	  0.000206	  0.000206	
  0.999383	  0.000206	  0.000206	  0.000206	
  0.285406	  0.211983	  0.091233	  0.411378	

URL http://cisbp.ccbr.utoronto.ca/TFreport.php?versionNumber=2.00&searchTF=T346282_2.00

MOTIF M02531_2.00 (HNAJ_0000383901)_(Strongylocentrotus_purpuratus)_(DBD_0.79)

letter-probability matrix: alength= 4 w= 10 nsites= 1 E= 0
  0.329088	  0.211945	  0.207748	  0.251219	
  0.341064	  0.190961	  0.215308	  0.252666	
  0.380265	  0.141297	  0.226075	  0.252363	
  0.182256	  0.140529	  0.140529	  0.536686	
  0.184768	  0.106602	  0.125098	  0.583532	
  0.070854	  0.464339	  0.099546	  0.365262	
  0.678507	  0.007463	  0.257210	  0.056820	
  0.773469	  0.036266	  0.079114	  0.111151	
  0.727567	  0.064053	  0.109915	  0.098465	
  0.299483	  0.260358	  0.105854	  0.334306	

URL http://cisbp.ccbr.utoronto.ca/TFreport.php?versionNumber=2.00&searchTF=T346281_2.00

MOTIF M02680_2.00 (HNAJ_0000856401)_(Homo_sapiens)_(DBD_0.78)

letter-probability matrix: alength= 4 w= 14 nsites= 1 E= 0
  0.037037	  0.370370	  0.259259	  0.333333	
  0.370370	  0.259259	  0.185185	  0.185185	
  0.629630	  0.148148	  0.074074	  0.148148	
  0.464286	  0.178571	  0.178571	  0.178571	
  0.136364	  0.500000	  0.363636	  0.000000	
  0.259259	  0.000000	  0.740741	  0.000000	
  0.000000	  0.000000	  0.000000	  1.000000	
  1.000000	  0.000000	  0.000000	  0.000000	
  1.000000	  0.000000	  0.000000	  0.000000	
  1.000000	  0.000000	  0.000000	  0.000000	
  0.000000	  0.925926	  0.000000	  0.074074	
  1.000000	  0.000000	  0.000000	  0.000000	
  0.592593	  0.148148	  0.074074	  0.185185	
  0.259259	  0.148148	  0.222222	  0.370370	

URL http://cisbp.ccbr.utoronto.ca/TFreport.php?versionNumber=2.00&searchTF=T190638_2.00

MOTIF M02698_2.00 (HNAJ_0000758701)_(Arabidopsis_thaliana)_(DBD_0.90)

letter-probability matrix: alength= 4 w= 11 nsites= 1 E= 0
  0.140000	  0.450000	  0.230000	  0.180000	
  0.160000	  0.270000	  0.550000	  0.020000	
  0.000000	  0.919192	  0.040404	  0.040404	
  0.000000	  0.050000	  0.930000	  0.020000	
  0.040404	  0.939394	  0.000000	  0.020202	
  0.040404	  0.020202	  0.020202	  0.919192	
  0.080808	  0.000000	  0.858586	  0.060606	
  0.960000	  0.000000	  0.020000	  0.020000	
  0.040000	  0.040000	  0.920000	  0.000000	
  0.020000	  0.550000	  0.260000	  0.170000	
  0.151515	  0.323232	  0.242424	  0.282828	

URL http://cisbp.ccbr.utoronto.ca/TFreport.php?versionNumber=2.00&searchTF=T291596_2.00

MOTIF M02969_2.00 (HNAJ_0001260601)_(Homo_sapiens)_(DBD_0.71)

letter-probability matrix: alength= 4 w= 10 nsites= 1 E= 0
  0.604595	  0.079459	  0.192703	  0.123243	
  0.095866	  0.797220	  0.079473	  0.027441	
  0.050441	  0.940311	  0.005885	  0.003363	
  0.000447	  0.000000	  0.999553	  0.000000	
  0.000862	  0.001723	  0.963809	  0.033606	
  0.995107	  0.003114	  0.001335	  0.000445	
  0.849601	  0.016331	  0.000000	  0.134068	
  0.163924	  0.080645	  0.736340	  0.019092	
  0.049622	  0.160039	  0.055209	  0.735130	
  0.347787	  0.142155	  0.290121	  0.219937	

URL http://cisbp.ccbr.utoronto.ca/TFreport.php?versionNumber=2.00&searchTF=T178532_2.00

MOTIF M03042_2.00 (HNAJ_0001201001)_(Homo_sapiens)_(DBD_0.76)

letter-probability matrix: alength= 4 w= 14 nsites= 1 E= 0
  0.352201	  0.150314	  0.179874	  0.317610	
  0.393060	  0.076223	  0.511377	  0.019340	
  0.134047	  0.141598	  0.040277	  0.684078	
  0.594837	  0.297419	  0.000000	  0.107744	
  0.914796	  0.039724	  0.008636	  0.036845	
  0.951497	  0.009581	  0.000000	  0.038922	
  0.000000	  0.262264	  0.000000	  0.737736	
  0.683718	  0.000000	  0.307548	  0.008734	
  0.095106	  0.007230	  0.013904	  0.883760	
  0.053819	  0.009838	  0.016782	  0.919560	
  0.453172	  0.008459	  0.031420	  0.506949	
  0.359119	  0.030818	  0.228931	  0.381132	
  0.014827	  0.366831	  0.112576	  0.505766	
  0.244025	  0.160377	  0.198742	  0.396855	

URL http://cisbp.ccbr.utoronto.ca/TFreport.php?versionNumber=2.00&searchTF=T190639_2.00

MOTIF M03087_2.00 (HNAJ_0001227401)_(Homo_sapiens)_(DBD_0.36)

letter-probability matrix: alength= 4 w= 8 nsites= 1 E= 0
  0.050776	  0.567735	  0.037679	  0.343811	
  0.096070	  0.163832	  0.029930	  0.710167	
  0.886769	  0.040902	  0.036132	  0.036197	
  0.970260	  0.011009	  0.012296	  0.006434	
  0.012245	  0.014168	  0.007333	  0.966254	
  0.055381	  0.046932	  0.060685	  0.837003	
  0.722030	  0.027451	  0.177528	  0.072990	
  0.193501	  0.261956	  0.269545	  0.274998	

URL http://cisbp.ccbr.utoronto.ca/TFreport.php?versionNumber=2.00&searchTF=T234387_2.00

MOTIF M03168_2.00 (HNAJ_0000718601)_(Homo_sapiens)_(DBD_0.42)

letter-probability matrix: alength= 4 w= 8 nsites= 1 E= 0
  0.072612	  0.450780	  0.073912	  0.402697	
  0.096614	  0.141577	  0.014371	  0.747439	
  0.795066	  0.130619	  0.028606	  0.045709	
  0.940555	  0.027395	  0.008236	  0.023814	
  0.050778	  0.014703	  0.036416	  0.898102	
  0.063239	  0.039960	  0.242873	  0.653928	
  0.742999	  0.012306	  0.188402	  0.056294	
  0.185954	  0.363723	  0.177579	  0.272745	

URL http://cisbp.ccbr.utoronto.ca/TFreport.php?versionNumber=2.00&searchTF=T234367_2.00

MOTIF M03344_2.00 (HNAJ_0000641401)_(Homo_sapiens)_(DBD_0.92)

letter-probability matrix: alength= 4 w= 12 nsites= 1 E= 0
  0.371513	  0.019313	  0.473712	  0.135461	
  0.005660	  0.990566	  0.000000	  0.003774	
  0.000000	  0.007874	  0.000000	  0.992126	
  0.995261	  0.000000	  0.000000	  0.004739	
  0.474302	  0.000635	  0.000000	  0.525063	
  0.813533	  0.000000	  0.003099	  0.183368	
  0.955124	  0.000910	  0.000606	  0.043360	
  0.985915	  0.000000	  0.000000	  0.014085	
  0.000000	  0.000000	  0.000000	  1.000000	
  0.997467	  0.000950	  0.000633	  0.000950	
  0.029969	  0.005810	  0.963303	  0.000917	
  0.269702	  0.569223	  0.026358	  0.134718	

URL http://cisbp.ccbr.utoronto.ca/TFreport.php?versionNumber=2.00&searchTF=T259584_2.00

MOTIF M03368_2.00 (HNAJ_0000268201)_(Homo_sapiens)_(DBD_0.67)

letter-probability matrix: alength= 4 w= 18 nsites= 1 E= 0
  0.294227	  0.116676	  0.368715	  0.220381	
  0.001721	  0.060626	  0.013700	  0.923953	
  0.025844	  0.058492	  0.910372	  0.005292	
  0.761142	  0.012691	  0.008863	  0.217304	
  0.006591	  0.993409	  0.000000	  0.000000	
  0.000442	  0.997921	  0.001150	  0.000487	
  0.000000	  0.090683	  0.001980	  0.907338	
  0.013478	  0.463913	  0.058810	  0.463798	
  0.852353	  0.017166	  0.125401	  0.005080	
  0.001888	  0.203752	  0.012919	  0.781442	
  0.485207	  0.177024	  0.324039	  0.013729	
  0.884804	  0.007956	  0.106918	  0.000323	
  0.000000	  0.000000	  0.997948	  0.002052	
  0.001134	  0.000680	  0.995238	  0.002948	
  0.178487	  0.015384	  0.013364	  0.792766	
  0.007338	  0.949921	  0.023345	  0.019397	
  0.951037	  0.002867	  0.042723	  0.003373	
  0.193581	  0.454859	  0.062191	  0.289370	

URL http://cisbp.ccbr.utoronto.ca/TFreport.php?versionNumber=2.00&searchTF=T308840_2.00

MOTIF M03508_2.00 (HNAJ_0001340201)_(Homo_sapiens)_(DBD_0.75)

letter-probability matrix: alength= 4 w= 15 nsites= 1 E= 0
  0.887588	  0.105386	  0.007026	  0.000000	
  1.000000	  0.000000	  0.000000	  0.000000	
  0.000000	  0.992147	  0.007853	  0.000000	
  0.992147	  0.000000	  0.000000	  0.007853	
  0.853604	  0.146396	  0.000000	  0.000000	
  0.000000	  0.000000	  0.000000	  1.000000	
  0.954660	  0.000000	  0.030227	  0.015113	
  0.550000	  0.352381	  0.066667	  0.030952	
  0.000000	  1.000000	  0.000000	  0.000000	
  1.000000	  0.000000	  0.000000	  0.000000	
  0.000000	  0.000000	  0.000000	  1.000000	
  0.000000	  0.000000	  0.000000	  1.000000	
  0.000000	  0.000000	  1.000000	  0.000000	
  0.000000	  0.023018	  0.007673	  0.969309	
  0.005249	  0.000000	  0.000000	  0.994751	

URL http://cisbp.ccbr.utoronto.ca/TFreport.php?versionNumber=2.00&searchTF=T336459_2.00

MOTIF M03600_2.00 (HNAJ_0001324201)_(Drosophila_melanogaster)_(DBD_0.89)

letter-probability matrix: alength= 4 w= 14 nsites= 1 E= 0
  0.339925	  0.095104	  0.385122	  0.179849	
  0.116732	  0.334630	  0.242542	  0.306096	
  0.741097	  0.017324	  0.240616	  0.000962	
  0.969773	  0.002519	  0.018892	  0.008816	
  0.000000	  0.998703	  0.001297	  0.000000	
  1.000000	  0.000000	  0.000000	  0.000000	
  0.080000	  0.064444	  0.855556	  0.000000	
  0.001092	  0.840611	  0.061135	  0.097162	
  0.000000	  0.001297	  0.000000	  0.998703	
  0.000000	  0.000000	  1.000000	  0.000000	
  0.003783	  0.025221	  0.000000	  0.970996	
  0.000000	  0.241843	  0.019194	  0.738964	
  0.306892	  0.241873	  0.331599	  0.119636	
  0.191882	  0.363469	  0.097786	  0.346863	

URL http://cisbp.ccbr.utoronto.ca/TFreport.php?versionNumber=2.00&searchTF=T054164_2.00

MOTIF M03716_2.00 (HNAJ_0000311601)_(Drosophila_melanogaster)_(DBD_0.87)

letter-probability matrix: alength= 4 w= 14 nsites= 1 E= 0
  0.360100	  0.193048	  0.199210	  0.247641	
  0.256692	  0.265839	  0.218756	  0.258714	
  0.193215	  0.442108	  0.252895	  0.111783	
  0.352083	  0.000745	  0.644813	  0.002359	
  0.959889	  0.003789	  0.034473	  0.001848	
  0.001436	  0.003062	  0.001531	  0.993971	
  0.013441	  0.962736	  0.002874	  0.020949	
  0.351063	  0.015662	  0.625625	  0.007650	
  0.953019	  0.011654	  0.019637	  0.015691	
