MEME version 5.5.8 (Fri May 2 15:43:49 2025 -0700)

ALPHABET= ACGT

strands: + -

Background letter frequencies (from uniform background):
A 0.25000 C 0.25000 G 0.25000 T 0.25000 

MOTIF M00195_2.00 (LLOJ007756)_(Mus_musculus)_(DBD_0.91)

letter-probability matrix: alength= 4 w= 10 nsites= 1 E= 0
  0.279067	  0.181426	  0.181426	  0.358081	
  0.289551	  0.189085	  0.212315	  0.309049	
  0.000105	  0.000105	  0.000105	  0.999685	
  0.000105	  0.000105	  0.999685	  0.000105	
  0.000105	  0.999685	  0.000105	  0.000105	
  0.000105	  0.000105	  0.000105	  0.999685	
  0.000105	  0.000105	  0.999685	  0.000105	
  0.999685	  0.000105	  0.000105	  0.000105	
  0.068679	  0.613130	  0.162332	  0.155859	
  0.241038	  0.147190	  0.147190	  0.464583	

URL http://cisbp.ccbr.utoronto.ca/TFreport.php?versionNumber=2.00&searchTF=T335842_2.00

MOTIF M00399_2.00 (LLOJ005224)_(Mus_musculus)_(DBD_0.87)

letter-probability matrix: alength= 4 w= 8 nsites= 1 E= 0
  0.145807	  0.166050	  0.102749	  0.585395	
  0.047416	  0.026548	  0.887984	  0.038052	
  0.795904	  0.000436	  0.143952	  0.059709	
  0.041428	  0.910466	  0.001396	  0.046710	
  0.672067	  0.019113	  0.247239	  0.061581	
  0.160336	  0.171961	  0.418748	  0.248954	
  0.200186	  0.289816	  0.301643	  0.208355	
  0.204146	  0.262129	  0.190345	  0.343380	

URL http://cisbp.ccbr.utoronto.ca/TFreport.php?versionNumber=2.00&searchTF=T232501_2.00

MOTIF M00458_2.00 (LLOJ005259)_(Mus_musculus)_(DBD_0.98)

letter-probability matrix: alength= 4 w= 7 nsites= 1 E= 0
  0.207112	  0.268610	  0.252968	  0.271310	
  0.229210	  0.070431	  0.130927	  0.569432	
  0.521448	  0.073450	  0.236656	  0.168445	
  0.627941	  0.108034	  0.128053	  0.135972	
  0.172464	  0.088251	  0.270478	  0.468806	
  0.209059	  0.140136	  0.302661	  0.348144	
  0.255000	  0.139947	  0.428917	  0.176137	

URL http://cisbp.ccbr.utoronto.ca/TFreport.php?versionNumber=2.00&searchTF=T232502_2.00

MOTIF M00476_2.00 (LLOJ008569)_(Mus_musculus)_(DBD_1.00)

letter-probability matrix: alength= 4 w= 9 nsites= 1 E= 0
  0.219817	  0.202917	  0.222026	  0.355240	
  0.214850	  0.129017	  0.132946	  0.523188	
  0.513373	  0.061621	  0.131763	  0.293243	
  0.787783	  0.015788	  0.077418	  0.119012	
  0.061583	  0.194490	  0.104625	  0.639303	
  0.168088	  0.140399	  0.363030	  0.328483	
  0.320844	  0.119218	  0.380298	  0.179640	
  0.183628	  0.344782	  0.238153	  0.233437	
  0.224687	  0.297291	  0.224687	  0.253334	

URL http://cisbp.ccbr.utoronto.ca/TFreport.php?versionNumber=2.00&searchTF=T232531_2.00

MOTIF M00483_2.00 (LLOJ003563)_(Mus_musculus)_(DBD_0.96)

letter-probability matrix: alength= 4 w= 7 nsites= 1 E= 0
  0.247356	  0.242458	  0.265291	  0.244895	
  0.187686	  0.245862	  0.203318	  0.363134	
  0.206531	  0.145540	  0.437226	  0.210703	
  0.818609	  0.111900	  0.033704	  0.035788	
  0.126658	  0.170970	  0.099632	  0.602740	
  0.539508	  0.337193	  0.043409	  0.079890	
  0.146793	  0.419484	  0.179294	  0.254430	

URL http://cisbp.ccbr.utoronto.ca/TFreport.php?versionNumber=2.00&searchTF=T232493_2.00

MOTIF M00554_2.00 (LLOJ006217)_(Drosophila_melanogaster)_(DBD_0.98)

letter-probability matrix: alength= 4 w= 10 nsites= 1 E= 0
  0.251496	  0.177226	  0.199822	  0.371455	
  0.148997	  0.073254	  0.136173	  0.641576	
  0.122081	  0.052704	  0.056525	  0.768690	
  0.381649	  0.037883	  0.070422	  0.510046	
  0.882245	  0.000299	  0.060489	  0.056967	
  0.048121	  0.268735	  0.096905	  0.586239	
  0.165526	  0.087281	  0.407129	  0.340063	
  0.403411	  0.084771	  0.354234	  0.157584	
  0.125944	  0.405791	  0.231791	  0.236474	
  0.189990	  0.335953	  0.201738	  0.272318	

URL http://cisbp.ccbr.utoronto.ca/TFreport.php?versionNumber=2.00&searchTF=T232510_2.00

MOTIF M00555_2.00 (LLOJ004259)_(Drosophila_melanogaster)_(DBD_1.00)

letter-probability matrix: alength= 4 w= 8 nsites= 1 E= 0
  0.102338	  0.069985	  0.032730	  0.794948	
  0.792313	  0.045831	  0.074066	  0.087791	
  0.951444	  0.000214	  0.021285	  0.027058	
  0.034616	  0.020995	  0.051640	  0.892749	
  0.077589	  0.068130	  0.095720	  0.758561	
  0.350452	  0.037684	  0.507361	  0.104504	
  0.214873	  0.273157	  0.327028	  0.184943	
  0.211851	  0.274755	  0.209743	  0.303652	

URL http://cisbp.ccbr.utoronto.ca/TFreport.php?versionNumber=2.00&searchTF=T232497_2.00

MOTIF M00557_2.00 (LLOJ006856)_(Drosophila_melanogaster)_(DBD_1.00)

letter-probability matrix: alength= 4 w= 9 nsites= 1 E= 0
  0.243483	  0.258539	  0.306448	  0.191530	
  0.206850	  0.317982	  0.181634	  0.293534	
  0.110856	  0.033389	  0.011684	  0.844070	
  0.894610	  0.051233	  0.053860	  0.000297	
  0.947543	  0.000984	  0.023427	  0.028047	
  0.139344	  0.033346	  0.087090	  0.740219	
  0.192569	  0.124022	  0.232864	  0.450544	
  0.357775	  0.064709	  0.468673	  0.108843	
  0.187431	  0.305947	  0.291025	  0.215597	

URL http://cisbp.ccbr.utoronto.ca/TFreport.php?versionNumber=2.00&searchTF=T232516_2.00

MOTIF M00938_2.00 (LLOJ003470)_(Homo_sapiens)_(DBD_0.90)

letter-probability matrix: alength= 4 w= 8 nsites= 1 E= 0
  0.154807	  0.725964	  0.035816	  0.083413	
  0.043175	  0.956653	  0.000086	  0.000086	
  0.845970	  0.007767	  0.100046	  0.046217	
  0.000076	  0.839515	  0.000076	  0.160333	
  0.229014	  0.000076	  0.770833	  0.000076	
  0.015339	  0.152701	  0.000076	  0.831883	
  0.000081	  0.000081	  0.999758	  0.000081	
  0.197699	  0.476639	  0.081474	  0.244189	

URL http://cisbp.ccbr.utoronto.ca/TFreport.php?versionNumber=2.00&searchTF=T053170_2.00

MOTIF M01012_2.00 (LLOJ002533)_(Drosophila_melanogaster)_(DBD_0.84)

letter-probability matrix: alength= 4 w= 10 nsites= 1 E= 0
  0.286397	  0.223046	  0.246504	  0.244052	
  0.304560	  0.204153	  0.244415	  0.246872	
  0.289449	  0.220959	  0.261904	  0.227688	
  0.238916	  0.251165	  0.229548	  0.280371	
  0.191173	  0.159681	  0.535489	  0.113656	
  0.970300	  0.001459	  0.001729	  0.026512	
  0.150692	  0.695922	  0.001180	  0.152206	
  0.042000	  0.000476	  0.932304	  0.025221	
  0.023255	  0.969232	  0.000648	  0.006865	
  0.186996	  0.257517	  0.287461	  0.268027	

URL http://cisbp.ccbr.utoronto.ca/TFreport.php?versionNumber=2.00&searchTF=T190180_2.00

MOTIF M01013_2.00 (LLOJ006903)_(Drosophila_melanogaster)_(DBD_0.88)

letter-probability matrix: alength= 4 w= 10 nsites= 1 E= 0
  0.284331	  0.208542	  0.217052	  0.290075	
  0.282899	  0.199355	  0.271806	  0.245940	
  0.262076	  0.126297	  0.394901	  0.216726	
  0.543238	  0.172009	  0.107506	  0.177247	
  0.247908	  0.519600	  0.003644	  0.228848	
  0.333431	  0.073658	  0.454609	  0.138302	
  0.243370	  0.520392	  0.110452	  0.125786	
  0.271118	  0.240460	  0.209046	  0.279375	
  0.335408	  0.205480	  0.220379	  0.238733	
  0.303345	  0.209531	  0.218082	  0.269043	

URL http://cisbp.ccbr.utoronto.ca/TFreport.php?versionNumber=2.00&searchTF=T190186_2.00

MOTIF M01302_2.00 (LLOJ002076)_(Drosophila_melanogaster)_(DBD_0.98)

letter-probability matrix: alength= 4 w= 10 nsites= 1 E= 0
  0.177457	  0.329879	  0.339926	  0.152738	
  0.401341	  0.125815	  0.306375	  0.166469	
  0.415852	  0.142641	  0.148462	  0.293046	
  0.020216	  0.435500	  0.467077	  0.077207	
  0.093553	  0.698217	  0.088105	  0.120125	
  0.302454	  0.000750	  0.615188	  0.081608	
  0.057821	  0.148021	  0.193902	  0.600255	
  0.295725	  0.110989	  0.502416	  0.090870	
  0.537427	  0.112933	  0.147938	  0.201702	
  0.234556	  0.559864	  0.092545	  0.113035	

URL http://cisbp.ccbr.utoronto.ca/TFreport.php?versionNumber=2.00&searchTF=T312453_2.00

MOTIF M01495_2.00 (LLOJ000235)_(Mus_musculus)_(DBD_0.95)

letter-probability matrix: alength= 4 w= 10 nsites= 1 E= 0
  0.281573	  0.232850	  0.257339	  0.228239	
  0.414866	  0.149598	  0.249125	  0.186411	
  0.179962	  0.494103	  0.211187	  0.114749	
  0.259489	  0.638239	  0.085517	  0.016755	
  0.004798	  0.001474	  0.980684	  0.013043	
  0.008733	  0.003278	  0.979598	  0.008391	
  0.916015	  0.015333	  0.027386	  0.041266	
  0.617614	  0.075631	  0.032004	  0.274751	
  0.365042	  0.122733	  0.437035	  0.075190	
  0.145434	  0.289954	  0.127705	  0.436908	

URL http://cisbp.ccbr.utoronto.ca/TFreport.php?versionNumber=2.00&searchTF=T178277_2.00

MOTIF M01730_2.00 (LLOJ001927)_(Mus_musculus)_(DBD_0.85)

letter-probability matrix: alength= 4 w= 10 nsites= 1 E= 0
  0.349915	  0.146774	  0.278558	  0.224752	
  0.357002	  0.417355	  0.173504	  0.052139	
  0.139509	  0.827857	  0.032001	  0.000633	
  0.724593	  0.000000	  0.227645	  0.047763	
  0.064454	  0.126184	  0.294078	  0.515285	
  0.515285	  0.294078	  0.126184	  0.064454	
  0.047763	  0.227645	  0.000000	  0.724593	
  0.000633	  0.032001	  0.827857	  0.139509	
  0.052139	  0.173504	  0.417355	  0.357002	
  0.224752	  0.278558	  0.146774	  0.349915	

URL http://cisbp.ccbr.utoronto.ca/TFreport.php?versionNumber=2.00&searchTF=T053160_2.00

MOTIF M01896_2.00 (LLOJ006231)_(Bombyx_mori)_(DBD_0.83)

letter-probability matrix: alength= 4 w= 10 nsites= 1 E= 0
  0.234003	  0.269167	  0.213862	  0.282968	
  0.165030	  0.378465	  0.117463	  0.339042	
  0.161689	  0.623702	  0.107305	  0.107305	
  0.189188	  0.117066	  0.634438	  0.059308	
  0.000295	  0.880381	  0.000177	  0.119147	
  0.110357	  0.107095	  0.694866	  0.087682	
  0.291421	  0.222465	  0.300296	  0.185818	
  0.262292	  0.257099	  0.223511	  0.257099	
  0.235549	  0.255168	  0.200722	  0.308561	
  0.248131	  0.238401	  0.222284	  0.291184	

URL http://cisbp.ccbr.utoronto.ca/TFreport.php?versionNumber=2.00&searchTF=T162733_2.00

MOTIF M01931_2.00 (LLOJ000913)_(Homo_sapiens)_(DBD_0.85)

letter-probability matrix: alength= 4 w= 10 nsites= 1 E= 0
  0.152291	  0.152291	  0.246263	  0.449154	
  0.765274	  0.048025	  0.048025	  0.138675	
  0.999536	  0.000155	  0.000155	  0.000155	
  0.000155	  0.000155	  0.000155	  0.999536	
  0.129788	  0.000155	  0.489012	  0.381045	
  0.000155	  0.000155	  0.000155	  0.999536	
  0.908886	  0.000155	  0.000155	  0.090805	
  0.091796	  0.000155	  0.000155	  0.907895	
  0.279387	  0.195482	  0.097864	  0.427268	
  0.393611	  0.202130	  0.202130	  0.202130	

URL http://cisbp.ccbr.utoronto.ca/TFreport.php?versionNumber=2.00&searchTF=T169628_2.00

MOTIF M02036_2.00 (LLOJ003912)_(Anopheles_gambiae)_(DBD_0.77)

letter-probability matrix: alength= 4 w= 10 nsites= 1 E= 0
  0.261771	  0.225308	  0.232170	  0.280751	
  0.223856	  0.240087	  0.181454	  0.354604	
  0.302711	  0.096813	  0.282246	  0.318231	
  0.801923	  0.050755	  0.112958	  0.034364	
  0.000105	  0.981683	  0.000051	  0.018161	
  0.641522	  0.118373	  0.136162	  0.103943	
  0.273446	  0.233015	  0.156195	  0.337344	
  0.179068	  0.227640	  0.436054	  0.157239	
  0.300476	  0.243561	  0.271882	  0.184080	
  0.249336	  0.249336	  0.244399	  0.256929	

URL http://cisbp.ccbr.utoronto.ca/TFreport.php?versionNumber=2.00&searchTF=T232494_2.00

MOTIF M02079_2.00 (LLOJ001010)_(Danio_rerio)_(DBD_1.00)

letter-probability matrix: alength= 4 w= 11 nsites= 1 E= 0
  0.302242	  0.232586	  0.232586	  0.232586	
  0.307145	  0.161528	  0.286763	  0.244565	
  0.058793	  0.200678	  0.058793	  0.681736	
  0.000022	  0.000022	  0.000022	  0.999933	
  0.999933	  0.000022	  0.000022	  0.000022	
  0.999933	  0.000022	  0.000022	  0.000022	
  0.000022	  0.000022	  0.000022	  0.999933	
  0.000022	  0.000022	  0.000022	  0.999933	
  0.947691	  0.017436	  0.017436	  0.017436	
  0.232706	  0.088495	  0.590304	  0.088495	
  0.256077	  0.191230	  0.259937	  0.292756	

URL http://cisbp.ccbr.utoronto.ca/TFreport.php?versionNumber=2.00&searchTF=T232474_2.00

MOTIF M02113_2.00 (LLOJ005881)_(Drosophila_melanogaster)_(DBD_0.95)

letter-probability matrix: alength= 4 w= 10 nsites= 1 E= 0
  0.209338	  0.253142	  0.321807	  0.215713	
  0.269176	  0.231682	  0.207548	  0.291594	
  0.108996	  0.124128	  0.038142	  0.728735	
  0.818862	  0.018319	  0.138091	  0.024728	
  0.925508	  0.028799	  0.000527	  0.045166	
  0.090056	  0.159244	  0.124019	  0.626680	
  0.097497	  0.244649	  0.314135	  0.343719	
  0.322285	  0.084389	  0.452794	  0.140532	
  0.204560	  0.257459	  0.351027	  0.186954	
  0.179474	  0.298877	  0.181278	  0.340370	

URL http://cisbp.ccbr.utoronto.ca/TFreport.php?versionNumber=2.00&searchTF=T232506_2.00

MOTIF M02121_2.00 (LLOJ000987)_(Drosophila_melanogaster)_(DBD_1.00)

letter-probability matrix: alength= 4 w= 10 nsites= 1 E= 0
  0.292329	  0.229079	  0.288644	  0.189949	
  0.136427	  0.336877	  0.156525	  0.370171	
  0.034513	  0.118059	  0.009674	  0.837754	
  0.801571	  0.072692	  0.093201	  0.032536	
  0.970781	  0.007894	  0.008025	  0.013300	
  0.013300	  0.008025	  0.007894	  0.970781	
  0.032536	  0.093201	  0.072692	  0.801571	
  0.837754	  0.009674	  0.118059	  0.034513	
  0.370171	  0.156525	  0.336877	  0.136427	
  0.189949	  0.288644	  0.229079	  0.292329	

URL http://cisbp.ccbr.utoronto.ca/TFreport.php?versionNumber=2.00&searchTF=T232473_2.00

MOTIF M02123_2.00 (LLOJ002542)_(Drosophila_melanogaster)_(DBD_1.00)

letter-probability matrix: alength= 4 w= 9 nsites= 1 E= 0
  0.191780	  0.272148	  0.142074	  0.393998	
  0.173245	  0.054856	  0.025912	  0.745987	
  0.740236	  0.048278	  0.096252	  0.115234	
  0.897022	  0.008750	  0.032107	  0.062121	
  0.048310	  0.033704	  0.177262	  0.740724	
  0.140466	  0.702726	  0.053784	  0.103024	
  0.087353	  0.626382	  0.079835	  0.206430	
  0.206494	  0.343873	  0.223692	  0.225941	
  0.208138	  0.289514	  0.204017	  0.298331	

URL http://cisbp.ccbr.utoronto.ca/TFreport.php?versionNumber=2.00&searchTF=T232483_2.00

MOTIF M02125_2.00 (LLOJ009601)_(Drosophila_melanogaster)_(DBD_0.74)

letter-probability matrix: alength= 4 w= 9 nsites= 1 E= 0
  0.263676	  0.236210	  0.288508	  0.211605	
  0.166180	  0.344836	  0.200953	  0.288031	
  0.099773	  0.489263	  0.095861	  0.315103	
  0.603177	  0.129310	  0.092964	  0.174550	
  0.795539	  0.078966	  0.083015	  0.042479	
  0.075531	  0.099937	  0.055955	  0.768577	
  0.259932	  0.281581	  0.100526	  0.357960	
  0.467314	  0.147969	  0.147969	  0.236749	
  0.319988	  0.210247	  0.244272	  0.225492	

URL http://cisbp.ccbr.utoronto.ca/TFreport.php?versionNumber=2.00&searchTF=T232536_2.00

MOTIF M02128_2.00 (LLOJ006552)_(Drosophila_melanogaster)_(DBD_0.98)

letter-probability matrix: alength= 4 w= 8 nsites= 1 E= 0
  0.699401	  0.033622	  0.033622	  0.233356	
  0.152259	  0.065378	  0.043658	  0.738705	
  0.053712	  0.018023	  0.000178	  0.928087	
  0.821021	  0.000178	  0.000178	  0.178622	
  0.963776	  0.000178	  0.000178	  0.035867	
  0.071556	  0.000178	  0.000178	  0.928087	
  0.109193	  0.000182	  0.036519	  0.854106	
  0.871811	  0.000213	  0.085247	  0.042730	

URL http://cisbp.ccbr.utoronto.ca/TFreport.php?versionNumber=2.00&searchTF=T232512_2.00

MOTIF M02130_2.00 (LLOJ009568)_(Drosophila_melanogaster)_(DBD_0.93)

letter-probability matrix: alength= 4 w= 8 nsites= 1 E= 0
  0.143061	  0.048004	  0.048004	  0.760932	
  0.000322	  0.064755	  0.000322	  0.934601	
  0.999092	  0.000303	  0.000303	  0.000303	
  0.999092	  0.000303	  0.000303	  0.000303	
  0.000303	  0.000303	  0.000303	  0.999092	
  0.000303	  0.000303	  0.000303	  0.999092	
  0.895661	  0.000344	  0.103650	  0.000344	
  0.091198	  0.181942	  0.499546	  0.227314	

URL http://cisbp.ccbr.utoronto.ca/TFreport.php?versionNumber=2.00&searchTF=T232535_2.00

MOTIF M02147_2.00 (LLOJ006069)_(Nematostella_vectensis)_(DBD_0.54)

letter-probability matrix: alength= 4 w= 10 nsites= 1 E= 0
  0.278816	  0.247673	  0.255282	  0.218229	
  0.193819	  0.291332	  0.190112	  0.324737	
  0.267659	  0.193115	  0.126695	  0.412532	
  0.419900	  0.162984	  0.208787	  0.208330	
  0.569557	  0.167110	  0.130840	  0.132493	
  0.132493	  0.130840	  0.167110	  0.569557	
  0.208330	  0.208787	  0.162984	  0.419900	
  0.412532	  0.126695	  0.193115	  0.267659	
  0.324737	  0.190112	  0.291332	  0.193819	
  0.218229	  0.255282	  0.247673	  0.278816	

URL http://cisbp.ccbr.utoronto.ca/TFreport.php?versionNumber=2.00&searchTF=T232508_2.00

MOTIF M02408_2.00 (LLOJ000605)_(Drosophila_melanogaster)_(DBD_0.90)

letter-probability matrix: alength= 4 w= 12 nsites= 1 E= 0
  0.200832	  0.200832	  0.200832	  0.397504	
  0.198971	  0.109814	  0.581401	  0.109814	
  0.760318	  0.194141	  0.022771	  0.022771	
  0.106323	  0.329688	  0.541218	  0.022771	
  0.000202	  0.000202	  0.999393	  0.000202	
  0.000202	  0.000202	  0.000202	  0.999393	
  0.000202	  0.999393	  0.000202	  0.000202	
  0.999393	  0.000202	  0.000202	  0.000202	
  0.756390	  0.049370	  0.144869	  0.049370	
  0.226166	  0.140388	  0.230661	  0.402784	
  0.227432	  0.227432	  0.227432	  0.317705	
  0.227432	  0.227432	  0.227432	  0.317705	

URL http://cisbp.ccbr.utoronto.ca/TFreport.php?versionNumber=2.00&searchTF=T307812_2.00

MOTIF M02409_2.00 (LLOJ002531)_(Drosophila_pseudoobscura)_(DBD_0.97)

letter-probability matrix: alength= 4 w= 8 nsites= 1 E= 0
  0.399402	  0.000996	  0.598606	  0.000996	
  0.816123	  0.000906	  0.091486	  0.091486	
  0.000906	  0.091486	  0.906703	  0.000906	
  0.997283	  0.000906	  0.000906	  0.000906	
  0.000906	  0.000906	  0.000906	  0.997283	
  0.000906	  0.906703	  0.091486	  0.000906	
  0.997283	  0.000906	  0.000906	  0.000906	
  0.569602	  0.285511	  0.001420	  0.143466	

URL http://cisbp.ccbr.utoronto.ca/TFreport.php?versionNumber=2.00&searchTF=T307816_2.00

MOTIF M02453_2.00 (LLOJ001292)_(Apis_mellifera)_(DBD_0.87)

letter-probability matrix: alength= 4 w= 10 nsites= 1 E= 0
  0.064581	  0.002968	  0.923263	  0.009188	
  0.023968	  0.045912	  0.044112	  0.886008	
  0.223272	  0.210269	  0.028174	  0.538285	
  0.256252	  0.036458	  0.521214	  0.186077	
  0.035172	  0.706451	  0.057989	  0.200388	
  0.022564	  0.435435	  0.088796	  0.453205	
  0.725050	  0.058924	  0.103156	  0.112870	
  0.323945	  0.156112	  0.259972	  0.259972	
  0.139259	  0.160186	  0.611759	  0.088796	
  0.167826	  0.260585	  0.362465	  0.209124	

URL http://cisbp.ccbr.utoronto.ca/TFreport.php?versionNumber=2.00&searchTF=T319144_2.00

MOTIF M02531_2.00 (LLOJ002141)_(Strongylocentrotus_purpuratus)_(DBD_0.83)

letter-probability matrix: alength= 4 w= 10 nsites= 1 E= 0
  0.329088	  0.211945	  0.207748	  0.251219	
  0.341064	  0.190961	  0.215308	  0.252666	
  0.380265	  0.141297	  0.226075	  0.252363	
  0.182256	  0.140529	  0.140529	  0.536686	
  0.184768	  0.106602	  0.125098	  0.583532	
  0.070854	  0.464339	  0.099546	  0.365262	
  0.678507	  0.007463	  0.257210	  0.056820	
  0.773469	  0.036266	  0.079114	  0.111151	
  0.727567	  0.064053	  0.109915	  0.098465	
  0.299483	  0.260358	  0.105854	  0.334306	

URL http://cisbp.ccbr.utoronto.ca/TFreport.php?versionNumber=2.00&searchTF=T346241_2.00

MOTIF M02698_2.00 (LLOJ001072)_(Arabidopsis_thaliana)_(DBD_0.89)

letter-probability matrix: alength= 4 w= 11 nsites= 1 E= 0
  0.140000	  0.450000	  0.230000	  0.180000	
  0.160000	  0.270000	  0.550000	  0.020000	
  0.000000	  0.919192	  0.040404	  0.040404	
  0.000000	  0.050000	  0.930000	  0.020000	
  0.040404	  0.939394	  0.000000	  0.020202	
  0.040404	  0.020202	  0.020202	  0.919192	
  0.080808	  0.000000	  0.858586	  0.060606	
  0.960000	  0.000000	  0.020000	  0.020000	
  0.040000	  0.040000	  0.920000	  0.000000	
  0.020000	  0.550000	  0.260000	  0.170000	
  0.151515	  0.323232	  0.242424	  0.282828	

URL http://cisbp.ccbr.utoronto.ca/TFreport.php?versionNumber=2.00&searchTF=T291390_2.00

MOTIF M03087_2.00 (LLOJ001498)_(Homo_sapiens)_(DBD_0.61)

letter-probability matrix: alength= 4 w= 8 nsites= 1 E= 0
  0.050776	  0.567735	  0.037679	  0.343811	
  0.096070	  0.163832	  0.029930	  0.710167	
  0.886769	  0.040902	  0.036132	  0.036197	
  0.970260	  0.011009	  0.012296	  0.006434	
  0.012245	  0.014168	  0.007333	  0.966254	
  0.055381	  0.046932	  0.060685	  0.837003	
  0.722030	  0.027451	  0.177528	  0.072990	
  0.193501	  0.261956	  0.269545	  0.274998	

URL http://cisbp.ccbr.utoronto.ca/TFreport.php?versionNumber=2.00&searchTF=T232477_2.00

MOTIF M03168_2.00 (LLOJ006146)_(Homo_sapiens)_(DBD_0.40)

letter-probability matrix: alength= 4 w= 8 nsites= 1 E= 0
  0.072612	  0.450780	  0.073912	  0.402697	
  0.096614	  0.141577	  0.014371	  0.747439	
  0.795066	  0.130619	  0.028606	  0.045709	
  0.940555	  0.027395	  0.008236	  0.023814	
  0.050778	  0.014703	  0.036416	  0.898102	
  0.063239	  0.039960	  0.242873	  0.653928	
  0.742999	  0.012306	  0.188402	  0.056294	
  0.185954	  0.363723	  0.177579	  0.272745	

URL http://cisbp.ccbr.utoronto.ca/TFreport.php?versionNumber=2.00&searchTF=T232509_2.00

MOTIF M03205_2.00 (LLOJ007159)_(Homo_sapiens)_(DBD_0.60)

letter-probability matrix: alength= 4 w= 10 nsites= 1 E= 0
  0.266047	  0.180743	  0.257601	  0.295608	
  0.146238	  0.264582	  0.210482	  0.378698	
  0.079537	  0.006950	  0.000000	  0.913514	
  0.848029	  0.000000	  0.075986	  0.075986	
  0.873063	  0.002214	  0.058303	  0.066421	
  0.034200	  0.084131	  0.072503	  0.809166	
  0.124648	  0.042254	  0.283099	  0.550000	
  0.540959	  0.035424	  0.332103	  0.091513	
  0.191040	  0.218090	  0.452240	  0.138631	
  0.213018	  0.176669	  0.330516	  0.279797	

URL http://cisbp.ccbr.utoronto.ca/TFreport.php?versionNumber=2.00&searchTF=T232518_2.00

MOTIF M03464_2.00 (LLOJ002049)_(Homo_sapiens)_(DBD_0.74)

letter-probability matrix: alength= 4 w= 16 nsites= 1 E= 0
  0.346042	  0.180102	  0.101307	  0.372549	
  0.499099	  0.111478	  0.277043	  0.112380	
  0.814229	  0.080237	  0.091700	  0.013834	
  0.010607	  0.967849	  0.013590	  0.007955	
  0.010255	  0.960966	  0.019517	  0.009262	
  0.179980	  0.014593	  0.790323	  0.015105	
  0.013518	  0.947247	  0.019782	  0.019453	
  0.879192	  0.024242	  0.027071	  0.069495	
  0.754116	  0.023417	  0.196121	  0.026345	
  0.844211	  0.058275	  0.077312	  0.020202	
  0.043840	  0.907520	  0.030080	  0.018560	
  0.026658	  0.921001	  0.027308	  0.025033	
  0.288510	  0.048611	  0.638573	  0.024306	
  0.038779	  0.891291	  0.033376	  0.036554	
  0.700671	  0.087248	  0.148322	  0.063758	
  0.435691	  0.133382	  0.278857	  0.152070	

URL http://cisbp.ccbr.utoronto.ca/TFreport.php?versionNumber=2.00&searchTF=T319773_2.00

MOTIF M03582_2.00 (LLOJ000532)_(Drosophila_melanogaster)_(DBD_0.87)

letter-probability matrix: alength= 4 w= 7 nsites= 1 E= 0
  0.030303	  0.242424	  0.045455	  0.681818	
  0.000000	  0.015152	  0.969697	  0.015152	
  0.000000	  0.000000	  1.000000	  0.000000	
  0.333333	  0.000000	  0.000000	  0.666667	
  0.045455	  0.954545	  0.000000	  0.000000	
  0.015152	  0.969697	  0.000000	  0.015152	
  0.818182	  0.075758	  0.075758	  0.030303	

URL http://cisbp.ccbr.utoronto.ca/TFreport.php?versionNumber=2.00&searchTF=T150889_2.00

MOTIF M03584_2.00 (LLOJ007971)_(Drosophila_melanogaster)_(DBD_0.82)

letter-probability matrix: alength= 4 w= 11 nsites= 1 E= 0
  0.264023	  0.276067	  0.111458	  0.348452	
  0.000000	  0.135372	  0.864628	  0.000000	
  0.000000	  0.980596	  0.019404	  0.000000	
  0.000000	  0.940726	  0.011685	  0.047590	
  0.000000	  0.210313	  0.131903	  0.657785	
  0.104797	  0.391657	  0.392211	  0.111335	
  0.657132	  0.135060	  0.207808	  0.000000	
  0.063490	  0.009856	  0.926654	  0.000000	
  0.000000	  0.017611	  0.982389	  0.000000	
  0.000000	  0.861385	  0.138615	  0.000000	
  0.349945	  0.105099	  0.276878	  0.268078	

URL http://cisbp.ccbr.utoronto.ca/TFreport.php?versionNumber=2.00&searchTF=T011295_2.00

MOTIF M03593_2.00 (LLOJ002325)_(Drosophila_melanogaster)_(DBD_0.98)

letter-probability matrix: alength= 4 w= 9 nsites= 1 E= 0
  0.484644	  0.240634	  0.234318	  0.040403	
  0.000199	  0.999801	  0.000000	  0.000000	
  0.996036	  0.000595	  0.003369	  0.000000	
  0.002589	  0.813334	  0.149527	  0.034550	
  0.008701	  0.583733	  0.398964	  0.008603	
  0.000000	  0.010645	  0.007715	  0.981641	
  0.000000	  0.000000	  1.000000	  0.000000	
  0.049923	  0.701857	  0.096704	  0.151515	
  0.425770	  0.164979	  0.243594	  0.165657	

URL http://cisbp.ccbr.utoronto.ca/TFreport.php?versionNumber=2.00&searchTF=T053165_2.00

MOTIF M03594_2.00 (LLOJ000067)_(Drosophila_melanogaster)_(DBD_1.00)

letter-probability matrix: alength= 4 w= 12 nsites= 1 E= 0
  0.113122	  0.425339	  0.072398	  0.389140	
  0.000000	  0.106007	  0.780919	  0.113074	
  0.131818	  0.436364	  0.390909	  0.040909	
  0.000000	  0.965066	  0.034934	  0.000000	
  1.000000	  0.000000	  0.000000	  0.000000	
  0.046809	  0.940426	  0.012766	  0.000000	
  0.166038	  0.000000	  0.833962	  0.000000	
  0.000000	  0.783688	  0.021277	  0.195035	
  0.018797	  0.000000	  0.830827	  0.150376	
  0.444934	  0.493392	  0.000000	  0.061674	
  0.197832	  0.598916	  0.130081	  0.073171	
  0.618834	  0.143498	  0.000000	  0.237668	

URL http://cisbp.ccbr.utoronto.ca/TFreport.php?versionNumber=2.00&searchTF=T053154_2.00

MOTIF M03595_2.00 (LLOJ009485)_(Drosophila_melanogaster)_(DBD_0.83)

letter-probability matrix: alength= 4 w= 10 nsites= 1 E= 0
  0.728879	  0.068925	  0.186990	  0.015206	
  0.750779	  0.186916	  0.006231	  0.056075	
  0.000000	  0.996154	  0.000000	  0.003846	
  0.941818	  0.025455	  0.025455	  0.007273	
  0.000000	  0.000000	  1.000000	  0.000000	
  0.000000	  0.984791	  0.015209	  0.000000	
  0.022642	  0.000000	  0.000000	  0.977358	
  0.000000	  0.000000	  0.996154	  0.003846	
  0.722008	  0.000000	  0.000000	  0.277992	
  0.003425	  0.068493	  0.041096	  0.886986	

URL http://cisbp.ccbr.utoronto.ca/TFreport.php?versionNumber=2.00&searchTF=T053191_2.00

MOTIF M03600_2.00 (LLOJ004446)_(Drosophila_melanogaster)_(DBD_0.94)

letter-probability matrix: alength= 4 w= 14 nsites= 1 E= 0
  0.339925	  0.095104	  0.385122	  0.179849	
  0.116732	  0.334630	  0.242542	  0.306096	
  0.741097	  0.017324	  0.240616	  0.000962	
  0.969773	  0.002519	  0.018892	  0.008816	
  0.000000	  0.998703	  0.001297	  0.000000	
  1.000000	  0.000000	  0.000000	  0.000000	
  0.080000	  0.064444	  0.855556	  0.000000	
  0.001092	  0.840611	  0.061135	  0.097162	
  0.000000	  0.001297	  0.000000	  0.998703	
  0.000000	  0.000000	  1.000000	  0.000000	
  0.003783	  0.025221	  0.000000	  0.970996	
  0.000000	  0.241843	  0.019194	  0.738964	
  0.306892	  0.241873	  0.331599	  0.119636	
  0.191882	  0.363469	  0.097786	  0.346863	

URL http://cisbp.ccbr.utoronto.ca/TFreport.php?versionNumber=2.00&searchTF=T053174_2.00

MOTIF M03609_2.00 (LLOJ002704)_(Drosophila_melanogaster)_(DBD_0.96)

letter-probability matrix: alength= 4 w= 16 nsites= 1 E= 0
  0.226283	  0.051322	  0.480560	  0.241835	
  0.150078	  0.066096	  0.604199	  0.179627	
  0.346444	  0.181034	  0.314655	  0.157866	
  0.052814	  0.893676	  0.023628	  0.029882	
  0.208877	  0.088773	  0.631201	  0.071149	
  0.000000	  1.000000	  0.000000	  0.000000	
  0.995356	  0.003870	  0.000774	  0.000000	
  0.000680	  0.098639	  0.874830	  0.025850	
  0.056641	  0.837240	  0.106120	  0.000000	
  0.000000	  0.000000	  0.000000	  1.000000	
  0.000000	  0.000776	  0.998447	  0.000776	
  0.090675	  0.655949	  0.082315	  0.171061	
  0.020408	  0.017593	  0.904996	  0.057002	
  0.152569	  0.319104	  0.189460	  0.338867	
  0.185848	  0.559876	  0.097201	  0.157076	
  0.216174	  0.518663	  0.082426	  0.182737	

URL http://cisbp.ccbr.utoronto.ca/TFreport.php?versionNumber=2.00&searchTF=T053166_2.00

MOTIF M03616_2.00 (LLOJ002069)_(Drosophila_melanogaster)_(DBD_0.93)

letter-probability matrix: alength= 4 w= 10 nsites= 1 E= 0
  0.180045	  0.200588	  0.465855	  0.153511	
  0.350167	  0.219352	  0.313883	  0.116599	
  0.000639	  0.999361	  0.000000	  0.000000	
  0.956887	  0.000000	  0.043113	  0.000000	
  0.000000	  1.000000	  0.000000	  0.000000	
  0.000319	  0.000160	  0.999521	  0.000000	
  0.000000	  0.041501	  0.000000	  0.958499	
  0.000080	  0.000000	  0.999681	  0.000240	
  0.116192	  0.312866	  0.216608	  0.354333	
  0.154279	  0.463801	  0.202779	  0.179140	

URL http://cisbp.ccbr.utoronto.ca/TFreport.php?versionNumber=2.00&searchTF=T053162_2.00

MOTIF M03618_2.00 (LLOJ009613)_(Drosophila_melanogaster)_(DBD_1.00)

letter-probability matrix: alength= 4 w= 10 nsites= 1 E= 0
  0.777778	  0.000000	  0.212121	  0.010101	
  0.373913	  0.478261	  0.147826	  0.000000	
  0.000000	  1.000000	  0.000000	  0.000000	
  0.970297	  0.019802	  0.009901	  0.000000	
  0.039216	  0.000000	  0.000000	  0.960784	
  0.980000	  0.000000	  0.010000	  0.010000	
  0.000000	  0.020000	  0.000000	  0.980000	
  0.029703	  0.000000	  0.970297	  0.000000	
  0.000000	  0.117117	  0.459459	  0.423423	
  0.000000	  0.408163	  0.000000	  0.591837	

URL http://cisbp.ccbr.utoronto.ca/TFreport.php?versionNumber=2.00&searchTF=T053192_2.00

MOTIF M03620_2.00 (LLOJ003726)_(Drosophila_melanogaster)_(DBD_0.96)

letter-probability matrix: alength= 4 w= 10 nsites= 1 E= 0
  0.281348	  0.142633	  0.492947	  0.083072	
  0.363636	  0.074451	  0.180251	  0.381661	
  0.000000	  1.000000	  0.000000	  0.000000	
  0.895512	  0.056802	  0.000000	  0.047686	
  0.036355	  0.251494	  0.635956	  0.076195	
  0.033258	  0.719842	  0.210259	  0.036640	
  0.046625	  0.000000	  0.064718	  0.888657	
  0.019201	  0.000000	  0.980799	  0.000000	
  0.363352	  0.223962	  0.122161	  0.290525	
  0.061864	  0.578700	  0.125294	  0.234143	

URL http://cisbp.ccbr.utoronto.ca/TFreport.php?versionNumber=2.00&searchTF=T053171_2.00

MOTIF M03623_2.00 (LLOJ000310)_(Drosophila_melanogaster)_(DBD_0.94)

letter-probability matrix: alength= 4 w= 14 nsites= 1 E= 0
  0.435785	  0.102757	  0.250443	  0.211015	
  0.540192	  0.062106	  0.260957	  0.136744	
  0.253384	  0.007614	  0.735195	  0.003807	
  0.012329	  0.000810	  0.039995	  0.946866	
  0.000000	  0.999328	  0.000611	  0.000061	
  0.998962	  0.000000	  0.000550	  0.000489	
  0.000000	  0.999206	  0.000000	  0.000794	
  0.000428	  0.000183	  0.999389	  0.000000	
  0.000305	  0.000916	  0.000000	  0.998779	
  0.000000	  0.000794	  0.999145	  0.000061	
  0.949173	  0.037482	  0.001509	  0.011836	
  0.003330	  0.738572	  0.006236	  0.251862	
  0.132213	  0.265098	  0.063203	  0.539487	
  0.215980	  0.243978	  0.105086	  0.434955	

URL http://cisbp.ccbr.utoronto.ca/TFreport.php?versionNumber=2.00&searchTF=T053156_2.00

MOTIF M03631_2.00 (LLOJ001925)_(Drosophila_melanogaster)_(DBD_0.55)

letter-probability matrix: alength= 4 w= 18 nsites= 1 E= 0
  0.336301	  0.021233	  0.039726	  0.602740	
  0.363319	  0.041144	  0.054393	  0.541144	
  0.125079	  0.003771	  0.824010	  0.047140	
  0.006203	  0.017990	  0.908189	  0.067618	
  0.740953	  0.179207	  0.079839	  0.000000	
  0.000000	  0.000000	  0.000639	  0.999361	
  0.000000	  0.000000	  0.994835	  0.005165	
  0.998696	  0.001304	  0.000000	  0.000000	
  0.000000	  0.998742	  0.000000	  0.001258	
  0.003129	  0.000000	  0.996245	  0.000626	
  0.000000	  0.000648	  0.000000	  0.999352	
  0.000649	  0.998053	  0.000649	  0.000649	
  0.999355	  0.000000	  0.000000	  0.000645	
  0.000000	  0.076174	  0.199313	  0.724513	
  0.060136	  0.920025	  0.015499	  0.004340	
  0.047229	  0.830605	  0.002519	  0.119647	
  0.544189	  0.050800	  0.059151	  0.345859	
  0.591186	  0.037966	  0.014237	  0.356610	

URL http://cisbp.ccbr.utoronto.ca/TFreport.php?versionNumber=2.00&searchTF=T073952_2.00

MOTIF M03632_2.00 (LLOJ000427)_(Drosophila_melanogaster)_(DBD_0.67)

letter-probability matrix: alength= 4 w= 12 nsites= 1 E= 0
  0.233167	  0.445162	  0.102593	  0.219078	
  0.134529	  0.101260	  0.737705	  0.026505	
  0.005015	  0.007153	  0.000000	  0.987832	
  0.094774	  0.891301	  0.000000	  0.013925	
  0.979682	  0.000000	  0.012761	  0.007556	
  0.003347	  0.000000	  0.934743	  0.061909	
  0.000000	  1.000000	  0.000000	  0.000000	
  0.749035	  0.004510	  0.203301	  0.043154	
  0.280312	  0.255716	  0.203770	  0.260202	
  0.374784	  0.075043	  0.093971	  0.456202	
  0.348339	  0.086967	  0.047537	  0.517157	
  0.214246	  0.202283	  0.074498	  0.508973	

URL http://cisbp.ccbr.utoronto.ca/TFreport.php?versionNumber=2.00&searchTF=T073948_2.00

MOTIF M03636_2.00 (LLOJ004302)_(Drosophila_melanogaster)_(DBD_0.84)

letter-probability matrix: alength= 4 w= 12 nsites= 1 E= 0
  0.188908	  0.167244	  0.468804	  0.175043	
  0.713167	  0.051957	  0.216370	  0.018505	
  0.000000	  0.018248	  0.029197	  0.952555	
  0.036633	  0.013250	  0.880748	  0.069369	
  0.968102	  0.000797	  0.022329	  0.008772	
  0.000000	  0.955008	  0.013582	  0.031409	
  0.018379	  0.031746	  0.948204	  0.001671	
  0.000000	  0.011254	  0.023312	  0.965434	
  0.068059	  0.876257	  0.053364	  0.002320	
  0.976900	  0.000000	  0.023100	  0.000000	
  0.000000	  0.233232	  0.038110	  0.728659	
  0.155399	  0.510975	  0.149254	  0.184372	

URL http://cisbp.ccbr.utoronto.ca/TFreport.php?versionNumber=2.00&searchTF=T073955_2.00

MOTIF M03639_2.00 (LLOJ004886)_(Drosophila_melanogaster)_(DBD_0.84)

letter-probability matrix: alength= 4 w= 13 nsites= 1 E= 0
  0.079477	  0.152370	  0.108475	  0.659678	
  0.050252	  0.025932	  0.861984	  0.061833	
  0.495514	  0.184257	  0.285146	  0.035083	
  0.022912	  0.048268	  0.014225	  0.914594	
  0.003074	  0.027987	  0.923248	  0.045691	
  0.993234	  0.002694	  0.002381	  0.001692	
  0.002831	  0.981939	  0.002944	  0.012286	
  0.001572	  0.000582	  0.995167	  0.002678	
  0.001106	  0.005940	  0.007046	  0.985907	
  0.013060	  0.028888	  0.945047	  0.013005	
  0.025363	  0.003145	  0.831034	  0.140459	
  0.074532	  0.878044	  0.011333	  0.036092	
  0.646670	  0.118195	  0.163020	  0.072115	

URL http://cisbp.ccbr.utoronto.ca/TFreport.php?versionNumber=2.00&searchTF=T073956_2.00

MOTIF M03642_2.00 (LLOJ006051)_(Drosophila_melanogaster)_(DBD_0.85)

letter-probability matrix: alength= 4 w= 12 nsites= 1 E= 0
  0.153467	  0.200174	  0.298520	  0.347839	
  0.557443	  0.096473	  0.336359	  0.009725	
  0.005035	  0.001007	  0.002445	  0.991513	
  0.002582	  0.000000	  0.008465	  0.988953	
  0.293492	  0.001995	  0.654917	  0.049596	
  0.007749	  0.920908	  0.003474	  0.067869	
  0.073966	  0.001064	  0.916988	  0.007982	
  0.052097	  0.660123	  0.000670	  0.287110	
  0.981210	  0.015943	  0.000000	  0.002847	
  0.986546	  0.004151	  0.003006	  0.006297	
  0.011071	  0.330034	  0.091170	  0.567726	
  0.339330	  0.306688	  0.214130	  0.139852	

URL http://cisbp.ccbr.utoronto.ca/TFreport.php?versionNumber=2.00&searchTF=T073958_2.00

MOTIF M03645_2.00 (LLOJ006612)_(Drosophila_melanogaster)_(DBD_0.88)

letter-probability matrix: alength= 4 w= 10 nsites= 1 E= 0
  0.334155	  0.142851	  0.444673	  0.078321	
  0.035720	  0.014595	  0.013937	  0.935748	
  0.008330	  0.021638	  0.103820	  0.866213	
  0.763350	  0.005013	  0.211674	  0.019963	
  0.003576	  0.781792	  0.019483	  0.195150	
  0.191987	  0.013925	  0.788953	  0.005135	
  0.018817	  0.205586	  0.006047	  0.769550	
  0.866873	  0.102018	  0.023484	  0.007625	
  0.931811	  0.017758	  0.011474	  0.038957	
  0.077535	  0.431822	  0.147847	  0.342796	

URL http://cisbp.ccbr.utoronto.ca/TFreport.php?versionNumber=2.00&searchTF=T073960_2.00

MOTIF M03649_2.00 (LLOJ001356)_(Drosophila_melanogaster)_(DBD_0.74)

letter-probability matrix: alength= 4 w= 10 nsites= 1 E= 0
  0.384668	  0.006531	  0.561361	  0.047439	
  0.001588	  0.123253	  0.000953	  0.874206	
  0.065251	  0.034252	  0.471314	  0.429183	
  0.895250	  0.016591	  0.032531	  0.055628	
  0.004306	  0.987442	  0.004665	  0.003588	
  0.023683	  0.001767	  0.972782	  0.001767	
  0.035094	  0.005792	  0.021465	  0.937649	
  0.337906	  0.580836	  0.030604	  0.050654	
  0.862696	  0.013166	  0.110345	  0.013793	
  0.052793	  0.086863	  0.015654	  0.844690	

URL http://cisbp.ccbr.utoronto.ca/TFreport.php?versionNumber=2.00&searchTF=T073950_2.00

MOTIF M03666_2.00 (LLOJ009104)_(Drosophila_melanogaster)_(DBD_0.92)

letter-probability matrix: alength= 4 w= 14 nsites= 1 E= 0
  0.095106	  0.015641	  0.039102	  0.850151	
  0.000593	  0.000000	  0.999407	  0.000000	
  0.000000	  1.000000	  0.000000	  0.000000	
  0.604376	  0.152618	  0.000538	  0.242468	
  0.000000	  0.326965	  0.670647	  0.002388	
  0.001481	  0.000000	  0.000000	  0.998519	
  0.000000	  0.000889	  0.999111	  0.000000	
  0.999703	  0.000297	  0.000000	  0.000000	
  0.000000	  0.000000	  0.000000	  1.000000	
  0.000297	  0.000000	  0.000000	  0.999703	
  0.000296	  0.002368	  0.000000	  0.997336	
  0.896277	  0.016223	  0.054255	  0.033245	
  0.064089	  0.026483	  0.016949	  0.892479	
  0.088359	  0.168286	  0.125573	  0.617782	

URL http://cisbp.ccbr.utoronto.ca/TFreport.php?versionNumber=2.00&searchTF=T151134_2.00

MOTIF M03667_2.00 (LLOJ001734)_(Drosophila_melanogaster)_(DBD_0.95)

letter-probability matrix: alength= 4 w= 14 nsites= 1 E= 0
  0.170807	  0.060041	  0.139752	  0.629400	
  0.009729	  0.000000	  0.989247	  0.001024	
  0.001033	  0.997934	  0.001033	  0.000000	
  0.000000	  0.001550	  0.000000	  0.998450	
  0.998966	  0.001034	  0.000000	  0.000000	
  0.001542	  0.992806	  0.002569	  0.003083	
  0.000000	  0.982206	  0.000000	  0.017794	
  0.011765	  0.000000	  0.988235	  0.000000	
  0.000000	  0.000000	  0.998966	  0.001034	
  0.002576	  0.000000	  0.002061	  0.995363	
  0.998966	  0.000000	  0.001034	  0.000000	
  0.000000	  0.000000	  1.000000	  0.000000	
  0.000000	  0.992806	  0.000000	  0.007194	
  0.634386	  0.147074	  0.060073	  0.158467	

URL http://cisbp.ccbr.utoronto.ca/TFreport.php?versionNumber=2.00&searchTF=T150922_2.00

MOTIF M03673_2.00 (LLOJ003272)_(Drosophila_melanogaster)_(DBD_0.97)

letter-probability matrix: alength= 4 w= 13 nsites= 1 E= 0
  0.369153	  0.077118	  0.495575	  0.058154	
  0.265048	  0.275164	  0.082195	  0.377592	
  0.007059	  0.011337	  0.845775	  0.135829	
  0.000503	  0.993717	  0.000000	  0.005780	
  0.982116	  0.006955	  0.003229	  0.007700	
  0.997477	  0.001514	  0.001009	  0.000000	
  0.003523	  0.994967	  0.001510	  0.000000	
  0.995719	  0.001259	  0.000000	  0.003022	
  0.047745	  0.002639	  0.948656	  0.000960	
  0.002013	  0.001258	  0.994717	  0.002013	
  0.000253	  0.001263	  0.000000	  0.998485	
  0.054025	  0.008179	  0.851055	  0.086741	
  0.050342	  0.112067	  0.622312	  0.215280	

URL http://cisbp.ccbr.utoronto.ca/TFreport.php?versionNumber=2.00&searchTF=T150961_2.00

MOTIF M03682_2.00 (LLOJ007007)_(Drosophila_melanogaster)_(DBD_0.99)

letter-probability matrix: alength= 4 w= 14 nsites= 1 E= 0
  0.396368	  0.393604	  0.051717	  0.158310	
  0.166667	  0.389098	  0.250313	  0.193922	
  0.107735	  0.000000	  0.867749	  0.024517	
  0.109127	  0.873016	  0.001984	  0.015873	
  0.010877	  0.961566	  0.014503	  0.013053	
  0.966910	  0.019951	  0.009732	  0.003406	
  0.006637	  0.971239	  0.000000	  0.022124	
  0.016226	  0.000000	  0.969057	  0.014717	
  0.002935	  0.963316	  0.011005	  0.022744	
  0.000743	  0.977695	  0.021561	  0.000000	
  0.011086	  0.967480	  0.005174	  0.016260	
  0.857764	  0.107873	  0.004350	  0.030013	
  0.213100	  0.083445	  0.682817	  0.020637	
  0.027843	  0.009965	  0.257620	  0.704572	

URL http://cisbp.ccbr.utoronto.ca/TFreport.php?versionNumber=2.00&searchTF=T151053_2.00

MOTIF M03687_2.00 (LLOJ002369)_(Drosophila_melanogaster)_(DBD_0.95)

letter-probability matrix: alength= 4 w= 10 nsites= 1 E= 0
  0.038760	  0.027907	  0.020930	  0.912403	
  0.007420	  0.970322	  0.004946	  0.017312	
  0.006552	  0.963964	  0.022932	  0.006552	
  0.035945	  0.846154	  0.014378	  0.103523	
  0.465195	  0.091681	  0.177419	  0.265705	
  0.061908	  0.857247	  0.056810	  0.024035	
  0.492114	  0.022871	  0.436909	  0.048107	
  0.012801	  0.066265	  0.886295	  0.034639	
  0.005710	  0.018760	  0.960033	  0.015498	
  0.816227	  0.090153	  0.008322	  0.085298	

URL http://cisbp.ccbr.utoronto.ca/TFreport.php?versionNumber=2.00&searchTF=T150935_2.00

MOTIF M03690_2.00 (LLOJ001905)_(Drosophila_melanogaster)_(DBD_0.88)

letter-probability matrix: alength= 4 w= 12 nsites= 1 E= 0
  0.438447	  0.174242	  0.238636	  0.148674	
  0.578313	  0.195509	  0.194962	  0.031216	
  0.104132	  0.872727	  0.010744	  0.012397	
  0.085435	  0.859235	  0.000814	  0.054516	
  0.986916	  0.008411	  0.003738	  0.000935	
  0.003766	  0.994350	  0.000000	  0.001883	
  0.005305	  0.933687	  0.003537	  0.057471	
  0.002820	  0.000000	  0.004699	  0.992481	
  0.008411	  0.004673	  0.986916	  0.000000	
  0.018165	  0.022707	  0.000000	  0.959128	
  0.146510	  0.050449	  0.073255	  0.729786	
