MEME version 5.5.8 (Fri May 2 15:43:49 2025 -0700)

ALPHABET= ACGT

strands: + -

Background letter frequencies (from uniform background):
A 0.25000 C 0.25000 G 0.25000 T 0.25000 

MOTIF M00129_2.00 (MESCA001237)_(Mus_musculus)_(DBD_0.82)

letter-probability matrix: alength= 4 w= 11 nsites= 1 E= 0
  0.297787	  0.205271	  0.291670	  0.205271	
  0.122468	  0.122468	  0.516476	  0.238588	
  0.853502	  0.048833	  0.048833	  0.048833	
  0.000178	  0.999466	  0.000178	  0.000178	
  0.000178	  0.999466	  0.000178	  0.000178	
  0.000178	  0.999466	  0.000178	  0.000178	
  0.000178	  0.999466	  0.000178	  0.000178	
  0.000178	  0.634038	  0.000178	  0.365605	
  0.044907	  0.678767	  0.044907	  0.231420	
  0.335713	  0.127710	  0.227261	  0.309315	
  0.201346	  0.300897	  0.201346	  0.296412	

URL http://cisbp.ccbr.utoronto.ca/TFreport.php?versionNumber=2.00&searchTF=T123170_2.00

MOTIF M00282_2.00 (MESCA001086)_(Homo_sapiens)_(DBD_0.91)

letter-probability matrix: alength= 4 w= 8 nsites= 1 E= 0
  0.000303	  0.091102	  0.000303	  0.908293	
  0.972192	  0.000270	  0.027268	  0.000270	
  0.999190	  0.000270	  0.000270	  0.000270	
  0.000270	  0.000270	  0.000270	  0.999190	
  0.000270	  0.000270	  0.000270	  0.999190	
  0.742295	  0.000285	  0.257135	  0.000285	
  0.143010	  0.107347	  0.642297	  0.107347	
  0.105567	  0.210609	  0.105567	  0.578256	

URL http://cisbp.ccbr.utoronto.ca/TFreport.php?versionNumber=2.00&searchTF=T220541_2.00

MOTIF M00346_2.00 (MESCA009023)_(Homo_sapiens)_(DBD_0.71)

letter-probability matrix: alength= 4 w= 10 nsites= 1 E= 0
  0.139888	  0.391835	  0.299119	  0.169159	
  0.019682	  0.000364	  0.804090	  0.175864	
  0.193802	  0.035404	  0.000448	  0.770345	
  0.057920	  0.712707	  0.003703	  0.225669	
  0.962768	  0.036959	  0.000011	  0.000262	
  0.031960	  0.731042	  0.000847	  0.236151	
  0.176323	  0.000067	  0.814289	  0.009321	
  0.016792	  0.450753	  0.513331	  0.019124	
  0.184926	  0.210599	  0.121505	  0.482970	
  0.197814	  0.256551	  0.195846	  0.349788	

URL http://cisbp.ccbr.utoronto.ca/TFreport.php?versionNumber=2.00&searchTF=T311997_2.00

MOTIF M00556_2.00 (MESCA010857)_(Drosophila_melanogaster)_(DBD_0.95)

letter-probability matrix: alength= 4 w= 10 nsites= 1 E= 0
  0.225403	  0.225403	  0.323790	  0.225403	
  0.125576	  0.231347	  0.418331	  0.224745	
  0.000115	  0.000115	  0.000115	  0.999655	
  0.999655	  0.000115	  0.000115	  0.000115	
  0.999655	  0.000115	  0.000115	  0.000115	
  0.000115	  0.000115	  0.000115	  0.999655	
  0.000115	  0.000115	  0.000115	  0.999655	
  0.999655	  0.000115	  0.000115	  0.000115	
  0.322805	  0.120694	  0.531790	  0.024712	
  0.219817	  0.229876	  0.223708	  0.326600	

URL http://cisbp.ccbr.utoronto.ca/TFreport.php?versionNumber=2.00&searchTF=T220574_2.00

MOTIF M00557_2.00 (MESCA003774)_(Drosophila_melanogaster)_(DBD_1.00)

letter-probability matrix: alength= 4 w= 9 nsites= 1 E= 0
  0.243483	  0.258539	  0.306448	  0.191530	
  0.206850	  0.317982	  0.181634	  0.293534	
  0.110856	  0.033389	  0.011684	  0.844070	
  0.894610	  0.051233	  0.053860	  0.000297	
  0.947543	  0.000984	  0.023427	  0.028047	
  0.139344	  0.033346	  0.087090	  0.740219	
  0.192569	  0.124022	  0.232864	  0.450544	
  0.357775	  0.064709	  0.468673	  0.108843	
  0.187431	  0.305947	  0.291025	  0.215597	

URL http://cisbp.ccbr.utoronto.ca/TFreport.php?versionNumber=2.00&searchTF=T220551_2.00

MOTIF M00560_2.00 (MESCA006298)_(Drosophila_melanogaster)_(DBD_0.95)

letter-probability matrix: alength= 4 w= 10 nsites= 1 E= 0
  0.198275	  0.249549	  0.172372	  0.379804	
  0.180440	  0.112776	  0.153761	  0.553023	
  0.712109	  0.040376	  0.163732	  0.083783	
  0.905830	  0.000221	  0.015782	  0.078167	
  0.063059	  0.018248	  0.723482	  0.195210	
  0.139726	  0.022639	  0.131589	  0.706046	
  0.351172	  0.028255	  0.567520	  0.053052	
  0.107001	  0.318251	  0.341327	  0.233420	
  0.193858	  0.292109	  0.210004	  0.304030	
  0.203231	  0.271604	  0.203231	  0.321933	

URL http://cisbp.ccbr.utoronto.ca/TFreport.php?versionNumber=2.00&searchTF=T220561_2.00

MOTIF M01044_2.00 (MESCA000957)_(Drosophila_melanogaster)_(DBD_0.94)

letter-probability matrix: alength= 4 w= 10 nsites= 1 E= 0
  0.014692	  0.197808	  0.110753	  0.676747	
  0.218945	  0.477622	  0.163828	  0.139605	
  0.086541	  0.074486	  0.117992	  0.720982	
  0.056885	  0.781354	  0.029995	  0.131766	
  0.090451	  0.224710	  0.055413	  0.629427	
  0.091422	  0.536725	  0.149229	  0.222624	
  0.098937	  0.116103	  0.226893	  0.558067	
  0.063931	  0.332890	  0.086298	  0.516880	
  0.072483	  0.119504	  0.085059	  0.722955	
  0.108404	  0.703357	  0.068434	  0.119805	

URL http://cisbp.ccbr.utoronto.ca/TFreport.php?versionNumber=2.00&searchTF=T123161_2.00

MOTIF M01106_2.00 (MESCA006323)_(Trichomonas_vaginalis)_(DBD_0.68)

letter-probability matrix: alength= 4 w= 8 nsites= 1 E= 0
  0.483861	  0.092001	  0.215250	  0.208888	
  0.550968	  0.140005	  0.167616	  0.141412	
  0.561595	  0.058603	  0.114524	  0.265279	
  0.513647	  0.040106	  0.069515	  0.376733	
  0.597236	  0.037424	  0.030948	  0.334392	
  0.763937	  0.036910	  0.033733	  0.165420	
  0.582011	  0.007741	  0.027840	  0.382408	
  0.380653	  0.020326	  0.002038	  0.596983	

URL http://cisbp.ccbr.utoronto.ca/TFreport.php?versionNumber=2.00&searchTF=T017598_2.00

MOTIF M01302_2.00 (MESCA003563)_(Drosophila_melanogaster)_(DBD_0.99)

letter-probability matrix: alength= 4 w= 10 nsites= 1 E= 0
  0.177457	  0.329879	  0.339926	  0.152738	
  0.401341	  0.125815	  0.306375	  0.166469	
  0.415852	  0.142641	  0.148462	  0.293046	
  0.020216	  0.435500	  0.467077	  0.077207	
  0.093553	  0.698217	  0.088105	  0.120125	
  0.302454	  0.000750	  0.615188	  0.081608	
  0.057821	  0.148021	  0.193902	  0.600255	
  0.295725	  0.110989	  0.502416	  0.090870	
  0.537427	  0.112933	  0.147938	  0.201702	
  0.234556	  0.559864	  0.092545	  0.113035	

URL http://cisbp.ccbr.utoronto.ca/TFreport.php?versionNumber=2.00&searchTF=T311996_2.00

MOTIF M01664_2.00 (MESCA007536)_(Drosophila_melanogaster)_(DBD_0.81)

letter-probability matrix: alength= 4 w= 8 nsites= 1 E= 0
  0.227052	  0.269126	  0.203401	  0.300420	
  0.364833	  0.112105	  0.244555	  0.278506	
  0.954295	  0.000150	  0.000361	  0.045194	
  0.003226	  0.022006	  0.000879	  0.973889	
  0.180785	  0.422972	  0.060178	  0.336065	
  0.601595	  0.071492	  0.188592	  0.138322	
  0.500975	  0.146431	  0.170129	  0.182465	
  0.400462	  0.148803	  0.221987	  0.228748	

URL http://cisbp.ccbr.utoronto.ca/TFreport.php?versionNumber=2.00&searchTF=T015238_2.00

MOTIF M01693_2.00 (MESCA006603)_(Neurospora_crassa)_(DBD_0.50)

letter-probability matrix: alength= 4 w= 10 nsites= 1 E= 0
  0.606435	  0.100113	  0.193339	  0.100113	
  0.558535	  0.133577	  0.047162	  0.260727	
  0.808690	  0.000196	  0.088314	  0.102800	
  0.231969	  0.000196	  0.000196	  0.767638	
  0.889933	  0.000196	  0.000196	  0.109675	
  0.290663	  0.000196	  0.000196	  0.708945	
  0.267391	  0.000196	  0.000196	  0.732217	
  0.000196	  0.093423	  0.000196	  0.906185	
  0.460241	  0.150083	  0.150083	  0.239593	
  0.203034	  0.291152	  0.203034	  0.302779	

URL http://cisbp.ccbr.utoronto.ca/TFreport.php?versionNumber=2.00&searchTF=T017599_2.00

MOTIF M01896_2.00 (MESCA003830)_(Bombyx_mori)_(DBD_0.85)

letter-probability matrix: alength= 4 w= 10 nsites= 1 E= 0
  0.234003	  0.269167	  0.213862	  0.282968	
  0.165030	  0.378465	  0.117463	  0.339042	
  0.161689	  0.623702	  0.107305	  0.107305	
  0.189188	  0.117066	  0.634438	  0.059308	
  0.000295	  0.880381	  0.000177	  0.119147	
  0.110357	  0.107095	  0.694866	  0.087682	
  0.291421	  0.222465	  0.300296	  0.185818	
  0.262292	  0.257099	  0.223511	  0.257099	
  0.235549	  0.255168	  0.200722	  0.308561	
  0.248131	  0.238401	  0.222284	  0.291184	

URL http://cisbp.ccbr.utoronto.ca/TFreport.php?versionNumber=2.00&searchTF=T162110_2.00

MOTIF M01986_2.00 (MESCA005008)_(Drosophila_melanogaster)_(DBD_0.91)

letter-probability matrix: alength= 4 w= 10 nsites= 1 E= 0
  0.148384	  0.253629	  0.148384	  0.449602	
  0.343159	  0.027768	  0.517643	  0.111431	
  0.083876	  0.000213	  0.000213	  0.915697	
  0.999360	  0.000213	  0.000213	  0.000213	
  0.915697	  0.000213	  0.000213	  0.083876	
  0.999360	  0.000213	  0.000213	  0.000213	
  0.000213	  0.912223	  0.000213	  0.087351	
  0.999360	  0.000213	  0.000213	  0.000213	
  0.437060	  0.186478	  0.185492	  0.190970	
  0.332663	  0.222446	  0.222446	  0.222446	

URL http://cisbp.ccbr.utoronto.ca/TFreport.php?versionNumber=2.00&searchTF=T188076_2.00

MOTIF M02116_2.00 (MESCA006295)_(Drosophila_melanogaster)_(DBD_0.93)

letter-probability matrix: alength= 4 w= 10 nsites= 1 E= 0
  0.253051	  0.238314	  0.279665	  0.228970	
  0.242653	  0.302365	  0.260248	  0.194734	
  0.195915	  0.264458	  0.272512	  0.267116	
  0.289959	  0.184886	  0.184886	  0.340270	
  0.356070	  0.158401	  0.280095	  0.205435	
  0.793922	  0.007822	  0.142164	  0.056092	
  0.130027	  0.075773	  0.143702	  0.650499	
  0.108948	  0.192650	  0.185096	  0.513306	
  0.487798	  0.044252	  0.372375	  0.095574	
  0.230097	  0.239487	  0.313720	  0.216697	

URL http://cisbp.ccbr.utoronto.ca/TFreport.php?versionNumber=2.00&searchTF=T220560_2.00

MOTIF M02122_2.00 (MESCA004033)_(Drosophila_melanogaster)_(DBD_1.00)

letter-probability matrix: alength= 4 w= 8 nsites= 1 E= 0
  0.275826	  0.379132	  0.138085	  0.206956	
  0.000244	  0.000244	  0.000244	  0.999269	
  0.999269	  0.000244	  0.000244	  0.000244	
  0.999269	  0.000244	  0.000244	  0.000244	
  0.000244	  0.000244	  0.000244	  0.999269	
  0.000244	  0.999269	  0.000244	  0.000244	
  0.000285	  0.970605	  0.000285	  0.028824	
  0.347656	  0.217448	  0.347656	  0.087240	

URL http://cisbp.ccbr.utoronto.ca/TFreport.php?versionNumber=2.00&searchTF=T220553_2.00

MOTIF M02125_2.00 (MESCA004778)_(Drosophila_melanogaster)_(DBD_0.79)

letter-probability matrix: alength= 4 w= 9 nsites= 1 E= 0
  0.263676	  0.236210	  0.288508	  0.211605	
  0.166180	  0.344836	  0.200953	  0.288031	
  0.099773	  0.489263	  0.095861	  0.315103	
  0.603177	  0.129310	  0.092964	  0.174550	
  0.795539	  0.078966	  0.083015	  0.042479	
  0.075531	  0.099937	  0.055955	  0.768577	
  0.259932	  0.281581	  0.100526	  0.357960	
  0.467314	  0.147969	  0.147969	  0.236749	
  0.319988	  0.210247	  0.244272	  0.225492	

URL http://cisbp.ccbr.utoronto.ca/TFreport.php?versionNumber=2.00&searchTF=T220555_2.00

MOTIF M02147_2.00 (MESCA001873)_(Nematostella_vectensis)_(DBD_0.56)

letter-probability matrix: alength= 4 w= 10 nsites= 1 E= 0
  0.278816	  0.247673	  0.255282	  0.218229	
  0.193819	  0.291332	  0.190112	  0.324737	
  0.267659	  0.193115	  0.126695	  0.412532	
  0.419900	  0.162984	  0.208787	  0.208330	
  0.569557	  0.167110	  0.130840	  0.132493	
  0.132493	  0.130840	  0.167110	  0.569557	
  0.208330	  0.208787	  0.162984	  0.419900	
  0.412532	  0.126695	  0.193115	  0.267659	
  0.324737	  0.190112	  0.291332	  0.193819	
  0.218229	  0.255282	  0.247673	  0.278816	

URL http://cisbp.ccbr.utoronto.ca/TFreport.php?versionNumber=2.00&searchTF=T220542_2.00

MOTIF M02238_2.00 (MESCA009897)_(Mus_musculus)_(DBD_0.54)

letter-probability matrix: alength= 4 w= 9 nsites= 1 E= 0
  0.180149	  0.324987	  0.156614	  0.338250	
  0.084204	  0.129443	  0.011059	  0.775294	
  0.783421	  0.002595	  0.178336	  0.035647	
  0.735450	  0.121569	  0.023819	  0.119162	
  0.004057	  0.126521	  0.006426	  0.862996	
  0.103010	  0.097011	  0.224714	  0.575264	
  0.583676	  0.184813	  0.060907	  0.170604	
  0.323909	  0.183179	  0.327165	  0.165747	
  0.235105	  0.278671	  0.320548	  0.165676	

URL http://cisbp.ccbr.utoronto.ca/TFreport.php?versionNumber=2.00&searchTF=T220573_2.00

MOTIF M02388_2.00 (MESCA004840)_(Aedes_aegypti)_(DBD_1.00)

letter-probability matrix: alength= 4 w= 7 nsites= 1 E= 0
  0.216235	  0.261482	  0.332409	  0.189875	
  0.458281	  0.091605	  0.427298	  0.022816	
  0.000000	  0.000000	  0.882881	  0.117119	
  0.000000	  0.000000	  0.959301	  0.040699	
  0.000001	  0.000000	  0.010252	  0.989748	
  0.001291	  0.884772	  0.042748	  0.071188	
  0.722899	  0.000287	  0.276793	  0.000020	

URL http://cisbp.ccbr.utoronto.ca/TFreport.php?versionNumber=2.00&searchTF=T305761_2.00

MOTIF M03087_2.00 (MESCA003294)_(Homo_sapiens)_(DBD_0.70)

letter-probability matrix: alength= 4 w= 8 nsites= 1 E= 0
  0.050776	  0.567735	  0.037679	  0.343811	
  0.096070	  0.163832	  0.029930	  0.710167	
  0.886769	  0.040902	  0.036132	  0.036197	
  0.970260	  0.011009	  0.012296	  0.006434	
  0.012245	  0.014168	  0.007333	  0.966254	
  0.055381	  0.046932	  0.060685	  0.837003	
  0.722030	  0.027451	  0.177528	  0.072990	
  0.193501	  0.261956	  0.269545	  0.274998	

URL http://cisbp.ccbr.utoronto.ca/TFreport.php?versionNumber=2.00&searchTF=T220547_2.00

MOTIF M03093_2.00 (MESCA005372)_(Homo_sapiens)_(DBD_0.94)

letter-probability matrix: alength= 4 w= 8 nsites= 1 E= 0
  0.260433	  0.008374	  0.249546	  0.481647	
  0.056207	  0.046295	  0.031428	  0.866070	
  0.000000	  0.000837	  0.999163	  0.000000	
  0.931366	  0.002600	  0.059145	  0.006889	
  0.007176	  0.970079	  0.001083	  0.021663	
  0.920241	  0.001027	  0.060108	  0.018623	
  0.131640	  0.147141	  0.558109	  0.163110	
  0.133985	  0.326867	  0.403070	  0.136078	

URL http://cisbp.ccbr.utoronto.ca/TFreport.php?versionNumber=2.00&searchTF=T220558_2.00

MOTIF M03168_2.00 (MESCA002384)_(Homo_sapiens)_(DBD_0.53)

letter-probability matrix: alength= 4 w= 8 nsites= 1 E= 0
  0.072612	  0.450780	  0.073912	  0.402697	
  0.096614	  0.141577	  0.014371	  0.747439	
  0.795066	  0.130619	  0.028606	  0.045709	
  0.940555	  0.027395	  0.008236	  0.023814	
  0.050778	  0.014703	  0.036416	  0.898102	
  0.063239	  0.039960	  0.242873	  0.653928	
  0.742999	  0.012306	  0.188402	  0.056294	
  0.185954	  0.363723	  0.177579	  0.272745	

URL http://cisbp.ccbr.utoronto.ca/TFreport.php?versionNumber=2.00&searchTF=T220544_2.00

MOTIF M03593_2.00 (MESCA003205)_(Drosophila_melanogaster)_(DBD_0.98)

letter-probability matrix: alength= 4 w= 9 nsites= 1 E= 0
  0.484644	  0.240634	  0.234318	  0.040403	
  0.000199	  0.999801	  0.000000	  0.000000	
  0.996036	  0.000595	  0.003369	  0.000000	
  0.002589	  0.813334	  0.149527	  0.034550	
  0.008701	  0.583733	  0.398964	  0.008603	
  0.000000	  0.010645	  0.007715	  0.981641	
  0.000000	  0.000000	  1.000000	  0.000000	
  0.049923	  0.701857	  0.096704	  0.151515	
  0.425770	  0.164979	  0.243594	  0.165657	

URL http://cisbp.ccbr.utoronto.ca/TFreport.php?versionNumber=2.00&searchTF=T041333_2.00

MOTIF M03597_2.00 (MESCA005144)_(Drosophila_melanogaster)_(DBD_0.96)

letter-probability matrix: alength= 4 w= 12 nsites= 1 E= 0
  0.151220	  0.209756	  0.068293	  0.570732	
  0.067568	  0.013514	  0.918919	  0.000000	
  0.105932	  0.021186	  0.864407	  0.008475	
  0.050000	  0.927273	  0.013636	  0.009091	
  0.940092	  0.000000	  0.059908	  0.000000	
  0.027907	  0.948837	  0.000000	  0.023256	
  0.027907	  0.023256	  0.948837	  0.000000	
  0.025862	  0.068966	  0.025862	  0.879310	
  0.018519	  0.004630	  0.944444	  0.032407	
  0.016598	  0.846473	  0.024896	  0.112033	
  0.000000	  0.906667	  0.040000	  0.053333	
  0.529412	  0.049020	  0.274510	  0.147059	

URL http://cisbp.ccbr.utoronto.ca/TFreport.php?versionNumber=2.00&searchTF=T041338_2.00

MOTIF M03609_2.00 (MESCA010279)_(Drosophila_melanogaster)_(DBD_0.92)

letter-probability matrix: alength= 4 w= 16 nsites= 1 E= 0
  0.226283	  0.051322	  0.480560	  0.241835	
  0.150078	  0.066096	  0.604199	  0.179627	
  0.346444	  0.181034	  0.314655	  0.157866	
  0.052814	  0.893676	  0.023628	  0.029882	
  0.208877	  0.088773	  0.631201	  0.071149	
  0.000000	  1.000000	  0.000000	  0.000000	
  0.995356	  0.003870	  0.000774	  0.000000	
  0.000680	  0.098639	  0.874830	  0.025850	
  0.056641	  0.837240	  0.106120	  0.000000	
  0.000000	  0.000000	  0.000000	  1.000000	
  0.000000	  0.000776	  0.998447	  0.000776	
  0.090675	  0.655949	  0.082315	  0.171061	
  0.020408	  0.017593	  0.904996	  0.057002	
  0.152569	  0.319104	  0.189460	  0.338867	
  0.185848	  0.559876	  0.097201	  0.157076	
  0.216174	  0.518663	  0.082426	  0.182737	

URL http://cisbp.ccbr.utoronto.ca/TFreport.php?versionNumber=2.00&searchTF=T041349_2.00

MOTIF M03613_2.00 (MESCA005415)_(Drosophila_melanogaster)_(DBD_0.92)

letter-probability matrix: alength= 4 w= 12 nsites= 1 E= 0
  0.091892	  0.447568	  0.200000	  0.260541	
  0.538017	  0.044628	  0.226446	  0.190909	
  0.192399	  0.732383	  0.073634	  0.001584	
  0.014721	  0.972660	  0.000000	  0.012618	
  0.996767	  0.001078	  0.002155	  0.000000	
  0.000000	  0.009585	  0.005325	  0.985091	
  0.993555	  0.003222	  0.000000	  0.003222	
  0.011653	  0.008475	  0.000000	  0.979873	
  0.009424	  0.000000	  0.968586	  0.021990	
  0.004866	  0.079481	  0.750203	  0.165450	
  0.186455	  0.244147	  0.039298	  0.530100	
  0.260541	  0.165405	  0.468108	  0.105946	

URL http://cisbp.ccbr.utoronto.ca/TFreport.php?versionNumber=2.00&searchTF=T041340_2.00

MOTIF M03618_2.00 (MESCA002512)_(Drosophila_melanogaster)_(DBD_0.98)

letter-probability matrix: alength= 4 w= 10 nsites= 1 E= 0
  0.777778	  0.000000	  0.212121	  0.010101	
  0.373913	  0.478261	  0.147826	  0.000000	
  0.000000	  1.000000	  0.000000	  0.000000	
  0.970297	  0.019802	  0.009901	  0.000000	
  0.039216	  0.000000	  0.000000	  0.960784	
  0.980000	  0.000000	  0.010000	  0.010000	
  0.000000	  0.020000	  0.000000	  0.980000	
  0.029703	  0.000000	  0.970297	  0.000000	
  0.000000	  0.117117	  0.459459	  0.423423	
  0.000000	  0.408163	  0.000000	  0.591837	

URL http://cisbp.ccbr.utoronto.ca/TFreport.php?versionNumber=2.00&searchTF=T041330_2.00

MOTIF M03620_2.00 (MESCA008421)_(Drosophila_melanogaster)_(DBD_0.94)

letter-probability matrix: alength= 4 w= 10 nsites= 1 E= 0
  0.281348	  0.142633	  0.492947	  0.083072	
  0.363636	  0.074451	  0.180251	  0.381661	
  0.000000	  1.000000	  0.000000	  0.000000	
  0.895512	  0.056802	  0.000000	  0.047686	
  0.036355	  0.251494	  0.635956	  0.076195	
  0.033258	  0.719842	  0.210259	  0.036640	
  0.046625	  0.000000	  0.064718	  0.888657	
  0.019201	  0.000000	  0.980799	  0.000000	
  0.363352	  0.223962	  0.122161	  0.290525	
  0.061864	  0.578700	  0.125294	  0.234143	

URL http://cisbp.ccbr.utoronto.ca/TFreport.php?versionNumber=2.00&searchTF=T041344_2.00

MOTIF M03626_2.00 (MESCA001239)_(Drosophila_melanogaster)_(DBD_0.92)

letter-probability matrix: alength= 4 w= 10 nsites= 1 E= 0
  0.552301	  0.056346	  0.388563	  0.002789	
  0.183278	  0.067545	  0.010708	  0.738468	
  0.002176	  0.975252	  0.021485	  0.001088	
  0.904414	  0.002018	  0.085498	  0.008071	
  0.000000	  0.858305	  0.119914	  0.021781	
  0.021338	  0.116998	  0.859746	  0.001918	
  0.006331	  0.085085	  0.000506	  0.908078	
  0.001083	  0.018955	  0.971026	  0.008936	
  0.767551	  0.003639	  0.044949	  0.183861	
  0.000837	  0.422755	  0.050195	  0.526213	

URL http://cisbp.ccbr.utoronto.ca/TFreport.php?versionNumber=2.00&searchTF=T041325_2.00

MOTIF M03628_2.00 (MESCA001664)_(Drosophila_melanogaster)_(DBD_0.74)

letter-probability matrix: alength= 4 w= 14 nsites= 1 E= 0
  0.252727	  0.056392	  0.092932	  0.597949	
  0.407526	  0.002828	  0.582145	  0.007501	
  0.078659	  0.001371	  0.919222	  0.000748	
  0.002169	  0.994386	  0.002552	  0.000893	
  0.001142	  0.002410	  0.994418	  0.002030	
  0.001655	  0.995418	  0.000891	  0.002037	
  0.002910	  0.989374	  0.001771	  0.005946	
  0.006211	  0.000380	  0.991000	  0.002408	
  0.002678	  0.001403	  0.995282	  0.000638	
  0.000508	  0.996317	  0.002540	  0.000635	
  0.001022	  0.001405	  0.995401	  0.002172	
  0.001239	  0.919722	  0.001239	  0.077800	
  0.005887	  0.582291	  0.003189	  0.408634	
  0.600982	  0.098091	  0.053682	  0.247245	

URL http://cisbp.ccbr.utoronto.ca/TFreport.php?versionNumber=2.00&searchTF=T055708_2.00

MOTIF M03636_2.00 (MESCA001662)_(Drosophila_melanogaster)_(DBD_0.87)

letter-probability matrix: alength= 4 w= 12 nsites= 1 E= 0
  0.188908	  0.167244	  0.468804	  0.175043	
  0.713167	  0.051957	  0.216370	  0.018505	
  0.000000	  0.018248	  0.029197	  0.952555	
  0.036633	  0.013250	  0.880748	  0.069369	
  0.968102	  0.000797	  0.022329	  0.008772	
  0.000000	  0.955008	  0.013582	  0.031409	
  0.018379	  0.031746	  0.948204	  0.001671	
  0.000000	  0.011254	  0.023312	  0.965434	
  0.068059	  0.876257	  0.053364	  0.002320	
  0.976900	  0.000000	  0.023100	  0.000000	
  0.000000	  0.233232	  0.038110	  0.728659	
  0.155399	  0.510975	  0.149254	  0.184372	

URL http://cisbp.ccbr.utoronto.ca/TFreport.php?versionNumber=2.00&searchTF=T064686_2.00

MOTIF M03653_2.00 (MESCA008551)_(Drosophila_melanogaster)_(DBD_0.81)

letter-probability matrix: alength= 4 w= 12 nsites= 1 E= 0
  0.173556	  0.221121	  0.243205	  0.362118	
  0.464030	  0.124351	  0.409394	  0.002225	
  0.000000	  0.003925	  0.005607	  0.990468	
  0.004944	  0.001236	  0.120396	  0.873424	
  0.886575	  0.009787	  0.085571	  0.018068	
  0.004121	  0.712637	  0.025275	  0.257967	
  0.255590	  0.000000	  0.744410	  0.000000	
  0.000000	  0.114713	  0.004239	  0.881047	
  0.883029	  0.102974	  0.000500	  0.013497	
  0.971672	  0.009351	  0.013476	  0.005501	
  0.001018	  0.428753	  0.100000	  0.470229	
  0.370968	  0.276457	  0.196095	  0.156480	

URL http://cisbp.ccbr.utoronto.ca/TFreport.php?versionNumber=2.00&searchTF=T064694_2.00

MOTIF M03659_2.00 (MESCA012340)_(Drosophila_melanogaster)_(DBD_0.95)

letter-probability matrix: alength= 4 w= 10 nsites= 1 E= 0
  0.407181	  0.103479	  0.463921	  0.025418	
  0.000425	  0.002255	  0.003759	  0.993561	
  0.000851	  0.001308	  0.924431	  0.073410	
  0.992005	  0.003981	  0.002252	  0.001762	
  0.002259	  0.995057	  0.000655	  0.002029	
  0.001963	  0.000818	  0.994732	  0.002487	
  0.001437	  0.002220	  0.003820	  0.992523	
  0.073870	  0.924488	  0.001004	  0.000639	
  0.993984	  0.003956	  0.001635	  0.000425	
  0.023466	  0.457261	  0.103429	  0.415843	

URL http://cisbp.ccbr.utoronto.ca/TFreport.php?versionNumber=2.00&searchTF=T064699_2.00

MOTIF M03666_2.00 (MESCA000812)_(Drosophila_melanogaster)_(DBD_0.94)

letter-probability matrix: alength= 4 w= 14 nsites= 1 E= 0
  0.095106	  0.015641	  0.039102	  0.850151	
  0.000593	  0.000000	  0.999407	  0.000000	
  0.000000	  1.000000	  0.000000	  0.000000	
  0.604376	  0.152618	  0.000538	  0.242468	
  0.000000	  0.326965	  0.670647	  0.002388	
  0.001481	  0.000000	  0.000000	  0.998519	
  0.000000	  0.000889	  0.999111	  0.000000	
  0.999703	  0.000297	  0.000000	  0.000000	
  0.000000	  0.000000	  0.000000	  1.000000	
  0.000297	  0.000000	  0.000000	  0.999703	
  0.000296	  0.002368	  0.000000	  0.997336	
  0.896277	  0.016223	  0.054255	  0.033245	
  0.064089	  0.026483	  0.016949	  0.892479	
  0.088359	  0.168286	  0.125573	  0.617782	

URL http://cisbp.ccbr.utoronto.ca/TFreport.php?versionNumber=2.00&searchTF=T123159_2.00

MOTIF M03667_2.00 (MESCA009141)_(Drosophila_melanogaster)_(DBD_0.90)

letter-probability matrix: alength= 4 w= 14 nsites= 1 E= 0
  0.170807	  0.060041	  0.139752	  0.629400	
  0.009729	  0.000000	  0.989247	  0.001024	
  0.001033	  0.997934	  0.001033	  0.000000	
  0.000000	  0.001550	  0.000000	  0.998450	
  0.998966	  0.001034	  0.000000	  0.000000	
  0.001542	  0.992806	  0.002569	  0.003083	
  0.000000	  0.982206	  0.000000	  0.017794	
  0.011765	  0.000000	  0.988235	  0.000000	
  0.000000	  0.000000	  0.998966	  0.001034	
  0.002576	  0.000000	  0.002061	  0.995363	
  0.998966	  0.000000	  0.001034	  0.000000	
  0.000000	  0.000000	  1.000000	  0.000000	
  0.000000	  0.992806	  0.000000	  0.007194	
  0.634386	  0.147074	  0.060073	  0.158467	

URL http://cisbp.ccbr.utoronto.ca/TFreport.php?versionNumber=2.00&searchTF=T123252_2.00

MOTIF M03678_2.00 (MESCA011217)_(Drosophila_melanogaster)_(DBD_0.80)

letter-probability matrix: alength= 4 w= 14 nsites= 1 E= 0
  0.275402	  0.281947	  0.359619	  0.083032	
  0.143915	  0.444974	  0.200444	  0.210668	
  0.432616	  0.092091	  0.090651	  0.384642	
  0.767900	  0.067495	  0.132314	  0.032291	
  0.074757	  0.789544	  0.052353	  0.083346	
  0.771059	  0.029548	  0.038663	  0.160729	
  0.952806	  0.008777	  0.037626	  0.000791	
  0.002309	  0.970819	  0.002032	  0.024841	
  0.961108	  0.000000	  0.005630	  0.033262	
  0.950041	  0.020589	  0.025312	  0.004059	
  0.111994	  0.776837	  0.021739	  0.089430	
  0.555550	  0.004998	  0.226141	  0.213311	
  0.482839	  0.179963	  0.056019	  0.281179	
  0.247127	  0.169871	  0.216583	  0.366418	

URL http://cisbp.ccbr.utoronto.ca/TFreport.php?versionNumber=2.00&searchTF=T123268_2.00

MOTIF M03682_2.00 (MESCA000017)_(Drosophila_melanogaster)_(DBD_0.99)

letter-probability matrix: alength= 4 w= 14 nsites= 1 E= 0
  0.396368	  0.393604	  0.051717	  0.158310	
  0.166667	  0.389098	  0.250313	  0.193922	
  0.107735	  0.000000	  0.867749	  0.024517	
  0.109127	  0.873016	  0.001984	  0.015873	
  0.010877	  0.961566	  0.014503	  0.013053	
  0.966910	  0.019951	  0.009732	  0.003406	
  0.006637	  0.971239	  0.000000	  0.022124	
  0.016226	  0.000000	  0.969057	  0.014717	
  0.002935	  0.963316	  0.011005	  0.022744	
  0.000743	  0.977695	  0.021561	  0.000000	
  0.011086	  0.967480	  0.005174	  0.016260	
  0.857764	  0.107873	  0.004350	  0.030013	
  0.213100	  0.083445	  0.682817	  0.020637	
  0.027843	  0.009965	  0.257620	  0.704572	

URL http://cisbp.ccbr.utoronto.ca/TFreport.php?versionNumber=2.00&searchTF=T123149_2.00

MOTIF M03691_2.00 (MESCA005876)_(Drosophila_melanogaster)_(DBD_0.87)

letter-probability matrix: alength= 4 w= 13 nsites= 1 E= 0
  0.530496	  0.078145	  0.351970	  0.039390	
  0.264508	  0.346976	  0.014050	  0.374465	
  0.000717	  0.000000	  0.840860	  0.158423	
  0.001686	  0.994379	  0.000000	  0.003935	
  0.980802	  0.010164	  0.000000	  0.009034	
  0.990873	  0.007416	  0.000000	  0.001711	
  0.008994	  0.991006	  0.000000	  0.000000	
  0.992027	  0.007973	  0.000000	  0.000000	
  0.034981	  0.006844	  0.942966	  0.015209	
  0.010802	  0.009259	  0.971451	  0.008488	
  0.014539	  0.006321	  0.000000	  0.979140	
  0.088566	  0.015863	  0.721084	  0.174488	
  0.130751	  0.201574	  0.483656	  0.184019	

URL http://cisbp.ccbr.utoronto.ca/TFreport.php?versionNumber=2.00&searchTF=T123220_2.00

MOTIF M03721_2.00 (MESCA011260)_(Drosophila_melanogaster)_(DBD_0.88)

letter-probability matrix: alength= 4 w= 18 nsites= 1 E= 0
  0.108936	  0.325579	  0.338626	  0.226859	
  0.450665	  0.053172	  0.069059	  0.427105	
  0.954636	  0.001880	  0.007756	  0.035727	
  0.097600	  0.050393	  0.043024	  0.808983	
  0.001117	  0.090279	  0.001006	  0.907598	
  0.000737	  0.997299	  0.000737	  0.001228	
  0.001340	  0.989403	  0.001949	  0.007308	
  0.000859	  0.996443	  0.001963	  0.000736	
  0.333867	  0.225040	  0.024129	  0.416964	
  0.419621	  0.027942	  0.230059	  0.322378	
  0.001227	  0.000736	  0.996443	  0.001595	
  0.005976	  0.001951	  0.990731	  0.001342	
  0.001228	  0.000123	  0.997421	  0.001228	
  0.917542	  0.000904	  0.080086	  0.001468	
  0.804735	  0.042897	  0.057064	  0.095304	
  0.039423	  0.006218	  0.001291	  0.953068	
  0.432318	  0.071421	  0.048228	  0.448033	
  0.220512	  0.337232	  0.342526	  0.099729	

URL http://cisbp.ccbr.utoronto.ca/TFreport.php?versionNumber=2.00&searchTF=T174762_2.00

MOTIF M03723_2.00 (MESCA002951)_(Drosophila_melanogaster)_(DBD_0.99)

letter-probability matrix: alength= 4 w= 12 nsites= 1 E= 0
  0.585764	  0.110592	  0.103267	  0.200377	
  0.817549	  0.047667	  0.006711	  0.128073	
  0.194917	  0.710897	  0.036976	  0.057210	
  0.069131	  0.846924	  0.083750	  0.000195	
  0.086058	  0.912751	  0.001190	  0.000000	
  0.000230	  0.000077	  0.999693	  0.000000	
  0.000383	  0.000000	  0.999617	  0.000000	
  0.999693	  0.000077	  0.000077	  0.000153	
  0.992689	  0.000076	  0.000228	  0.007006	
  0.203372	  0.008824	  0.787804	  0.000000	
  0.028944	  0.105426	  0.006198	  0.859432	
  0.453975	  0.104552	  0.325737	  0.115737	

URL http://cisbp.ccbr.utoronto.ca/TFreport.php?versionNumber=2.00&searchTF=T177459_2.00

MOTIF M03726_2.00 (MESCA005353)_(Drosophila_melanogaster)_(DBD_0.97)

letter-probability matrix: alength= 4 w= 11 nsites= 1 E= 0
  0.239657	  0.129977	  0.550351	  0.080016	
  0.651665	  0.017290	  0.139080	  0.191965	
  0.006142	  0.983877	  0.008061	  0.001919	
  0.000000	  0.994182	  0.000000	  0.005818	
  0.001936	  0.001549	  0.992641	  0.003873	
  0.003673	  0.005008	  0.855760	  0.135559	
  0.916995	  0.079070	  0.003936	  0.000000	
  0.932678	  0.003639	  0.000000	  0.063683	
  0.178628	  0.003828	  0.817544	  0.000000	
  0.002717	  0.211893	  0.011772	  0.773619	
  0.212559	  0.245710	  0.385725	  0.156006	

URL http://cisbp.ccbr.utoronto.ca/TFreport.php?versionNumber=2.00&searchTF=T177460_2.00

MOTIF M03738_2.00 (MESCA007789)_(Drosophila_melanogaster)_(DBD_0.96)

letter-probability matrix: alength= 4 w= 15 nsites= 1 E= 0
  0.307918	  0.195601	  0.140176	  0.356305	
  0.264007	  0.180698	  0.188325	  0.366970	
  0.008377	  0.004044	  0.002889	  0.984691	
  0.462860	  0.006991	  0.530149	  0.000000	
  0.002330	  0.004661	  0.000000	  0.993009	
  0.000000	  0.000000	  0.004672	  0.995328	
  0.000000	  0.000000	  0.092869	  0.907131	
  0.964356	  0.000000	  0.008769	  0.026874	
  0.011591	  0.987830	  0.000000	  0.000580	
  0.997659	  0.001171	  0.000000	  0.001171	
  0.990988	  0.001163	  0.002035	  0.005814	
  0.001198	  0.816527	  0.001198	  0.181078	
  0.991277	  0.002035	  0.002035	  0.004653	
  0.517302	  0.133431	  0.101760	  0.247507	
  0.418304	  0.128483	  0.152244	  0.300968	

URL http://cisbp.ccbr.utoronto.ca/TFreport.php?versionNumber=2.00&searchTF=T188080_2.00

MOTIF M03739_2.00 (MESCA006276)_(Drosophila_melanogaster)_(DBD_1.00)

letter-probability matrix: alength= 4 w= 13 nsites= 1 E= 0
  0.173806	  0.273330	  0.070244	  0.482619	
  0.422178	  0.016324	  0.008162	  0.553335	
  0.786655	  0.016001	  0.169768	  0.027576	
  0.489613	  0.121466	  0.119590	  0.269331	
  0.498436	  0.018433	  0.471500	  0.011631	
  0.110664	  0.086417	  0.006320	  0.796598	
  0.930470	  0.063758	  0.001611	  0.004161	
  0.962912	  0.022225	  0.000000	  0.014863	
  0.987746	  0.002707	  0.005557	  0.003990	
  0.007741	  0.813042	  0.004574	  0.174642	
  0.926243	  0.006681	  0.021513	  0.045564	
  0.479674	  0.115870	  0.088080	  0.316376	
  0.345868	  0.104689	  0.090645	  0.458798	

URL http://cisbp.ccbr.utoronto.ca/TFreport.php?versionNumber=2.00&searchTF=T188078_2.00

MOTIF M03750_2.00 (MESCA005623)_(Drosophila_melanogaster)_(DBD_0.92)

letter-probability matrix: alength= 4 w= 16 nsites= 1 E= 0
  0.080430	  0.174558	  0.654012	  0.091000	
  0.001295	  0.997583	  0.000173	  0.000949	
  0.002522	  0.000414	  0.996876	  0.000188	
  0.998450	  0.000258	  0.000310	  0.000982	
  0.996647	  0.002476	  0.000567	  0.000310	
  0.000000	  0.000000	  0.999772	  0.000228	
  0.496231	  0.000000	  0.503589	  0.000179	
  0.999534	  0.000000	  0.000466	  0.000000	
  0.000259	  0.999050	  0.000173	  0.000518	
  0.000413	  0.650599	  0.183964	  0.165024	
  0.001129	  0.029711	  0.703205	  0.265955	
  0.103240	  0.796369	  0.014026	  0.086365	
  0.658216	  0.038848	  0.156852	  0.146083	
  0.675570	  0.112971	  0.122349	  0.089110	
  0.075443	  0.125011	  0.670676	  0.128870	
  0.151772	  0.511092	  0.200820	  0.136316	

URL http://cisbp.ccbr.utoronto.ca/TFreport.php?versionNumber=2.00&searchTF=T188077_2.00

MOTIF M03754_2.00 (MESCA003073)_(Drosophila_melanogaster)_(DBD_0.91)

letter-probability matrix: alength= 4 w= 8 nsites= 1 E= 0
  0.371355	  0.174350	  0.020047	  0.434248	
  0.000000	  0.000000	  1.000000	  0.000000	
  1.000000	  0.000000	  0.000000	  0.000000	
  0.000000	  0.000000	  0.000931	  0.999069	
  1.000000	  0.000000	  0.000000	  0.000000	
  1.000000	  0.000000	  0.000000	  0.000000	
  0.008722	  0.301347	  0.684205	  0.005727	
  0.287821	  0.196243	  0.408300	  0.107636	

URL http://cisbp.ccbr.utoronto.ca/TFreport.php?versionNumber=2.00&searchTF=T194105_2.00

MOTIF M03761_2.00 (MESCA008854)_(Drosophila_melanogaster)_(DBD_0.77)

letter-probability matrix: alength= 4 w= 8 nsites= 1 E= 0
  0.223431	  0.206679	  0.466469	  0.103420	
  0.308898	  0.477701	  0.025315	  0.188086	
  0.000000	  0.000000	  1.000000	  0.000000	
  0.999515	  0.000485	  0.000000	  0.000000	
  0.000000	  0.000000	  0.000000	  1.000000	
  0.999946	  0.000054	  0.000000	  0.000000	
  1.000000	  0.000000	  0.000000	  0.000000	
  0.024249	  0.421465	  0.504790	  0.049496	

URL http://cisbp.ccbr.utoronto.ca/TFreport.php?versionNumber=2.00&searchTF=T194108_2.00

MOTIF M03776_2.00 (MESCA012524)_(Drosophila_melanogaster)_(DBD_1.00)

letter-probability matrix: alength= 4 w= 11 nsites= 1 E= 0
  0.061428	  0.080620	  0.000000	  0.857952	
  0.859706	  0.002726	  0.075939	  0.061629	
  0.957258	  0.006997	  0.035744	  0.000000	
  0.000000	  0.252477	  0.038282	  0.709240	
  0.055047	  0.278580	  0.269332	  0.397041	
  0.244495	  0.251806	  0.251894	  0.251806	
  0.383620	  0.262175	  0.294936	  0.059269	
  0.699098	  0.056885	  0.231557	  0.012459	
  0.000000	  0.036324	  0.000000	  0.963676	
  0.084631	  0.069433	  0.000000	  0.845936	
  0.843799	  0.000000	  0.086498	  0.069704	

URL http://cisbp.ccbr.utoronto.ca/TFreport.php?versionNumber=2.00&searchTF=T220578_2.00

MOTIF M03797_2.00 (MESCA007051)_(Drosophila_melanogaster)_(DBD_1.00)

letter-probability matrix: alength= 4 w= 8 nsites= 1 E= 0
  0.206939	  0.218886	  0.199411	  0.374765	
  0.000000	  0.046054	  0.000000	  0.953946	
  0.803749	  0.077540	  0.118711	  0.000000	
  1.000000	  0.000000	  0.000000	  0.000000	
  0.000000	  0.000000	  0.000000	  1.000000	
  0.000000	  0.108362	  0.166400	  0.725239	
  0.784419	  0.000000	  0.209401	  0.006180	
  0.130081	  0.430822	  0.378194	  0.060903	

URL http://cisbp.ccbr.utoronto.ca/TFreport.php?versionNumber=2.00&searchTF=T220564_2.00

MOTIF M03810_2.00 (MESCA003890)_(Drosophila_melanogaster)_(DBD_0.92)

letter-probability matrix: alength= 4 w= 10 nsites= 1 E= 0
  0.175953	  0.338043	  0.416689	  0.069315	
  0.176533	  0.447200	  0.184000	  0.192267	
  0.025977	  0.007716	  0.001800	  0.964506	
  0.848224	  0.000226	  0.005202	  0.146347	
  0.986582	  0.005262	  0.008156	  0.000000	
  0.756201	  0.017746	  0.062109	  0.163944	
  0.003573	  0.638081	  0.009359	  0.348988	
  0.054503	  0.015205	  0.877193	  0.053099	
  0.192318	  0.178714	  0.444919	  0.184049	
  0.143200	  0.250667	  0.110400	  0.495733	

URL http://cisbp.ccbr.utoronto.ca/TFreport.php?versionNumber=2.00&searchTF=T220552_2.00

MOTIF M03822_2.00 (MESCA012312)_(Drosophila_melanogaster)_(DBD_0.91)

letter-probability matrix: alength= 4 w= 8 nsites= 1 E= 0
  0.034526	  0.102629	  0.011403	  0.851441	
  0.860711	  0.000000	  0.045789	  0.093500	
  1.000000	  0.000000	  0.000000	  0.000000	
  0.000000	  0.783902	  0.000000	  0.216098	
  0.187407	  0.043457	  0.663704	  0.105432	
  0.712808	  0.102625	  0.011668	  0.172898	
  0.016375	  0.216598	  0.540380	  0.226647	
  0.257440	  0.213170	  0.436384	  0.093006	

URL http://cisbp.ccbr.utoronto.ca/TFreport.php?versionNumber=2.00&searchTF=T220577_2.00

MOTIF M03834_2.00 (MESCA002030)_(Drosophila_melanogaster)_(DBD_1.00)

letter-probability matrix: alength= 4 w= 8 nsites= 1 E= 0
  0.112047	  0.395646	  0.248031	  0.244276	
  0.053736	  0.000000	  0.016610	  0.929655	
  0.853713	  0.058809	  0.080770	  0.006708	
  0.998052	  0.000000	  0.001948	  0.000000	
  0.002819	  0.008377	  0.026072	  0.962732	
  0.026732	  0.101324	  0.089414	  0.782529	
  0.375707	  0.018825	  0.568646	  0.036822	
  0.235852	  0.269467	  0.360568	  0.134113	

URL http://cisbp.ccbr.utoronto.ca/TFreport.php?versionNumber=2.00&searchTF=T220543_2.00

MOTIF M03853_2.00 (MESCA005597)_(Drosophila_melanogaster)_(DBD_1.00)

letter-probability matrix: alength= 4 w= 8 nsites= 1 E= 0
  0.173127	  0.244671	  0.388566	  0.193637	
  0.059894	  0.024072	  0.028801	  0.887233	
  0.764256	  0.090225	  0.145520	  0.000000	
  1.000000	  0.000000	  0.000000	  0.000000	
  0.000000	  0.000000	  0.000000	  1.000000	
  0.031884	  0.120662	  0.149842	  0.697612	
  0.397335	  0.017046	  0.562219	  0.023400	
  0.173611	  0.405362	  0.264050	  0.156977	

URL http://cisbp.ccbr.utoronto.ca/TFreport.php?versionNumber=2.00&searchTF=T220559_2.00

MOTIF M03860_2.00 (MESCA007508)_(Drosophila_melanogaster)_(DBD_0.80)

letter-probability matrix: alength= 4 w= 6 nsites= 1 E= 0
  0.000104	  0.000000	  0.028207	  0.971688	
  0.000000	  0.000000	  1.000000	  0.000000	
  1.000000	  0.000000	  0.000000	  0.000000	
  0.000000	  1.000000	  0.000000	  0.000000	
  0.995824	  0.000000	  0.004176	  0.000000	
  0.250608	  0.096403	  0.471175	  0.181814	

URL http://cisbp.ccbr.utoronto.ca/TFreport.php?versionNumber=2.00&searchTF=T220568_2.00

MOTIF M03863_2.00 (MESCA006887)_(Drosophila_melanogaster)_(DBD_0.93)

letter-probability matrix: alength= 4 w= 8 nsites= 1 E= 0
  0.086878	  0.443401	  0.180292	  0.289429	
  0.005396	  0.005960	  0.000000	  0.988644	
  0.896384	  0.071277	  0.025086	  0.007253	
  1.000000	  0.000000	  0.000000	  0.000000	
  0.010833	  0.000000	  0.012305	  0.976861	
  0.085197	  0.044041	  0.116433	  0.754329	
  0.400612	  0.000584	  0.593756	  0.005048	
  0.230061	  0.312925	  0.336787	  0.120227	

URL http://cisbp.ccbr.utoronto.ca/TFreport.php?versionNumber=2.00&searchTF=T220563_2.00

MOTIF M03871_2.00 (MESCA004759)_(Drosophila_melanogaster)_(DBD_0.95)

letter-probability matrix: alength= 4 w= 14 nsites= 1 E= 0
  0.310559	  0.262940	  0.159420	  0.267081	
  0.151139	  0.414907	  0.253830	  0.180124	
  0.201656	  0.281159	  0.343685	  0.173499	
  0.184940	  0.339264	  0.218866	  0.256930	
  0.093360	  0.352273	  0.016043	  0.538324	
  0.781119	  0.095700	  0.097640	  0.025542	
  0.961018	  0.033811	  0.005171	  0.000000	
  0.000000	  0.094721	  0.000749	  0.904530	
  0.043762	  0.029175	  0.201152	  0.725912	
  0.495082	  0.150615	  0.200205	  0.154098	
  0.198805	  0.181275	  0.481275	  0.138645	
  0.077847	  0.631139	  0.128265	  0.162748	
  0.130435	  0.122981	  0.549482	  0.197101	
  0.141556	  0.300497	  0.127483	  0.430464	

URL http://cisbp.ccbr.utoronto.ca/TFreport.php?versionNumber=2.00&searchTF=T220554_2.00

MOTIF M03873_2.00 (MESCA007648)_(Drosophila_melanogaster)_(DBD_0.93)

letter-probability matrix: alength= 4 w= 8 nsites= 1 E= 0
  0.066713	  0.051138	  0.230216	  0.651933	
  0.016386	  0.034145	  0.003021	  0.946448	
  0.929850	  0.000000	  0.027700	  0.042450	
  1.000000	  0.000000	  0.000000	  0.000000	
  0.000000	  0.000000	  0.002605	  0.997395	
  0.215313	  0.015930	  0.009764	  0.758993	
  0.902969	  0.009170	  0.049170	  0.038690	
  0.516898	  0.121538	  0.313077	  0.048487	

URL http://cisbp.ccbr.utoronto.ca/TFreport.php?versionNumber=2.00&searchTF=T220569_2.00

MOTIF M03874_2.00 (MESCA012536)_(Drosophila_melanogaster)_(DBD_1.00)

letter-probability matrix: alength= 4 w= 13 nsites= 1 E= 0
  0.226232	  0.262220	  0.293991	  0.217558	
  0.076917	  0.077393	  0.018744	  0.826947	
  0.844209	  0.019297	  0.099761	  0.036733	
  0.969793	  0.009387	  0.020448	  0.000372	
  0.018890	  0.263559	  0.040305	  0.677246	
  0.084052	  0.276069	  0.284263	  0.355616	
  0.262891	  0.243675	  0.251917	  0.241518	
  0.351831	  0.282202	  0.286371	  0.079596	
  0.671037	  0.039733	  0.262696	  0.026534	
  0.001453	  0.013543	  0.007076	  0.977928	
  0.043298	  0.102437	  0.006661	  0.847604	
  0.829478	  0.017648	  0.072303	  0.080571	
  0.227334	  0.274535	  0.261932	  0.236199	

URL http://cisbp.ccbr.utoronto.ca/TFreport.php?versionNumber=2.00&searchTF=T220579_2.00

MOTIF M03882_2.00 (MESCA009437)_(Drosophila_melanogaster)_(DBD_1.00)

letter-probability matrix: alength= 4 w= 8 nsites= 1 E= 0
  0.154208	  0.217775	  0.307946	  0.320071	
  0.060417	  0.189025	  0.096667	  0.653891	
  0.657382	  0.030950	  0.257660	  0.054008	
  0.993452	  0.006548	  0.000000	  0.000000	
  0.069987	  0.012309	  0.320110	  0.597594	
  0.000000	  0.224802	  0.060407	  0.714791	
  0.041841	  0.000000	  0.958159	  0.000000	
