MEME version 5.5.8 (Fri May 2 15:43:49 2025 -0700)

ALPHABET= ACGT

strands: + -

Background letter frequencies (from uniform background):
A 0.25000 C 0.25000 G 0.25000 T 0.25000 

MOTIF M00167_2.00 (MCOS_0000518701)_(Mus_musculus)_(DBD_0.84)

letter-probability matrix: alength= 4 w= 9 nsites= 1 E= 0
  0.269704	  0.232136	  0.256550	  0.241610	
  0.223924	  0.265418	  0.268085	  0.242574	
  0.334851	  0.238337	  0.111462	  0.315350	
  0.139815	  0.113332	  0.678797	  0.068055	
  0.741047	  0.046902	  0.102316	  0.109735	
  0.190215	  0.082943	  0.088957	  0.637884	
  0.577501	  0.109805	  0.104450	  0.208244	
  0.492768	  0.132959	  0.175922	  0.198351	
  0.218515	  0.266895	  0.342700	  0.171890	

URL http://cisbp.ccbr.utoronto.ca/TFreport.php?versionNumber=2.00&searchTF=T197658_2.00

MOTIF M00170_2.00 (MCOS_0000074801)_(Mus_musculus)_(DBD_0.68)

letter-probability matrix: alength= 4 w= 10 nsites= 1 E= 0
  0.209374	  0.233720	  0.159832	  0.397074	
  0.163450	  0.121087	  0.144967	  0.570496	
  0.767485	  0.012467	  0.178238	  0.041809	
  0.971535	  0.004091	  0.015625	  0.008748	
  0.011394	  0.002492	  0.856692	  0.129422	
  0.130487	  0.022903	  0.095706	  0.750904	
  0.343268	  0.018147	  0.613089	  0.025496	
  0.097817	  0.321534	  0.373569	  0.207080	
  0.177217	  0.319698	  0.207966	  0.295118	
  0.190838	  0.262808	  0.198626	  0.347729	

URL http://cisbp.ccbr.utoronto.ca/TFreport.php?versionNumber=2.00&searchTF=T235064_2.00

MOTIF M00257_2.00 (MCOS_0000574701)_(Homo_sapiens)_(DBD_0.76)

letter-probability matrix: alength= 4 w= 10 nsites= 1 E= 0
  0.326582	  0.181033	  0.131457	  0.360928	
  0.376628	  0.160976	  0.273488	  0.188908	
  0.247519	  0.242618	  0.230785	  0.279077	
  0.363901	  0.188083	  0.342709	  0.105307	
  0.343254	  0.200031	  0.077360	  0.379355	
  0.494185	  0.252879	  0.037446	  0.215489	
  0.759756	  0.101799	  0.035623	  0.102822	
  0.777778	  0.049722	  0.111770	  0.060730	
  0.010752	  0.547346	  0.078656	  0.363246	
  0.741580	  0.060267	  0.105508	  0.092646	

URL http://cisbp.ccbr.utoronto.ca/TFreport.php?versionNumber=2.00&searchTF=T190785_2.00

MOTIF M00342_2.00 (MCOS_0000220101)_(Homo_sapiens)_(DBD_0.80)

letter-probability matrix: alength= 4 w= 14 nsites= 1 E= 0
  0.222869	  0.222869	  0.222869	  0.331393	
  0.301150	  0.196775	  0.305300	  0.196775	
  0.173218	  0.173218	  0.173218	  0.480345	
  0.290347	  0.101116	  0.507421	  0.101116	
  0.147808	  0.755127	  0.048533	  0.048533	
  0.226946	  0.118673	  0.128567	  0.525813	
  0.692134	  0.307374	  0.000246	  0.000246	
  0.999261	  0.000246	  0.000246	  0.000246	
  0.027377	  0.027377	  0.027377	  0.917868	
  0.053471	  0.053471	  0.053471	  0.839587	
  0.768916	  0.077028	  0.077028	  0.077028	
  0.342275	  0.149130	  0.260189	  0.248406	
  0.201714	  0.201714	  0.201714	  0.394859	
  0.226053	  0.226053	  0.321841	  0.226053	

URL http://cisbp.ccbr.utoronto.ca/TFreport.php?versionNumber=2.00&searchTF=T237872_2.00

MOTIF M00385_2.00 (MCOS_0000670001)_(Mus_musculus)_(DBD_0.91)

letter-probability matrix: alength= 4 w= 8 nsites= 1 E= 0
  0.255055	  0.187069	  0.145689	  0.412187	
  0.156259	  0.305367	  0.217351	  0.321023	
  0.515678	  0.042755	  0.332115	  0.109452	
  0.874267	  0.000203	  0.046219	  0.079312	
  0.114396	  0.028210	  0.706034	  0.151360	
  0.240421	  0.043484	  0.196840	  0.519254	
  0.348669	  0.028336	  0.499757	  0.123239	
  0.135811	  0.293320	  0.330718	  0.240150	

URL http://cisbp.ccbr.utoronto.ca/TFreport.php?versionNumber=2.00&searchTF=T235093_2.00

MOTIF M00402_2.00 (MCOS_0000110001)_(Mus_musculus)_(DBD_0.90)

letter-probability matrix: alength= 4 w= 7 nsites= 1 E= 0
  0.144397	  0.120611	  0.119411	  0.615582	
  0.644210	  0.107557	  0.134025	  0.114208	
  0.733858	  0.022383	  0.092602	  0.151156	
  0.080543	  0.104458	  0.116604	  0.698395	
  0.170686	  0.157563	  0.174135	  0.497616	
  0.375164	  0.124881	  0.304102	  0.195853	
  0.313095	  0.175301	  0.329148	  0.182456	

URL http://cisbp.ccbr.utoronto.ca/TFreport.php?versionNumber=2.00&searchTF=T235067_2.00

MOTIF M00416_2.00 (MCOS_0001051501)_(Mus_musculus)_(DBD_0.89)

letter-probability matrix: alength= 4 w= 8 nsites= 1 E= 0
  0.262564	  0.254804	  0.249759	  0.232873	
  0.275648	  0.244478	  0.251924	  0.227950	
  0.207360	  0.229168	  0.266256	  0.297216	
  0.311690	  0.111276	  0.242744	  0.334290	
  0.708550	  0.043957	  0.124365	  0.123128	
  0.169491	  0.597527	  0.115908	  0.117073	
  0.675885	  0.093319	  0.088768	  0.142028	
  0.337236	  0.221580	  0.120396	  0.320789	

URL http://cisbp.ccbr.utoronto.ca/TFreport.php?versionNumber=2.00&searchTF=T235110_2.00

MOTIF M00430_2.00 (MCOS_0000719101)_(Mus_musculus)_(DBD_0.80)

letter-probability matrix: alength= 4 w= 7 nsites= 1 E= 0
  0.143815	  0.343274	  0.223303	  0.289608	
  0.074562	  0.321060	  0.036658	  0.567720	
  0.673560	  0.162809	  0.098749	  0.064882	
  0.883750	  0.060593	  0.022069	  0.033588	
  0.044040	  0.070464	  0.000928	  0.884568	
  0.163964	  0.310956	  0.088204	  0.436876	
  0.481574	  0.126098	  0.155564	  0.236763	

URL http://cisbp.ccbr.utoronto.ca/TFreport.php?versionNumber=2.00&searchTF=T235094_2.00

MOTIF M00432_2.00 (MCOS_0000037201)_(Mus_musculus)_(DBD_0.63)

letter-probability matrix: alength= 4 w= 8 nsites= 1 E= 0
  0.233021	  0.233021	  0.237729	  0.296228	
  0.299569	  0.128040	  0.147281	  0.425109	
  0.394212	  0.088845	  0.184360	  0.332583	
  0.791037	  0.010521	  0.120704	  0.077738	
  0.125342	  0.030909	  0.107883	  0.735866	
  0.111249	  0.116952	  0.215243	  0.556556	
  0.502249	  0.069345	  0.330001	  0.098405	
  0.304872	  0.239820	  0.275859	  0.179449	

URL http://cisbp.ccbr.utoronto.ca/TFreport.php?versionNumber=2.00&searchTF=T235061_2.00

MOTIF M00433_2.00 (MCOS_0000596101)_(Mus_musculus)_(DBD_0.81)

letter-probability matrix: alength= 4 w= 9 nsites= 1 E= 0
  0.239869	  0.317378	  0.190584	  0.252168	
  0.133763	  0.050707	  0.022333	  0.793196	
  0.850989	  0.020830	  0.051749	  0.076432	
  0.959274	  0.011777	  0.004509	  0.024439	
  0.324957	  0.077765	  0.136141	  0.461136	
  0.139125	  0.306548	  0.136371	  0.417956	
  0.193728	  0.061958	  0.611831	  0.132483	
  0.201560	  0.269370	  0.319285	  0.209785	
  0.174474	  0.290550	  0.187125	  0.347851	

URL http://cisbp.ccbr.utoronto.ca/TFreport.php?versionNumber=2.00&searchTF=T235087_2.00

MOTIF M00437_2.00 (MCOS_0001016701)_(Mus_musculus)_(DBD_1.00)

letter-probability matrix: alength= 4 w= 9 nsites= 1 E= 0
  0.279714	  0.187498	  0.226732	  0.306056	
  0.133384	  0.136078	  0.089410	  0.641128	
  0.028209	  0.031489	  0.906531	  0.033772	
  0.787150	  0.003969	  0.102352	  0.106529	
  0.042661	  0.891832	  0.004969	  0.060538	
  0.758156	  0.019315	  0.172585	  0.049943	
  0.174931	  0.152077	  0.461457	  0.211535	
  0.174360	  0.324123	  0.333994	  0.167523	
  0.196701	  0.255107	  0.167617	  0.380575	

URL http://cisbp.ccbr.utoronto.ca/TFreport.php?versionNumber=2.00&searchTF=T235107_2.00

MOTIF M00438_2.00 (MCOS_0000775901)_(Mus_musculus)_(DBD_0.68)

letter-probability matrix: alength= 4 w= 9 nsites= 1 E= 0
  0.211292	  0.263287	  0.243044	  0.282377	
  0.249961	  0.185175	  0.148607	  0.416257	
  0.165668	  0.301867	  0.221404	  0.311061	
  0.494881	  0.045346	  0.355781	  0.103992	
  0.869196	  0.000051	  0.015449	  0.115304	
  0.101810	  0.062998	  0.673917	  0.161274	
  0.247088	  0.045139	  0.174120	  0.533653	
  0.334033	  0.038522	  0.503326	  0.124119	
  0.129395	  0.311957	  0.305780	  0.252868	

URL http://cisbp.ccbr.utoronto.ca/TFreport.php?versionNumber=2.00&searchTF=T235098_2.00

MOTIF M00442_2.00 (MCOS_0000660501)_(Mus_musculus)_(DBD_0.93)

letter-probability matrix: alength= 4 w= 10 nsites= 1 E= 0
  0.232947	  0.273366	  0.293187	  0.200499	
  0.212847	  0.340554	  0.181376	  0.265223	
  0.136717	  0.049300	  0.011335	  0.802648	
  0.797526	  0.087489	  0.088368	  0.026616	
  0.889584	  0.000658	  0.045639	  0.064120	
  0.150641	  0.058844	  0.122107	  0.668408	
  0.186789	  0.142591	  0.242253	  0.428367	
  0.315574	  0.091322	  0.456867	  0.136237	
  0.212950	  0.281760	  0.314523	  0.190768	
  0.193573	  0.288776	  0.231748	  0.285903	

URL http://cisbp.ccbr.utoronto.ca/TFreport.php?versionNumber=2.00&searchTF=T235092_2.00

MOTIF M00460_2.00 (MCOS_0000737901)_(Mus_musculus)_(DBD_0.86)

letter-probability matrix: alength= 4 w= 9 nsites= 1 E= 0
  0.245921	  0.297380	  0.182183	  0.274516	
  0.148145	  0.057294	  0.053420	  0.741141	
  0.826195	  0.029278	  0.049246	  0.095281	
  0.911651	  0.016367	  0.020806	  0.051175	
  0.341059	  0.073851	  0.129290	  0.455800	
  0.145727	  0.296408	  0.137241	  0.420623	
  0.217704	  0.062373	  0.591781	  0.128142	
  0.218605	  0.261718	  0.292150	  0.227527	
  0.175236	  0.274825	  0.175236	  0.374703	

URL http://cisbp.ccbr.utoronto.ca/TFreport.php?versionNumber=2.00&searchTF=T235096_2.00

MOTIF M00483_2.00 (MCOS_0000125801)_(Mus_musculus)_(DBD_0.96)

letter-probability matrix: alength= 4 w= 7 nsites= 1 E= 0
  0.247356	  0.242458	  0.265291	  0.244895	
  0.187686	  0.245862	  0.203318	  0.363134	
  0.206531	  0.145540	  0.437226	  0.210703	
  0.818609	  0.111900	  0.033704	  0.035788	
  0.126658	  0.170970	  0.099632	  0.602740	
  0.539508	  0.337193	  0.043409	  0.079890	
  0.146793	  0.419484	  0.179294	  0.254430	

URL http://cisbp.ccbr.utoronto.ca/TFreport.php?versionNumber=2.00&searchTF=T235068_2.00

MOTIF M00484_2.00 (MCOS_0000811201)_(Mus_musculus)_(DBD_0.70)

letter-probability matrix: alength= 4 w= 8 nsites= 1 E= 0
  0.260569	  0.255410	  0.285108	  0.198913	
  0.177845	  0.320830	  0.230652	  0.270673	
  0.114497	  0.403649	  0.048938	  0.432917	
  0.580843	  0.152091	  0.107177	  0.159889	
  0.790662	  0.111371	  0.053137	  0.044830	
  0.121087	  0.104221	  0.012262	  0.762430	
  0.136206	  0.248183	  0.120804	  0.494807	
  0.509367	  0.130735	  0.162905	  0.196993	

URL http://cisbp.ccbr.utoronto.ca/TFreport.php?versionNumber=2.00&searchTF=T235100_2.00

MOTIF M00495_2.00 (MCOS_0000216701)_(Mus_musculus)_(DBD_0.91)

letter-probability matrix: alength= 4 w= 9 nsites= 1 E= 0
  0.184447	  0.364076	  0.184447	  0.267030	
  0.116544	  0.046445	  0.001308	  0.835703	
  0.822965	  0.097799	  0.078485	  0.000750	
  0.891592	  0.011056	  0.021179	  0.076173	
  0.116988	  0.045699	  0.100693	  0.736620	
  0.189372	  0.123188	  0.282510	  0.404930	
  0.430266	  0.105047	  0.303203	  0.161484	
  0.227412	  0.274998	  0.297901	  0.199689	
  0.184723	  0.307617	  0.234829	  0.272832	

URL http://cisbp.ccbr.utoronto.ca/TFreport.php?versionNumber=2.00&searchTF=T235070_2.00

MOTIF M00556_2.00 (MCOS_0000733001)_(Drosophila_melanogaster)_(DBD_0.61)

letter-probability matrix: alength= 4 w= 10 nsites= 1 E= 0
  0.225403	  0.225403	  0.323790	  0.225403	
  0.125576	  0.231347	  0.418331	  0.224745	
  0.000115	  0.000115	  0.000115	  0.999655	
  0.999655	  0.000115	  0.000115	  0.000115	
  0.999655	  0.000115	  0.000115	  0.000115	
  0.000115	  0.000115	  0.000115	  0.999655	
  0.000115	  0.000115	  0.000115	  0.999655	
  0.999655	  0.000115	  0.000115	  0.000115	
  0.322805	  0.120694	  0.531790	  0.024712	
  0.219817	  0.229876	  0.223708	  0.326600	

URL http://cisbp.ccbr.utoronto.ca/TFreport.php?versionNumber=2.00&searchTF=T235095_2.00

MOTIF M00557_2.00 (MCOS_0000337601)_(Drosophila_melanogaster)_(DBD_0.90)

letter-probability matrix: alength= 4 w= 9 nsites= 1 E= 0
  0.243483	  0.258539	  0.306448	  0.191530	
  0.206850	  0.317982	  0.181634	  0.293534	
  0.110856	  0.033389	  0.011684	  0.844070	
  0.894610	  0.051233	  0.053860	  0.000297	
  0.947543	  0.000984	  0.023427	  0.028047	
  0.139344	  0.033346	  0.087090	  0.740219	
  0.192569	  0.124022	  0.232864	  0.450544	
  0.357775	  0.064709	  0.468673	  0.108843	
  0.187431	  0.305947	  0.291025	  0.215597	

URL http://cisbp.ccbr.utoronto.ca/TFreport.php?versionNumber=2.00&searchTF=T235073_2.00

MOTIF M00617_2.00 (MCOS_0000326501)_(Caenorhabditis_elegans)_(DBD_0.74)

letter-probability matrix: alength= 4 w= 9 nsites= 1 E= 0
  0.234890	  0.383414	  0.146807	  0.234890	
  0.194417	  0.478190	  0.094633	  0.232760	
  0.522892	  0.361180	  0.059703	  0.056226	
  0.008275	  0.985594	  0.000001	  0.006130	
  0.193067	  0.000000	  0.729993	  0.076941	
  0.000000	  0.999999	  0.000000	  0.000001	
  0.002831	  0.992854	  0.004308	  0.000007	
  0.001012	  0.806139	  0.003752	  0.189096	
  0.354676	  0.233039	  0.084877	  0.327408	

URL http://cisbp.ccbr.utoronto.ca/TFreport.php?versionNumber=2.00&searchTF=T154898_2.00

MOTIF M00708_2.00 (MCOS_0000195601)_(Caenorhabditis_elegans)_(DBD_0.71)

letter-probability matrix: alength= 4 w= 10 nsites= 1 E= 0
  0.168663	  0.275311	  0.239344	  0.316683	
  0.176492	  0.296864	  0.205054	  0.321589	
  0.099868	  0.334905	  0.233655	  0.331572	
  0.572889	  0.124051	  0.200475	  0.102585	
  0.711682	  0.128719	  0.063284	  0.096316	
  0.139239	  0.068456	  0.676002	  0.116303	
  0.601869	  0.036600	  0.275901	  0.085630	
  0.375126	  0.319661	  0.021699	  0.283514	
  0.395081	  0.114330	  0.326716	  0.163873	
  0.242351	  0.212807	  0.230531	  0.314312	

URL http://cisbp.ccbr.utoronto.ca/TFreport.php?versionNumber=2.00&searchTF=T316765_2.00

MOTIF M00818_2.00 (MCOS_0000708901)_(Mus_musculus)_(DBD_0.87)

letter-probability matrix: alength= 4 w= 8 nsites= 1 E= 0
  0.722222	  0.013889	  0.138889	  0.125000	
  0.814433	  0.010309	  0.051546	  0.123711	
  0.972727	  0.009091	  0.009091	  0.009091	
  0.009009	  0.009009	  0.747748	  0.234234	
  0.026786	  0.008929	  0.946429	  0.017857	
  0.008929	  0.098214	  0.089286	  0.803571	
  0.009615	  0.836538	  0.019231	  0.134615	
  0.790123	  0.024691	  0.160494	  0.024691	

URL http://cisbp.ccbr.utoronto.ca/TFreport.php?versionNumber=2.00&searchTF=T309614_2.00

MOTIF M00835_2.00 (MCOS_0000012101)_(Mus_musculus)_(DBD_0.76)

letter-probability matrix: alength= 4 w= 10 nsites= 1 E= 0
  0.353916	  0.145338	  0.298586	  0.202160	
  0.672425	  0.040081	  0.179628	  0.107866	
  0.197985	  0.109748	  0.606795	  0.085472	
  0.020276	  0.028773	  0.924656	  0.026296	
  0.003890	  0.062703	  0.000398	  0.933009	
  0.011365	  0.014304	  0.973157	  0.001174	
  0.090981	  0.133040	  0.018005	  0.757974	
  0.038779	  0.216564	  0.449388	  0.295269	
  0.873100	  0.020533	  0.080002	  0.026365	
  0.522605	  0.163829	  0.139606	  0.173960	

URL http://cisbp.ccbr.utoronto.ca/TFreport.php?versionNumber=2.00&searchTF=T341802_2.00

MOTIF M01481_2.00 (MCOS_0000274201)_(Mus_musculus)_(DBD_0.47)

letter-probability matrix: alength= 4 w= 10 nsites= 1 E= 0
  0.276546	  0.257850	  0.250229	  0.215374	
  0.410218	  0.140708	  0.306951	  0.142122	
  0.125944	  0.623803	  0.164982	  0.085271	
  0.111066	  0.862749	  0.019888	  0.006297	
  0.002234	  0.000095	  0.996033	  0.001638	
  0.002038	  0.001118	  0.994227	  0.002617	
  0.960448	  0.004746	  0.008563	  0.026243	
  0.757690	  0.043828	  0.015337	  0.183144	
  0.262154	  0.154305	  0.522660	  0.060882	
  0.128267	  0.297113	  0.103971	  0.470649	

URL http://cisbp.ccbr.utoronto.ca/TFreport.php?versionNumber=2.00&searchTF=T178602_2.00

MOTIF M01487_2.00 (MCOS_0000275601)_(Mus_musculus)_(DBD_0.78)

letter-probability matrix: alength= 4 w= 10 nsites= 1 E= 0
  0.261603	  0.241490	  0.280572	  0.216335	
  0.446052	  0.120354	  0.267852	  0.165742	
  0.103040	  0.655313	  0.180388	  0.061259	
  0.133099	  0.838060	  0.023362	  0.005480	
  0.000937	  0.000046	  0.996869	  0.002148	
  0.001110	  0.001655	  0.996211	  0.001024	
  0.967826	  0.006720	  0.009254	  0.016201	
  0.666748	  0.047107	  0.028287	  0.257859	
  0.287380	  0.110036	  0.556021	  0.046563	
  0.109809	  0.281109	  0.091720	  0.517362	

URL http://cisbp.ccbr.utoronto.ca/TFreport.php?versionNumber=2.00&searchTF=T178604_2.00

MOTIF M01496_2.00 (MCOS_0000063901)_(Mus_musculus)_(DBD_0.39)

letter-probability matrix: alength= 4 w= 10 nsites= 1 E= 0
  0.317910	  0.196718	  0.242686	  0.242686	
  0.410724	  0.145172	  0.244184	  0.199921	
  0.176615	  0.381448	  0.240802	  0.201135	
  0.268249	  0.562233	  0.109062	  0.060456	
  0.055322	  0.002040	  0.909748	  0.032890	
  0.057867	  0.000001	  0.942131	  0.000001	
  0.950314	  0.000003	  0.014981	  0.034702	
  0.635026	  0.051607	  0.007342	  0.306025	
  0.406386	  0.099216	  0.427222	  0.067175	
  0.152880	  0.289934	  0.102479	  0.454707	

URL http://cisbp.ccbr.utoronto.ca/TFreport.php?versionNumber=2.00&searchTF=T178600_2.00

MOTIF M01655_2.00 (MCOS_0000539101)_(Acyrthosiphon_pisum)_(DBD_0.43)

letter-probability matrix: alength= 4 w= 9 nsites= 1 E= 0
  0.196725	  0.270916	  0.204754	  0.327605	
  0.403679	  0.081501	  0.259984	  0.254836	
  0.999299	  0.000095	  0.000188	  0.000418	
  0.000504	  0.001241	  0.000417	  0.997838	
  0.165827	  0.376511	  0.033147	  0.424515	
  0.732498	  0.053328	  0.119876	  0.094298	
  0.661030	  0.093112	  0.113727	  0.132132	
  0.510165	  0.098962	  0.174991	  0.215882	
  0.335782	  0.227343	  0.144960	  0.291915	

URL http://cisbp.ccbr.utoronto.ca/TFreport.php?versionNumber=2.00&searchTF=T016609_2.00

MOTIF M01718_2.00 (MCOS_0000111401)_(Mus_musculus)_(DBD_0.83)

letter-probability matrix: alength= 4 w= 10 nsites= 1 E= 0
  0.365483	  0.272271	  0.181123	  0.181123	
  0.744728	  0.154736	  0.050268	  0.050268	
  0.000139	  0.999582	  0.000139	  0.000139	
  0.999582	  0.000139	  0.000139	  0.000139	
  0.000139	  0.210614	  0.000139	  0.789108	
  0.782721	  0.000139	  0.217001	  0.000139	
  0.000139	  0.000139	  0.000139	  0.999582	
  0.000139	  0.000139	  0.999582	  0.000139	
  0.069016	  0.069016	  0.579511	  0.282456	
  0.199871	  0.298430	  0.199871	  0.301828	

URL http://cisbp.ccbr.utoronto.ca/TFreport.php?versionNumber=2.00&searchTF=T054408_2.00

MOTIF M01719_2.00 (MCOS_0000389001)_(Mus_musculus)_(DBD_0.81)

letter-probability matrix: alength= 4 w= 12 nsites= 1 E= 0
  0.308919	  0.230360	  0.230360	  0.230360	
  0.341568	  0.171125	  0.171125	  0.316182	
  0.068338	  0.068338	  0.598151	  0.265173	
  0.019051	  0.864288	  0.019051	  0.097610	
  0.999459	  0.000180	  0.000180	  0.000180	
  0.147433	  0.852206	  0.000180	  0.000180	
  0.071951	  0.000180	  0.773647	  0.154221	
  0.000180	  0.000180	  0.000180	  0.999459	
  0.091591	  0.019820	  0.793287	  0.095302	
  0.632940	  0.208948	  0.079056	  0.079056	
  0.181842	  0.294572	  0.181842	  0.341743	
  0.231130	  0.231130	  0.231130	  0.306611	

URL http://cisbp.ccbr.utoronto.ca/TFreport.php?versionNumber=2.00&searchTF=T054414_2.00

MOTIF M01730_2.00 (MCOS_0000023201)_(Mus_musculus)_(DBD_0.77)

letter-probability matrix: alength= 4 w= 10 nsites= 1 E= 0
  0.349915	  0.146774	  0.278558	  0.224752	
  0.357002	  0.417355	  0.173504	  0.052139	
  0.139509	  0.827857	  0.032001	  0.000633	
  0.724593	  0.000000	  0.227645	  0.047763	
  0.064454	  0.126184	  0.294078	  0.515285	
  0.515285	  0.294078	  0.126184	  0.064454	
  0.047763	  0.227645	  0.000000	  0.724593	
  0.000633	  0.032001	  0.827857	  0.139509	
  0.052139	  0.173504	  0.417355	  0.357002	
  0.224752	  0.278558	  0.146774	  0.349915	

URL http://cisbp.ccbr.utoronto.ca/TFreport.php?versionNumber=2.00&searchTF=T054405_2.00

MOTIF M01931_2.00 (MCOS_0000455201)_(Homo_sapiens)_(DBD_0.77)

letter-probability matrix: alength= 4 w= 10 nsites= 1 E= 0
  0.152291	  0.152291	  0.246263	  0.449154	
  0.765274	  0.048025	  0.048025	  0.138675	
  0.999536	  0.000155	  0.000155	  0.000155	
  0.000155	  0.000155	  0.000155	  0.999536	
  0.129788	  0.000155	  0.489012	  0.381045	
  0.000155	  0.000155	  0.000155	  0.999536	
  0.908886	  0.000155	  0.000155	  0.090805	
  0.091796	  0.000155	  0.000155	  0.907895	
  0.279387	  0.195482	  0.097864	  0.427268	
  0.393611	  0.202130	  0.202130	  0.202130	

URL http://cisbp.ccbr.utoronto.ca/TFreport.php?versionNumber=2.00&searchTF=T169899_2.00

MOTIF M01971_2.00 (MCOS_0000317001)_(Tetraodon_nigroviridis)_(DBD_0.72)

letter-probability matrix: alength= 4 w= 8 nsites= 1 E= 0
  0.001420	  0.995739	  0.001420	  0.001420	
  0.001106	  0.996681	  0.001106	  0.001106	
  0.001106	  0.001106	  0.996681	  0.001106	
  0.001106	  0.001106	  0.996681	  0.001106	
  0.996681	  0.001106	  0.001106	  0.001106	
  0.886062	  0.001106	  0.001106	  0.111726	
  0.222345	  0.001106	  0.775442	  0.001106	
  0.001656	  0.167219	  0.001656	  0.829470	

URL http://cisbp.ccbr.utoronto.ca/TFreport.php?versionNumber=2.00&searchTF=T178605_2.00

MOTIF M01987_2.00 (MCOS_0000320901)_(Strongylocentrotus_purpuratus)_(DBD_0.66)

letter-probability matrix: alength= 4 w= 9 nsites= 1 E= 0
  0.233668	  0.224506	  0.348592	  0.193234	
  0.280037	  0.209542	  0.191507	  0.318914	
  0.404308	  0.290666	  0.110187	  0.194839	
  0.447462	  0.238314	  0.104961	  0.209263	
  0.768976	  0.018266	  0.173306	  0.039451	
  0.016176	  0.708777	  0.031930	  0.243117	
  0.578790	  0.107871	  0.169176	  0.144162	
  0.340778	  0.228430	  0.226157	  0.204635	
  0.301280	  0.239377	  0.210196	  0.249146	

URL http://cisbp.ccbr.utoronto.ca/TFreport.php?versionNumber=2.00&searchTF=T190779_2.00

MOTIF M01988_2.00 (MCOS_0000744701)_(Strongylocentrotus_purpuratus)_(DBD_0.73)

letter-probability matrix: alength= 4 w= 10 nsites= 1 E= 0
  0.321884	  0.201178	  0.236085	  0.240854	
  0.216367	  0.234387	  0.239122	  0.310124	
  0.297171	  0.182055	  0.409243	  0.111532	
  0.279854	  0.144643	  0.132194	  0.443309	
  0.472247	  0.313407	  0.069235	  0.145111	
  0.572460	  0.196359	  0.062174	  0.169007	
  0.751021	  0.048981	  0.135834	  0.064163	
  0.037542	  0.655546	  0.026722	  0.280190	
  0.680835	  0.057015	  0.121915	  0.140235	
  0.359328	  0.213628	  0.193298	  0.233746	

URL http://cisbp.ccbr.utoronto.ca/TFreport.php?versionNumber=2.00&searchTF=T190787_2.00

MOTIF M02112_2.00 (MCOS_0000351601)_(Drosophila_melanogaster)_(DBD_0.72)

letter-probability matrix: alength= 4 w= 10 nsites= 1 E= 0
  0.248652	  0.156039	  0.439269	  0.156039	
  0.235559	  0.409426	  0.243856	  0.111159	
  0.000140	  0.000140	  0.000140	  0.999581	
  0.999581	  0.000140	  0.000140	  0.000140	
  0.999581	  0.000140	  0.000140	  0.000140	
  0.000140	  0.000140	  0.000140	  0.999581	
  0.000140	  0.000140	  0.000140	  0.999581	
  0.999581	  0.000140	  0.000140	  0.000140	
  0.270161	  0.309740	  0.212726	  0.207374	
  0.227694	  0.227694	  0.227694	  0.316917	

URL http://cisbp.ccbr.utoronto.ca/TFreport.php?versionNumber=2.00&searchTF=T235074_2.00

MOTIF M02113_2.00 (MCOS_0000904201)_(Drosophila_melanogaster)_(DBD_0.84)

letter-probability matrix: alength= 4 w= 10 nsites= 1 E= 0
  0.209338	  0.253142	  0.321807	  0.215713	
  0.269176	  0.231682	  0.207548	  0.291594	
  0.108996	  0.124128	  0.038142	  0.728735	
  0.818862	  0.018319	  0.138091	  0.024728	
  0.925508	  0.028799	  0.000527	  0.045166	
  0.090056	  0.159244	  0.124019	  0.626680	
  0.097497	  0.244649	  0.314135	  0.343719	
  0.322285	  0.084389	  0.452794	  0.140532	
  0.204560	  0.257459	  0.351027	  0.186954	
  0.179474	  0.298877	  0.181278	  0.340370	

URL http://cisbp.ccbr.utoronto.ca/TFreport.php?versionNumber=2.00&searchTF=T235103_2.00

MOTIF M02170_2.00 (MCOS_0000515501)_(Schistosoma_mansoni)_(DBD_0.72)

letter-probability matrix: alength= 4 w= 8 nsites= 1 E= 0
  0.176643	  0.117958	  0.000587	  0.704812	
  0.000357	  0.036020	  0.000357	  0.963267	
  0.998930	  0.000357	  0.000357	  0.000357	
  0.998930	  0.000357	  0.000357	  0.000357	
  0.000357	  0.143010	  0.000357	  0.856277	
  0.143010	  0.000357	  0.000357	  0.856277	
  0.592086	  0.000370	  0.407175	  0.000370	
  0.095532	  0.000475	  0.855989	  0.048004	

URL http://cisbp.ccbr.utoronto.ca/TFreport.php?versionNumber=2.00&searchTF=T235083_2.00

MOTIF M02218_2.00 (MCOS_0000513701)_(Lingula_unguis)_(DBD_0.84)

letter-probability matrix: alength= 4 w= 11 nsites= 1 E= 0
  0.227031	  0.227031	  0.227031	  0.318906	
  0.435618	  0.147410	  0.269563	  0.147410	
  0.161922	  0.070047	  0.070047	  0.697983	
  0.810230	  0.092063	  0.000188	  0.097518	
  0.798927	  0.000188	  0.000188	  0.200697	
  0.200697	  0.000188	  0.000188	  0.798927	
  0.308777	  0.000188	  0.000188	  0.690846	
  0.796344	  0.000188	  0.000188	  0.203279	
  0.707618	  0.145310	  0.023157	  0.123915	
  0.102779	  0.102779	  0.102779	  0.691664	
  0.370463	  0.180141	  0.180141	  0.269255	

URL http://cisbp.ccbr.utoronto.ca/TFreport.php?versionNumber=2.00&searchTF=T235082_2.00

MOTIF M02227_2.00 (MCOS_0000961001)_(Oikopleura_dioica)_(DBD_0.62)

letter-probability matrix: alength= 4 w= 8 nsites= 1 E= 0
  0.308789	  0.191211	  0.250000	  0.250000	
  0.009525	  0.037816	  0.000094	  0.952565	
  0.000083	  0.000083	  0.999752	  0.000083	
  0.958784	  0.000082	  0.000082	  0.041052	
  0.000082	  0.999754	  0.000082	  0.000082	
  0.950590	  0.000082	  0.049246	  0.000082	
  0.074832	  0.056147	  0.635370	  0.233651	
  0.132587	  0.277095	  0.397519	  0.192799	

URL http://cisbp.ccbr.utoronto.ca/TFreport.php?versionNumber=2.00&searchTF=T235105_2.00

MOTIF M02412_2.00 (MCOS_0000653601)_(Schistosoma_mansoni)_(DBD_0.84)

letter-probability matrix: alength= 4 w= 8 nsites= 1 E= 0
  0.537718	  0.000084	  0.462114	  0.000084	
  0.000056	  0.000056	  0.999831	  0.000056	
  0.000056	  0.000056	  0.994182	  0.005705	
  0.000056	  0.005705	  0.005705	  0.988534	
  0.000056	  0.988534	  0.005705	  0.005705	
  0.933168	  0.006120	  0.060652	  0.000061	
  0.265620	  0.281240	  0.218760	  0.234380	
  0.247313	  0.258061	  0.268809	  0.225817	

URL http://cisbp.ccbr.utoronto.ca/TFreport.php?versionNumber=2.00&searchTF=T309613_2.00

MOTIF M02452_2.00 (MCOS_0000782401)_(Schistosoma_mansoni)_(DBD_0.95)

letter-probability matrix: alength= 4 w= 8 nsites= 1 E= 0
  0.001420	  0.001420	  0.995739	  0.001420	
  0.001420	  0.001420	  0.001420	  0.995739	
  0.001420	  0.001420	  0.001420	  0.995739	
  0.001420	  0.001420	  0.995739	  0.001420	
  0.001420	  0.995739	  0.001420	  0.001420	
  0.001420	  0.143466	  0.001420	  0.853693	
  0.995739	  0.001420	  0.001420	  0.001420	
  0.250000	  0.002475	  0.250000	  0.497525	

URL http://cisbp.ccbr.utoronto.ca/TFreport.php?versionNumber=2.00&searchTF=T319221_2.00

MOTIF M02457_2.00 (MCOS_0000437401)_(Schistosoma_mansoni)_(DBD_0.73)

letter-probability matrix: alength= 4 w= 11 nsites= 1 E= 0
  0.303907	  0.232031	  0.232031	  0.232031	
  0.314070	  0.127384	  0.127384	  0.431163	
  0.795729	  0.038813	  0.126645	  0.038813	
  0.999493	  0.000169	  0.000169	  0.000169	
  0.000169	  0.999493	  0.000169	  0.000169	
  0.000169	  0.999493	  0.000169	  0.000169	
  0.158657	  0.000169	  0.841005	  0.000169	
  0.000169	  0.999493	  0.000169	  0.000169	
  0.945586	  0.018138	  0.018138	  0.018138	
  0.510000	  0.122785	  0.244430	  0.122785	
  0.211356	  0.288116	  0.211356	  0.289173	

URL http://cisbp.ccbr.utoronto.ca/TFreport.php?versionNumber=2.00&searchTF=T319825_2.00

MOTIF M02529_2.00 (MCOS_0000861801)_(Drosophila_yakuba)_(DBD_0.60)

letter-probability matrix: alength= 4 w= 8 nsites= 1 E= 0
  0.216253	  0.000270	  0.270248	  0.513229	
  0.000192	  0.000192	  0.000192	  0.999424	
  0.000192	  0.019408	  0.000192	  0.980208	
  0.096272	  0.615104	  0.000192	  0.288432	
  0.845696	  0.000192	  0.153920	  0.000192	
  0.999424	  0.000192	  0.000192	  0.000192	
  0.960992	  0.019408	  0.000192	  0.019408	
  0.088425	  0.235311	  0.000294	  0.675969	

URL http://cisbp.ccbr.utoronto.ca/TFreport.php?versionNumber=2.00&searchTF=T346302_2.00

MOTIF M02531_2.00 (MCOS_0000757901)_(Strongylocentrotus_purpuratus)_(DBD_0.80)

letter-probability matrix: alength= 4 w= 10 nsites= 1 E= 0
  0.329088	  0.211945	  0.207748	  0.251219	
  0.341064	  0.190961	  0.215308	  0.252666	
  0.380265	  0.141297	  0.226075	  0.252363	
  0.182256	  0.140529	  0.140529	  0.536686	
  0.184768	  0.106602	  0.125098	  0.583532	
  0.070854	  0.464339	  0.099546	  0.365262	
  0.678507	  0.007463	  0.257210	  0.056820	
  0.773469	  0.036266	  0.079114	  0.111151	
  0.727567	  0.064053	  0.109915	  0.098465	
  0.299483	  0.260358	  0.105854	  0.334306	

URL http://cisbp.ccbr.utoronto.ca/TFreport.php?versionNumber=2.00&searchTF=T346301_2.00

MOTIF M02680_2.00 (MCOS_0000840801)_(Homo_sapiens)_(DBD_0.80)

letter-probability matrix: alength= 4 w= 14 nsites= 1 E= 0
  0.037037	  0.370370	  0.259259	  0.333333	
  0.370370	  0.259259	  0.185185	  0.185185	
  0.629630	  0.148148	  0.074074	  0.148148	
  0.464286	  0.178571	  0.178571	  0.178571	
  0.136364	  0.500000	  0.363636	  0.000000	
  0.259259	  0.000000	  0.740741	  0.000000	
  0.000000	  0.000000	  0.000000	  1.000000	
  1.000000	  0.000000	  0.000000	  0.000000	
  1.000000	  0.000000	  0.000000	  0.000000	
  1.000000	  0.000000	  0.000000	  0.000000	
  0.000000	  0.925926	  0.000000	  0.074074	
  1.000000	  0.000000	  0.000000	  0.000000	
  0.592593	  0.148148	  0.074074	  0.185185	
  0.259259	  0.148148	  0.222222	  0.370370	

URL http://cisbp.ccbr.utoronto.ca/TFreport.php?versionNumber=2.00&searchTF=T190789_2.00

MOTIF M03042_2.00 (MCOS_0000162301)_(Homo_sapiens)_(DBD_0.81)

letter-probability matrix: alength= 4 w= 14 nsites= 1 E= 0
  0.352201	  0.150314	  0.179874	  0.317610	
  0.393060	  0.076223	  0.511377	  0.019340	
  0.134047	  0.141598	  0.040277	  0.684078	
  0.594837	  0.297419	  0.000000	  0.107744	
  0.914796	  0.039724	  0.008636	  0.036845	
  0.951497	  0.009581	  0.000000	  0.038922	
  0.000000	  0.262264	  0.000000	  0.737736	
  0.683718	  0.000000	  0.307548	  0.008734	
  0.095106	  0.007230	  0.013904	  0.883760	
  0.053819	  0.009838	  0.016782	  0.919560	
  0.453172	  0.008459	  0.031420	  0.506949	
  0.359119	  0.030818	  0.228931	  0.381132	
  0.014827	  0.366831	  0.112576	  0.505766	
  0.244025	  0.160377	  0.198742	  0.396855	

URL http://cisbp.ccbr.utoronto.ca/TFreport.php?versionNumber=2.00&searchTF=T190778_2.00

MOTIF M03044_2.00 (MCOS_0000539801)_(Homo_sapiens)_(DBD_0.79)

letter-probability matrix: alength= 4 w= 14 nsites= 1 E= 0
  0.363023	  0.149142	  0.132145	  0.355691	
  0.286254	  0.083768	  0.600659	  0.029319	
  0.118021	  0.164811	  0.023917	  0.693251	
  0.569976	  0.366280	  0.012749	  0.050996	
  0.947880	  0.020771	  0.014902	  0.016447	
  0.948261	  0.026216	  0.006246	  0.019277	
  0.002036	  0.286817	  0.012470	  0.698677	
  0.663727	  0.009345	  0.326927	  0.000000	
  0.044282	  0.013598	  0.021095	  0.921025	
  0.027374	  0.022676	  0.010209	  0.939742	
  0.568213	  0.010216	  0.031462	  0.390109	
  0.377689	  0.018540	  0.240241	  0.363530	
  0.020509	  0.471055	  0.143636	  0.364800	
  0.301729	  0.190370	  0.154133	  0.353769	

URL http://cisbp.ccbr.utoronto.ca/TFreport.php?versionNumber=2.00&searchTF=T190784_2.00

MOTIF M03087_2.00 (MCOS_0000327601)_(Homo_sapiens)_(DBD_0.63)

letter-probability matrix: alength= 4 w= 8 nsites= 1 E= 0
  0.050776	  0.567735	  0.037679	  0.343811	
  0.096070	  0.163832	  0.029930	  0.710167	
  0.886769	  0.040902	  0.036132	  0.036197	
  0.970260	  0.011009	  0.012296	  0.006434	
  0.012245	  0.014168	  0.007333	  0.966254	
  0.055381	  0.046932	  0.060685	  0.837003	
  0.722030	  0.027451	  0.177528	  0.072990	
  0.193501	  0.261956	  0.269545	  0.274998	

URL http://cisbp.ccbr.utoronto.ca/TFreport.php?versionNumber=2.00&searchTF=T235072_2.00

MOTIF M03168_2.00 (MCOS_0000529301)_(Homo_sapiens)_(DBD_0.46)

letter-probability matrix: alength= 4 w= 8 nsites= 1 E= 0
  0.072612	  0.450780	  0.073912	  0.402697	
  0.096614	  0.141577	  0.014371	  0.747439	
  0.795066	  0.130619	  0.028606	  0.045709	
  0.940555	  0.027395	  0.008236	  0.023814	
  0.050778	  0.014703	  0.036416	  0.898102	
  0.063239	  0.039960	  0.242873	  0.653928	
  0.742999	  0.012306	  0.188402	  0.056294	
  0.185954	  0.363723	  0.177579	  0.272745	

URL http://cisbp.ccbr.utoronto.ca/TFreport.php?versionNumber=2.00&searchTF=T235085_2.00

MOTIF M03187_2.00 (MCOS_0000004601)_(Homo_sapiens)_(DBD_0.25)

letter-probability matrix: alength= 4 w= 10 nsites= 1 E= 0
  0.204127	  0.184967	  0.428150	  0.182756	
  0.215917	  0.351756	  0.109801	  0.322525	
  0.043559	  0.000000	  0.007920	  0.948521	
  0.979788	  0.000000	  0.012753	  0.007459	
  0.996086	  0.001712	  0.002202	  0.000000	
  0.000000	  0.000000	  0.003670	  0.996330	
  0.000000	  0.003670	  0.000000	  0.996330	
  0.449727	  0.009033	  0.518184	  0.023057	
  0.305822	  0.189634	  0.412921	  0.091624	
  0.196709	  0.393173	  0.113212	  0.296906	

URL http://cisbp.ccbr.utoronto.ca/TFreport.php?versionNumber=2.00&searchTF=T235058_2.00

MOTIF M03344_2.00 (MCOS_0000826301)_(Homo_sapiens)_(DBD_0.92)

letter-probability matrix: alength= 4 w= 12 nsites= 1 E= 0
  0.371513	  0.019313	  0.473712	  0.135461	
  0.005660	  0.990566	  0.000000	  0.003774	
  0.000000	  0.007874	  0.000000	  0.992126	
  0.995261	  0.000000	  0.000000	  0.004739	
  0.474302	  0.000635	  0.000000	  0.525063	
  0.813533	  0.000000	  0.003099	  0.183368	
  0.955124	  0.000910	  0.000606	  0.043360	
  0.985915	  0.000000	  0.000000	  0.014085	
  0.000000	  0.000000	  0.000000	  1.000000	
  0.997467	  0.000950	  0.000633	  0.000950	
  0.029969	  0.005810	  0.963303	  0.000917	
  0.269702	  0.569223	  0.026358	  0.134718	

URL http://cisbp.ccbr.utoronto.ca/TFreport.php?versionNumber=2.00&searchTF=T259604_2.00

MOTIF M03379_2.00 (MCOS_0000390701)_(Homo_sapiens)_(DBD_0.64)

letter-probability matrix: alength= 4 w= 18 nsites= 1 E= 0
  0.304978	  0.118025	  0.389497	  0.187500	
  0.002117	  0.037165	  0.000627	  0.960091	
  0.024157	  0.085087	  0.865648	  0.025108	
  0.741742	  0.025419	  0.031259	  0.201580	
  0.001361	  0.998015	  0.000284	  0.000340	
  0.000287	  0.998796	  0.000287	  0.000630	
  0.000520	  0.169043	  0.001783	  0.828654	
  0.026729	  0.331426	  0.189825	  0.452020	
  0.874831	  0.019162	  0.104348	  0.001658	
  0.001264	  0.127408	  0.017925	  0.853403	
  0.392329	  0.334357	  0.253823	  0.019491	
  0.777784	  0.004550	  0.216907	  0.000758	
  0.000601	  0.004137	  0.994529	  0.000734	
  0.000800	  0.004601	  0.992332	  0.002267	
  0.191967	  0.015968	  0.009567	  0.782499	
  0.004421	  0.966368	  0.012211	  0.017000	
  0.945331	  0.002315	  0.048752	  0.003602	
  0.256156	  0.423102	  0.136135	  0.184607	

URL http://cisbp.ccbr.utoronto.ca/TFreport.php?versionNumber=2.00&searchTF=T309611_2.00

MOTIF M03508_2.00 (MCOS_0000525601)_(Homo_sapiens)_(DBD_0.77)

letter-probability matrix: alength= 4 w= 15 nsites= 1 E= 0
  0.887588	  0.105386	  0.007026	  0.000000	
  1.000000	  0.000000	  0.000000	  0.000000	
  0.000000	  0.992147	  0.007853	  0.000000	
  0.992147	  0.000000	  0.000000	  0.007853	
  0.853604	  0.146396	  0.000000	  0.000000	
  0.000000	  0.000000	  0.000000	  1.000000	
  0.954660	  0.000000	  0.030227	  0.015113	
  0.550000	  0.352381	  0.066667	  0.030952	
  0.000000	  1.000000	  0.000000	  0.000000	
  1.000000	  0.000000	  0.000000	  0.000000	
  0.000000	  0.000000	  0.000000	  1.000000	
  0.000000	  0.000000	  0.000000	  1.000000	
  0.000000	  0.000000	  1.000000	  0.000000	
  0.000000	  0.023018	  0.007673	  0.969309	
  0.005249	  0.000000	  0.000000	  0.994751	

URL http://cisbp.ccbr.utoronto.ca/TFreport.php?versionNumber=2.00&searchTF=T336600_2.00

MOTIF M03600_2.00 (MCOS_0000168001)_(Drosophila_melanogaster)_(DBD_0.89)

letter-probability matrix: alength= 4 w= 14 nsites= 1 E= 0
  0.339925	  0.095104	  0.385122	  0.179849	
  0.116732	  0.334630	  0.242542	  0.306096	
  0.741097	  0.017324	  0.240616	  0.000962	
  0.969773	  0.002519	  0.018892	  0.008816	
  0.000000	  0.998703	  0.001297	  0.000000	
  1.000000	  0.000000	  0.000000	  0.000000	
  0.080000	  0.064444	  0.855556	  0.000000	
  0.001092	  0.840611	  0.061135	  0.097162	
  0.000000	  0.001297	  0.000000	  0.998703	
  0.000000	  0.000000	  1.000000	  0.000000	
  0.003783	  0.025221	  0.000000	  0.970996	
  0.000000	  0.241843	  0.019194	  0.738964	
  0.306892	  0.241873	  0.331599	  0.119636	
  0.191882	  0.363469	  0.097786	  0.346863	

URL http://cisbp.ccbr.utoronto.ca/TFreport.php?versionNumber=2.00&searchTF=T054410_2.00

MOTIF M03716_2.00 (MCOS_0000716501)_(Drosophila_melanogaster)_(DBD_0.80)

letter-probability matrix: alength= 4 w= 14 nsites= 1 E= 0
  0.360100	  0.193048	  0.199210	  0.247641	
  0.256692	  0.265839	  0.218756	  0.258714	
  0.193215	  0.442108	  0.252895	  0.111783	
  0.352083	  0.000745	  0.644813	  0.002359	
  0.959889	  0.003789	  0.034473	  0.001848	
  0.001436	  0.003062	  0.001531	  0.993971	
  0.013441	  0.962736	  0.002874	  0.020949	
  0.351063	  0.015662	  0.625625	  0.007650	
  0.953019	  0.011654	  0.019637	  0.015691	
  0.020653	  0.012539	  0.009220	  0.957588	
  0.728791	  0.052768	  0.073188	  0.145253	
  0.447675	  0.198710	  0.112063	  0.241552	
  0.252840	  0.221645	  0.158675	  0.366840	
  0.262469	  0.237050	  0.219911	  0.280570	

URL http://cisbp.ccbr.utoronto.ca/TFreport.php?versionNumber=2.00&searchTF=T167586_2.00

MOTIF M03726_2.00 (MCOS_0000648901)_(Drosophila_melanogaster)_(DBD_0.90)

letter-probability matrix: alength= 4 w= 11 nsites= 1 E= 0
  0.239657	  0.129977	  0.550351	  0.080016	
  0.651665	  0.017290	  0.139080	  0.191965	
  0.006142	  0.983877	  0.008061	  0.001919	
  0.000000	  0.994182	  0.000000	  0.005818	
  0.001936	  0.001549	  0.992641	  0.003873	
  0.003673	  0.005008	  0.855760	  0.135559	
  0.916995	  0.079070	  0.003936	  0.000000	
  0.932678	  0.003639	  0.000000	  0.063683	
  0.178628	  0.003828	  0.817544	  0.000000	
  0.002717	  0.211893	  0.011772	  0.773619	
  0.212559	  0.245710	  0.385725	  0.156006	

URL http://cisbp.ccbr.utoronto.ca/TFreport.php?versionNumber=2.00&searchTF=T178606_2.00

MOTIF M03761_2.00 (MCOS_0000607901)_(Drosophila_melanogaster)_(DBD_0.77)

letter-probability matrix: alength= 4 w= 8 nsites= 1 E= 0
  0.223431	  0.206679	  0.466469	  0.103420	
  0.308898	  0.477701	  0.025315	  0.188086	
  0.000000	  0.000000	  1.000000	  0.000000	
  0.999515	  0.000485	  0.000000	  0.000000	
  0.000000	  0.000000	  0.000000	  1.000000	
  0.999946	  0.000054	  0.000000	  0.000000	
  1.000000	  0.000000	  0.000000	  0.000000	
  0.024249	  0.421465	  0.504790	  0.049496	

URL http://cisbp.ccbr.utoronto.ca/TFreport.php?versionNumber=2.00&searchTF=T197659_2.00

MOTIF M03764_2.00 (MCOS_0000650801)_(Drosophila_melanogaster)_(DBD_0.61)

letter-probability matrix: alength= 4 w= 21 nsites= 1 E= 0
  0.141935	  0.245161	  0.124194	  0.488710	
  0.942817	  0.034868	  0.018131	  0.004184	
  0.005658	  0.004243	  0.002829	  0.987270	
  0.174174	  0.012012	  0.807808	  0.006006	
  0.027961	  0.924342	  0.032895	  0.014803	
  0.067588	  0.006144	  0.788018	  0.138249	
  0.001712	  0.005137	  0.988014	  0.005137	
  0.006897	  0.000000	  0.984483	  0.008621	
  0.042296	  0.244713	  0.058912	  0.654079	
  0.405239	  0.155624	  0.334361	  0.104777	
  0.141880	  0.420513	  0.329915	  0.107692	
  0.098009	  0.349158	  0.174579	  0.378254	
  0.667185	  0.038880	  0.241058	  0.052877	
  0.011824	  0.974662	  0.010135	  0.003378	
  0.000000	  0.993255	  0.005059	  0.001686	
  0.127358	  0.828616	  0.006289	  0.037736	
  0.005059	  0.042159	  0.934233	  0.018550	
  0.015291	  0.831804	  0.009174	  0.143731	
  0.997151	  0.001425	  0.001425	  0.000000	
  0.006906	  0.006906	  0.027624	  0.958564	
  0.538341	  0.162754	  0.206573	  0.092332	

URL http://cisbp.ccbr.utoronto.ca/TFreport.php?versionNumber=2.00&searchTF=T198252_2.00

MOTIF M03770_2.00 (MCOS_0000655801)_(Drosophila_melanogaster)_(DBD_0.91)

letter-probability matrix: alength= 4 w= 10 nsites= 1 E= 0
  0.224132	  0.364959	  0.249146	  0.161763	
  0.190744	  0.290468	  0.186336	  0.332452	
  0.048490	  0.137593	  0.019606	  0.794311	
  0.781923	  0.070567	  0.016199	  0.131311	
  0.980657	  0.008645	  0.010590	  0.000108	
  0.016670	  0.094990	  0.043211	  0.845129	
  0.034458	  0.047605	  0.262371	  0.655566	
  0.684338	  0.003695	  0.301335	  0.010633	
  0.127707	  0.636083	  0.123362	  0.112848	
  0.161909	  0.537427	  0.145268	  0.155395	

URL http://cisbp.ccbr.utoronto.ca/TFreport.php?versionNumber=2.00&searchTF=T235090_2.00

MOTIF M03784_2.00 (MCOS_0000529001)_(Drosophila_melanogaster)_(DBD_0.90)

letter-probability matrix: alength= 4 w= 10 nsites= 1 E= 0
  0.146262	  0.379283	  0.368536	  0.105919	
