MEME version 5.5.8 (Fri May 2 15:43:49 2025 -0700)

ALPHABET= ACGT

strands: + -

Background letter frequencies (from uniform background):
A 0.25000 C 0.25000 G 0.25000 T 0.25000 

MOTIF M00160_2.00 (DI09_49p90)_(Mus_musculus)_(DBD_0.60)

letter-probability matrix: alength= 4 w= 10 nsites= 1 E= 0
  0.272342	  0.213287	  0.238265	  0.276106	
  0.383328	  0.071216	  0.521888	  0.023568	
  0.117428	  0.105265	  0.021002	  0.756305	
  0.834939	  0.152266	  0.000007	  0.012788	
  0.908292	  0.059096	  0.002967	  0.029645	
  0.977393	  0.014489	  0.001628	  0.006490	
  0.001282	  0.843632	  0.000001	  0.155085	
  0.965165	  0.012083	  0.006831	  0.015922	
  0.479654	  0.164189	  0.114694	  0.241463	
  0.417043	  0.185221	  0.142285	  0.255451	

URL http://cisbp.ccbr.utoronto.ca/TFreport.php?versionNumber=2.00&searchTF=T185033_2.00

MOTIF M01567_2.00 (DI09_319p10)_(Saccharomyces_cerevisiae)_(DBD_0.90)

letter-probability matrix: alength= 4 w= 7 nsites= 1 E= 0
  0.315311	  0.189343	  0.207174	  0.288172	
  0.345705	  0.141966	  0.211788	  0.300541	
  0.271982	  0.110580	  0.155359	  0.462079	
  0.583542	  0.000869	  0.110954	  0.304636	
  0.219565	  0.006434	  0.188981	  0.585020	
  0.934996	  0.000354	  0.051964	  0.012687	
  0.422777	  0.000471	  0.095282	  0.481470	

URL http://cisbp.ccbr.utoronto.ca/TFreport.php?versionNumber=2.00&searchTF=T342242_2.00

MOTIF M01849_2.00 (DI09_14p30)_(Homo_sapiens)_(DBD_0.47)

letter-probability matrix: alength= 4 w= 9 nsites= 1 E= 0
  0.291913	  0.251252	  0.283286	  0.173548	
  0.267044	  0.277942	  0.195863	  0.259152	
  0.129181	  0.200580	  0.135804	  0.534436	
  0.584005	  0.072960	  0.252121	  0.090914	
  0.604262	  0.176621	  0.101902	  0.117215	
  0.162772	  0.091136	  0.001863	  0.744229	
  0.168674	  0.134017	  0.286566	  0.410743	
  0.425520	  0.104932	  0.228906	  0.240642	
  0.255215	  0.265630	  0.337682	  0.141473	

URL http://cisbp.ccbr.utoronto.ca/TFreport.php?versionNumber=2.00&searchTF=T206476_2.00

MOTIF M01974_2.00 (DI09_67p120)_(Caenorhabditis_briggsae)_(DBD_0.56)

letter-probability matrix: alength= 4 w= 8 nsites= 1 E= 0
  0.416389	  0.000416	  0.541181	  0.042013	
  0.028824	  0.000285	  0.000285	  0.970605	
  0.827911	  0.171518	  0.000285	  0.000285	
  0.942066	  0.000285	  0.000285	  0.057363	
  0.999144	  0.000285	  0.000285	  0.000285	
  0.057363	  0.913527	  0.000285	  0.028824	
  0.999144	  0.000285	  0.000285	  0.000285	
  0.434462	  0.217448	  0.130642	  0.217448	

URL http://cisbp.ccbr.utoronto.ca/TFreport.php?versionNumber=2.00&searchTF=T185034_2.00

MOTIF M02074_2.00 (DI09_297p10)_(Dictyostelium_discoideum)_(DBD_0.63)

letter-probability matrix: alength= 4 w= 8 nsites= 1 E= 0
  0.152865	  0.204293	  0.347080	  0.295762	
  0.066890	  0.358900	  0.022489	  0.551721	
  0.775218	  0.104914	  0.046672	  0.073196	
  0.869964	  0.073586	  0.014418	  0.042033	
  0.000088	  0.022742	  0.000438	  0.976732	
  0.502328	  0.093621	  0.042916	  0.361135	
  0.329862	  0.070013	  0.034079	  0.566046	
  0.521291	  0.163417	  0.171796	  0.143496	

URL http://cisbp.ccbr.utoronto.ca/TFreport.php?versionNumber=2.00&searchTF=T206477_2.00

MOTIF M02192_2.00 (DI09_143p10)_(Saccharomyces_cerevisiae)_(DBD_0.54)

letter-probability matrix: alength= 4 w= 11 nsites= 1 E= 0
  0.309211	  0.230263	  0.230263	  0.230263	
  0.211231	  0.211231	  0.211231	  0.366308	
  0.232350	  0.153266	  0.229750	  0.384634	
  0.245065	  0.000142	  0.000142	  0.754652	
  0.000142	  0.076625	  0.642318	  0.280916	
  0.999575	  0.000142	  0.000142	  0.000142	
  0.000142	  0.923092	  0.000142	  0.076625	
  0.239040	  0.000142	  0.760677	  0.000142	
  0.019879	  0.103699	  0.096008	  0.780414	
  0.403506	  0.518672	  0.038911	  0.038911	
  0.457115	  0.096875	  0.096875	  0.349135	

URL http://cisbp.ccbr.utoronto.ca/TFreport.php?versionNumber=2.00&searchTF=T206475_2.00

MOTIF M02283_2.00 (DI09_81p70)_(Dictyostelium_discoideum)_(DBD_0.83)

letter-probability matrix: alength= 4 w= 10 nsites= 1 E= 0
  0.233777	  0.598464	  0.083460	  0.084299	
  0.030948	  0.562453	  0.044359	  0.362240	
  0.506429	  0.042836	  0.155615	  0.295120	
  0.524310	  0.062308	  0.043907	  0.369475	
  0.657133	  0.044163	  0.042009	  0.256695	
  0.290800	  0.112464	  0.066862	  0.529873	
  0.281986	  0.340992	  0.131875	  0.245147	
  0.228299	  0.247314	  0.296088	  0.228299	
  0.301159	  0.033037	  0.594451	  0.071353	
  0.207356	  0.056511	  0.520315	  0.215818	

URL http://cisbp.ccbr.utoronto.ca/TFreport.php?versionNumber=2.00&searchTF=T253550_2.00

MOTIF M08108_2.00 (DI09_4p150)_(Homo_sapiens)_(DBD_0.75)

letter-probability matrix: alength= 4 w= 11 nsites= 1 E= 0
  0.204783	  0.244644	  0.387145	  0.163428	
  0.131041	  0.340807	  0.468361	  0.059791	
  0.023916	  0.035376	  0.927753	  0.012955	
  0.013951	  0.939711	  0.010962	  0.035376	
  0.006976	  0.026906	  0.962631	  0.003488	
  0.017937	  0.039860	  0.929248	  0.012955	
  0.013453	  0.015944	  0.956153	  0.014449	
  0.924265	  0.011958	  0.048829	  0.014948	
  0.819631	  0.084704	  0.068261	  0.027404	
  0.231689	  0.322372	  0.322870	  0.123069	
  0.189836	  0.300947	  0.322870	  0.186348	

URL http://cisbp.ccbr.utoronto.ca/TFreport.php?versionNumber=2.00&searchTF=T172408_2.00

MOTIF M08162_2.00 (DI09_1p30)_(Mus_musculus)_(DBD_0.67)

letter-probability matrix: alength= 4 w= 14 nsites= 1 E= 0
  0.000000	  0.000000	  1.000000	  0.000000	
  0.000000	  0.026193	  0.000000	  0.973807	
  0.047240	  0.114125	  0.000000	  0.838634	
  0.060337	  0.005613	  0.799813	  0.134238	
  0.000000	  0.913003	  0.000000	  0.086997	
  0.000000	  0.717493	  0.000000	  0.282507	
  0.836763	  0.044902	  0.053789	  0.064546	
  0.191300	  0.034144	  0.188026	  0.586529	
  0.042095	  0.000000	  0.957905	  0.000000	
  0.120206	  0.044902	  0.817587	  0.017306	
  0.244153	  0.356408	  0.202526	  0.196913	
  0.481291	  0.061272	  0.389616	  0.067820	
  0.692703	  0.176333	  0.103835	  0.027128	
  0.074369	  0.716558	  0.073433	  0.135641	

URL http://cisbp.ccbr.utoronto.ca/TFreport.php?versionNumber=2.00&searchTF=T318102_2.00

MOTIF M08196_2.00 (DI09_107p20)_(Drosophila_melanogaster)_(DBD_0.71)

letter-probability matrix: alength= 4 w= 13 nsites= 1 E= 0
  0.837210	  0.069767	  0.093023	  0.000000	
  0.930232	  0.046512	  0.000000	  0.023256	
  0.581396	  0.023256	  0.069767	  0.325581	
  0.348837	  0.069767	  0.000000	  0.581396	
  0.093023	  0.162791	  0.372093	  0.372093	
  0.116279	  0.465116	  0.418605	  0.000000	
  0.023256	  0.325581	  0.651163	  0.000000	
  0.000000	  1.000000	  0.000000	  0.000000	
  0.139535	  0.000000	  0.837209	  0.023256	
  0.000000	  0.720930	  0.255814	  0.023256	
  0.046512	  0.813953	  0.139535	  0.000000	
  0.767442	  0.139535	  0.000000	  0.093023	
  0.767442	  0.023256	  0.000000	  0.209302	

URL http://cisbp.ccbr.utoronto.ca/TFreport.php?versionNumber=2.00&searchTF=T172407_2.00

