MEME version 5.5.8 (Fri May 2 15:43:49 2025 -0700)

ALPHABET= ACGT

strands: + -

Background letter frequencies (from uniform background):
A 0.25000 C 0.25000 G 0.25000 T 0.25000 

MOTIF M01154_2.00 (EuGene.1500010323)_(Cannabis_sativa)_(DBD_0.59)

letter-probability matrix: alength= 4 w= 10 nsites= 1 E= 0
  0.207637	  0.374574	  0.231780	  0.186008	
  0.174524	  0.296505	  0.159503	  0.369468	
  0.179985	  0.219834	  0.344769	  0.255411	
  0.560855	  0.106640	  0.181175	  0.151330	
  0.031341	  0.648673	  0.156793	  0.163192	
  0.116412	  0.109633	  0.711331	  0.062623	
  0.093377	  0.131189	  0.042804	  0.732630	
  0.167926	  0.048595	  0.667488	  0.115992	
  0.074228	  0.124853	  0.458123	  0.342797	
  0.268273	  0.358527	  0.215294	  0.157907	

URL http://cisbp.ccbr.utoronto.ca/TFreport.php?versionNumber=2.00&searchTF=T071744_2.00

MOTIF M01156_2.00 (gw2.11.550.1)_(Cannabis_sativa)_(DBD_0.69)

letter-probability matrix: alength= 4 w= 10 nsites= 1 E= 0
  0.185651	  0.213549	  0.285393	  0.315408	
  0.133202	  0.183436	  0.404181	  0.279182	
  0.363231	  0.495238	  0.105113	  0.036417	
  0.029585	  0.834874	  0.000269	  0.135271	
  0.937984	  0.000034	  0.061789	  0.000193	
  0.088378	  0.602820	  0.187095	  0.121707	
  0.146644	  0.194029	  0.560040	  0.099286	
  0.162411	  0.177706	  0.146956	  0.512926	
  0.246395	  0.269599	  0.286270	  0.197736	
  0.293459	  0.147192	  0.337558	  0.221791	

URL http://cisbp.ccbr.utoronto.ca/TFreport.php?versionNumber=2.00&searchTF=T072000_2.00

MOTIF M01225_2.00 (EuGene.0100010588)_(Physcomitrella_patens)_(DBD_0.76)

letter-probability matrix: alength= 4 w= 10 nsites= 1 E= 0
  0.190589	  0.347275	  0.407531	  0.054605	
  0.053131	  0.125558	  0.759581	  0.061730	
  0.006389	  0.948224	  0.000029	  0.045358	
  0.045581	  0.000042	  0.924726	  0.029651	
  0.016651	  0.814394	  0.092060	  0.076895	
  0.118839	  0.496592	  0.220913	  0.163656	
  0.407444	  0.259798	  0.072960	  0.259798	
  0.440817	  0.140982	  0.104442	  0.313760	
  0.395676	  0.129101	  0.157685	  0.317538	
  0.315183	  0.176470	  0.156515	  0.351832	

URL http://cisbp.ccbr.utoronto.ca/TFreport.php?versionNumber=2.00&searchTF=T173926_2.00

MOTIF M01288_2.00 (e_gw2.14.322.1)_(Ostreococcus_tauri)_(DBD_0.81)

letter-probability matrix: alength= 4 w= 10 nsites= 1 E= 0
  0.938238	  0.004455	  0.001383	  0.055925	
  0.896547	  0.036182	  0.000013	  0.067259	
  0.032112	  0.915275	  0.000718	  0.051895	
  0.081428	  0.056810	  0.780333	  0.081428	
  0.120891	  0.051156	  0.695678	  0.132275	
  0.287112	  0.196345	  0.088223	  0.428320	
  0.339455	  0.277922	  0.084550	  0.298074	
  0.458872	  0.184707	  0.112030	  0.244391	
  0.239744	  0.298740	  0.141115	  0.320401	
  0.225854	  0.117906	  0.223607	  0.432633	

URL http://cisbp.ccbr.utoronto.ca/TFreport.php?versionNumber=2.00&searchTF=T286700_2.00

MOTIF M01644_2.00 (EuGene.1100010301)_(Ostreococcus_tauri)_(DBD_0.84)

letter-probability matrix: alength= 4 w= 8 nsites= 1 E= 0
  0.184280	  0.604890	  0.131703	  0.079127	
  0.000196	  0.000196	  0.999412	  0.000196	
  0.000196	  0.921042	  0.078566	  0.000196	
  0.000196	  0.979820	  0.019788	  0.000196	
  0.000196	  0.000196	  0.999412	  0.000196	
  0.019788	  0.705525	  0.215713	  0.058973	
  0.000204	  0.999388	  0.000204	  0.000204	
  0.580219	  0.032539	  0.322487	  0.064755	

URL http://cisbp.ccbr.utoronto.ca/TFreport.php?versionNumber=2.00&searchTF=T008244_2.00

MOTIF M01666_2.00 (fgenesh2_pg.C_Chr_07000337)_(Tetrahymena_thermophila)_(DBD_0.38)

letter-probability matrix: alength= 4 w= 9 nsites= 1 E= 0
  0.220816	  0.216443	  0.205887	  0.356854	
  0.323660	  0.102483	  0.136961	  0.436896	
  0.488148	  0.096604	  0.210738	  0.204510	
  0.868647	  0.016894	  0.026494	  0.087965	
  0.039374	  0.047613	  0.038983	  0.874030	
  0.071157	  0.193426	  0.067013	  0.668404	
  0.657085	  0.083748	  0.136703	  0.122464	
  0.535441	  0.169540	  0.153406	  0.141612	
  0.307368	  0.203985	  0.251651	  0.236996	

URL http://cisbp.ccbr.utoronto.ca/TFreport.php?versionNumber=2.00&searchTF=T016108_2.00

MOTIF M01956_2.00 (EuGene.1100010355)_(Physcomitrella_patens)_(DBD_0.76)

letter-probability matrix: alength= 4 w= 10 nsites= 1 E= 0
  0.227461	  0.227461	  0.261643	  0.283434	
  0.259361	  0.307422	  0.173855	  0.259361	
  0.373723	  0.207165	  0.268679	  0.150433	
  0.052278	  0.859692	  0.027291	  0.060738	
  0.086225	  0.053891	  0.216363	  0.643522	
  0.081585	  0.000671	  0.062280	  0.855464	
  0.080536	  0.023777	  0.067945	  0.827742	
  0.322963	  0.128707	  0.085416	  0.462913	
  0.216530	  0.254101	  0.186369	  0.343000	
  0.227557	  0.256570	  0.264384	  0.251489	

URL http://cisbp.ccbr.utoronto.ca/TFreport.php?versionNumber=2.00&searchTF=T171767_2.00

MOTIF M02018_2.00 (estExt_fgenesh2_pg.C_Chr_040222)_(Ostreococcus_tauri)_(DBD_0.92)

letter-probability matrix: alength= 4 w= 8 nsites= 1 E= 0
  0.278095	  0.275328	  0.199929	  0.246648	
  0.251817	  0.249311	  0.223341	  0.275531	
  0.340194	  0.242140	  0.170633	  0.247032	
  0.055050	  0.124991	  0.644352	  0.175606	
  0.961705	  0.000618	  0.001490	  0.036187	
  0.097122	  0.071950	  0.029843	  0.801085	
  0.119255	  0.665982	  0.061637	  0.153126	
  0.256866	  0.163785	  0.283881	  0.295467	

URL http://cisbp.ccbr.utoronto.ca/TFreport.php?versionNumber=2.00&searchTF=T196504_2.00

MOTIF M02037_2.00 (EuGene.1100010071)_(Arabidopsis_thaliana)_(DBD_0.62)

letter-probability matrix: alength= 4 w= 10 nsites= 1 E= 0
  0.268741	  0.205152	  0.240748	  0.285359	
  0.218201	  0.201425	  0.285835	  0.294540	
  0.197705	  0.139320	  0.074947	  0.588028	
  0.079458	  0.040659	  0.776832	  0.103051	
  0.916758	  0.000074	  0.000002	  0.083166	
  0.063994	  0.811419	  0.004432	  0.120155	
  0.417885	  0.131001	  0.300427	  0.150687	
  0.145466	  0.134282	  0.379913	  0.340339	
  0.152994	  0.340493	  0.308091	  0.198422	
  0.223635	  0.221410	  0.167338	  0.387617	

URL http://cisbp.ccbr.utoronto.ca/TFreport.php?versionNumber=2.00&searchTF=T228519_2.00

MOTIF M02049_2.00 (EuGene.0600010372)_(Arabidopsis_thaliana)_(DBD_0.49)

letter-probability matrix: alength= 4 w= 8 nsites= 1 E= 0
  0.100598	  0.200199	  0.100598	  0.598606	
  0.071937	  0.000712	  0.000712	  0.926638	
  0.133644	  0.000665	  0.798537	  0.067154	
  0.998005	  0.000665	  0.000665	  0.000665	
  0.000665	  0.000665	  0.000665	  0.998005	
  0.000665	  0.000665	  0.000665	  0.998005	
  0.154141	  0.000767	  0.844325	  0.000767	
  0.816123	  0.091486	  0.091486	  0.000906	

URL http://cisbp.ccbr.utoronto.ca/TFreport.php?versionNumber=2.00&searchTF=T228517_2.00

MOTIF M02227_2.00 (fgenesh2_pg.C_Chr_14000170)_(Oikopleura_dioica)_(DBD_0.47)

letter-probability matrix: alength= 4 w= 8 nsites= 1 E= 0
  0.308789	  0.191211	  0.250000	  0.250000	
  0.009525	  0.037816	  0.000094	  0.952565	
  0.000083	  0.000083	  0.999752	  0.000083	
  0.958784	  0.000082	  0.000082	  0.041052	
  0.000082	  0.999754	  0.000082	  0.000082	
  0.950590	  0.000082	  0.049246	  0.000082	
  0.074832	  0.056147	  0.635370	  0.233651	
  0.132587	  0.277095	  0.397519	  0.192799	

URL http://cisbp.ccbr.utoronto.ca/TFreport.php?versionNumber=2.00&searchTF=T228583_2.00

MOTIF M02305_2.00 (EuGene.0600010100)_(Arabidopsis_thaliana)_(DBD_0.94)

letter-probability matrix: alength= 4 w= 11 nsites= 1 E= 0
  0.325083	  0.224972	  0.224972	  0.224972	
  0.248785	  0.260211	  0.048443	  0.442561	
  0.825532	  0.024528	  0.024528	  0.125413	
  0.000222	  0.000222	  0.999335	  0.000222	
  0.999335	  0.000222	  0.000222	  0.000222	
  0.000222	  0.000222	  0.000222	  0.999335	
  0.287819	  0.317618	  0.000222	  0.394341	
  0.000222	  0.776894	  0.000222	  0.222663	
  0.025249	  0.025249	  0.723019	  0.226482	
  0.299003	  0.201779	  0.297439	  0.201779	
  0.322918	  0.225694	  0.225694	  0.225694	

URL http://cisbp.ccbr.utoronto.ca/TFreport.php?versionNumber=2.00&searchTF=T287004_2.00

MOTIF M02342_2.00 (EuGene.0300010169)_(Physcomitrella_patens)_(DBD_0.94)

letter-probability matrix: alength= 4 w= 9 nsites= 1 E= 0
  0.165880	  0.424650	  0.198595	  0.210875	
  0.188654	  0.368674	  0.252122	  0.190550	
  0.173746	  0.301146	  0.093466	  0.431642	
  0.191961	  0.229819	  0.151002	  0.427217	
  0.928240	  0.028030	  0.043090	  0.000640	
  0.000753	  0.171805	  0.065128	  0.762314	
  0.028316	  0.937696	  0.026935	  0.007053	
  0.091981	  0.545434	  0.138599	  0.223986	
  0.287178	  0.206459	  0.308000	  0.198363	

URL http://cisbp.ccbr.utoronto.ca/TFreport.php?versionNumber=2.00&searchTF=T287001_2.00

MOTIF M02364_2.00 (AZW_PierreAnnot2.00051)_(Ostreococcus_tauri)_(DBD_0.98)

letter-probability matrix: alength= 4 w= 9 nsites= 1 E= 0
  0.296166	  0.221610	  0.170873	  0.311351	
  0.443491	  0.074789	  0.114971	  0.366749	
  0.558136	  0.026698	  0.258424	  0.156742	
  0.466160	  0.510060	  0.000338	  0.023442	
  0.031326	  0.967229	  0.000400	  0.001045	
  0.077813	  0.883869	  0.037876	  0.000442	
  0.006183	  0.287663	  0.026359	  0.679795	
  0.508974	  0.176337	  0.140106	  0.174583	
  0.273515	  0.210894	  0.334072	  0.181518	

URL http://cisbp.ccbr.utoronto.ca/TFreport.php?versionNumber=2.00&searchTF=T285646_2.00

MOTIF M02366_2.00 (EuGene.0500010080)_(Ostreococcus_tauri)_(DBD_0.72)

letter-probability matrix: alength= 4 w= 9 nsites= 1 E= 0
  0.346040	  0.197661	  0.149389	  0.306910	
  0.481185	  0.019614	  0.393961	  0.105241	
  0.451307	  0.524344	  0.009135	  0.015213	
  0.006238	  0.982978	  0.002613	  0.008171	
  0.008011	  0.983153	  0.008421	  0.000415	
  0.002668	  0.060419	  0.001199	  0.935714	
  0.733974	  0.069302	  0.063974	  0.132751	
  0.363435	  0.169967	  0.309699	  0.156899	
  0.257101	  0.254543	  0.212612	  0.275743	

URL http://cisbp.ccbr.utoronto.ca/TFreport.php?versionNumber=2.00&searchTF=T287002_2.00

MOTIF M02367_2.00 (estExt_fgenesh2_pg.C_Chr_100175)_(Ostreococcus_tauri)_(DBD_0.98)

letter-probability matrix: alength= 4 w= 8 nsites= 1 E= 0
  0.199383	  0.294484	  0.285781	  0.220352	
  0.265335	  0.327338	  0.232989	  0.174338	
  0.278432	  0.200172	  0.391183	  0.130213	
  0.334245	  0.103738	  0.265569	  0.296448	
  0.984956	  0.001791	  0.005066	  0.008187	
  0.093831	  0.018944	  0.014607	  0.872618	
  0.130107	  0.664050	  0.099321	  0.106523	
  0.243162	  0.226723	  0.205147	  0.324968	

URL http://cisbp.ccbr.utoronto.ca/TFreport.php?versionNumber=2.00&searchTF=T286710_2.00

MOTIF M02485_2.00 (AZW_EuGene.0200010417)_(Arabidopsis_thaliana)_(DBD_0.54)

letter-probability matrix: alength= 4 w= 10 nsites= 1 E= 0
  0.246206	  0.214041	  0.253704	  0.286050	
  0.223218	  0.225462	  0.123736	  0.427584	
  0.374373	  0.150694	  0.125870	  0.349063	
  0.424988	  0.133228	  0.213164	  0.228620	
  0.314246	  0.138404	  0.139795	  0.407555	
  0.001214	  0.456559	  0.032581	  0.509647	
  0.524312	  0.125473	  0.318011	  0.032204	
  0.266076	  0.207220	  0.195153	  0.331551	
  0.287074	  0.181225	  0.287074	  0.244628	
  0.289992	  0.232724	  0.235063	  0.242222	

URL http://cisbp.ccbr.utoronto.ca/TFreport.php?versionNumber=2.00&searchTF=T334376_2.00

MOTIF M02533_2.00 (fgenesh2_pg.C_Chr_11000033)_(Ostreococcus_tauri)_(DBD_0.87)

letter-probability matrix: alength= 4 w= 9 nsites= 1 E= 0
  0.271308	  0.265936	  0.240628	  0.222128	
  0.288149	  0.231245	  0.271368	  0.209239	
  0.224414	  0.180096	  0.250508	  0.344982	
  0.163222	  0.233951	  0.201364	  0.401462	
  0.190314	  0.371918	  0.175682	  0.262086	
  0.430856	  0.117422	  0.378333	  0.073389	
  0.461800	  0.159993	  0.089580	  0.288626	
  0.502170	  0.131491	  0.234848	  0.131491	
  0.240171	  0.279039	  0.181518	  0.299272	

URL http://cisbp.ccbr.utoronto.ca/TFreport.php?versionNumber=2.00&searchTF=T346058_2.00

MOTIF M02647_2.00 (EuGene.0400010262)_(Arabidopsis_thaliana)_(DBD_0.68)

letter-probability matrix: alength= 4 w= 21 nsites= 1 E= 0
  0.176471	  0.117647	  0.352941	  0.352941	
  0.147059	  0.205882	  0.382353	  0.264706	
  0.235294	  0.000000	  0.705882	  0.058824	
  0.000000	  0.941176	  0.000000	  0.058824	
  0.911765	  0.000000	  0.058824	  0.029412	
  0.000000	  1.000000	  0.000000	  0.000000	
  0.617647	  0.000000	  0.382353	  0.000000	
  0.235294	  0.176471	  0.441176	  0.147059	
  0.441176	  0.029412	  0.029412	  0.500000	
  0.000000	  0.088235	  0.000000	  0.911765	
  0.117647	  0.735294	  0.000000	  0.147059	
  0.000000	  1.000000	  0.000000	  0.000000	
  0.000000	  0.970588	  0.000000	  0.029412	
  0.264706	  0.323529	  0.382353	  0.029412	
  1.000000	  0.000000	  0.000000	  0.000000	
  0.205882	  0.029412	  0.470588	  0.294118	
  0.088235	  0.029412	  0.852941	  0.029412	
  0.058824	  0.294118	  0.088235	  0.558824	
  0.235294	  0.176471	  0.411765	  0.176471	
  0.352941	  0.294118	  0.117647	  0.235294	
  0.558824	  0.117647	  0.088235	  0.235294	

URL http://cisbp.ccbr.utoronto.ca/TFreport.php?versionNumber=2.00&searchTF=T008242_2.00

MOTIF M02698_2.00 (e_gw2.01.888.1)_(Arabidopsis_thaliana)_(DBD_0.96)

letter-probability matrix: alength= 4 w= 11 nsites= 1 E= 0
  0.140000	  0.450000	  0.230000	  0.180000	
  0.160000	  0.270000	  0.550000	  0.020000	
  0.000000	  0.919192	  0.040404	  0.040404	
  0.000000	  0.050000	  0.930000	  0.020000	
  0.040404	  0.939394	  0.000000	  0.020202	
  0.040404	  0.020202	  0.020202	  0.919192	
  0.080808	  0.000000	  0.858586	  0.060606	
  0.960000	  0.000000	  0.020000	  0.020000	
  0.040000	  0.040000	  0.920000	  0.000000	
  0.020000	  0.550000	  0.260000	  0.170000	
  0.151515	  0.323232	  0.242424	  0.282828	

URL http://cisbp.ccbr.utoronto.ca/TFreport.php?versionNumber=2.00&searchTF=T286697_2.00

MOTIF M02720_2.00 (EuGene.1300010342)_(Pisum_sativum)_(DBD_0.38)

letter-probability matrix: alength= 4 w= 9 nsites= 1 E= 0
  0.000000	  0.384615	  0.615385	  0.000000	
  0.000000	  0.000000	  0.230769	  0.769231	
  0.000000	  0.307692	  0.000000	  0.692308	
  0.000000	  0.153846	  0.769231	  0.076923	
  0.000000	  0.076923	  0.000000	  0.923077	
  0.461538	  0.076923	  0.230769	  0.230769	
  0.230769	  0.384615	  0.000000	  0.384615	
  0.000000	  0.076923	  0.153846	  0.769231	
  0.000000	  0.615385	  0.076923	  0.307692	

URL http://cisbp.ccbr.utoronto.ca/TFreport.php?versionNumber=2.00&searchTF=T334484_2.00

MOTIF M06764_2.00 (estExt_fgenesh2_pg.C_Chr_020452)_(Arabidopsis_thaliana)_(DBD_0.69)

letter-probability matrix: alength= 4 w= 15 nsites= 1 E= 0
  0.363484	  0.097152	  0.266332	  0.273032	
  0.381910	  0.108878	  0.184255	  0.324958	
  0.303183	  0.083752	  0.127303	  0.485762	
  0.087102	  0.020101	  0.608040	  0.284757	
  0.221106	  0.385260	  0.293132	  0.100503	
  0.160804	  0.236181	  0.000000	  0.603015	
  0.000000	  0.348409	  0.569514	  0.082077	
  1.000000	  0.000000	  0.000000	  0.000000	
  0.000000	  0.991625	  0.000000	  0.008375	
  0.008375	  0.000000	  0.991625	  0.000000	
  0.000000	  0.000000	  0.000000	  1.000000	
  0.000000	  0.000000	  1.000000	  0.000000	
  0.000000	  0.000000	  0.850921	  0.149079	
  0.097152	  0.902848	  0.000000	  0.000000	
  0.735343	  0.068677	  0.150754	  0.045226	

URL http://cisbp.ccbr.utoronto.ca/TFreport.php?versionNumber=2.00&searchTF=T071664_2.00

MOTIF M06790_2.00 (EuGene.0200010492)_(Arabidopsis_thaliana)_(DBD_0.66)

letter-probability matrix: alength= 4 w= 15 nsites= 1 E= 0
  0.338624	  0.097002	  0.312169	  0.252205	
  0.329806	  0.158730	  0.229277	  0.282187	
  0.144621	  0.165785	  0.114638	  0.574956	
  0.074074	  0.021164	  0.881834	  0.022928	
  0.576719	  0.165785	  0.215168	  0.042328	
  0.005291	  0.051146	  0.003527	  0.940036	
  0.000000	  0.000000	  0.964727	  0.035273	
  0.998236	  0.000000	  0.001764	  0.000000	
  0.000000	  0.989418	  0.000000	  0.010582	
  0.000000	  0.005291	  0.994709	  0.000000	
  0.000000	  0.000000	  0.000000	  1.000000	
  0.033510	  0.269841	  0.691358	  0.005291	
  0.232804	  0.000000	  0.552028	  0.215168	
  0.183422	  0.647266	  0.024691	  0.144621	
  0.331570	  0.343915	  0.148148	  0.176367	

URL http://cisbp.ccbr.utoronto.ca/TFreport.php?versionNumber=2.00&searchTF=T071738_2.00

MOTIF M06873_2.00 (EuGene.0800010516)_(Arabidopsis_thaliana)_(DBD_0.68)

letter-probability matrix: alength= 4 w= 21 nsites= 1 E= 0
  0.230061	  0.000000	  0.015337	  0.754602	
  0.134969	  0.006135	  0.003067	  0.855829	
  0.076687	  0.012270	  0.009202	  0.901841	
  0.036810	  0.000000	  0.033742	  0.929448	
  0.003067	  0.049080	  0.944786	  0.003067	
  0.000000	  0.003067	  0.993866	  0.003067	
  0.000000	  1.000000	  0.000000	  0.000000	
  0.000000	  0.000000	  1.000000	  0.000000	
  0.000000	  0.009202	  0.990798	  0.000000	
  0.000000	  0.009202	  0.990798	  0.000000	
  0.996933	  0.000000	  0.000000	  0.003067	
  0.993866	  0.003067	  0.000000	  0.003067	
  0.855828	  0.030675	  0.039877	  0.073620	
  0.622699	  0.067485	  0.046012	  0.263804	
  0.266871	  0.110429	  0.064417	  0.558283	
  0.214724	  0.134969	  0.174847	  0.475460	
  0.337423	  0.088957	  0.131902	  0.441718	
  0.180982	  0.199387	  0.180982	  0.438650	
  0.303681	  0.052147	  0.239264	  0.404908	
  0.162577	  0.064417	  0.312883	  0.460123	
  0.214724	  0.141104	  0.220859	  0.423313	

URL http://cisbp.ccbr.utoronto.ca/TFreport.php?versionNumber=2.00&searchTF=T173927_2.00

MOTIF M06941_2.00 (est_cluster_kg.Chr_10__40__3200271:1)_(Arabidopsis_thaliana)_(DBD_0.54)

letter-probability matrix: alength= 4 w= 13 nsites= 1 E= 0
  0.618729	  0.095318	  0.239130	  0.046823	
  0.000000	  0.000000	  1.000000	  0.000000	
  0.984950	  0.000000	  0.001672	  0.013378	
  0.943144	  0.003344	  0.000000	  0.053512	
  0.088629	  0.224080	  0.556856	  0.130435	
  0.290970	  0.361204	  0.167224	  0.180602	
  0.098662	  0.046823	  0.010033	  0.844482	
  0.013378	  0.000000	  0.001672	  0.984950	
  0.000000	  0.998328	  0.001672	  0.000000	
  0.008361	  0.105351	  0.045151	  0.841137	
  0.814381	  0.026756	  0.158863	  0.000000	
  0.000000	  0.000000	  1.000000	  0.000000	
  0.981606	  0.003344	  0.000000	  0.015050	

URL http://cisbp.ccbr.utoronto.ca/TFreport.php?versionNumber=2.00&searchTF=T243091_2.00

MOTIF M06947_2.00 (EuGene.0200010072)_(Arabidopsis_thaliana)_(DBD_0.45)

letter-probability matrix: alength= 4 w= 19 nsites= 1 E= 0
  0.227045	  0.200334	  0.140234	  0.432387	
  0.237062	  0.315526	  0.198664	  0.248748	
  0.285476	  0.203673	  0.171953	  0.338898	
  0.540902	  0.093489	  0.235392	  0.130217	
  0.153589	  0.071786	  0.689483	  0.085142	
  0.796328	  0.075125	  0.078464	  0.050083	
  0.804674	  0.028381	  0.045075	  0.121870	
  0.121870	  0.188648	  0.482471	  0.207012	
  0.106845	  0.575960	  0.185309	  0.131886	
  0.096828	  0.018364	  0.016694	  0.868114	
  0.008347	  0.005008	  0.000000	  0.986645	
  0.003339	  0.988314	  0.000000	  0.008347	
  0.005008	  0.073456	  0.028381	  0.893155	
  0.896494	  0.006678	  0.090150	  0.006678	
  0.010017	  0.008347	  0.969950	  0.011686	
  0.984975	  0.000000	  0.008347	  0.006678	
  0.853089	  0.035058	  0.028381	  0.083472	
  0.195326	  0.135225	  0.542571	  0.126878	
  0.330551	  0.375626	  0.160267	  0.133556	

URL http://cisbp.ccbr.utoronto.ca/TFreport.php?versionNumber=2.00&searchTF=T243129_2.00

MOTIF M06997_2.00 (estExt_fgenesh2_pg.C_Chr_080053)_(Arabidopsis_thaliana)_(DBD_0.85)

letter-probability matrix: alength= 4 w= 10 nsites= 1 E= 0
  0.375626	  0.195326	  0.240401	  0.188648	
  0.579299	  0.056761	  0.076795	  0.287145	
  0.904841	  0.000000	  0.010017	  0.085142	
  0.989984	  0.005008	  0.000000	  0.005008	
  0.978297	  0.008347	  0.013356	  0.000000	
  0.000000	  0.000000	  0.003339	  0.996661	
  1.000000	  0.000000	  0.000000	  0.000000	
  0.000000	  0.000000	  0.000000	  1.000000	
  0.000000	  1.000000	  0.000000	  0.000000	
  0.091820	  0.051753	  0.001669	  0.854758	

URL http://cisbp.ccbr.utoronto.ca/TFreport.php?versionNumber=2.00&searchTF=T286709_2.00

MOTIF M07056_2.00 (EuGene.0700010469)_(Arabidopsis_thaliana)_(DBD_0.70)

letter-probability matrix: alength= 4 w= 11 nsites= 1 E= 0
  0.646667	  0.093333	  0.025000	  0.235000	
  0.833334	  0.020000	  0.008333	  0.138333	
  0.285000	  0.378333	  0.063333	  0.273333	
  0.995000	  0.000000	  0.003333	  0.001667	
  0.000000	  0.000000	  0.001667	  0.998333	
  0.000000	  0.000000	  0.000000	  1.000000	
  0.000000	  1.000000	  0.000000	  0.000000	
  0.000000	  0.333333	  0.008333	  0.658334	
  0.221667	  0.285000	  0.055000	  0.438333	
  0.148333	  0.143333	  0.015000	  0.693334	
  0.230000	  0.133333	  0.106667	  0.530000	

URL http://cisbp.ccbr.utoronto.ca/TFreport.php?versionNumber=2.00&searchTF=T287006_2.00

MOTIF M07069_2.00 (estExt_fgenesh2_pg.C_Chr_110083)_(Arabidopsis_thaliana)_(DBD_0.80)

letter-probability matrix: alength= 4 w= 12 nsites= 1 E= 0
  0.386172	  0.207420	  0.161889	  0.244519	
  0.370995	  0.224283	  0.123103	  0.281619	
  0.435076	  0.155143	  0.187184	  0.222597	
  0.672850	  0.059022	  0.074199	  0.193929	
  0.912310	  0.000000	  0.003373	  0.084317	
  1.000000	  0.000000	  0.000000	  0.000000	
  0.996627	  0.000000	  0.003373	  0.000000	
  0.005059	  0.000000	  0.000000	  0.994941	
  1.000000	  0.000000	  0.000000	  0.000000	
  0.000000	  0.000000	  0.000000	  1.000000	
  0.000000	  1.000000	  0.000000	  0.000000	
  0.096121	  0.064081	  0.013491	  0.826307	

URL http://cisbp.ccbr.utoronto.ca/TFreport.php?versionNumber=2.00&searchTF=T286712_2.00

MOTIF M07406_2.00 (EuGene.1200010296)_(Arabidopsis_thaliana)_(DBD_0.59)

letter-probability matrix: alength= 4 w= 13 nsites= 1 E= 0
  0.494983	  0.212375	  0.120401	  0.172241	
  0.652174	  0.108696	  0.093645	  0.145485	
  0.705686	  0.048495	  0.056856	  0.188963	
  0.799331	  0.010033	  0.165552	  0.025084	
  0.000000	  0.000000	  1.000000	  0.000000	
  0.000000	  0.000000	  0.000000	  1.000000	
  0.000000	  1.000000	  0.000000	  0.000000	
  0.996656	  0.003344	  0.000000	  0.000000	
  0.989967	  0.000000	  0.010033	  0.000000	
  0.284281	  0.596990	  0.025084	  0.093645	
  0.225753	  0.142140	  0.453177	  0.178930	
  0.359532	  0.219064	  0.160535	  0.260870	
  0.284281	  0.267559	  0.093645	  0.354515	

URL http://cisbp.ccbr.utoronto.ca/TFreport.php?versionNumber=2.00&searchTF=T356139_2.00

MOTIF M08108_2.00 (fgenesh2_pg.C_Chr_02000142)_(Homo_sapiens)_(DBD_0.87)

letter-probability matrix: alength= 4 w= 11 nsites= 1 E= 0
  0.204783	  0.244644	  0.387145	  0.163428	
  0.131041	  0.340807	  0.468361	  0.059791	
  0.023916	  0.035376	  0.927753	  0.012955	
  0.013951	  0.939711	  0.010962	  0.035376	
  0.006976	  0.026906	  0.962631	  0.003488	
  0.017937	  0.039860	  0.929248	  0.012955	
  0.013453	  0.015944	  0.956153	  0.014449	
  0.924265	  0.011958	  0.048829	  0.014948	
  0.819631	  0.084704	  0.068261	  0.027404	
  0.231689	  0.322372	  0.322870	  0.123069	
  0.189836	  0.300947	  0.322870	  0.186348	

URL http://cisbp.ccbr.utoronto.ca/TFreport.php?versionNumber=2.00&searchTF=T173935_2.00

MOTIF M08149_2.00 (EuGene.1600010231)_(Homo_sapiens)_(DBD_0.90)

letter-probability matrix: alength= 4 w= 15 nsites= 1 E= 0
  0.319149	  0.145315	  0.306021	  0.229516	
  0.331824	  0.068357	  0.259393	  0.340426	
  0.195111	  0.088728	  0.372114	  0.344047	
  0.172929	  0.639203	  0.035310	  0.152558	
  0.000000	  0.445903	  0.000000	  0.554097	
  0.731553	  0.115890	  0.033499	  0.119058	
  0.772295	  0.014486	  0.109099	  0.104120	
  0.953825	  0.000000	  0.039384	  0.006790	
  0.964690	  0.000000	  0.000905	  0.034405	
  0.966501	  0.000000	  0.001811	  0.031689	
  0.025351	  0.028067	  0.000000	  0.946582	
  0.985514	  0.000000	  0.014486	  0.000000	
  0.176098	  0.054323	  0.756451	  0.013128	
  0.441376	  0.378452	  0.066999	  0.113173	
  0.456768	  0.203712	  0.057039	  0.282481	

URL http://cisbp.ccbr.utoronto.ca/TFreport.php?versionNumber=2.00&searchTF=T258024_2.00

MOTIF M08231_2.00 (estExt_Genewise2.C_Chr_060259)_(Homo_sapiens)_(DBD_0.79)

letter-probability matrix: alength= 4 w= 10 nsites= 1 E= 0
  0.117647	  0.205882	  0.044118	  0.632353	
  0.808823	  0.029412	  0.044118	  0.117647	
  0.102941	  0.000000	  0.088235	  0.808824	
  0.000000	  0.161765	  0.000000	  0.838235	
  0.220588	  0.000000	  0.000000	  0.779412	
  0.220588	  0.000000	  0.779412	  0.000000	
  0.117647	  0.691177	  0.000000	  0.191176	
  0.955882	  0.029412	  0.000000	  0.014706	
  0.000000	  0.000000	  0.000000	  1.000000	
  0.617646	  0.058824	  0.161765	  0.161765	

URL http://cisbp.ccbr.utoronto.ca/TFreport.php?versionNumber=2.00&searchTF=T343158_2.00

