MEME version 5.5.8 (Fri May 2 15:43:49 2025 -0700)

ALPHABET= ACGT

strands: + -

Background letter frequencies (from uniform background):
A 0.25000 C 0.25000 G 0.25000 T 0.25000 

MOTIF M00049_2.00 (MVLG_00964)_(Saccharomyces_cerevisiae)_(DBD_0.69)

letter-probability matrix: alength= 4 w= 10 nsites= 1 E= 0
  0.252983	  0.240645	  0.243064	  0.263308	
  0.269403	  0.251189	  0.220568	  0.258839	
  0.252879	  0.285121	  0.209121	  0.252879	
  0.266753	  0.280430	  0.166721	  0.286095	
  0.113406	  0.053569	  0.750675	  0.082350	
  0.849031	  0.039809	  0.035662	  0.075497	
  0.162404	  0.054603	  0.055152	  0.727842	
  0.690436	  0.055552	  0.065846	  0.188166	
  0.445770	  0.151381	  0.208471	  0.194378	
  0.236453	  0.251075	  0.335543	  0.176929	

URL http://cisbp.ccbr.utoronto.ca/TFreport.php?versionNumber=2.00&searchTF=T194228_2.00

MOTIF M00061_2.00 (MVLG_06765)_(Saccharomyces_cerevisiae)_(DBD_0.61)

letter-probability matrix: alength= 4 w= 8 nsites= 1 E= 0
  0.726984	  0.045578	  0.075863	  0.151575	
  0.056906	  0.193208	  0.068264	  0.681622	
  0.064288	  0.064288	  0.871332	  0.000092	
  0.000090	  0.000090	  0.999730	  0.000090	
  0.000090	  0.972713	  0.027107	  0.000090	
  0.000090	  0.963707	  0.009096	  0.027107	
  0.586810	  0.119622	  0.293459	  0.000109	
  0.142918	  0.057253	  0.742576	  0.057253	

URL http://cisbp.ccbr.utoronto.ca/TFreport.php?versionNumber=2.00&searchTF=T241302_2.00

MOTIF M00070_2.00 (MVLG_01557)_(Saccharomyces_cerevisiae)_(DBD_0.47)

letter-probability matrix: alength= 4 w= 11 nsites= 1 E= 0
  0.268573	  0.272224	  0.178881	  0.280322	
  0.509793	  0.098806	  0.292595	  0.098806	
  0.848016	  0.050661	  0.050661	  0.050661	
  0.999893	  0.000036	  0.000036	  0.000036	
  0.000036	  0.903786	  0.000036	  0.096142	
  0.903786	  0.000036	  0.000036	  0.096142	
  0.999893	  0.000036	  0.000036	  0.000036	
  0.000036	  0.000036	  0.000036	  0.999893	
  0.591260	  0.071155	  0.071155	  0.266431	
  0.345743	  0.151230	  0.257625	  0.245401	
  0.199374	  0.199374	  0.199374	  0.401877	

URL http://cisbp.ccbr.utoronto.ca/TFreport.php?versionNumber=2.00&searchTF=T331397_2.00

MOTIF M01102_2.00 (MVLG_00780)_(PBM_CONSTRUCTS)_(DBD_0.84)

letter-probability matrix: alength= 4 w= 8 nsites= 1 E= 0
  0.520400	  0.150739	  0.150739	  0.178122	
  0.168349	  0.386085	  0.237629	  0.207937	
  0.828862	  0.000085	  0.162423	  0.008630	
  0.000085	  0.999744	  0.000085	  0.000085	
  0.000085	  0.000085	  0.982656	  0.017174	
  0.008630	  0.957023	  0.000085	  0.034262	
  0.008630	  0.017174	  0.965567	  0.008630	
  0.562344	  0.150050	  0.000125	  0.287481	

URL http://cisbp.ccbr.utoronto.ca/TFreport.php?versionNumber=2.00&searchTF=T012121_2.00

MOTIF M01116_2.00 (MVLG_06749)_(Neurospora_crassa)_(DBD_0.90)

letter-probability matrix: alength= 4 w= 9 nsites= 1 E= 0
  0.205969	  0.329549	  0.234563	  0.229919	
  0.099121	  0.747209	  0.074914	  0.078755	
  0.515605	  0.238732	  0.140519	  0.105145	
  0.048574	  0.775174	  0.033218	  0.143035	
  0.095708	  0.119260	  0.781571	  0.003460	
  0.013930	  0.001606	  0.036747	  0.947716	
  0.000984	  0.004545	  0.976584	  0.017887	
  0.493454	  0.273535	  0.122907	  0.110104	
  0.129898	  0.406160	  0.186186	  0.277757	

URL http://cisbp.ccbr.utoronto.ca/TFreport.php?versionNumber=2.00&searchTF=T041736_2.00

MOTIF M01147_2.00 (MVLG_01037)_(Neurospora_crassa)_(DBD_0.69)

letter-probability matrix: alength= 4 w= 10 nsites= 1 E= 0
  0.256344	  0.201648	  0.261523	  0.280485	
  0.466416	  0.147685	  0.263770	  0.122129	
  0.056276	  0.045162	  0.000477	  0.898085	
  0.076513	  0.037995	  0.643848	  0.241643	
  0.796372	  0.031502	  0.085633	  0.086493	
  0.072044	  0.711432	  0.042832	  0.173691	
  0.178754	  0.047276	  0.689532	  0.084438	
  0.163925	  0.196254	  0.078997	  0.560825	
  0.373050	  0.284779	  0.165954	  0.176216	
  0.318316	  0.178225	  0.258022	  0.245438	

URL http://cisbp.ccbr.utoronto.ca/TFreport.php?versionNumber=2.00&searchTF=T065033_2.00

MOTIF M01566_2.00 (MVLG_07162)_(Saccharomyces_cerevisiae)_(DBD_0.55)

letter-probability matrix: alength= 4 w= 8 nsites= 1 E= 0
  0.270726	  0.299198	  0.159350	  0.270726	
  0.171103	  0.404343	  0.058690	  0.365865	
  0.701225	  0.048078	  0.204963	  0.045733	
  0.053179	  0.447494	  0.090348	  0.408979	
  0.407307	  0.049381	  0.055677	  0.487635	
  0.525518	  0.097943	  0.128302	  0.248237	
  0.510778	  0.094249	  0.117441	  0.277532	
  0.343791	  0.175921	  0.275898	  0.204391	

URL http://cisbp.ccbr.utoronto.ca/TFreport.php?versionNumber=2.00&searchTF=T331401_2.00

MOTIF M01567_2.00 (MVLG_00350)_(Saccharomyces_cerevisiae)_(DBD_0.90)

letter-probability matrix: alength= 4 w= 7 nsites= 1 E= 0
  0.315311	  0.189343	  0.207174	  0.288172	
  0.345705	  0.141966	  0.211788	  0.300541	
  0.271982	  0.110580	  0.155359	  0.462079	
  0.583542	  0.000869	  0.110954	  0.304636	
  0.219565	  0.006434	  0.188981	  0.585020	
  0.934996	  0.000354	  0.051964	  0.012687	
  0.422777	  0.000471	  0.095282	  0.481470	

URL http://cisbp.ccbr.utoronto.ca/TFreport.php?versionNumber=2.00&searchTF=T342727_2.00

MOTIF M01654_2.00 (MVLG_05049)_(Neurospora_crassa)_(DBD_0.58)

letter-probability matrix: alength= 4 w= 9 nsites= 1 E= 0
  0.267934	  0.217183	  0.260016	  0.254867	
  0.253271	  0.236148	  0.207361	  0.303220	
  0.244019	  0.201794	  0.295080	  0.259108	
  0.555310	  0.001732	  0.212624	  0.230333	
  0.031649	  0.841093	  0.000193	  0.127065	
  0.319537	  0.007220	  0.669729	  0.003514	
  0.097180	  0.809624	  0.007005	  0.086191	
  0.054095	  0.015344	  0.871960	  0.058601	
  0.292764	  0.177570	  0.157491	  0.372176	

URL http://cisbp.ccbr.utoronto.ca/TFreport.php?versionNumber=2.00&searchTF=T012122_2.00

MOTIF M01835_2.00 (MVLG_04838)_(Neurospora_crassa)_(DBD_0.67)

letter-probability matrix: alength= 4 w= 11 nsites= 1 E= 0
  0.227977	  0.227977	  0.316068	  0.227977	
  0.575603	  0.108023	  0.208350	  0.108023	
  0.833557	  0.055481	  0.055481	  0.055481	
  0.000201	  0.000201	  0.089004	  0.910593	
  0.188309	  0.089004	  0.722485	  0.000201	
  0.906520	  0.000201	  0.000201	  0.093078	
  0.183108	  0.539578	  0.089004	  0.188309	
  0.277113	  0.000201	  0.539578	  0.183108	
  0.393952	  0.022224	  0.022224	  0.561601	
  0.236961	  0.363298	  0.257563	  0.142178	
  0.415840	  0.194720	  0.194720	  0.194720	

URL http://cisbp.ccbr.utoronto.ca/TFreport.php?versionNumber=2.00&searchTF=T065043_2.00

MOTIF M01883_2.00 (MVLG_05812)_(Neurospora_crassa)_(DBD_0.78)

letter-probability matrix: alength= 4 w= 9 nsites= 1 E= 0
  0.202106	  0.230164	  0.210354	  0.357377	
  0.304198	  0.179053	  0.346429	  0.170320	
  0.098210	  0.511379	  0.126104	  0.264307	
  0.210415	  0.555064	  0.120191	  0.114329	
  0.100675	  0.813949	  0.050496	  0.034879	
  0.061818	  0.857654	  0.042275	  0.038252	
  0.049596	  0.048130	  0.044876	  0.857399	
  0.060369	  0.049426	  0.685724	  0.204481	
  0.460766	  0.076930	  0.311965	  0.150339	

URL http://cisbp.ccbr.utoronto.ca/TFreport.php?versionNumber=2.00&searchTF=T123833_2.00

MOTIF M01991_2.00 (MVLG_03626)_(Neurospora_crassa)_(DBD_0.55)

letter-probability matrix: alength= 4 w= 12 nsites= 1 E= 0
  0.325852	  0.224716	  0.224716	  0.224716	
  0.224716	  0.224716	  0.224716	  0.325852	
  0.320320	  0.126731	  0.230111	  0.322838	
  0.150068	  0.054508	  0.740916	  0.054508	
  0.110630	  0.000255	  0.000255	  0.888861	
  0.802598	  0.101332	  0.000255	  0.095815	
  0.999235	  0.000255	  0.000255	  0.000255	
  0.898099	  0.000255	  0.000255	  0.101392	
  0.025539	  0.521340	  0.025539	  0.427581	
  0.923383	  0.025539	  0.025539	  0.025539	
  0.438479	  0.218912	  0.123524	  0.219085	
  0.412759	  0.195747	  0.195747	  0.195747	

URL http://cisbp.ccbr.utoronto.ca/TFreport.php?versionNumber=2.00&searchTF=T188130_2.00

MOTIF M02055_2.00 (MVLG_02963)_(Encephalitozoon_cuniculi)_(DBD_0.72)

letter-probability matrix: alength= 4 w= 9 nsites= 1 E= 0
  0.259454	  0.234764	  0.210309	  0.295473	
  0.174519	  0.228614	  0.282036	  0.314831	
  0.058202	  0.248121	  0.089471	  0.604206	
  0.740913	  0.151091	  0.033713	  0.074283	
  0.897687	  0.051926	  0.014877	  0.035510	
  0.000090	  0.021879	  0.000025	  0.978006	
  0.271104	  0.088456	  0.049033	  0.591406	
  0.383479	  0.034788	  0.026557	  0.555176	
  0.666246	  0.107949	  0.156282	  0.069523	

URL http://cisbp.ccbr.utoronto.ca/TFreport.php?versionNumber=2.00&searchTF=T220871_2.00

MOTIF M02174_2.00 (MVLG_02993)_(Schizosaccharomyces_pombe)_(DBD_0.49)

letter-probability matrix: alength= 4 w= 10 nsites= 1 E= 0
  0.314868	  0.207136	  0.183010	  0.294986	
  0.198798	  0.224880	  0.206807	  0.369515	
  0.325666	  0.166437	  0.104042	  0.403855	
  0.515300	  0.168946	  0.092735	  0.223019	
  0.697716	  0.158556	  0.116498	  0.027230	
  0.027230	  0.116498	  0.158556	  0.697716	
  0.223019	  0.092735	  0.168946	  0.515300	
  0.403855	  0.104042	  0.166437	  0.325666	
  0.369515	  0.206807	  0.224880	  0.198798	
  0.294986	  0.183010	  0.207136	  0.314868	

URL http://cisbp.ccbr.utoronto.ca/TFreport.php?versionNumber=2.00&searchTF=T220872_2.00

MOTIF M02247_2.00 (MVLG_00322)_(Aspergillus_nidulans)_(DBD_0.45)

letter-probability matrix: alength= 4 w= 10 nsites= 1 E= 0
  0.354631	  0.215094	  0.219440	  0.210835	
  0.330282	  0.212714	  0.202340	  0.254665	
  0.214610	  0.210361	  0.307608	  0.267421	
  0.286586	  0.236995	  0.241782	  0.234637	
  0.124300	  0.022037	  0.071001	  0.782662	
  0.089295	  0.000287	  0.037410	  0.873008	
  0.077635	  0.814050	  0.043468	  0.064846	
  0.032211	  0.433685	  0.153288	  0.380816	
  0.614435	  0.084835	  0.185064	  0.115666	
  0.161120	  0.302520	  0.140071	  0.396290	

URL http://cisbp.ccbr.utoronto.ca/TFreport.php?versionNumber=2.00&searchTF=T241297_2.00

MOTIF M02283_2.00 (MVLG_06278)_(Dictyostelium_discoideum)_(DBD_0.85)

letter-probability matrix: alength= 4 w= 10 nsites= 1 E= 0
  0.233777	  0.598464	  0.083460	  0.084299	
  0.030948	  0.562453	  0.044359	  0.362240	
  0.506429	  0.042836	  0.155615	  0.295120	
  0.524310	  0.062308	  0.043907	  0.369475	
  0.657133	  0.044163	  0.042009	  0.256695	
  0.290800	  0.112464	  0.066862	  0.529873	
  0.281986	  0.340992	  0.131875	  0.245147	
  0.228299	  0.247314	  0.296088	  0.228299	
  0.301159	  0.033037	  0.594451	  0.071353	
  0.207356	  0.056511	  0.520315	  0.215818	

URL http://cisbp.ccbr.utoronto.ca/TFreport.php?versionNumber=2.00&searchTF=T254838_2.00

MOTIF M02490_2.00 (MVLG_01270)_(Neurospora_crassa)_(DBD_0.46)

letter-probability matrix: alength= 4 w= 10 nsites= 1 E= 0
  0.329130	  0.229626	  0.220622	  0.220622	
  0.346994	  0.223477	  0.251969	  0.177560	
  0.448098	  0.134965	  0.110500	  0.306437	
  0.335755	  0.153912	  0.139266	  0.371067	
  0.248453	  0.220358	  0.178619	  0.352571	
  0.233539	  0.293933	  0.209213	  0.263315	
  0.195880	  0.356917	  0.275201	  0.172001	
  0.140053	  0.396240	  0.262965	  0.200742	
  0.596865	  0.017317	  0.262878	  0.122939	
  0.143083	  0.219956	  0.147441	  0.489520	

URL http://cisbp.ccbr.utoronto.ca/TFreport.php?versionNumber=2.00&searchTF=T331395_2.00

MOTIF M02698_2.00 (MVLG_03555)_(Arabidopsis_thaliana)_(DBD_0.89)

letter-probability matrix: alength= 4 w= 11 nsites= 1 E= 0
  0.140000	  0.450000	  0.230000	  0.180000	
  0.160000	  0.270000	  0.550000	  0.020000	
  0.000000	  0.919192	  0.040404	  0.040404	
  0.000000	  0.050000	  0.930000	  0.020000	
  0.040404	  0.939394	  0.000000	  0.020202	
  0.040404	  0.020202	  0.020202	  0.919192	
  0.080808	  0.000000	  0.858586	  0.060606	
  0.960000	  0.000000	  0.020000	  0.020000	
  0.040000	  0.040000	  0.920000	  0.000000	
  0.020000	  0.550000	  0.260000	  0.170000	
  0.151515	  0.323232	  0.242424	  0.282828	

URL http://cisbp.ccbr.utoronto.ca/TFreport.php?versionNumber=2.00&searchTF=T274996_2.00

MOTIF M03325_2.00 (MVLG_03900)_(Homo_sapiens)_(DBD_0.53)

letter-probability matrix: alength= 4 w= 13 nsites= 1 E= 0
  0.020328	  0.009544	  0.960775	  0.009353	
  0.949448	  0.012827	  0.007545	  0.030180	
  0.835297	  0.031862	  0.023565	  0.109276	
  0.190722	  0.330287	  0.220522	  0.258468	
  0.282209	  0.216946	  0.366147	  0.134698	
  0.132278	  0.029511	  0.033109	  0.805102	
  0.071022	  0.004158	  0.070598	  0.854221	
  0.000793	  0.997721	  0.001189	  0.000297	
  0.001746	  0.253412	  0.212253	  0.532589	
  0.568436	  0.183625	  0.244438	  0.003501	
  0.006769	  0.010733	  0.973409	  0.009089	
  0.848033	  0.082975	  0.007666	  0.061326	
  0.712607	  0.078998	  0.072627	  0.135768	

URL http://cisbp.ccbr.utoronto.ca/TFreport.php?versionNumber=2.00&searchTF=T241301_2.00

MOTIF M08162_2.00 (MVLG_04348)_(Mus_musculus)_(DBD_0.37)

letter-probability matrix: alength= 4 w= 14 nsites= 1 E= 0
  0.000000	  0.000000	  1.000000	  0.000000	
  0.000000	  0.026193	  0.000000	  0.973807	
  0.047240	  0.114125	  0.000000	  0.838634	
  0.060337	  0.005613	  0.799813	  0.134238	
  0.000000	  0.913003	  0.000000	  0.086997	
  0.000000	  0.717493	  0.000000	  0.282507	
  0.836763	  0.044902	  0.053789	  0.064546	
  0.191300	  0.034144	  0.188026	  0.586529	
  0.042095	  0.000000	  0.957905	  0.000000	
  0.120206	  0.044902	  0.817587	  0.017306	
  0.244153	  0.356408	  0.202526	  0.196913	
  0.481291	  0.061272	  0.389616	  0.067820	
  0.692703	  0.176333	  0.103835	  0.027128	
  0.074369	  0.716558	  0.073433	  0.135641	

URL http://cisbp.ccbr.utoronto.ca/TFreport.php?versionNumber=2.00&searchTF=T318705_2.00

MOTIF M08452_2.00 (MVLG_01455)_(Saccharomyces_cerevisiae)_(DBD_0.77)

letter-probability matrix: alength= 4 w= 5 nsites= 1 E= 0
  0.000000	  0.000000	  0.000000	  1.000000	
  0.000000	  0.000000	  0.010160	  0.989840	
  0.005578	  0.000000	  0.994422	  0.000000	
  0.000000	  0.000000	  0.998223	  0.001777	
  0.158006	  0.378979	  0.030665	  0.432350	

URL http://cisbp.ccbr.utoronto.ca/TFreport.php?versionNumber=2.00&searchTF=T160163_2.00

