MEME version 5.5.8 (Fri May 2 15:43:49 2025 -0700)

ALPHABET= ACGT

strands: + -

Background letter frequencies (from uniform background):
A 0.25000 C 0.25000 G 0.25000 T 0.25000 

MOTIF M00890_2.00 (EuGene.0000040541)_(Arabidopsis_thaliana)_(DBD_0.53)

letter-probability matrix: alength= 4 w= 8 nsites= 1 E= 0
  0.795635	  0.001984	  0.001984	  0.200397	
  0.996681	  0.001106	  0.001106	  0.001106	
  0.001106	  0.001106	  0.001106	  0.996681	
  0.664823	  0.111726	  0.111726	  0.111726	
  0.775442	  0.001106	  0.001106	  0.222345	
  0.111726	  0.001106	  0.001106	  0.886062	
  0.554204	  0.111726	  0.001106	  0.332965	
  0.996269	  0.001244	  0.001244	  0.001244	

URL http://cisbp.ccbr.utoronto.ca/TFreport.php?versionNumber=2.00&searchTF=T334082_2.00

MOTIF M00982_2.00 (est_orfs.10_1980_4270394:1)_(Arabidopsis_thaliana)_(DBD_0.62)

letter-probability matrix: alength= 4 w= 8 nsites= 1 E= 0
  0.250000	  0.261358	  0.204566	  0.284075	
  0.401527	  0.007950	  0.582572	  0.007950	
  0.000061	  0.000061	  0.993683	  0.006195	
  0.000061	  0.006195	  0.000061	  0.993683	
  0.006195	  0.993683	  0.000061	  0.000061	
  0.987549	  0.000061	  0.000061	  0.012328	
  0.886497	  0.000067	  0.100040	  0.013396	
  0.280691	  0.377148	  0.149158	  0.193002	

URL http://cisbp.ccbr.utoronto.ca/TFreport.php?versionNumber=2.00&searchTF=T355652_2.00

MOTIF M01070_2.00 (EuGene.0000030935)_(Arabidopsis_thaliana)_(DBD_0.74)

letter-probability matrix: alength= 4 w= 8 nsites= 1 E= 0
  0.478976	  0.104288	  0.000208	  0.416528	
  0.411670	  0.014844	  0.529248	  0.044239	
  0.460416	  0.539321	  0.000132	  0.000132	
  0.000130	  0.999611	  0.000130	  0.000130	
  0.000130	  0.973650	  0.000130	  0.026090	
  0.026090	  0.000130	  0.000130	  0.973650	
  0.999611	  0.000130	  0.000130	  0.000130	
  0.403728	  0.000192	  0.595888	  0.000192	

URL http://cisbp.ccbr.utoronto.ca/TFreport.php?versionNumber=2.00&searchTF=T284840_2.00

MOTIF M01566_2.00 (EuGene.0000050349)_(Saccharomyces_cerevisiae)_(DBD_0.51)

letter-probability matrix: alength= 4 w= 8 nsites= 1 E= 0
  0.270726	  0.299198	  0.159350	  0.270726	
  0.171103	  0.404343	  0.058690	  0.365865	
  0.701225	  0.048078	  0.204963	  0.045733	
  0.053179	  0.447494	  0.090348	  0.408979	
  0.407307	  0.049381	  0.055677	  0.487635	
  0.525518	  0.097943	  0.128302	  0.248237	
  0.510778	  0.094249	  0.117441	  0.277532	
  0.343791	  0.175921	  0.275898	  0.204391	

URL http://cisbp.ccbr.utoronto.ca/TFreport.php?versionNumber=2.00&searchTF=T334084_2.00

MOTIF M01567_2.00 (e_gw1.9.429.1)_(Saccharomyces_cerevisiae)_(DBD_0.80)

letter-probability matrix: alength= 4 w= 7 nsites= 1 E= 0
  0.315311	  0.189343	  0.207174	  0.288172	
  0.345705	  0.141966	  0.211788	  0.300541	
  0.271982	  0.110580	  0.155359	  0.462079	
  0.583542	  0.000869	  0.110954	  0.304636	
  0.219565	  0.006434	  0.188981	  0.585020	
  0.934996	  0.000354	  0.051964	  0.012687	
  0.422777	  0.000471	  0.095282	  0.481470	

URL http://cisbp.ccbr.utoronto.ca/TFreport.php?versionNumber=2.00&searchTF=T343111_2.00

MOTIF M01690_2.00 (EuGene.0000010290)_(Caenorhabditis_elegans)_(DBD_0.28)

letter-probability matrix: alength= 4 w= 12 nsites= 1 E= 0
  0.321078	  0.226307	  0.226307	  0.226307	
  0.226307	  0.226307	  0.226307	  0.321078	
  0.761759	  0.046465	  0.145311	  0.046465	
  0.632674	  0.116336	  0.023174	  0.227815	
  0.669170	  0.000176	  0.000176	  0.330479	
  0.195762	  0.000176	  0.000176	  0.803887	
  0.804397	  0.000176	  0.000176	  0.195252	
  0.517902	  0.000176	  0.000176	  0.481747	
  0.321162	  0.023868	  0.023868	  0.631102	
  0.023868	  0.122715	  0.023868	  0.829549	
  0.295706	  0.203711	  0.296873	  0.203711	
  0.318996	  0.227001	  0.227001	  0.227001	

URL http://cisbp.ccbr.utoronto.ca/TFreport.php?versionNumber=2.00&searchTF=T017954_2.00

MOTIF M01783_2.00 (estExt_fgenesh1_pg.C_10522)_(Arabidopsis_thaliana)_(DBD_0.69)

letter-probability matrix: alength= 4 w= 10 nsites= 1 E= 0
  0.194982	  0.331261	  0.073179	  0.400578	
  0.062566	  0.319327	  0.401905	  0.216203	
  0.863019	  0.035889	  0.054078	  0.047014	
  0.016012	  0.783149	  0.111422	  0.089418	
  0.057917	  0.135505	  0.756729	  0.049849	
  0.020596	  0.026183	  0.004505	  0.948716	
  0.045651	  0.000000	  0.954344	  0.000005	
  0.000119	  0.051604	  0.610088	  0.338188	
  0.279665	  0.535709	  0.102883	  0.081744	
  0.362040	  0.293464	  0.151677	  0.192819	

URL http://cisbp.ccbr.utoronto.ca/TFreport.php?versionNumber=2.00&searchTF=T070763_2.00

MOTIF M01960_2.00 (EuGene.0000020846)_(Anolis_carolinensis)_(DBD_0.75)

letter-probability matrix: alength= 4 w= 10 nsites= 1 E= 0
  0.307475	  0.184036	  0.092326	  0.416163	
  0.313491	  0.136178	  0.301445	  0.248886	
  0.144688	  0.420844	  0.312444	  0.122024	
  0.000373	  0.150500	  0.849086	  0.000042	
  0.000094	  0.999849	  0.000021	  0.000036	
  0.000036	  0.000021	  0.999849	  0.000094	
  0.000042	  0.849086	  0.150500	  0.000373	
  0.122024	  0.312444	  0.420844	  0.144688	
  0.248886	  0.301445	  0.136178	  0.313491	
  0.416163	  0.092326	  0.184036	  0.307475	

URL http://cisbp.ccbr.utoronto.ca/TFreport.php?versionNumber=2.00&searchTF=T173832_2.00

MOTIF M02018_2.00 (estExt_fgenesh1_pg.C_120215)_(Ostreococcus_tauri)_(DBD_0.92)

letter-probability matrix: alength= 4 w= 8 nsites= 1 E= 0
  0.278095	  0.275328	  0.199929	  0.246648	
  0.251817	  0.249311	  0.223341	  0.275531	
  0.340194	  0.242140	  0.170633	  0.247032	
  0.055050	  0.124991	  0.644352	  0.175606	
  0.961705	  0.000618	  0.001490	  0.036187	
  0.097122	  0.071950	  0.029843	  0.801085	
  0.119255	  0.665982	  0.061637	  0.153126	
  0.256866	  0.163785	  0.283881	  0.295467	

URL http://cisbp.ccbr.utoronto.ca/TFreport.php?versionNumber=2.00&searchTF=T196099_2.00

MOTIF M02037_2.00 (est_orfs.8_8268_4271518:3)_(Arabidopsis_thaliana)_(DBD_0.65)

letter-probability matrix: alength= 4 w= 10 nsites= 1 E= 0
  0.268741	  0.205152	  0.240748	  0.285359	
  0.218201	  0.201425	  0.285835	  0.294540	
  0.197705	  0.139320	  0.074947	  0.588028	
  0.079458	  0.040659	  0.776832	  0.103051	
  0.916758	  0.000074	  0.000002	  0.083166	
  0.063994	  0.811419	  0.004432	  0.120155	
  0.417885	  0.131001	  0.300427	  0.150687	
  0.145466	  0.134282	  0.379913	  0.340339	
  0.152994	  0.340493	  0.308091	  0.198422	
  0.223635	  0.221410	  0.167338	  0.387617	

URL http://cisbp.ccbr.utoronto.ca/TFreport.php?versionNumber=2.00&searchTF=T227447_2.00

MOTIF M02049_2.00 (estExt_fgenesh1_pg.C_90244)_(Arabidopsis_thaliana)_(DBD_0.54)

letter-probability matrix: alength= 4 w= 8 nsites= 1 E= 0
  0.100598	  0.200199	  0.100598	  0.598606	
  0.071937	  0.000712	  0.000712	  0.926638	
  0.133644	  0.000665	  0.798537	  0.067154	
  0.998005	  0.000665	  0.000665	  0.000665	
  0.000665	  0.000665	  0.000665	  0.998005	
  0.000665	  0.000665	  0.000665	  0.998005	
  0.154141	  0.000767	  0.844325	  0.000767	
  0.816123	  0.091486	  0.091486	  0.000906	

URL http://cisbp.ccbr.utoronto.ca/TFreport.php?versionNumber=2.00&searchTF=T227345_2.00

MOTIF M02305_2.00 (EuGene.0000090108)_(Arabidopsis_thaliana)_(DBD_0.92)

letter-probability matrix: alength= 4 w= 11 nsites= 1 E= 0
  0.325083	  0.224972	  0.224972	  0.224972	
  0.248785	  0.260211	  0.048443	  0.442561	
  0.825532	  0.024528	  0.024528	  0.125413	
  0.000222	  0.000222	  0.999335	  0.000222	
  0.999335	  0.000222	  0.000222	  0.000222	
  0.000222	  0.000222	  0.000222	  0.999335	
  0.287819	  0.317618	  0.000222	  0.394341	
  0.000222	  0.776894	  0.000222	  0.222663	
  0.025249	  0.025249	  0.723019	  0.226482	
  0.299003	  0.201779	  0.297439	  0.201779	
  0.322918	  0.225694	  0.225694	  0.225694	

URL http://cisbp.ccbr.utoronto.ca/TFreport.php?versionNumber=2.00&searchTF=T284842_2.00

MOTIF M02342_2.00 (estExt_fgenesh1_pg.C_60110)_(Physcomitrella_patens)_(DBD_0.96)

letter-probability matrix: alength= 4 w= 9 nsites= 1 E= 0
  0.165880	  0.424650	  0.198595	  0.210875	
  0.188654	  0.368674	  0.252122	  0.190550	
  0.173746	  0.301146	  0.093466	  0.431642	
  0.191961	  0.229819	  0.151002	  0.427217	
  0.928240	  0.028030	  0.043090	  0.000640	
  0.000753	  0.171805	  0.065128	  0.762314	
  0.028316	  0.937696	  0.026935	  0.007053	
  0.091981	  0.545434	  0.138599	  0.223986	
  0.287178	  0.206459	  0.308000	  0.198363	

URL http://cisbp.ccbr.utoronto.ca/TFreport.php?versionNumber=2.00&searchTF=T284696_2.00

MOTIF M02364_2.00 (EuGene.0000020579)_(Ostreococcus_tauri)_(DBD_0.89)

letter-probability matrix: alength= 4 w= 9 nsites= 1 E= 0
  0.296166	  0.221610	  0.170873	  0.311351	
  0.443491	  0.074789	  0.114971	  0.366749	
  0.558136	  0.026698	  0.258424	  0.156742	
  0.466160	  0.510060	  0.000338	  0.023442	
  0.031326	  0.967229	  0.000400	  0.001045	
  0.077813	  0.883869	  0.037876	  0.000442	
  0.006183	  0.287663	  0.026359	  0.679795	
  0.508974	  0.176337	  0.140106	  0.174583	
  0.273515	  0.210894	  0.334072	  0.181518	

URL http://cisbp.ccbr.utoronto.ca/TFreport.php?versionNumber=2.00&searchTF=T284836_2.00

MOTIF M02367_2.00 (EuGene.0000130210)_(Ostreococcus_tauri)_(DBD_0.96)

letter-probability matrix: alength= 4 w= 8 nsites= 1 E= 0
  0.199383	  0.294484	  0.285781	  0.220352	
  0.265335	  0.327338	  0.232989	  0.174338	
  0.278432	  0.200172	  0.391183	  0.130213	
  0.334245	  0.103738	  0.265569	  0.296448	
  0.984956	  0.001791	  0.005066	  0.008187	
  0.093831	  0.018944	  0.014607	  0.872618	
  0.130107	  0.664050	  0.099321	  0.106523	
  0.243162	  0.226723	  0.205147	  0.324968	

URL http://cisbp.ccbr.utoronto.ca/TFreport.php?versionNumber=2.00&searchTF=T284849_2.00

MOTIF M02533_2.00 (EuGene.0000080601)_(Ostreococcus_tauri)_(DBD_0.89)

letter-probability matrix: alength= 4 w= 9 nsites= 1 E= 0
  0.271308	  0.265936	  0.240628	  0.222128	
  0.288149	  0.231245	  0.271368	  0.209239	
  0.224414	  0.180096	  0.250508	  0.344982	
  0.163222	  0.233951	  0.201364	  0.401462	
  0.190314	  0.371918	  0.175682	  0.262086	
  0.430856	  0.117422	  0.378333	  0.073389	
  0.461800	  0.159993	  0.089580	  0.288626	
  0.502170	  0.131491	  0.234848	  0.131491	
  0.240171	  0.279039	  0.181518	  0.299272	

URL http://cisbp.ccbr.utoronto.ca/TFreport.php?versionNumber=2.00&searchTF=T345972_2.00

MOTIF M02534_2.00 (EuGene.0000020693)_(Chlorella_vulgaris)_(DBD_0.79)

letter-probability matrix: alength= 4 w= 10 nsites= 1 E= 0
  0.325158	  0.217960	  0.193313	  0.263568	
  0.358359	  0.188960	  0.202661	  0.250019	
  0.376331	  0.147005	  0.219306	  0.257358	
  0.184463	  0.155625	  0.138027	  0.521885	
  0.198756	  0.111283	  0.133230	  0.556730	
  0.071722	  0.451598	  0.138766	  0.337914	
  0.700958	  0.002209	  0.240435	  0.056399	
  0.752532	  0.046221	  0.081732	  0.119515	
  0.746615	  0.060072	  0.100038	  0.093275	
  0.297928	  0.261609	  0.101175	  0.339288	

URL http://cisbp.ccbr.utoronto.ca/TFreport.php?versionNumber=2.00&searchTF=T345971_2.00

MOTIF M02647_2.00 (EuGene.0000120285)_(Arabidopsis_thaliana)_(DBD_0.69)

letter-probability matrix: alength= 4 w= 21 nsites= 1 E= 0
  0.176471	  0.117647	  0.352941	  0.352941	
  0.147059	  0.205882	  0.382353	  0.264706	
  0.235294	  0.000000	  0.705882	  0.058824	
  0.000000	  0.941176	  0.000000	  0.058824	
  0.911765	  0.000000	  0.058824	  0.029412	
  0.000000	  1.000000	  0.000000	  0.000000	
  0.617647	  0.000000	  0.382353	  0.000000	
  0.235294	  0.176471	  0.441176	  0.147059	
  0.441176	  0.029412	  0.029412	  0.500000	
  0.000000	  0.088235	  0.000000	  0.911765	
  0.117647	  0.735294	  0.000000	  0.147059	
  0.000000	  1.000000	  0.000000	  0.000000	
  0.000000	  0.970588	  0.000000	  0.029412	
  0.264706	  0.323529	  0.382353	  0.029412	
  1.000000	  0.000000	  0.000000	  0.000000	
  0.205882	  0.029412	  0.470588	  0.294118	
  0.088235	  0.029412	  0.852941	  0.029412	
  0.058824	  0.294118	  0.088235	  0.558824	
  0.235294	  0.176471	  0.411765	  0.176471	
  0.352941	  0.294118	  0.117647	  0.235294	
  0.558824	  0.117647	  0.088235	  0.235294	

URL http://cisbp.ccbr.utoronto.ca/TFreport.php?versionNumber=2.00&searchTF=T007222_2.00

MOTIF M02698_2.00 (estExt_Genewise1Plus.C_20699)_(Arabidopsis_thaliana)_(DBD_0.98)

letter-probability matrix: alength= 4 w= 11 nsites= 1 E= 0
  0.140000	  0.450000	  0.230000	  0.180000	
  0.160000	  0.270000	  0.550000	  0.020000	
  0.000000	  0.919192	  0.040404	  0.040404	
  0.000000	  0.050000	  0.930000	  0.020000	
  0.040404	  0.939394	  0.000000	  0.020202	
  0.040404	  0.020202	  0.020202	  0.919192	
  0.080808	  0.000000	  0.858586	  0.060606	
  0.960000	  0.000000	  0.020000	  0.020000	
  0.040000	  0.040000	  0.920000	  0.000000	
  0.020000	  0.550000	  0.260000	  0.170000	
  0.151515	  0.323232	  0.242424	  0.282828	

URL http://cisbp.ccbr.utoronto.ca/TFreport.php?versionNumber=2.00&searchTF=T284810_2.00

MOTIF M06790_2.00 (SAR_estExt_Genewise1Plus.C_20674)_(Arabidopsis_thaliana)_(DBD_0.66)

letter-probability matrix: alength= 4 w= 15 nsites= 1 E= 0
  0.338624	  0.097002	  0.312169	  0.252205	
  0.329806	  0.158730	  0.229277	  0.282187	
  0.144621	  0.165785	  0.114638	  0.574956	
  0.074074	  0.021164	  0.881834	  0.022928	
  0.576719	  0.165785	  0.215168	  0.042328	
  0.005291	  0.051146	  0.003527	  0.940036	
  0.000000	  0.000000	  0.964727	  0.035273	
  0.998236	  0.000000	  0.001764	  0.000000	
  0.000000	  0.989418	  0.000000	  0.010582	
  0.000000	  0.005291	  0.994709	  0.000000	
  0.000000	  0.000000	  0.000000	  1.000000	
  0.033510	  0.269841	  0.691358	  0.005291	
  0.232804	  0.000000	  0.552028	  0.215168	
  0.183422	  0.647266	  0.024691	  0.144621	
  0.331570	  0.343915	  0.148148	  0.176367	

URL http://cisbp.ccbr.utoronto.ca/TFreport.php?versionNumber=2.00&searchTF=T071260_2.00

MOTIF M06849_2.00 (EuGene.0000080288)_(Arabidopsis_thaliana)_(DBD_0.78)

letter-probability matrix: alength= 4 w= 19 nsites= 1 E= 0
  0.138333	  0.146667	  0.115000	  0.600000	
  0.248333	  0.081667	  0.106667	  0.563333	
  0.143333	  0.060000	  0.143333	  0.653334	
  0.191667	  0.045000	  0.235000	  0.528333	
  0.145000	  0.546667	  0.033333	  0.275000	
  0.640001	  0.218333	  0.093333	  0.048333	
  0.000000	  1.000000	  0.000000	  0.000000	
  0.000000	  0.026667	  0.000000	  0.973333	
  0.000000	  0.000000	  0.000000	  1.000000	
  0.000000	  0.000000	  0.000000	  1.000000	
  0.141667	  0.005000	  0.000000	  0.853333	
  0.058333	  0.131667	  0.051667	  0.758333	
  0.231667	  0.291667	  0.240000	  0.236667	
  0.223333	  0.296667	  0.155000	  0.325000	
  0.196667	  0.228333	  0.121667	  0.453333	
  0.190000	  0.248333	  0.060000	  0.501667	
  0.178333	  0.188333	  0.078333	  0.555001	
  0.195000	  0.195000	  0.045000	  0.565000	
  0.205000	  0.118333	  0.088333	  0.588334	

URL http://cisbp.ccbr.utoronto.ca/TFreport.php?versionNumber=2.00&searchTF=T171537_2.00

MOTIF M06873_2.00 (EuGene.0000050713)_(Arabidopsis_thaliana)_(DBD_0.68)

letter-probability matrix: alength= 4 w= 21 nsites= 1 E= 0
  0.230061	  0.000000	  0.015337	  0.754602	
  0.134969	  0.006135	  0.003067	  0.855829	
  0.076687	  0.012270	  0.009202	  0.901841	
  0.036810	  0.000000	  0.033742	  0.929448	
  0.003067	  0.049080	  0.944786	  0.003067	
  0.000000	  0.003067	  0.993866	  0.003067	
  0.000000	  1.000000	  0.000000	  0.000000	
  0.000000	  0.000000	  1.000000	  0.000000	
  0.000000	  0.009202	  0.990798	  0.000000	
  0.000000	  0.009202	  0.990798	  0.000000	
  0.996933	  0.000000	  0.000000	  0.003067	
  0.993866	  0.003067	  0.000000	  0.003067	
  0.855828	  0.030675	  0.039877	  0.073620	
  0.622699	  0.067485	  0.046012	  0.263804	
  0.266871	  0.110429	  0.064417	  0.558283	
  0.214724	  0.134969	  0.174847	  0.475460	
  0.337423	  0.088957	  0.131902	  0.441718	
  0.180982	  0.199387	  0.180982	  0.438650	
  0.303681	  0.052147	  0.239264	  0.404908	
  0.162577	  0.064417	  0.312883	  0.460123	
  0.214724	  0.141104	  0.220859	  0.423313	

URL http://cisbp.ccbr.utoronto.ca/TFreport.php?versionNumber=2.00&searchTF=T173834_2.00

MOTIF M06941_2.00 (estExt_fgenesh1_pg.C_130266)_(Arabidopsis_thaliana)_(DBD_0.53)

letter-probability matrix: alength= 4 w= 13 nsites= 1 E= 0
  0.618729	  0.095318	  0.239130	  0.046823	
  0.000000	  0.000000	  1.000000	  0.000000	
  0.984950	  0.000000	  0.001672	  0.013378	
  0.943144	  0.003344	  0.000000	  0.053512	
  0.088629	  0.224080	  0.556856	  0.130435	
  0.290970	  0.361204	  0.167224	  0.180602	
  0.098662	  0.046823	  0.010033	  0.844482	
  0.013378	  0.000000	  0.001672	  0.984950	
  0.000000	  0.998328	  0.001672	  0.000000	
  0.008361	  0.105351	  0.045151	  0.841137	
  0.814381	  0.026756	  0.158863	  0.000000	
  0.000000	  0.000000	  1.000000	  0.000000	
  0.981606	  0.003344	  0.000000	  0.015050	

URL http://cisbp.ccbr.utoronto.ca/TFreport.php?versionNumber=2.00&searchTF=T242803_2.00

MOTIF M07057_2.00 (est_orfs.1_306_4269596:1)_(Arabidopsis_thaliana)_(DBD_0.72)

letter-probability matrix: alength= 4 w= 15 nsites= 1 E= 0
  0.231667	  0.215000	  0.045000	  0.508333	
  0.270000	  0.201667	  0.090000	  0.438333	
  0.416667	  0.120000	  0.111667	  0.351667	
  0.416667	  0.110000	  0.190000	  0.283333	
  0.638334	  0.058333	  0.013333	  0.290000	
  0.768334	  0.000000	  0.003333	  0.228333	
  0.246667	  0.251667	  0.058333	  0.443333	
  0.998333	  0.000000	  0.000000	  0.001667	
  0.000000	  0.000000	  0.000000	  1.000000	
  0.001667	  0.000000	  0.000000	  0.998333	
  0.000000	  1.000000	  0.000000	  0.000000	
  0.000000	  0.323333	  0.015000	  0.661667	
  0.223333	  0.253333	  0.048333	  0.475000	
  0.126667	  0.138333	  0.033333	  0.701667	
  0.216667	  0.145000	  0.130000	  0.508333	

URL http://cisbp.ccbr.utoronto.ca/TFreport.php?versionNumber=2.00&searchTF=T284833_2.00

MOTIF M07069_2.00 (est_orfs.8_8223_4279363:1)_(Arabidopsis_thaliana)_(DBD_0.78)

letter-probability matrix: alength= 4 w= 12 nsites= 1 E= 0
  0.386172	  0.207420	  0.161889	  0.244519	
  0.370995	  0.224283	  0.123103	  0.281619	
  0.435076	  0.155143	  0.187184	  0.222597	
  0.672850	  0.059022	  0.074199	  0.193929	
  0.912310	  0.000000	  0.003373	  0.084317	
  1.000000	  0.000000	  0.000000	  0.000000	
  0.996627	  0.000000	  0.003373	  0.000000	
  0.005059	  0.000000	  0.000000	  0.994941	
  1.000000	  0.000000	  0.000000	  0.000000	
  0.000000	  0.000000	  0.000000	  1.000000	
  0.000000	  1.000000	  0.000000	  0.000000	
  0.096121	  0.064081	  0.013491	  0.826307	

URL http://cisbp.ccbr.utoronto.ca/TFreport.php?versionNumber=2.00&searchTF=T284835_2.00

MOTIF M07128_2.00 (EuGene.0000110367)_(Arabidopsis_thaliana)_(DBD_0.83)

letter-probability matrix: alength= 4 w= 14 nsites= 1 E= 0
  0.390000	  0.195000	  0.176667	  0.238333	
  0.338333	  0.245000	  0.168333	  0.248333	
  0.395000	  0.206667	  0.236667	  0.161667	
  0.553333	  0.070000	  0.096667	  0.280000	
  0.876667	  0.000000	  0.000000	  0.123333	
  1.000000	  0.000000	  0.000000	  0.000000	
  0.976667	  0.008333	  0.006667	  0.008333	
  0.006667	  0.000000	  0.016667	  0.976666	
  1.000000	  0.000000	  0.000000	  0.000000	
  0.000000	  0.000000	  0.000000	  1.000000	
  0.000000	  1.000000	  0.000000	  0.000000	
  0.141667	  0.070000	  0.020000	  0.768333	
  0.341667	  0.171667	  0.128333	  0.358333	
  0.423333	  0.216667	  0.145000	  0.215000	

URL http://cisbp.ccbr.utoronto.ca/TFreport.php?versionNumber=2.00&searchTF=T284847_2.00

MOTIF M08108_2.00 (EuGene.0000040347)_(Homo_sapiens)_(DBD_0.84)

letter-probability matrix: alength= 4 w= 11 nsites= 1 E= 0
  0.204783	  0.244644	  0.387145	  0.163428	
  0.131041	  0.340807	  0.468361	  0.059791	
  0.023916	  0.035376	  0.927753	  0.012955	
  0.013951	  0.939711	  0.010962	  0.035376	
  0.006976	  0.026906	  0.962631	  0.003488	
  0.017937	  0.039860	  0.929248	  0.012955	
  0.013453	  0.015944	  0.956153	  0.014449	
  0.924265	  0.011958	  0.048829	  0.014948	
  0.819631	  0.084704	  0.068261	  0.027404	
  0.231689	  0.322372	  0.322870	  0.123069	
  0.189836	  0.300947	  0.322870	  0.186348	

URL http://cisbp.ccbr.utoronto.ca/TFreport.php?versionNumber=2.00&searchTF=T173833_2.00

MOTIF M08149_2.00 (e_gw1.13.374.1)_(Homo_sapiens)_(DBD_0.88)

letter-probability matrix: alength= 4 w= 15 nsites= 1 E= 0
  0.319149	  0.145315	  0.306021	  0.229516	
  0.331824	  0.068357	  0.259393	  0.340426	
  0.195111	  0.088728	  0.372114	  0.344047	
  0.172929	  0.639203	  0.035310	  0.152558	
  0.000000	  0.445903	  0.000000	  0.554097	
  0.731553	  0.115890	  0.033499	  0.119058	
  0.772295	  0.014486	  0.109099	  0.104120	
  0.953825	  0.000000	  0.039384	  0.006790	
  0.964690	  0.000000	  0.000905	  0.034405	
  0.966501	  0.000000	  0.001811	  0.031689	
  0.025351	  0.028067	  0.000000	  0.946582	
  0.985514	  0.000000	  0.014486	  0.000000	
  0.176098	  0.054323	  0.756451	  0.013128	
  0.441376	  0.378452	  0.066999	  0.113173	
  0.456768	  0.203712	  0.057039	  0.282481	

URL http://cisbp.ccbr.utoronto.ca/TFreport.php?versionNumber=2.00&searchTF=T257303_2.00

