MEME version 5.5.8 (Fri May 2 15:43:49 2025 -0700)

ALPHABET= ACGT

strands: + -

Background letter frequencies (from uniform background):
A 0.25000 C 0.25000 G 0.25000 T 0.25000 

MOTIF M00724_2.00 (mgf012394m)_(Arabidopsis_thaliana)_(DBD_0.81)

letter-probability matrix: alength= 4 w= 9 nsites= 1 E= 0
  0.232541	  0.284026	  0.175751	  0.307682	
  0.381584	  0.203229	  0.197222	  0.217964	
  0.225202	  0.191904	  0.458058	  0.124835	
  0.478098	  0.000472	  0.411503	  0.109927	
  0.180610	  0.007436	  0.079546	  0.732408	
  0.441083	  0.046957	  0.204227	  0.307733	
  0.181090	  0.613385	  0.128894	  0.076630	
  0.602456	  0.101597	  0.186983	  0.108964	
  0.143308	  0.180368	  0.258526	  0.417798	

URL http://cisbp.ccbr.utoronto.ca/TFreport.php?versionNumber=2.00&searchTF=T175309_2.00

MOTIF M00728_2.00 (mgf001702m)_(Arabidopsis_thaliana)_(DBD_0.93)

letter-probability matrix: alength= 4 w= 8 nsites= 1 E= 0
  0.397219	  0.120842	  0.156724	  0.325215	
  0.091276	  0.058200	  0.034949	  0.815574	
  0.077473	  0.056257	  0.757426	  0.108845	
  0.891926	  0.000087	  0.061768	  0.046219	
  0.054102	  0.028244	  0.062857	  0.854798	
  0.072280	  0.012943	  0.068755	  0.846022	
  0.371108	  0.027289	  0.542665	  0.058938	
  0.183409	  0.337553	  0.354859	  0.124179	

URL http://cisbp.ccbr.utoronto.ca/TFreport.php?versionNumber=2.00&searchTF=T227672_2.00

MOTIF M00751_2.00 (mg017014m)_(Mus_musculus)_(DBD_0.60)

letter-probability matrix: alength= 4 w= 10 nsites= 1 E= 0
  0.237374	  0.264976	  0.264976	  0.232674	
  0.254916	  0.278923	  0.226090	  0.240071	
  0.234840	  0.237201	  0.304572	  0.223387	
  0.201961	  0.286597	  0.267221	  0.244221	
  0.601325	  0.000225	  0.320261	  0.078189	
  0.466521	  0.184067	  0.000331	  0.349080	
  0.391854	  0.070168	  0.064129	  0.473849	
  0.435120	  0.083565	  0.075612	  0.405703	
  0.376315	  0.160843	  0.160843	  0.302000	
  0.303804	  0.236603	  0.161804	  0.297789	

URL http://cisbp.ccbr.utoronto.ca/TFreport.php?versionNumber=2.00&searchTF=T017971_2.00

MOTIF M00845_2.00 (mgf021945m)_(Arabidopsis_thaliana)_(DBD_0.95)

letter-probability matrix: alength= 4 w= 8 nsites= 1 E= 0
  0.000831	  0.000831	  0.250000	  0.748339	
  0.614264	  0.154141	  0.230828	  0.000767	
  0.000712	  0.784188	  0.214387	  0.000712	
  0.000712	  0.000712	  0.855413	  0.143162	
  0.690951	  0.000767	  0.307515	  0.000767	
  0.000767	  0.000767	  0.921012	  0.077454	
  0.000767	  0.000767	  0.997699	  0.000767	
  0.272645	  0.000906	  0.182065	  0.544384	

URL http://cisbp.ccbr.utoronto.ca/TFreport.php?versionNumber=2.00&searchTF=T007415_2.00

MOTIF M00848_2.00 (mgf020878m)_(Arabidopsis_thaliana)_(DBD_0.94)

letter-probability matrix: alength= 4 w= 7 nsites= 1 E= 0
  0.259028	  0.227451	  0.294988	  0.218533	
  0.232050	  0.193825	  0.332605	  0.241520	
  0.249102	  0.244170	  0.292324	  0.214404	
  0.166982	  0.419006	  0.127470	  0.286542	
  0.221416	  0.016445	  0.685428	  0.076711	
  0.156124	  0.287336	  0.337192	  0.219347	
  0.173198	  0.461479	  0.168079	  0.197243	

URL http://cisbp.ccbr.utoronto.ca/TFreport.php?versionNumber=2.00&searchTF=T007401_2.00

MOTIF M00850_2.00 (mgf021115m)_(Arabidopsis_thaliana)_(DBD_0.96)

letter-probability matrix: alength= 4 w= 10 nsites= 1 E= 0
  0.208013	  0.280788	  0.267094	  0.244105	
  0.205485	  0.461912	  0.144803	  0.187799	
  0.546960	  0.029500	  0.370323	  0.053217	
  0.004791	  0.931426	  0.054966	  0.008817	
  0.023515	  0.970349	  0.004748	  0.001388	
  0.039708	  0.054139	  0.863989	  0.042164	
  0.491439	  0.227543	  0.110757	  0.170262	
  0.097903	  0.752936	  0.053196	  0.095965	
  0.345266	  0.277082	  0.178451	  0.199201	
  0.265543	  0.250079	  0.196719	  0.287659	

URL http://cisbp.ccbr.utoronto.ca/TFreport.php?versionNumber=2.00&searchTF=T007406_2.00

MOTIF M00852_2.00 (mgf016063m)_(Arabidopsis_thaliana)_(DBD_0.90)

letter-probability matrix: alength= 4 w= 8 nsites= 1 E= 0
  0.214109	  0.272186	  0.209869	  0.303835	
  0.028040	  0.085083	  0.334832	  0.552045	
  0.029468	  0.061149	  0.882985	  0.026399	
  0.000039	  0.183899	  0.008202	  0.807860	
  0.110608	  0.636503	  0.087882	  0.165007	
  0.091509	  0.246272	  0.418399	  0.243821	
  0.168399	  0.288973	  0.367357	  0.175271	
  0.221967	  0.293692	  0.257889	  0.226451	

URL http://cisbp.ccbr.utoronto.ca/TFreport.php?versionNumber=2.00&searchTF=T022485_2.00

MOTIF M00862_2.00 (mgf023767m)_(Arabidopsis_thaliana)_(DBD_0.88)

letter-probability matrix: alength= 4 w= 8 nsites= 1 E= 0
  0.232051	  0.275051	  0.241521	  0.251378	
  0.242842	  0.265711	  0.230998	  0.260450	
  0.275202	  0.261780	  0.246536	  0.216482	
  0.055587	  0.755924	  0.058437	  0.130053	
  0.003975	  0.062181	  0.383772	  0.550072	
  0.005248	  0.107547	  0.000128	  0.887076	
  0.000091	  0.002171	  0.000086	  0.997651	
  0.278897	  0.242461	  0.202521	  0.276122	

URL http://cisbp.ccbr.utoronto.ca/TFreport.php?versionNumber=2.00&searchTF=T171581_2.00

MOTIF M00873_2.00 (mgf010113m)_(Arabidopsis_thaliana)_(DBD_0.94)

letter-probability matrix: alength= 4 w= 10 nsites= 1 E= 0
  0.226420	  0.226420	  0.320739	  0.226420	
  0.528872	  0.125806	  0.125806	  0.219517	
  0.999768	  0.000077	  0.000077	  0.000077	
  0.000077	  0.000077	  0.999768	  0.000077	
  0.999768	  0.000077	  0.000077	  0.000077	
  0.000077	  0.000077	  0.000077	  0.999768	
  0.402884	  0.201777	  0.000077	  0.395261	
  0.000077	  0.798068	  0.000077	  0.201777	
  0.023657	  0.023657	  0.724305	  0.228381	
  0.124272	  0.330831	  0.420625	  0.124272	

URL http://cisbp.ccbr.utoronto.ca/TFreport.php?versionNumber=2.00&searchTF=T285251_2.00

MOTIF M00874_2.00 (mgf004257m)_(Arabidopsis_thaliana)_(DBD_0.94)

letter-probability matrix: alength= 4 w= 7 nsites= 1 E= 0
  0.297316	  0.201300	  0.359530	  0.141854	
  0.335160	  0.176727	  0.274406	  0.213707	
  0.477536	  0.090798	  0.172197	  0.259469	
  0.915843	  0.004305	  0.044694	  0.035158	
  0.074325	  0.014857	  0.005357	  0.905461	
  0.161206	  0.568320	  0.095840	  0.174633	
  0.184011	  0.280057	  0.213790	  0.322142	

URL http://cisbp.ccbr.utoronto.ca/TFreport.php?versionNumber=2.00&searchTF=T285210_2.00

MOTIF M00882_2.00 (mgf024278m)_(Arabidopsis_thaliana)_(DBD_0.83)

letter-probability matrix: alength= 4 w= 10 nsites= 1 E= 0
  0.149434	  0.294964	  0.275023	  0.280579	
  0.225904	  0.270456	  0.273174	  0.230467	
  0.165608	  0.340230	  0.167272	  0.326890	
  0.762395	  0.089699	  0.062581	  0.085325	
  0.309605	  0.623467	  0.065059	  0.001869	
  0.050240	  0.801767	  0.142141	  0.005852	
  0.286254	  0.122349	  0.137948	  0.453448	
  0.754695	  0.053320	  0.132464	  0.059520	
  0.388169	  0.534558	  0.005649	  0.071625	
  0.118059	  0.503298	  0.107898	  0.270746	

URL http://cisbp.ccbr.utoronto.ca/TFreport.php?versionNumber=2.00&searchTF=T285399_2.00

MOTIF M00883_2.00 (mgf020363m)_(Arabidopsis_thaliana)_(DBD_0.85)

letter-probability matrix: alength= 4 w= 10 nsites= 1 E= 0
  0.204715	  0.204715	  0.204715	  0.385854	
  0.100337	  0.100337	  0.381117	  0.418209	
  0.999371	  0.000210	  0.000210	  0.000210	
  0.000210	  0.999371	  0.000210	  0.000210	
  0.000210	  0.999371	  0.000210	  0.000210	
  0.000210	  0.000210	  0.000210	  0.999371	
  0.999371	  0.000210	  0.000210	  0.000210	
  0.999371	  0.000210	  0.000210	  0.000210	
  0.045494	  0.460182	  0.045494	  0.448829	
  0.236945	  0.237675	  0.149873	  0.375508	

URL http://cisbp.ccbr.utoronto.ca/TFreport.php?versionNumber=2.00&searchTF=T285352_2.00

MOTIF M00890_2.00 (mgf003166m)_(Arabidopsis_thaliana)_(DBD_0.98)

letter-probability matrix: alength= 4 w= 8 nsites= 1 E= 0
  0.795635	  0.001984	  0.001984	  0.200397	
  0.996681	  0.001106	  0.001106	  0.001106	
  0.001106	  0.001106	  0.001106	  0.996681	
  0.664823	  0.111726	  0.111726	  0.111726	
  0.775442	  0.001106	  0.001106	  0.222345	
  0.111726	  0.001106	  0.001106	  0.886062	
  0.554204	  0.111726	  0.001106	  0.332965	
  0.996269	  0.001244	  0.001244	  0.001244	

URL http://cisbp.ccbr.utoronto.ca/TFreport.php?versionNumber=2.00&searchTF=T334283_2.00

MOTIF M00898_2.00 (mgf014788m)_(Arabidopsis_thaliana)_(DBD_0.95)

letter-probability matrix: alength= 4 w= 11 nsites= 1 E= 0
  0.227799	  0.316602	  0.227799	  0.227799	
  0.304548	  0.391205	  0.106861	  0.197385	
  0.200497	  0.022592	  0.754320	  0.022592	
  0.000231	  0.000231	  0.999306	  0.000231	
  0.000231	  0.000231	  0.000231	  0.999306	
  0.000231	  0.999306	  0.000231	  0.000231	
  0.999306	  0.000231	  0.000231	  0.000231	
  0.999306	  0.000231	  0.000231	  0.000231	
  0.114025	  0.841111	  0.022432	  0.022432	
  0.143370	  0.143370	  0.465072	  0.248188	
  0.317081	  0.227640	  0.227640	  0.227640	

URL http://cisbp.ccbr.utoronto.ca/TFreport.php?versionNumber=2.00&searchTF=T355720_2.00

MOTIF M00974_2.00 (mgf009391m)_(Arabidopsis_thaliana)_(DBD_0.87)

letter-probability matrix: alength= 4 w= 10 nsites= 1 E= 0
  0.349393	  0.137854	  0.264065	  0.248687	
  0.064573	  0.491661	  0.097299	  0.346468	
  0.940279	  0.000283	  0.028679	  0.030759	
  0.097823	  0.865369	  0.000460	  0.036349	
  0.063615	  0.014337	  0.856496	  0.065552	
  0.110386	  0.274234	  0.312305	  0.303075	
  0.492802	  0.308003	  0.055153	  0.144042	
  0.652133	  0.045616	  0.064732	  0.237519	
  0.182955	  0.353981	  0.198193	  0.264871	
  0.181775	  0.321427	  0.141567	  0.355232	

URL http://cisbp.ccbr.utoronto.ca/TFreport.php?versionNumber=2.00&searchTF=T297078_2.00

MOTIF M01052_2.00 (mgf007571m)_(Arabidopsis_thaliana)_(DBD_0.96)

letter-probability matrix: alength= 4 w= 10 nsites= 1 E= 0
  0.304312	  0.231896	  0.231896	  0.231896	
  0.299252	  0.134777	  0.359742	  0.206229	
  0.000039	  0.999882	  0.000039	  0.000039	
  0.999882	  0.000039	  0.000039	  0.000039	
  0.000039	  0.999882	  0.000039	  0.000039	
  0.000039	  0.000039	  0.999882	  0.000039	
  0.000039	  0.000039	  0.000039	  0.999882	
  0.000039	  0.000039	  0.999882	  0.000039	
  0.090411	  0.808940	  0.082505	  0.018143	
  0.212500	  0.338255	  0.237241	  0.212004	

URL http://cisbp.ccbr.utoronto.ca/TFreport.php?versionNumber=2.00&searchTF=T048738_2.00

MOTIF M01064_2.00 (mgf008059m)_(Arabidopsis_thaliana)_(DBD_0.92)

letter-probability matrix: alength= 4 w= 8 nsites= 1 E= 0
  0.143466	  0.001420	  0.001420	  0.853693	
  0.001106	  0.001106	  0.996681	  0.001106	
  0.996681	  0.001106	  0.001106	  0.001106	
  0.001106	  0.996681	  0.001106	  0.001106	
  0.498756	  0.001244	  0.498756	  0.001244	
  0.001244	  0.001244	  0.374378	  0.623134	
  0.001244	  0.747512	  0.250000	  0.001244	
  0.167219	  0.001656	  0.001656	  0.829470	

URL http://cisbp.ccbr.utoronto.ca/TFreport.php?versionNumber=2.00&searchTF=T227699_2.00

MOTIF M01070_2.00 (mgf009594m)_(Arabidopsis_thaliana)_(DBD_0.89)

letter-probability matrix: alength= 4 w= 8 nsites= 1 E= 0
  0.478976	  0.104288	  0.000208	  0.416528	
  0.411670	  0.014844	  0.529248	  0.044239	
  0.460416	  0.539321	  0.000132	  0.000132	
  0.000130	  0.999611	  0.000130	  0.000130	
  0.000130	  0.973650	  0.000130	  0.026090	
  0.026090	  0.000130	  0.000130	  0.973650	
  0.999611	  0.000130	  0.000130	  0.000130	
  0.403728	  0.000192	  0.595888	  0.000192	

URL http://cisbp.ccbr.utoronto.ca/TFreport.php?versionNumber=2.00&searchTF=T285246_2.00

MOTIF M01078_2.00 (mgf008910m)_(Arabidopsis_thaliana)_(DBD_0.94)

letter-probability matrix: alength= 4 w= 10 nsites= 1 E= 0
  0.194581	  0.387940	  0.244900	  0.172578	
  0.116234	  0.224888	  0.028951	  0.629927	
  0.131798	  0.102644	  0.092877	  0.672681	
  0.961631	  0.003891	  0.014420	  0.020058	
  0.017926	  0.036099	  0.014973	  0.931002	
  0.023071	  0.933172	  0.015008	  0.028749	
  0.043208	  0.636520	  0.069132	  0.251141	
  0.412024	  0.101604	  0.281767	  0.204605	
  0.245250	  0.233289	  0.221912	  0.299549	
  0.368215	  0.162173	  0.158962	  0.310650	

URL http://cisbp.ccbr.utoronto.ca/TFreport.php?versionNumber=2.00&searchTF=T285241_2.00

MOTIF M01084_2.00 (mgf019346m)_(Arabidopsis_thaliana)_(DBD_0.80)

letter-probability matrix: alength= 4 w= 10 nsites= 1 E= 0
  0.299611	  0.233337	  0.164430	  0.302622	
  0.197136	  0.260837	  0.148993	  0.393034	
  0.033768	  0.000364	  0.962482	  0.003386	
  0.000777	  0.004748	  0.014406	  0.980070	
  0.957365	  0.041854	  0.000348	  0.000434	
  0.010464	  0.970586	  0.009097	  0.009854	
  0.058111	  0.044361	  0.744234	  0.153294	
  0.337057	  0.023110	  0.596006	  0.043827	
  0.490095	  0.163138	  0.100947	  0.245820	
  0.298562	  0.323429	  0.165501	  0.212508	

URL http://cisbp.ccbr.utoronto.ca/TFreport.php?versionNumber=2.00&searchTF=T323363_2.00

MOTIF M01088_2.00 (mgf007626m)_(Arabidopsis_thaliana)_(DBD_0.77)

letter-probability matrix: alength= 4 w= 10 nsites= 1 E= 0
  0.359548	  0.163179	  0.315718	  0.161555	
  0.113225	  0.159076	  0.149812	  0.577887	
  0.087229	  0.062711	  0.014133	  0.835926	
  0.294546	  0.047724	  0.587242	  0.070488	
  0.045469	  0.834674	  0.011325	  0.108532	
  0.905347	  0.024986	  0.049815	  0.019852	
  0.090793	  0.779442	  0.050835	  0.078931	
  0.098747	  0.519341	  0.073154	  0.308759	
  0.329849	  0.264710	  0.218904	  0.186538	
  0.238820	  0.294627	  0.220459	  0.246093	

URL http://cisbp.ccbr.utoronto.ca/TFreport.php?versionNumber=2.00&searchTF=T351509_2.00

MOTIF M01090_2.00 (mgf006355m)_(Arabidopsis_thaliana)_(DBD_0.80)

letter-probability matrix: alength= 4 w= 9 nsites= 1 E= 0
  0.426335	  0.115034	  0.401507	  0.057124	
  0.007902	  0.000086	  0.979618	  0.012393	
  0.000409	  0.000393	  0.001266	  0.997932	
  0.045912	  0.950250	  0.001386	  0.002452	
  0.895975	  0.055585	  0.009659	  0.038780	
  0.895657	  0.007520	  0.075759	  0.021064	
  0.084755	  0.706102	  0.056247	  0.152896	
  0.136430	  0.193603	  0.485806	  0.184161	
  0.204341	  0.314124	  0.262378	  0.219157	

URL http://cisbp.ccbr.utoronto.ca/TFreport.php?versionNumber=2.00&searchTF=T355704_2.00

MOTIF M01095_2.00 (mgf002457m)_(Cannabis_sativa)_(DBD_0.92)

letter-probability matrix: alength= 4 w= 10 nsites= 1 E= 0
  0.252836	  0.279427	  0.191090	  0.276647	
  0.247369	  0.296155	  0.249855	  0.206620	
  0.229735	  0.300945	  0.269597	  0.199722	
  0.130951	  0.130951	  0.668356	  0.069743	
  0.063344	  0.670877	  0.165436	  0.100342	
  0.109389	  0.784393	  0.028358	  0.077860	
  0.152323	  0.003374	  0.817299	  0.027005	
  0.108163	  0.568860	  0.167945	  0.155033	
  0.067400	  0.812932	  0.045180	  0.074489	
  0.274887	  0.283259	  0.283259	  0.158596	

URL http://cisbp.ccbr.utoronto.ca/TFreport.php?versionNumber=2.00&searchTF=T007331_2.00

MOTIF M01097_2.00 (mgf007881m)_(Cannabis_sativa)_(DBD_0.90)

letter-probability matrix: alength= 4 w= 9 nsites= 1 E= 0
  0.138239	  0.346882	  0.272867	  0.242011	
  0.190987	  0.534968	  0.166036	  0.108008	
  0.608475	  0.002140	  0.384120	  0.005264	
  0.000376	  0.993425	  0.005059	  0.001140	
  0.000934	  0.994484	  0.000044	  0.004537	
  0.010438	  0.001546	  0.977987	  0.010029	
  0.441186	  0.411359	  0.042926	  0.104529	
  0.075346	  0.790043	  0.031883	  0.102728	
  0.367281	  0.227267	  0.086153	  0.319299	

URL http://cisbp.ccbr.utoronto.ca/TFreport.php?versionNumber=2.00&searchTF=T007344_2.00

MOTIF M01099_2.00 (mgf023367m)_(Cannabis_sativa)_(DBD_1.00)

letter-probability matrix: alength= 4 w= 8 nsites= 1 E= 0
  0.080272	  0.878994	  0.000399	  0.040335	
  0.000333	  0.000333	  0.999001	  0.000333	
  0.000333	  0.965712	  0.033622	  0.000333	
  0.000333	  0.999001	  0.000333	  0.000333	
  0.000333	  0.000333	  0.999001	  0.000333	
  0.066911	  0.632823	  0.100200	  0.200067	
  0.138085	  0.826791	  0.000344	  0.034780	
  0.649202	  0.050399	  0.250000	  0.050399	

URL http://cisbp.ccbr.utoronto.ca/TFreport.php?versionNumber=2.00&searchTF=T007431_2.00

MOTIF M01101_2.00 (mgf006610m)_(Cannabis_sativa)_(DBD_0.72)

letter-probability matrix: alength= 4 w= 8 nsites= 1 E= 0
  0.272645	  0.453804	  0.182065	  0.091486	
  0.000665	  0.000665	  0.998005	  0.000665	
  0.059272	  0.880869	  0.059272	  0.000587	
  0.000587	  0.998239	  0.000587	  0.000587	
  0.000587	  0.000587	  0.998239	  0.000587	
  0.000587	  0.117958	  0.880869	  0.000587	
  0.000623	  0.998130	  0.000623	  0.000623	
  0.614264	  0.230828	  0.077454	  0.077454	

URL http://cisbp.ccbr.utoronto.ca/TFreport.php?versionNumber=2.00&searchTF=T007341_2.00

MOTIF M01119_2.00 (mgf005803m)_(Cannabis_sativa)_(DBD_0.61)

letter-probability matrix: alength= 4 w= 9 nsites= 1 E= 0
  0.207499	  0.306019	  0.292672	  0.193810	
  0.000199	  0.999404	  0.000199	  0.000199	
  0.999404	  0.000199	  0.000199	  0.000199	
  0.000199	  0.999404	  0.000199	  0.000199	
  0.000199	  0.000199	  0.999404	  0.000199	
  0.000199	  0.000199	  0.000199	  0.999404	
  0.000199	  0.000199	  0.999404	  0.000199	
  0.081181	  0.819458	  0.099162	  0.000199	
  0.211204	  0.234545	  0.235413	  0.318838	

URL http://cisbp.ccbr.utoronto.ca/TFreport.php?versionNumber=2.00&searchTF=T048734_2.00

MOTIF M01120_2.00 (mgf009653m)_(Cannabis_sativa)_(DBD_0.98)

letter-probability matrix: alength= 4 w= 8 nsites= 1 E= 0
  0.083887	  0.582226	  0.083887	  0.250000	
  0.000525	  0.998424	  0.000525	  0.000525	
  0.998424	  0.000525	  0.000525	  0.000525	
  0.000525	  0.998424	  0.000525	  0.000525	
  0.000525	  0.000525	  0.998424	  0.000525	
  0.000525	  0.000525	  0.000525	  0.998424	
  0.000525	  0.000525	  0.998424	  0.000525	
  0.285613	  0.570513	  0.071937	  0.071937	

URL http://cisbp.ccbr.utoronto.ca/TFreport.php?versionNumber=2.00&searchTF=T048750_2.00

MOTIF M01121_2.00 (mgf013162m)_(Cannabis_sativa)_(DBD_0.94)

letter-probability matrix: alength= 4 w= 7 nsites= 1 E= 0
  0.270416	  0.208505	  0.292938	  0.228141	
  0.224872	  0.306596	  0.176890	  0.291643	
  0.317052	  0.232540	  0.267485	  0.182923	
  0.264193	  0.310033	  0.184321	  0.241454	
  0.283145	  0.246155	  0.238880	  0.231820	
  0.292374	  0.256732	  0.223192	  0.227701	
  0.237926	  0.245172	  0.299454	  0.217448	

URL http://cisbp.ccbr.utoronto.ca/TFreport.php?versionNumber=2.00&searchTF=T048761_2.00

MOTIF M01123_2.00 (mgf017635m)_(Cannabis_sativa)_(DBD_1.00)

letter-probability matrix: alength= 4 w= 8 nsites= 1 E= 0
  0.235329	  0.294014	  0.059272	  0.411385	
  0.000434	  0.998698	  0.000434	  0.000434	
  0.998698	  0.000434	  0.000434	  0.000434	
  0.000434	  0.998698	  0.000434	  0.000434	
  0.000434	  0.000434	  0.998698	  0.000434	
  0.000434	  0.000434	  0.000434	  0.998698	
  0.000434	  0.000434	  0.998698	  0.000434	
  0.067154	  0.532580	  0.200133	  0.200133	

URL http://cisbp.ccbr.utoronto.ca/TFreport.php?versionNumber=2.00&searchTF=T048783_2.00

MOTIF M01124_2.00 (mgf008560m)_(Cannabis_sativa)_(DBD_0.86)

letter-probability matrix: alength= 4 w= 8 nsites= 1 E= 0
  0.001244	  0.125622	  0.871891	  0.001244	
  0.000996	  0.997012	  0.000996	  0.000996	
  0.997012	  0.000996	  0.000996	  0.000996	
  0.000996	  0.997012	  0.000996	  0.000996	
  0.000996	  0.000996	  0.997012	  0.000996	
  0.000996	  0.000996	  0.000996	  0.997012	
  0.000996	  0.000996	  0.997012	  0.000996	
  0.332781	  0.167219	  0.498344	  0.001656	

URL http://cisbp.ccbr.utoronto.ca/TFreport.php?versionNumber=2.00&searchTF=T048742_2.00

MOTIF M01125_2.00 (mgf018190m)_(Cannabis_sativa)_(DBD_0.82)

letter-probability matrix: alength= 4 w= 10 nsites= 1 E= 0
  0.290575	  0.295614	  0.173215	  0.240596	
  0.190847	  0.120486	  0.628755	  0.059912	
  0.000051	  0.999848	  0.000051	  0.000051	
  0.999848	  0.000051	  0.000051	  0.000051	
  0.000051	  0.999848	  0.000051	  0.000051	
  0.000051	  0.000051	  0.999848	  0.000051	
  0.000051	  0.000051	  0.000051	  0.999848	
  0.000051	  0.000051	  0.999848	  0.000051	
  0.076836	  0.255283	  0.137410	  0.530472	
  0.190138	  0.263835	  0.286160	  0.259866	

URL http://cisbp.ccbr.utoronto.ca/TFreport.php?versionNumber=2.00&searchTF=T048786_2.00

MOTIF M01126_2.00 (mgf017107m)_(Cannabis_sativa)_(DBD_0.82)

letter-probability matrix: alength= 4 w= 12 nsites= 1 E= 0
  0.300437	  0.233188	  0.233188	  0.233188	
  0.233188	  0.233188	  0.233188	  0.300437	
  0.377607	  0.180303	  0.261787	  0.180303	
  0.224631	  0.194650	  0.530892	  0.049826	
  0.000094	  0.932468	  0.000094	  0.067343	
  0.999718	  0.000094	  0.000094	  0.000094	
  0.067343	  0.932468	  0.000094	  0.000094	
  0.000094	  0.000094	  0.932468	  0.067343	
  0.016906	  0.016906	  0.016906	  0.949281	
  0.016906	  0.016906	  0.949281	  0.016906	
  0.069791	  0.147158	  0.593351	  0.189700	
  0.200268	  0.311169	  0.200268	  0.288295	

URL http://cisbp.ccbr.utoronto.ca/TFreport.php?versionNumber=2.00&searchTF=T048779_2.00

MOTIF M01127_2.00 (mgf001993m)_(Cannabis_sativa)_(DBD_0.84)

letter-probability matrix: alength= 4 w= 10 nsites= 1 E= 0
  0.307877	  0.270817	  0.210653	  0.210653	
  0.456249	  0.117218	  0.309315	  0.117218	
  0.000009	  0.999974	  0.000009	  0.000009	
  0.999974	  0.000009	  0.000009	  0.000009	
  0.000009	  0.999974	  0.000009	  0.000009	
  0.000009	  0.000009	  0.999974	  0.000009	
  0.000009	  0.000009	  0.000009	  0.999974	
  0.000009	  0.000009	  0.999974	  0.000009	
  0.039356	  0.743386	  0.096901	  0.120357	
  0.226376	  0.281883	  0.253279	  0.238462	

URL http://cisbp.ccbr.utoronto.ca/TFreport.php?versionNumber=2.00&searchTF=T048721_2.00

MOTIF M01153_2.00 (mgf007830m)_(Cannabis_sativa)_(DBD_0.95)

letter-probability matrix: alength= 4 w= 11 nsites= 1 E= 0
  0.226355	  0.226355	  0.320934	  0.226355	
  0.186077	  0.260466	  0.186077	  0.367379	
  0.086039	  0.163171	  0.664750	  0.086039	
  0.839964	  0.159736	  0.000150	  0.000150	
  0.000150	  0.922419	  0.000150	  0.077281	
  0.917250	  0.000150	  0.082451	  0.000150	
  0.077281	  0.000150	  0.922419	  0.000150	
  0.077281	  0.840118	  0.082451	  0.000150	
  0.023794	  0.023794	  0.106096	  0.846316	
  0.317097	  0.064073	  0.477626	  0.141204	
  0.246412	  0.164110	  0.281119	  0.308359	

URL http://cisbp.ccbr.utoronto.ca/TFreport.php?versionNumber=2.00&searchTF=T071219_2.00

MOTIF M01154_2.00 (mgf009803m)_(Cannabis_sativa)_(DBD_0.87)

letter-probability matrix: alength= 4 w= 10 nsites= 1 E= 0
  0.207637	  0.374574	  0.231780	  0.186008	
  0.174524	  0.296505	  0.159503	  0.369468	
  0.179985	  0.219834	  0.344769	  0.255411	
  0.560855	  0.106640	  0.181175	  0.151330	
  0.031341	  0.648673	  0.156793	  0.163192	
  0.116412	  0.109633	  0.711331	  0.062623	
  0.093377	  0.131189	  0.042804	  0.732630	
  0.167926	  0.048595	  0.667488	  0.115992	
  0.074228	  0.124853	  0.458123	  0.342797	
  0.268273	  0.358527	  0.215294	  0.157907	

URL http://cisbp.ccbr.utoronto.ca/TFreport.php?versionNumber=2.00&searchTF=T071225_2.00

MOTIF M01155_2.00 (mgf005858m)_(Cannabis_sativa)_(DBD_0.94)

letter-probability matrix: alength= 4 w= 10 nsites= 1 E= 0
  0.217604	  0.253155	  0.282338	  0.246903	
  0.295478	  0.243192	  0.282871	  0.178459	
  0.000014	  0.000014	  0.000014	  0.999958	
  0.000014	  0.000014	  0.999958	  0.000014	
  0.999958	  0.000014	  0.000014	  0.000014	
  0.000014	  0.999958	  0.000014	  0.000014	
  0.000014	  0.000014	  0.999958	  0.000014	
  0.000014	  0.000014	  0.000014	  0.999958	
  0.265769	  0.669411	  0.032410	  0.032410	
  0.711390	  0.071555	  0.109812	  0.107243	

URL http://cisbp.ccbr.utoronto.ca/TFreport.php?versionNumber=2.00&searchTF=T071214_2.00

MOTIF M01156_2.00 (mgf003302m)_(Cannabis_sativa)_(DBD_0.78)

letter-probability matrix: alength= 4 w= 10 nsites= 1 E= 0
  0.185651	  0.213549	  0.285393	  0.315408	
  0.133202	  0.183436	  0.404181	  0.279182	
  0.363231	  0.495238	  0.105113	  0.036417	
  0.029585	  0.834874	  0.000269	  0.135271	
  0.937984	  0.000034	  0.061789	  0.000193	
  0.088378	  0.602820	  0.187095	  0.121707	
  0.146644	  0.194029	  0.560040	  0.099286	
  0.162411	  0.177706	  0.146956	  0.512926	
  0.246395	  0.269599	  0.286270	  0.197736	
  0.293459	  0.147192	  0.337558	  0.221791	

URL http://cisbp.ccbr.utoronto.ca/TFreport.php?versionNumber=2.00&searchTF=T071204_2.00

MOTIF M01158_2.00 (mgf002047m)_(Cannabis_sativa)_(DBD_0.84)

letter-probability matrix: alength= 4 w= 10 nsites= 1 E= 0
  0.233043	  0.233043	  0.300870	  0.233043	
  0.153669	  0.153669	  0.419654	  0.273008	
  0.749635	  0.137770	  0.000082	  0.112514	
  0.056549	  0.831095	  0.056309	  0.056047	
  0.999755	  0.000082	  0.000082	  0.000082	
  0.112776	  0.887060	  0.000082	  0.000082	
  0.056309	  0.000082	  0.887562	  0.056047	
  0.000082	  0.000082	  0.000082	  0.999755	
  0.185698	  0.017039	  0.780225	  0.017039	
  0.152378	  0.152880	  0.220818	  0.473924	

URL http://cisbp.ccbr.utoronto.ca/TFreport.php?versionNumber=2.00&searchTF=T071198_2.00

MOTIF M01159_2.00 (mgf000302m)_(Cannabis_sativa)_(DBD_0.84)

letter-probability matrix: alength= 4 w= 13 nsites= 1 E= 0
  0.227379	  0.227379	  0.227379	  0.317864	
  0.301390	  0.202708	  0.293194	  0.202708	
  0.202708	  0.202708	  0.202708	  0.391875	
  0.202708	  0.202708	  0.202708	  0.391875	
  0.347050	  0.063248	  0.161972	  0.427730	
  0.725392	  0.100069	  0.090041	  0.084499	
  0.279049	  0.621962	  0.000154	  0.098835	
  0.815016	  0.094789	  0.000154	  0.090041	
  0.112662	  0.022775	  0.657528	  0.207035	
  0.147360	  0.663113	  0.047445	  0.142081	
  0.131790	  0.047445	  0.047445	  0.773319	
  0.321593	  0.047445	  0.488881	  0.142081	
  0.186906	  0.186906	  0.307608	  0.318580	

URL http://cisbp.ccbr.utoronto.ca/TFreport.php?versionNumber=2.00&searchTF=T071194_2.00

MOTIF M01160_2.00 (mgf008195m)_(Cannabis_sativa)_(DBD_0.83)

letter-probability matrix: alength= 4 w= 10 nsites= 1 E= 0
  0.373896	  0.117211	  0.250630	  0.258263	
  0.132714	  0.167033	  0.272651	  0.427602	
  0.045729	  0.047596	  0.540634	  0.366040	
  0.268831	  0.716289	  0.014645	  0.000236	
  0.016751	  0.942443	  0.001614	  0.039192	
  0.960392	  0.000777	  0.037613	  0.001218	
  0.052931	  0.787600	  0.100383	  0.059086	
  0.088521	  0.064279	  0.831506	  0.015693	
  0.050501	  0.049008	  0.027440	  0.873051	
  0.277511	  0.218298	  0.452985	  0.051206	

URL http://cisbp.ccbr.utoronto.ca/TFreport.php?versionNumber=2.00&searchTF=T071220_2.00

MOTIF M01163_2.00 (mgf003343m)_(Cannabis_sativa)_(DBD_0.92)

letter-probability matrix: alength= 4 w= 8 nsites= 1 E= 0
  0.037352	  0.037352	  0.703033	  0.222263	
  0.743084	  0.205174	  0.000256	  0.051486	
  0.000244	  0.926170	  0.024610	  0.048977	
  0.999269	  0.000244	  0.000244	  0.000244	
  0.048977	  0.000244	  0.950536	  0.000244	
  0.000244	  0.950536	  0.000244	  0.048977	
  0.000270	  0.000270	  0.000270	  0.999190	
  0.185281	  0.111317	  0.666050	  0.037352	

URL http://cisbp.ccbr.utoronto.ca/TFreport.php?versionNumber=2.00&searchTF=T071205_2.00

MOTIF M01167_2.00 (mgf021789m)_(Arabidopsis_thaliana)_(DBD_0.70)

letter-probability matrix: alength= 4 w= 7 nsites= 1 E= 0
  0.236806	  0.310207	  0.193880	  0.259107	
  0.202489	  0.327237	  0.090079	  0.380195	
  0.723452	  0.006917	  0.236048	  0.033583	
  0.000135	  0.778896	  0.220937	  0.000032	
  0.153842	  0.036816	  0.000241	  0.809102	
  0.258198	  0.248074	  0.243162	  0.250567	
  0.269669	  0.225247	  0.210019	  0.295065	

URL http://cisbp.ccbr.utoronto.ca/TFreport.php?versionNumber=2.00&searchTF=T140314_2.00

MOTIF M01216_2.00 (mgf015387m)_(Cannabis_sativa)_(DBD_0.92)

letter-probability matrix: alength= 4 w= 7 nsites= 1 E= 0
  0.355380	  0.222114	  0.252949	  0.169557	
  0.058293	  0.816866	  0.017557	  0.107284	
  0.050131	  0.017897	  0.243384	  0.688587	
  0.074915	  0.000457	  0.065128	  0.859501	
  0.073510	  0.021921	  0.044143	  0.860426	
  0.314662	  0.154702	  0.110112	  0.420523	
  0.213082	  0.245103	  0.210962	  0.330854	

URL http://cisbp.ccbr.utoronto.ca/TFreport.php?versionNumber=2.00&searchTF=T171565_2.00

MOTIF M01217_2.00 (mgf020517m)_(Cannabis_sativa)_(DBD_0.92)

letter-probability matrix: alength= 4 w= 8 nsites= 1 E= 0
  0.500535	  0.136412	  0.253580	  0.109473	
  0.009007	  0.970711	  0.003028	  0.017254	
  0.008883	  0.089494	  0.043999	  0.857624	
  0.007663	  0.000253	  0.003375	  0.988709	
  0.007075	  0.004887	  0.008994	  0.979044	
  0.308722	  0.059290	  0.016485	  0.615503	
  0.181774	  0.187310	  0.126820	  0.504096	
  0.218483	  0.225137	  0.246339	  0.310042	

URL http://cisbp.ccbr.utoronto.ca/TFreport.php?versionNumber=2.00&searchTF=T171569_2.00

MOTIF M01219_2.00 (mgf020971m)_(Cannabis_sativa)_(DBD_0.85)

letter-probability matrix: alength= 4 w= 7 nsites= 1 E= 0
  0.354159	  0.244629	  0.223575	  0.177637	
  0.069797	  0.769388	  0.033636	  0.127179	
  0.051410	  0.001173	  0.159149	  0.788268	
  0.067173	  0.006802	  0.039538	  0.886487	
  0.073470	  0.039920	  0.043680	  0.842930	
  0.325655	  0.155375	  0.092373	  0.426597	
  0.212443	  0.241936	  0.212443	  0.333177	

URL http://cisbp.ccbr.utoronto.ca/TFreport.php?versionNumber=2.00&searchTF=T171570_2.00

MOTIF M01220_2.00 (mgf022713m)_(Cannabis_sativa)_(DBD_0.97)

letter-probability matrix: alength= 4 w= 7 nsites= 1 E= 0
  0.067389	  0.812792	  0.073735	  0.046084	
  0.050344	  0.000241	  0.329931	  0.619483	
  0.068175	  0.000123	  0.040939	  0.890763	
  0.077471	  0.010590	  0.057968	  0.853971	
  0.327466	  0.135827	  0.085745	  0.450962	
  0.237023	  0.244241	  0.175591	  0.343146	
  0.230791	  0.245062	  0.245062	  0.279084	

URL http://cisbp.ccbr.utoronto.ca/TFreport.php?versionNumber=2.00&searchTF=T171578_2.00

MOTIF M01221_2.00 (mgf013920m)_(Cannabis_sativa)_(DBD_0.95)

letter-probability matrix: alength= 4 w= 7 nsites= 1 E= 0
  0.062595	  0.868422	  0.037588	  0.031396	
  0.022674	  0.000357	  0.330701	  0.646268	
  0.045638	  0.000108	  0.055742	  0.898512	
  0.053812	  0.000598	  0.060673	  0.884918	
  0.340195	  0.100436	  0.081412	  0.477957	
  0.245961	  0.222555	  0.168203	  0.363280	
  0.217149	  0.252291	  0.259975	  0.270585	

URL http://cisbp.ccbr.utoronto.ca/TFreport.php?versionNumber=2.00&searchTF=T171563_2.00

MOTIF M01222_2.00 (mgf015240m)_(Cannabis_sativa)_(DBD_0.90)

letter-probability matrix: alength= 4 w= 10 nsites= 1 E= 0
  0.223428	  0.270180	  0.182927	  0.323464	
  0.282481	  0.240714	  0.164615	  0.312190	
  0.392654	  0.209125	  0.247876	  0.150345	
  0.082205	  0.819928	  0.051378	  0.046489	
  0.068428	  0.067747	  0.146318	  0.717507	
  0.101621	  0.016967	  0.059815	  0.821598	
  0.075072	  0.036178	  0.052902	  0.835848	
  0.351983	  0.113702	  0.073228	  0.461086	
  0.214877	  0.235113	  0.184947	  0.365062	
  0.237513	  0.249690	  0.242311	  0.270486	

URL http://cisbp.ccbr.utoronto.ca/TFreport.php?versionNumber=2.00&searchTF=T171564_2.00

MOTIF M01225_2.00 (mgf014795m)_(Physcomitrella_patens)_(DBD_0.91)

letter-probability matrix: alength= 4 w= 10 nsites= 1 E= 0
  0.190589	  0.347275	  0.407531	  0.054605	
  0.053131	  0.125558	  0.759581	  0.061730	
  0.006389	  0.948224	  0.000029	  0.045358	
  0.045581	  0.000042	  0.924726	  0.029651	
  0.016651	  0.814394	  0.092060	  0.076895	
  0.118839	  0.496592	  0.220913	  0.163656	
  0.407444	  0.259798	  0.072960	  0.259798	
  0.440817	  0.140982	  0.104442	  0.313760	
  0.395676	  0.129101	  0.157685	  0.317538	
  0.315183	  0.176470	  0.156515	  0.351832	

URL http://cisbp.ccbr.utoronto.ca/TFreport.php?versionNumber=2.00&searchTF=T173866_2.00

MOTIF M01238_2.00 (mgf017901m)_(Arabidopsis_thaliana)_(DBD_1.00)

letter-probability matrix: alength= 4 w= 9 nsites= 1 E= 0
  0.250511	  0.219973	  0.258140	  0.271376	
  0.169952	  0.220416	  0.152249	  0.457382	
  0.117214	  0.071809	  0.667811	  0.143166	
  0.946665	  0.000679	  0.000567	  0.052089	
  0.098251	  0.711604	  0.000051	  0.190094	
  0.375280	  0.188231	  0.259219	  0.177270	
  0.147800	  0.173445	  0.356332	  0.322422	
  0.167061	  0.295409	  0.307465	  0.230065	
  0.220996	  0.241808	  0.194055	  0.343141	

URL http://cisbp.ccbr.utoronto.ca/TFreport.php?versionNumber=2.00&searchTF=T227731_2.00

MOTIF M01249_2.00 (mgf000895m)_(Cannabis_sativa)_(DBD_0.66)

letter-probability matrix: alength= 4 w= 8 nsites= 1 E= 0
  0.029671	  0.734724	  0.117803	  0.117803	
  0.000213	  0.956845	  0.000213	  0.042730	
  0.382866	  0.616709	  0.000213	  0.000213	
  0.000213	  0.999362	  0.000213	  0.000213	
  0.000213	  0.000213	  0.000213	  0.999362	
  0.999348	  0.000217	  0.000217	  0.000217	
  0.615010	  0.000256	  0.051486	  0.333248	
  0.077189	  0.230799	  0.115591	  0.576421	

URL http://cisbp.ccbr.utoronto.ca/TFreport.php?versionNumber=2.00&searchTF=T227669_2.00

MOTIF M01250_2.00 (mgf025174m)_(Cannabis_sativa)_(DBD_0.58)

letter-probability matrix: alength= 4 w= 10 nsites= 1 E= 0
  0.154185	  0.289499	  0.184593	  0.371724	
  0.148554	  0.395816	  0.079119	  0.376512	
  0.776126	  0.073282	  0.080183	  0.070409	
  0.945049	  0.027695	  0.004355	  0.022902	
  0.013548	  0.014676	  0.002819	  0.968958	
  0.478599	  0.330585	  0.066744	  0.124072	
  0.973681	  0.005371	  0.009690	  0.011258	
  0.063163	  0.030136	  0.047738	  0.858963	
  0.243186	  0.061795	  0.294073	  0.400946	
  0.199155	  0.233710	  0.377693	  0.189442	

URL http://cisbp.ccbr.utoronto.ca/TFreport.php?versionNumber=2.00&searchTF=T227755_2.00

MOTIF M01252_2.00 (mgf001299m)_(Cannabis_sativa)_(DBD_0.91)

letter-probability matrix: alength= 4 w= 10 nsites= 1 E= 0
  0.253147	  0.215718	  0.189421	  0.341713	
  0.294580	  0.229419	  0.160060	  0.315940	
  0.258517	  0.220293	  0.150650	  0.370540	
  0.218917	  0.182855	  0.157384	  0.440844	
  0.292598	  0.167135	  0.145300	  0.394967	
  0.359756	  0.271898	  0.189697	  0.178650	
  0.272857	  0.295582	  0.221174	  0.210387	
  0.207409	  0.285629	  0.045363	  0.461598	
  0.248926	  0.087984	  0.476828	  0.186262	
  0.226411	  0.215369	  0.111314	  0.446907	

URL http://cisbp.ccbr.utoronto.ca/TFreport.php?versionNumber=2.00&searchTF=T227670_2.00

MOTIF M01253_2.00 (mgf007720m)_(Cannabis_sativa)_(DBD_0.74)

letter-probability matrix: alength= 4 w= 10 nsites= 1 E= 0
  0.212854	  0.287323	  0.276057	  0.223767	
  0.146187	  0.248361	  0.245890	  0.359561	
  0.416454	  0.049988	  0.095753	  0.437806	
  0.092513	  0.269710	  0.013031	  0.624746	
  0.205513	  0.128446	  0.569929	  0.096112	
  0.495590	  0.269279	  0.123439	  0.111692	
  0.510319	  0.074816	  0.236284	  0.178580	
  0.059291	  0.171135	  0.318128	  0.451446	
  0.292925	  0.208495	  0.317322	  0.181257	
  0.202646	  0.302312	  0.164261	  0.330782	

URL http://cisbp.ccbr.utoronto.ca/TFreport.php?versionNumber=2.00&searchTF=T227698_2.00

MOTIF M01254_2.00 (mgf024741m)_(Cannabis_sativa)_(DBD_0.90)

letter-probability matrix: alength= 4 w= 10 nsites= 1 E= 0
  0.293897	  0.185532	  0.217724	  0.302847	
  0.223487	  0.175801	  0.310864	  0.289847	
  0.139416	  0.098245	  0.050778	  0.711561	
  0.025658	  0.028929	  0.929694	  0.015719	
  0.963786	  0.000254	  0.000055	  0.035905	
  0.020795	  0.929539	  0.001015	  0.048652	
  0.542693	  0.106330	  0.253799	  0.097178	
  0.091696	  0.094489	  0.496947	  0.316867	
  0.123305	  0.381710	  0.328541	  0.166444	
  0.222167	  0.209229	  0.159721	  0.408883	

URL http://cisbp.ccbr.utoronto.ca/TFreport.php?versionNumber=2.00&searchTF=T227753_2.00

MOTIF M01264_2.00 (mgf016368m)_(Cannabis_sativa)_(DBD_0.69)

letter-probability matrix: alength= 4 w= 10 nsites= 1 E= 0
  0.105233	  0.253705	  0.119842	  0.521220	
  0.145543	  0.060369	  0.036251	  0.757838	
  0.803828	  0.023793	  0.107704	  0.064676	
  0.980298	  0.013983	  0.000091	  0.005629	
  0.006742	  0.961310	  0.001431	  0.030517	
  0.035342	  0.642318	  0.015880	  0.306459	
  0.332032	  0.352564	  0.180410	  0.134994	
  0.234118	  0.231789	  0.297622	  0.236471	
  0.420354	  0.141330	  0.278968	  0.159349	
  0.181155	  0.295703	  0.357578	  0.165563	

URL http://cisbp.ccbr.utoronto.ca/TFreport.php?versionNumber=2.00&searchTF=T250538_2.00

MOTIF M01267_2.00 (mgf009409m)_(Arabidopsis_thaliana)_(DBD_0.89)

letter-probability matrix: alength= 4 w= 10 nsites= 1 E= 0
  0.324006	  0.230618	  0.221575	  0.223802	
  0.200734	  0.284855	  0.183457	  0.330954	
  0.546855	  0.266183	  0.178428	  0.008535	
  0.040197	  0.799355	  0.124438	  0.036010	
  0.036611	  0.000069	  0.963287	  0.000032	
  0.000054	  0.999922	  0.000017	  0.000006	
  0.001437	  0.000085	  0.680317	  0.318161	
  0.061961	  0.718024	  0.119881	  0.100133	
  0.080213	  0.610752	  0.159923	  0.149111	
  0.271466	  0.222257	  0.197124	  0.309153	

URL http://cisbp.ccbr.utoronto.ca/TFreport.php?versionNumber=2.00&searchTF=T285243_2.00

MOTIF M01277_2.00 (mgf018580m)_(Cannabis_sativa)_(DBD_0.87)

letter-probability matrix: alength= 4 w= 9 nsites= 1 E= 0
  0.175885	  0.320484	  0.066675	  0.436956	
  0.926784	  0.029421	  0.035935	  0.007859	
  0.748924	  0.249295	  0.000886	  0.000895	
  0.001293	  0.960341	  0.012645	  0.025720	
  0.090301	  0.274005	  0.358936	  0.276758	
  0.285930	  0.071218	  0.553216	  0.089635	
  0.260789	  0.315359	  0.068286	  0.355566	
  0.246001	  0.389684	  0.086950	  0.277365	
  0.294736	  0.222757	  0.207697	  0.274810	

URL http://cisbp.ccbr.utoronto.ca/TFreport.php?versionNumber=2.00&searchTF=T285331_2.00

MOTIF M01278_2.00 (mgf000016m)_(Cannabis_sativa)_(DBD_0.92)

letter-probability matrix: alength= 4 w= 9 nsites= 1 E= 0
  0.388551	  0.179904	  0.202841	  0.228703	
  0.081012	  0.008711	  0.816153	  0.094123	
  0.942664	  0.010899	  0.028466	  0.017970	
  0.013140	  0.011310	  0.007140	  0.968411	
  0.350195	  0.239485	  0.080519	  0.329801	
  0.110938	  0.468236	  0.077399	  0.343427	
  0.203757	  0.157107	  0.427062	  0.212073	
  0.228436	  0.270766	  0.265405	  0.235393	
  0.239389	  0.249159	  0.188310	  0.323142	

URL http://cisbp.ccbr.utoronto.ca/TFreport.php?versionNumber=2.00&searchTF=T285178_2.00

MOTIF M01279_2.00 (mgf006384m)_(Cannabis_sativa)_(DBD_0.89)

letter-probability matrix: alength= 4 w= 10 nsites= 1 E= 0
  0.138518	  0.287436	  0.085713	  0.488334	
  0.985369	  0.000224	  0.012466	  0.001941	
  0.926257	  0.058041	  0.007108	  0.008595	
  0.003541	  0.986708	  0.000504	  0.009248	
  0.035960	  0.080834	  0.798228	  0.084978	
  0.112592	  0.024138	  0.701888	  0.161382	
  0.213897	  0.266532	  0.113920	  0.405651	
  0.288297	  0.312308	  0.108201	  0.291194	
  0.363881	  0.216335	  0.180698	  0.239087	
  0.265702	  0.228692	  0.209009	  0.296597	

URL http://cisbp.ccbr.utoronto.ca/TFreport.php?versionNumber=2.00&searchTF=T285225_2.00

MOTIF M01281_2.00 (mgf017719m)_(Cannabis_sativa)_(DBD_0.89)

letter-probability matrix: alength= 4 w= 8 nsites= 1 E= 0
  0.150067	  0.483178	  0.050133	  0.316622	
  0.999663	  0.000112	  0.000112	  0.000112	
  0.123763	  0.845115	  0.010408	  0.020713	
  0.000101	  0.979503	  0.000101	  0.020295	
  0.282815	  0.070779	  0.000101	  0.646305	
  0.999697	  0.000101	  0.000101	  0.000101	
  0.260412	  0.739379	  0.000104	  0.000104	
  0.054901	  0.616238	  0.013828	  0.315033	

URL http://cisbp.ccbr.utoronto.ca/TFreport.php?versionNumber=2.00&searchTF=T285315_2.00

MOTIF M01283_2.00 (mgf017043m)_(Cannabis_sativa)_(DBD_0.89)

letter-probability matrix: alength= 4 w= 10 nsites= 1 E= 0
  0.384152	  0.148567	  0.196574	  0.270707	
  0.558330	  0.069058	  0.063114	  0.309497	
  0.269366	  0.349349	  0.098108	  0.283177	
  0.960051	  0.005089	  0.020025	  0.014835	
  0.027536	  0.012623	  0.010756	  0.949085	
  0.070529	  0.028963	  0.032656	  0.867852	
  0.041568	  0.904445	  0.014840	  0.039147	
  0.032252	  0.417203	  0.137493	  0.413052	
  0.243880	  0.286196	  0.197685	  0.272238	
  0.180086	  0.274084	  0.164587	  0.381243	

URL http://cisbp.ccbr.utoronto.ca/TFreport.php?versionNumber=2.00&searchTF=T285307_2.00

MOTIF M01286_2.00 (mgf018114m)_(Cannabis_sativa)_(DBD_0.97)

letter-probability matrix: alength= 4 w= 8 nsites= 1 E= 0
  0.004902	  0.004902	  0.004902	  0.985294	
  0.990132	  0.003289	  0.003289	  0.003289	
  0.003289	  0.990132	  0.003289	  0.003289	
  0.003289	  0.990132	  0.003289	  0.003289	
  0.003289	  0.003289	  0.003289	  0.990132	
  0.990132	  0.003289	  0.003289	  0.003289	
  0.003289	  0.990132	  0.003289	  0.003289	
  0.004902	  0.985294	  0.004902	  0.004902	

URL http://cisbp.ccbr.utoronto.ca/TFreport.php?versionNumber=2.00&searchTF=T285324_2.00

MOTIF M01291_2.00 (mgf025206m)_(Cannabis_sativa)_(DBD_0.95)

