MEME version 5.5.8 (Fri May 2 15:43:49 2025 -0700)

ALPHABET= ACGT

strands: + -

Background letter frequencies (from uniform background):
A 0.25000 C 0.25000 G 0.25000 T 0.25000 

MOTIF M00790_2.00 (NERG_01460)_(Mus_musculus)_(DBD_0.59)

letter-probability matrix: alength= 4 w= 9 nsites= 1 E= 0
  0.337606	  0.151696	  0.424910	  0.085788	
  0.214462	  0.151129	  0.074301	  0.560108	
  0.593218	  0.291652	  0.036436	  0.078694	
  0.697590	  0.152571	  0.033369	  0.116470	
  0.810620	  0.060208	  0.065878	  0.063295	
  0.020715	  0.679160	  0.040079	  0.260046	
  0.798255	  0.049523	  0.065525	  0.086698	
  0.354392	  0.210693	  0.192559	  0.242355	
  0.307967	  0.221405	  0.177681	  0.292947	

URL http://cisbp.ccbr.utoronto.ca/TFreport.php?versionNumber=2.00&searchTF=T188208_2.00

MOTIF M01567_2.00 (NERG_01173)_(Saccharomyces_cerevisiae)_(DBD_0.78)

letter-probability matrix: alength= 4 w= 7 nsites= 1 E= 0
  0.315311	  0.189343	  0.207174	  0.288172	
  0.345705	  0.141966	  0.211788	  0.300541	
  0.271982	  0.110580	  0.155359	  0.462079	
  0.583542	  0.000869	  0.110954	  0.304636	
  0.219565	  0.006434	  0.188981	  0.585020	
  0.934996	  0.000354	  0.051964	  0.012687	
  0.422777	  0.000471	  0.095282	  0.481470	

URL http://cisbp.ccbr.utoronto.ca/TFreport.php?versionNumber=2.00&searchTF=T342745_2.00

MOTIF M01962_2.00 (NERG_02347)_(Ornithorhynchus_anatinus)_(DBD_0.55)

letter-probability matrix: alength= 4 w= 10 nsites= 1 E= 0
  0.315084	  0.167369	  0.175129	  0.342418	
  0.247124	  0.112746	  0.242624	  0.397507	
  0.142286	  0.259786	  0.535594	  0.062335	
  0.000000	  0.045438	  0.954562	  0.000000	
  0.000001	  0.999999	  0.000000	  0.000000	
  0.000000	  0.000000	  0.999999	  0.000001	
  0.000000	  0.954562	  0.045438	  0.000000	
  0.062335	  0.535594	  0.259786	  0.142286	
  0.397507	  0.242624	  0.112746	  0.247124	
  0.342418	  0.175129	  0.167369	  0.315084	

URL http://cisbp.ccbr.utoronto.ca/TFreport.php?versionNumber=2.00&searchTF=T173297_2.00

MOTIF M02055_2.00 (NERG_00880)_(Encephalitozoon_cuniculi)_(DBD_0.70)

letter-probability matrix: alength= 4 w= 9 nsites= 1 E= 0
  0.259454	  0.234764	  0.210309	  0.295473	
  0.174519	  0.228614	  0.282036	  0.314831	
  0.058202	  0.248121	  0.089471	  0.604206	
  0.740913	  0.151091	  0.033713	  0.074283	
  0.897687	  0.051926	  0.014877	  0.035510	
  0.000090	  0.021879	  0.000025	  0.978006	
  0.271104	  0.088456	  0.049033	  0.591406	
  0.383479	  0.034788	  0.026557	  0.555176	
  0.666246	  0.107949	  0.156282	  0.069523	

URL http://cisbp.ccbr.utoronto.ca/TFreport.php?versionNumber=2.00&searchTF=T221116_2.00

MOTIF M02188_2.00 (NERG_00545)_(Caenorhabditis_elegans)_(DBD_0.37)

letter-probability matrix: alength= 4 w= 9 nsites= 1 E= 0
  0.198726	  0.273671	  0.119334	  0.408269	
  0.097665	  0.035217	  0.037023	  0.830095	
  0.799117	  0.050578	  0.071773	  0.078532	
  0.899382	  0.019920	  0.032192	  0.048507	
  0.036254	  0.033467	  0.040876	  0.889403	
  0.062406	  0.059959	  0.070363	  0.807272	
  0.432999	  0.032160	  0.478538	  0.056302	
  0.284456	  0.170815	  0.424358	  0.120371	
  0.148560	  0.287433	  0.212936	  0.351071	

URL http://cisbp.ccbr.utoronto.ca/TFreport.php?versionNumber=2.00&searchTF=T221115_2.00

MOTIF M02453_2.00 (NERG_01713)_(Apis_mellifera)_(DBD_0.46)

letter-probability matrix: alength= 4 w= 10 nsites= 1 E= 0
  0.064581	  0.002968	  0.923263	  0.009188	
  0.023968	  0.045912	  0.044112	  0.886008	
  0.223272	  0.210269	  0.028174	  0.538285	
  0.256252	  0.036458	  0.521214	  0.186077	
  0.035172	  0.706451	  0.057989	  0.200388	
  0.022564	  0.435435	  0.088796	  0.453205	
  0.725050	  0.058924	  0.103156	  0.112870	
  0.323945	  0.156112	  0.259972	  0.259972	
  0.139259	  0.160186	  0.611759	  0.088796	
  0.167826	  0.260585	  0.362465	  0.209124	

URL http://cisbp.ccbr.utoronto.ca/TFreport.php?versionNumber=2.00&searchTF=T318719_2.00

