MEME version 5.5.8 (Fri May 2 15:43:49 2025 -0700)

ALPHABET= ACGT

strands: + -

Background letter frequencies (from uniform background):
A 0.25000 C 0.25000 G 0.25000 T 0.25000 

MOTIF M00045_2.00 (NFIA_065340)_(Saccharomyces_cerevisiae)_(DBD_0.64)

letter-probability matrix: alength= 4 w= 8 nsites= 1 E= 0
  0.222345	  0.001106	  0.775442	  0.001106	
  0.001106	  0.001106	  0.001106	  0.996681	
  0.996681	  0.001106	  0.001106	  0.001106	
  0.996681	  0.001106	  0.001106	  0.001106	
  0.996681	  0.001106	  0.001106	  0.001106	
  0.001106	  0.886062	  0.001106	  0.111726	
  0.996681	  0.001106	  0.001106	  0.001106	
  0.597222	  0.200397	  0.001984	  0.200397	

URL http://cisbp.ccbr.utoronto.ca/TFreport.php?versionNumber=2.00&searchTF=T184696_2.00

MOTIF M00051_2.00 (NFIA_088570)_(Saccharomyces_cerevisiae)_(DBD_0.83)

letter-probability matrix: alength= 4 w= 8 nsites= 1 E= 0
  0.270248	  0.432235	  0.000270	  0.297246	
  0.000196	  0.000196	  0.999412	  0.000196	
  0.999424	  0.000192	  0.000192	  0.000192	
  0.000192	  0.000192	  0.000192	  0.999424	
  0.980208	  0.000192	  0.019408	  0.000192	
  0.940635	  0.000196	  0.000196	  0.058973	
  0.022934	  0.113760	  0.840372	  0.022934	
  0.344697	  0.241391	  0.241391	  0.172521	

URL http://cisbp.ccbr.utoronto.ca/TFreport.php?versionNumber=2.00&searchTF=T192077_2.00

MOTIF M00061_2.00 (NFIA_058480)_(Saccharomyces_cerevisiae)_(DBD_0.64)

letter-probability matrix: alength= 4 w= 8 nsites= 1 E= 0
  0.726984	  0.045578	  0.075863	  0.151575	
  0.056906	  0.193208	  0.068264	  0.681622	
  0.064288	  0.064288	  0.871332	  0.000092	
  0.000090	  0.000090	  0.999730	  0.000090	
  0.000090	  0.972713	  0.027107	  0.000090	
  0.000090	  0.963707	  0.009096	  0.027107	
  0.586810	  0.119622	  0.293459	  0.000109	
  0.142918	  0.057253	  0.742576	  0.057253	

URL http://cisbp.ccbr.utoronto.ca/TFreport.php?versionNumber=2.00&searchTF=T239934_2.00

MOTIF M00066_2.00 (NFIA_036980)_(Saccharomyces_cerevisiae)_(DBD_0.45)

letter-probability matrix: alength= 4 w= 10 nsites= 1 E= 0
  0.228304	  0.228304	  0.228304	  0.315088	
  0.119950	  0.353086	  0.407015	  0.119950	
  0.000130	  0.000130	  0.999610	  0.000130	
  0.000130	  0.000130	  0.000130	  0.999610	
  0.000130	  0.000130	  0.000130	  0.999610	
  0.086914	  0.000130	  0.912826	  0.000130	
  0.000130	  0.999610	  0.000130	  0.000130	
  0.000130	  0.437251	  0.000130	  0.562489	
  0.934522	  0.021826	  0.021826	  0.021826	
  0.130180	  0.304898	  0.261306	  0.303616	

URL http://cisbp.ccbr.utoronto.ca/TFreport.php?versionNumber=2.00&searchTF=T318040_2.00

MOTIF M00070_2.00 (NFIA_105270)_(Saccharomyces_cerevisiae)_(DBD_0.51)

letter-probability matrix: alength= 4 w= 11 nsites= 1 E= 0
  0.268573	  0.272224	  0.178881	  0.280322	
  0.509793	  0.098806	  0.292595	  0.098806	
  0.848016	  0.050661	  0.050661	  0.050661	
  0.999893	  0.000036	  0.000036	  0.000036	
  0.000036	  0.903786	  0.000036	  0.096142	
  0.903786	  0.000036	  0.000036	  0.096142	
  0.999893	  0.000036	  0.000036	  0.000036	
  0.000036	  0.000036	  0.000036	  0.999893	
  0.591260	  0.071155	  0.071155	  0.266431	
  0.345743	  0.151230	  0.257625	  0.245401	
  0.199374	  0.199374	  0.199374	  0.401877	

URL http://cisbp.ccbr.utoronto.ca/TFreport.php?versionNumber=2.00&searchTF=T326790_2.00

MOTIF M01005_2.00 (NFIA_067270)_(Aspergillus_nidulans)_(DBD_0.97)

letter-probability matrix: alength= 4 w= 10 nsites= 1 E= 0
  0.377868	  0.197264	  0.183928	  0.240939	
  0.310417	  0.218747	  0.154148	  0.316688	
  0.073377	  0.717384	  0.079488	  0.129750	
  0.181592	  0.255127	  0.534729	  0.028553	
  0.036492	  0.941148	  0.003118	  0.019242	
  0.995650	  0.000751	  0.002468	  0.001131	
  0.044767	  0.926560	  0.002057	  0.026615	
  0.668003	  0.087733	  0.085995	  0.158269	
  0.487233	  0.182864	  0.216750	  0.113153	
  0.406046	  0.157035	  0.101136	  0.335783	

URL http://cisbp.ccbr.utoronto.ca/TFreport.php?versionNumber=2.00&searchTF=T184697_2.00

MOTIF M01110_2.00 (NFIA_090030)_(Aspergillus_nidulans)_(DBD_0.92)

letter-probability matrix: alength= 4 w= 8 nsites= 1 E= 0
  0.076330	  0.923501	  0.000085	  0.000085	
  0.806984	  0.000071	  0.142888	  0.050057	
  0.000067	  0.906492	  0.000067	  0.093375	
  0.113370	  0.000067	  0.886497	  0.000067	
  0.046721	  0.120035	  0.000067	  0.833178	
  0.000068	  0.000068	  0.979252	  0.020611	
  0.067288	  0.058888	  0.781334	  0.092490	
  0.162544	  0.487381	  0.175037	  0.175037	

URL http://cisbp.ccbr.utoronto.ca/TFreport.php?versionNumber=2.00&searchTF=T031794_2.00

MOTIF M01111_2.00 (NFIA_033560)_(Aspergillus_nidulans)_(DBD_0.94)

letter-probability matrix: alength= 4 w= 10 nsites= 1 E= 0
  0.410715	  0.214412	  0.289426	  0.085447	
  0.136650	  0.139410	  0.123646	  0.600294	
  0.144500	  0.823268	  0.015230	  0.017001	
  0.850586	  0.024190	  0.034672	  0.090552	
  0.015970	  0.652425	  0.202491	  0.129114	
  0.215779	  0.133520	  0.610485	  0.040216	
  0.069297	  0.491961	  0.015308	  0.423434	
  0.068891	  0.479398	  0.358716	  0.092994	
  0.755784	  0.060810	  0.088037	  0.095369	
  0.083513	  0.417800	  0.146204	  0.352483	

URL http://cisbp.ccbr.utoronto.ca/TFreport.php?versionNumber=2.00&searchTF=T031793_2.00

MOTIF M01112_2.00 (NFIA_015940)_(Aspergillus_nidulans)_(DBD_0.94)

letter-probability matrix: alength= 4 w= 10 nsites= 1 E= 0
  0.122112	  0.224738	  0.209544	  0.443606	
  0.018496	  0.970245	  0.005461	  0.005798	
  0.745660	  0.085993	  0.077036	  0.091311	
  0.007546	  0.773578	  0.056319	  0.162557	
  0.141821	  0.067665	  0.784125	  0.006389	
  0.016308	  0.011724	  0.045226	  0.926741	
  0.001098	  0.003467	  0.985529	  0.009906	
  0.829137	  0.075218	  0.044718	  0.050927	
  0.020220	  0.576333	  0.043237	  0.360210	
  0.211790	  0.401656	  0.147761	  0.238793	

URL http://cisbp.ccbr.utoronto.ca/TFreport.php?versionNumber=2.00&searchTF=T031787_2.00

MOTIF M01146_2.00 (NFIA_031150)_(Neurospora_crassa)_(DBD_0.59)

letter-probability matrix: alength= 4 w= 12 nsites= 1 E= 0
  0.200478	  0.200478	  0.200478	  0.398567	
  0.260411	  0.051243	  0.637103	  0.051243	
  0.027975	  0.027975	  0.402529	  0.541521	
  0.541521	  0.402529	  0.027975	  0.027975	
  0.000090	  0.000090	  0.000090	  0.999731	
  0.000090	  0.000090	  0.000090	  0.999731	
  0.999731	  0.000090	  0.000090	  0.000090	
  0.000090	  0.888189	  0.111632	  0.000090	
  0.049612	  0.049612	  0.299024	  0.601752	
  0.291918	  0.198847	  0.310389	  0.198847	
  0.222114	  0.222114	  0.222114	  0.333657	
  0.222114	  0.333657	  0.222114	  0.222114	

URL http://cisbp.ccbr.utoronto.ca/TFreport.php?versionNumber=2.00&searchTF=T057820_2.00

MOTIF M01147_2.00 (NFIA_065970)_(Neurospora_crassa)_(DBD_0.88)

letter-probability matrix: alength= 4 w= 10 nsites= 1 E= 0
  0.256344	  0.201648	  0.261523	  0.280485	
  0.466416	  0.147685	  0.263770	  0.122129	
  0.056276	  0.045162	  0.000477	  0.898085	
  0.076513	  0.037995	  0.643848	  0.241643	
  0.796372	  0.031502	  0.085633	  0.086493	
  0.072044	  0.711432	  0.042832	  0.173691	
  0.178754	  0.047276	  0.689532	  0.084438	
  0.163925	  0.196254	  0.078997	  0.560825	
  0.373050	  0.284779	  0.165954	  0.176216	
  0.318316	  0.178225	  0.258022	  0.245438	

URL http://cisbp.ccbr.utoronto.ca/TFreport.php?versionNumber=2.00&searchTF=T057831_2.00

MOTIF M01175_2.00 (NFIA_097820)_(Fusarium_graminearum)_(DBD_0.94)

letter-probability matrix: alength= 4 w= 10 nsites= 1 E= 0
  0.226792	  0.260873	  0.240816	  0.271519	
  0.262036	  0.208196	  0.343258	  0.186510	
  0.199991	  0.313648	  0.353637	  0.132724	
  0.279505	  0.133356	  0.519579	  0.067560	
  0.005203	  0.113207	  0.853393	  0.028197	
  0.000288	  0.959092	  0.037939	  0.002680	
  0.026664	  0.000132	  0.158112	  0.815093	
  0.155695	  0.090731	  0.663746	  0.089828	
  0.399424	  0.156026	  0.265078	  0.179473	
  0.266808	  0.234283	  0.289030	  0.209879	

URL http://cisbp.ccbr.utoronto.ca/TFreport.php?versionNumber=2.00&searchTF=T082389_2.00

MOTIF M01179_2.00 (NFIA_012470)_(Histoplasma_capsulatum)_(DBD_0.84)

letter-probability matrix: alength= 4 w= 10 nsites= 1 E= 0
  0.189259	  0.147395	  0.479679	  0.183666	
  0.363992	  0.251422	  0.232091	  0.152495	
  0.098752	  0.153332	  0.100747	  0.647169	
  0.150498	  0.000229	  0.848908	  0.000366	
  0.002184	  0.983339	  0.000167	  0.014310	
  0.002598	  0.986913	  0.010325	  0.000164	
  0.036529	  0.037642	  0.056155	  0.869674	
  0.142295	  0.097310	  0.427477	  0.332919	
  0.712421	  0.080533	  0.181031	  0.026015	
  0.192284	  0.272864	  0.214643	  0.320209	

URL http://cisbp.ccbr.utoronto.ca/TFreport.php?versionNumber=2.00&searchTF=T082359_2.00

MOTIF M01186_2.00 (NFIA_092600)_(Schizosaccharomyces_pombe)_(DBD_0.76)

letter-probability matrix: alength= 4 w= 10 nsites= 1 E= 0
  0.256395	  0.163485	  0.193779	  0.386341	
  0.391732	  0.188779	  0.204502	  0.214987	
  0.022499	  0.937723	  0.013111	  0.026668	
  0.007099	  0.880037	  0.004015	  0.108849	
  0.000048	  0.996330	  0.002545	  0.001077	
  0.006410	  0.990227	  0.000453	  0.002909	
  0.208754	  0.040494	  0.529089	  0.221663	
  0.056743	  0.896529	  0.002093	  0.044636	
  0.382669	  0.216409	  0.131259	  0.269663	
  0.165510	  0.379566	  0.141038	  0.313886	

URL http://cisbp.ccbr.utoronto.ca/TFreport.php?versionNumber=2.00&searchTF=T082387_2.00

MOTIF M01192_2.00 (NFIA_107090)_(Neurospora_crassa)_(DBD_0.85)

letter-probability matrix: alength= 4 w= 8 nsites= 1 E= 0
  0.238098	  0.442125	  0.231298	  0.088479	
  0.005803	  0.971099	  0.005803	  0.017295	
  0.000055	  0.933916	  0.000055	  0.065975	
  0.000055	  0.988849	  0.000055	  0.011042	
  0.005548	  0.884476	  0.000055	  0.109921	
  0.022150	  0.016626	  0.011103	  0.950122	
  0.246270	  0.000075	  0.447702	  0.305953	
  0.547243	  0.042193	  0.147412	  0.263152	

URL http://cisbp.ccbr.utoronto.ca/TFreport.php?versionNumber=2.00&searchTF=T082393_2.00

MOTIF M01193_2.00 (NFIA_088950)_(Neurospora_crassa)_(DBD_0.94)

letter-probability matrix: alength= 4 w= 10 nsites= 1 E= 0
  0.171974	  0.307153	  0.259134	  0.261738	
  0.176120	  0.141339	  0.539781	  0.142760	
  0.201468	  0.325587	  0.241201	  0.231743	
  0.242179	  0.354135	  0.186733	  0.216953	
  0.187486	  0.174811	  0.494579	  0.143123	
  0.781029	  0.071565	  0.138464	  0.008941	
  0.008899	  0.010236	  0.050195	  0.930671	
  0.046751	  0.849653	  0.086906	  0.016690	
  0.257316	  0.290123	  0.290123	  0.162439	
  0.191340	  0.312327	  0.250648	  0.245685	

URL http://cisbp.ccbr.utoronto.ca/TFreport.php?versionNumber=2.00&searchTF=T082388_2.00

MOTIF M01197_2.00 (NFIA_021760)_(Neurospora_crassa)_(DBD_0.88)

letter-probability matrix: alength= 4 w= 10 nsites= 1 E= 0
  0.241450	  0.165118	  0.243876	  0.349555	
  0.110135	  0.208870	  0.433421	  0.247574	
  0.659888	  0.250152	  0.014615	  0.075344	
  0.038265	  0.013798	  0.920151	  0.027786	
  0.001083	  0.992144	  0.000154	  0.006618	
  0.003632	  0.992121	  0.004014	  0.000232	
  0.006058	  0.080756	  0.561960	  0.351226	
  0.012396	  0.960449	  0.000382	  0.026773	
  0.538639	  0.175747	  0.152787	  0.132827	
  0.262424	  0.254668	  0.162383	  0.320525	

URL http://cisbp.ccbr.utoronto.ca/TFreport.php?versionNumber=2.00&searchTF=T082360_2.00

MOTIF M01198_2.00 (NFIA_087020)_(Neurospora_crassa)_(DBD_0.94)

letter-probability matrix: alength= 4 w= 8 nsites= 1 E= 0
  0.008032	  0.985829	  0.000534	  0.005604	
  0.000361	  0.758996	  0.000317	  0.240326	
  0.065429	  0.872155	  0.039290	  0.023126	
  0.000001	  0.999660	  0.000134	  0.000205	
  0.499172	  0.000032	  0.489288	  0.011507	
  0.139979	  0.376715	  0.252520	  0.230786	
  0.284498	  0.230610	  0.244870	  0.240021	
  0.280918	  0.298289	  0.261926	  0.158866	

URL http://cisbp.ccbr.utoronto.ca/TFreport.php?versionNumber=2.00&searchTF=T082383_2.00

MOTIF M01235_2.00 (NFIA_063400)_(Neurospora_crassa)_(DBD_0.92)

letter-probability matrix: alength= 4 w= 11 nsites= 1 E= 0
  0.224507	  0.326478	  0.224507	  0.224507	
  0.203126	  0.299039	  0.391867	  0.105967	
  0.225223	  0.724938	  0.024920	  0.024920	
  0.000216	  0.000216	  0.999351	  0.000216	
  0.999351	  0.000216	  0.000216	  0.000216	
  0.000216	  0.000216	  0.000216	  0.999351	
  0.000216	  0.999351	  0.000216	  0.000216	
  0.000216	  0.000216	  0.897514	  0.102053	
  0.347248	  0.117812	  0.509230	  0.025709	
  0.144249	  0.144249	  0.144249	  0.567252	
  0.225297	  0.324110	  0.225297	  0.225297	

URL http://cisbp.ccbr.utoronto.ca/TFreport.php?versionNumber=2.00&searchTF=T192075_2.00

MOTIF M01236_2.00 (NFIA_071440)_(Neurospora_crassa)_(DBD_0.83)

letter-probability matrix: alength= 4 w= 8 nsites= 1 E= 0
  0.349800	  0.449601	  0.100299	  0.100299	
  0.200067	  0.799268	  0.000333	  0.000333	
  0.000322	  0.000322	  0.999034	  0.000322	
  0.999064	  0.000312	  0.000312	  0.000312	
  0.000312	  0.000312	  0.000312	  0.999064	
  0.000312	  0.999064	  0.000312	  0.000312	
  0.000322	  0.000322	  0.805735	  0.193621	
  0.624376	  0.208403	  0.083611	  0.083611	

URL http://cisbp.ccbr.utoronto.ca/TFreport.php?versionNumber=2.00&searchTF=T192076_2.00

MOTIF M01237_2.00 (NFIA_076010)_(Neurospora_crassa)_(DBD_0.85)

letter-probability matrix: alength= 4 w= 8 nsites= 1 E= 0
  0.227143	  0.251032	  0.238789	  0.283037	
  0.422687	  0.229667	  0.067130	  0.280516	
  0.086439	  0.059112	  0.811951	  0.042497	
  0.921225	  0.000266	  0.017214	  0.061295	
  0.095561	  0.028212	  0.030869	  0.845358	
  0.509100	  0.209065	  0.076911	  0.204925	
  0.563117	  0.107070	  0.130776	  0.199036	
  0.224323	  0.222091	  0.373563	  0.180023	

URL http://cisbp.ccbr.utoronto.ca/TFreport.php?versionNumber=2.00&searchTF=T192078_2.00

MOTIF M01271_2.00 (NFIA_035370)_(Aspergillus_nidulans)_(DBD_0.94)

letter-probability matrix: alength= 4 w= 9 nsites= 1 E= 0
  0.209526	  0.195361	  0.099968	  0.495145	
  0.470138	  0.145915	  0.285153	  0.098793	
  0.320647	  0.221482	  0.070129	  0.387742	
  0.021126	  0.014447	  0.000991	  0.963436	
  0.999769	  0.000052	  0.000057	  0.000122	
  0.114475	  0.033460	  0.031198	  0.820866	
  0.632245	  0.066638	  0.108775	  0.192342	
  0.216576	  0.142300	  0.472454	  0.168669	
  0.193504	  0.285801	  0.345605	  0.175089	

URL http://cisbp.ccbr.utoronto.ca/TFreport.php?versionNumber=2.00&searchTF=T268488_2.00

MOTIF M01327_2.00 (NFIA_001500)_(Aspergillus_nidulans)_(DBD_0.92)

letter-probability matrix: alength= 4 w= 10 nsites= 1 E= 0
  0.225111	  0.261542	  0.294888	  0.218458	
  0.181924	  0.348484	  0.134773	  0.334819	
  0.077843	  0.245843	  0.059424	  0.616891	
  0.004866	  0.994608	  0.000273	  0.000252	
  0.000826	  0.027626	  0.971405	  0.000144	
  0.035246	  0.047104	  0.899971	  0.017679	
  0.209822	  0.277622	  0.256278	  0.256278	
  0.215544	  0.265911	  0.321553	  0.196992	
  0.279068	  0.187065	  0.121688	  0.412179	
  0.292190	  0.155618	  0.107491	  0.444702	

URL http://cisbp.ccbr.utoronto.ca/TFreport.php?versionNumber=2.00&searchTF=T362431_2.00

MOTIF M01330_2.00 (NFIA_055920)_(Aspergillus_nidulans)_(DBD_0.89)

letter-probability matrix: alength= 4 w= 8 nsites= 1 E= 0
  0.200214	  0.264909	  0.242108	  0.292769	
  0.238267	  0.101839	  0.509480	  0.150414	
  0.098675	  0.026097	  0.479063	  0.396165	
  0.000009	  0.999896	  0.000011	  0.000084	
  0.000014	  0.000029	  0.999879	  0.000078	
  0.001484	  0.068368	  0.911328	  0.018820	
  0.384914	  0.198943	  0.288017	  0.128127	
  0.330124	  0.152852	  0.295736	  0.221289	

URL http://cisbp.ccbr.utoronto.ca/TFreport.php?versionNumber=2.00&searchTF=T362505_2.00

MOTIF M01332_2.00 (NFIA_082070)_(Aspergillus_nidulans)_(DBD_1.00)

letter-probability matrix: alength= 4 w= 7 nsites= 1 E= 0
  0.285553	  0.253263	  0.178471	  0.282712	
  0.146269	  0.193532	  0.067050	  0.593149	
  0.000011	  0.999265	  0.000000	  0.000724	
  0.000041	  0.043938	  0.956021	  0.000000	
  0.001665	  0.005696	  0.972358	  0.020282	
  0.223568	  0.301785	  0.298782	  0.175865	
  0.372727	  0.176064	  0.177833	  0.273376	

URL http://cisbp.ccbr.utoronto.ca/TFreport.php?versionNumber=2.00&searchTF=T362554_2.00

MOTIF M01334_2.00 (NFIA_100370)_(Aspergillus_nidulans)_(DBD_0.79)

letter-probability matrix: alength= 4 w= 8 nsites= 1 E= 0
  0.279951	  0.220217	  0.263648	  0.236185	
  0.164086	  0.354387	  0.179538	  0.301989	
  0.112866	  0.306802	  0.079535	  0.500797	
  0.001113	  0.922605	  0.043259	  0.033023	
  0.000640	  0.041036	  0.957629	  0.000694	
  0.000520	  0.001455	  0.977832	  0.020193	
  0.622517	  0.100864	  0.193209	  0.083410	
  0.472747	  0.078930	  0.083811	  0.364512	

URL http://cisbp.ccbr.utoronto.ca/TFreport.php?versionNumber=2.00&searchTF=T362593_2.00

MOTIF M01342_2.00 (NFIA_004390)_(Aspergillus_nidulans)_(DBD_0.85)

letter-probability matrix: alength= 4 w= 10 nsites= 1 E= 0
  0.245151	  0.161076	  0.380648	  0.213124	
  0.054065	  0.735233	  0.098513	  0.112189	
  0.037993	  0.843368	  0.032376	  0.086263	
  0.037826	  0.031281	  0.465447	  0.465447	
  0.259908	  0.735337	  0.000135	  0.004620	
  0.000112	  0.000243	  0.998892	  0.000753	
  0.000057	  0.000060	  0.999188	  0.000696	
  0.093572	  0.468124	  0.121357	  0.316947	
  0.456872	  0.047200	  0.001004	  0.494923	
  0.404742	  0.174731	  0.213417	  0.207110	

URL http://cisbp.ccbr.utoronto.ca/TFreport.php?versionNumber=2.00&searchTF=T362425_2.00

MOTIF M01344_2.00 (NFIA_010470)_(Aspergillus_nidulans)_(DBD_0.95)

letter-probability matrix: alength= 4 w= 8 nsites= 1 E= 0
  0.561721	  0.062968	  0.187656	  0.187656	
  0.040335	  0.120208	  0.000399	  0.839058	
  0.000344	  0.998967	  0.000344	  0.000344	
  0.000344	  0.998967	  0.000344	  0.000344	
  0.000344	  0.000344	  0.998967	  0.000344	
  0.000357	  0.000357	  0.998930	  0.000357	
  0.927603	  0.000357	  0.071683	  0.000357	
  0.726407	  0.136570	  0.091198	  0.045826	

URL http://cisbp.ccbr.utoronto.ca/TFreport.php?versionNumber=2.00&searchTF=T362445_2.00

MOTIF M01347_2.00 (NFIA_056930)_(Aspergillus_nidulans)_(DBD_0.95)

letter-probability matrix: alength= 4 w= 10 nsites= 1 E= 0
  0.276614	  0.198864	  0.176377	  0.348146	
  0.415053	  0.107598	  0.357239	  0.120110	
  0.381929	  0.071182	  0.328729	  0.218161	
  0.477788	  0.018342	  0.016431	  0.487440	
  0.074349	  0.549368	  0.163820	  0.212463	
  0.110522	  0.655382	  0.185902	  0.048193	
  0.003526	  0.972880	  0.019111	  0.004483	
  0.000265	  0.984507	  0.015213	  0.000015	
  0.000495	  0.000042	  0.989614	  0.009848	
  0.477462	  0.131431	  0.267330	  0.123777	

URL http://cisbp.ccbr.utoronto.ca/TFreport.php?versionNumber=2.00&searchTF=T362517_2.00

MOTIF M01349_2.00 (NFIA_076190)_(Aspergillus_nidulans)_(DBD_0.77)

letter-probability matrix: alength= 4 w= 9 nsites= 1 E= 0
  0.156376	  0.474500	  0.111304	  0.257820	
  0.089075	  0.182998	  0.138307	  0.589619	
  0.035283	  0.919116	  0.000296	  0.045305	
  0.012790	  0.067944	  0.905684	  0.013581	
  0.054850	  0.153640	  0.695485	  0.096025	
  0.246459	  0.269670	  0.310194	  0.173677	
  0.364180	  0.001800	  0.068556	  0.565465	
  0.611369	  0.089631	  0.132383	  0.166617	
  0.318988	  0.184040	  0.205440	  0.291533	

URL http://cisbp.ccbr.utoronto.ca/TFreport.php?versionNumber=2.00&searchTF=T362567_2.00

MOTIF M01353_2.00 (NFIA_077570)_(Aspergillus_nidulans)_(DBD_0.66)

letter-probability matrix: alength= 4 w= 8 nsites= 1 E= 0
  0.001984	  0.994048	  0.001984	  0.001984	
  0.001984	  0.001984	  0.994048	  0.001984	
  0.001984	  0.001984	  0.994048	  0.001984	
  0.994048	  0.001984	  0.001984	  0.001984	
  0.994048	  0.001984	  0.001984	  0.001984	
  0.795635	  0.001984	  0.001984	  0.200397	
  0.200397	  0.001984	  0.001984	  0.795635	
  0.661184	  0.003289	  0.332237	  0.003289	

URL http://cisbp.ccbr.utoronto.ca/TFreport.php?versionNumber=2.00&searchTF=T362555_2.00

MOTIF M01359_2.00 (NFIA_039400)_(Aspergillus_nidulans)_(DBD_0.92)

letter-probability matrix: alength= 4 w= 10 nsites= 1 E= 0
  0.195863	  0.277942	  0.259152	  0.267044	
  0.187686	  0.312551	  0.193401	  0.306362	
  0.132189	  0.226838	  0.094089	  0.546884	
  0.000041	  0.999957	  0.000001	  0.000001	
  0.000177	  0.048790	  0.951014	  0.000019	
  0.010511	  0.011970	  0.965306	  0.012212	
  0.298813	  0.340296	  0.186759	  0.174133	
  0.249660	  0.242281	  0.347269	  0.160790	
  0.315893	  0.175108	  0.205491	  0.303507	
  0.308164	  0.160876	  0.154568	  0.376392	

URL http://cisbp.ccbr.utoronto.ca/TFreport.php?versionNumber=2.00&searchTF=T362484_2.00

MOTIF M01361_2.00 (NFIA_053650)_(Aspergillus_nidulans)_(DBD_0.87)

letter-probability matrix: alength= 4 w= 10 nsites= 1 E= 0
  0.196873	  0.279376	  0.255330	  0.268421	
  0.247121	  0.281428	  0.206412	  0.265039	
  0.197539	  0.193628	  0.142016	  0.466817	
  0.001468	  0.966881	  0.000022	  0.031629	
  0.000156	  0.105112	  0.884504	  0.010227	
  0.042205	  0.056971	  0.847706	  0.053119	
  0.560970	  0.123924	  0.208443	  0.106662	
  0.448447	  0.158506	  0.216111	  0.176936	
  0.285599	  0.205324	  0.156740	  0.352337	
  0.266226	  0.182062	  0.150558	  0.401154	

URL http://cisbp.ccbr.utoronto.ca/TFreport.php?versionNumber=2.00&searchTF=T362509_2.00

MOTIF M01362_2.00 (NFIA_094690)_(Aspergillus_nidulans)_(DBD_0.55)

letter-probability matrix: alength= 4 w= 9 nsites= 1 E= 0
  0.248763	  0.163449	  0.390138	  0.197650	
  0.129016	  0.595817	  0.004759	  0.270409	
  0.207551	  0.103067	  0.553011	  0.136371	
  0.173216	  0.108260	  0.530881	  0.187642	
  0.384448	  0.157876	  0.262909	  0.194768	
  0.393755	  0.136419	  0.160089	  0.309738	
  0.339252	  0.197699	  0.188057	  0.274992	
  0.311313	  0.210777	  0.204547	  0.273363	
  0.284429	  0.200434	  0.247271	  0.267866	

URL http://cisbp.ccbr.utoronto.ca/TFreport.php?versionNumber=2.00&searchTF=T362582_2.00

MOTIF M01363_2.00 (NFIA_020820)_(Aspergillus_nidulans)_(DBD_0.92)

letter-probability matrix: alength= 4 w= 10 nsites= 1 E= 0
  0.192312	  0.310791	  0.204204	  0.292692	
  0.144699	  0.176736	  0.147622	  0.530943	
  0.006163	  0.981007	  0.001932	  0.010898	
  0.003713	  0.045691	  0.945682	  0.004913	
  0.013524	  0.083469	  0.875222	  0.027784	
  0.217300	  0.446429	  0.114581	  0.221690	
  0.232257	  0.157251	  0.472409	  0.138082	
  0.260928	  0.233748	  0.233748	  0.271576	
  0.263594	  0.224620	  0.176692	  0.335094	
  0.276312	  0.200643	  0.235457	  0.287588	

URL http://cisbp.ccbr.utoronto.ca/TFreport.php?versionNumber=2.00&searchTF=T362453_2.00

MOTIF M01365_2.00 (NFIA_054200)_(Aspergillus_nidulans)_(DBD_0.90)

letter-probability matrix: alength= 4 w= 10 nsites= 1 E= 0
  0.251463	  0.267013	  0.253991	  0.227533	
  0.247762	  0.302617	  0.196855	  0.252767	
  0.081605	  0.766540	  0.054157	  0.097699	
  0.003342	  0.020418	  0.969166	  0.007074	
  0.011307	  0.022318	  0.948994	  0.017381	
  0.825241	  0.032320	  0.094224	  0.048215	
  0.427288	  0.082061	  0.140817	  0.349834	
  0.560190	  0.109758	  0.075813	  0.254239	
  0.421785	  0.176707	  0.069721	  0.331788	
  0.277012	  0.215737	  0.268825	  0.238426	

URL http://cisbp.ccbr.utoronto.ca/TFreport.php?versionNumber=2.00&searchTF=T362511_2.00

MOTIF M01371_2.00 (NFIA_066730)_(Aspergillus_nidulans)_(DBD_0.92)

letter-probability matrix: alength= 4 w= 10 nsites= 1 E= 0
  0.163977	  0.188618	  0.119072	  0.528333	
  0.034151	  0.944618	  0.003225	  0.018007	
  0.027482	  0.080121	  0.892066	  0.000331	
  0.043214	  0.088780	  0.850785	  0.017222	
  0.383798	  0.228176	  0.208537	  0.179489	
  0.312520	  0.153648	  0.381712	  0.152120	
  0.277856	  0.234417	  0.220766	  0.266961	
  0.353549	  0.172091	  0.227698	  0.246663	
  0.292455	  0.146688	  0.162116	  0.398741	
  0.358075	  0.154585	  0.176045	  0.311295	

URL http://cisbp.ccbr.utoronto.ca/TFreport.php?versionNumber=2.00&searchTF=T362531_2.00

MOTIF M01375_2.00 (NFIA_070510)_(Aspergillus_nidulans)_(DBD_0.92)

letter-probability matrix: alength= 4 w= 9 nsites= 1 E= 0
  0.174519	  0.412416	  0.179834	  0.233232	
  0.059494	  0.939994	  0.000160	  0.000352	
  0.003640	  0.040940	  0.955388	  0.000031	
  0.022930	  0.000404	  0.955710	  0.020957	
  0.728913	  0.110118	  0.084907	  0.076062	
  0.197524	  0.220492	  0.426606	  0.155378	
  0.218628	  0.319697	  0.163592	  0.298083	
  0.386521	  0.124859	  0.256515	  0.232104	
  0.195131	  0.366381	  0.231290	  0.207198	

URL http://cisbp.ccbr.utoronto.ca/TFreport.php?versionNumber=2.00&searchTF=T362543_2.00

MOTIF M01390_2.00 (NFIA_074150)_(Aspergillus_nidulans)_(DBD_0.76)

letter-probability matrix: alength= 4 w= 8 nsites= 1 E= 0
  0.190589	  0.380703	  0.380703	  0.048004	
  0.000277	  0.000277	  0.000277	  0.999168	
  0.000277	  0.999168	  0.000277	  0.000277	
  0.000277	  0.000277	  0.999168	  0.000277	
  0.000277	  0.139012	  0.860433	  0.000277	
  0.000277	  0.721698	  0.028024	  0.250000	
  0.200057	  0.000285	  0.000285	  0.799372	
  0.922043	  0.038786	  0.038786	  0.000384	

URL http://cisbp.ccbr.utoronto.ca/TFreport.php?versionNumber=2.00&searchTF=T362556_2.00

MOTIF M01395_2.00 (NFIA_098020)_(Aspergillus_nidulans)_(DBD_0.79)

letter-probability matrix: alength= 4 w= 9 nsites= 1 E= 0
  0.037677	  0.879244	  0.015785	  0.067293	
  0.000288	  0.012738	  0.986950	  0.000024	
  0.007377	  0.023299	  0.961412	  0.007912	
  0.609075	  0.130574	  0.176257	  0.084094	
  0.155541	  0.171900	  0.486342	  0.186217	
  0.384983	  0.077727	  0.071751	  0.465540	
  0.066891	  0.039768	  0.019357	  0.873984	
  0.715258	  0.035968	  0.041789	  0.206984	
  0.487594	  0.138308	  0.225762	  0.148336	

URL http://cisbp.ccbr.utoronto.ca/TFreport.php?versionNumber=2.00&searchTF=T362592_2.00

MOTIF M01398_2.00 (NFIA_054440)_(Aspergillus_nidulans)_(DBD_0.95)

letter-probability matrix: alength= 4 w= 9 nsites= 1 E= 0
  0.237191	  0.208276	  0.326642	  0.227891	
  0.527458	  0.148127	  0.210202	  0.114213	
  0.030582	  0.907236	  0.032799	  0.029383	
  0.000097	  0.999312	  0.000055	  0.000536	
  0.000061	  0.000073	  0.999171	  0.000696	
  0.010118	  0.032599	  0.947943	  0.009340	
  0.254257	  0.298374	  0.269980	  0.177389	
  0.428613	  0.060374	  0.073741	  0.437272	
  0.423193	  0.192064	  0.214397	  0.170346	

URL http://cisbp.ccbr.utoronto.ca/TFreport.php?versionNumber=2.00&searchTF=T362514_2.00

MOTIF M01400_2.00 (NFIA_106320)_(Aspergillus_nidulans)_(DBD_0.92)

letter-probability matrix: alength= 4 w= 10 nsites= 1 E= 0
  0.194709	  0.302326	  0.302326	  0.200639	
  0.262736	  0.219455	  0.412052	  0.105757	
  0.044857	  0.025623	  0.857029	  0.072492	
  0.000091	  0.979449	  0.000030	  0.020430	
  0.005534	  0.000021	  0.993185	  0.001260	
  0.069644	  0.447372	  0.324859	  0.158126	
  0.108194	  0.312288	  0.166322	  0.413197	
  0.369512	  0.048047	  0.036678	  0.545762	
  0.507538	  0.188589	  0.181194	  0.122679	
  0.261951	  0.249175	  0.234665	  0.254209	

URL http://cisbp.ccbr.utoronto.ca/TFreport.php?versionNumber=2.00&searchTF=T362602_2.00

MOTIF M01404_2.00 (NFIA_044490)_(Aspergillus_nidulans)_(DBD_0.59)

letter-probability matrix: alength= 4 w= 12 nsites= 1 E= 0
  0.310520	  0.229827	  0.229827	  0.229827	
  0.175527	  0.186055	  0.347438	  0.290979	
  0.068403	  0.276629	  0.068403	  0.586565	
  0.096539	  0.754349	  0.027960	  0.121152	
  0.000085	  0.999745	  0.000085	  0.000085	
  0.000085	  0.000085	  0.999745	  0.000085	
  0.000085	  0.000085	  0.999745	  0.000085	
  0.629748	  0.161855	  0.208311	  0.000085	
  0.242835	  0.380371	  0.137910	  0.238884	
  0.181682	  0.293183	  0.343453	  0.181682	
  0.274874	  0.293183	  0.181682	  0.250261	
  0.222125	  0.222125	  0.333625	  0.222125	

URL http://cisbp.ccbr.utoronto.ca/TFreport.php?versionNumber=2.00&searchTF=T362495_2.00

MOTIF M01405_2.00 (NFIA_068030)_(Aspergillus_nidulans)_(DBD_0.84)

letter-probability matrix: alength= 4 w= 10 nsites= 1 E= 0
  0.178922	  0.378778	  0.175379	  0.266920	
  0.094349	  0.158697	  0.128638	  0.618316	
  0.001578	  0.998288	  0.000094	  0.000040	
  0.000047	  0.047410	  0.952254	  0.000289	
  0.016522	  0.048652	  0.911144	  0.023682	
  0.382597	  0.227462	  0.234389	  0.155552	
  0.191009	  0.233299	  0.351540	  0.224152	
  0.344125	  0.121633	  0.134425	  0.399817	
  0.206434	  0.091834	  0.056260	  0.645472	
  0.523048	  0.113259	  0.123925	  0.239768	

URL http://cisbp.ccbr.utoronto.ca/TFreport.php?versionNumber=2.00&searchTF=T362527_2.00

MOTIF M01411_2.00 (NFIA_055780)_(Aspergillus_nidulans)_(DBD_0.80)

letter-probability matrix: alength= 4 w= 9 nsites= 1 E= 0
  0.177743	  0.228226	  0.194482	  0.399549	
  0.154001	  0.440082	  0.180722	  0.225194	
  0.024811	  0.872425	  0.009888	  0.092877	
  0.002782	  0.011858	  0.985360	  0.000000	
  0.010799	  0.090871	  0.795874	  0.102457	
  0.518358	  0.181393	  0.144123	  0.156126	
  0.327099	  0.194467	  0.223690	  0.254745	
  0.212330	  0.234661	  0.239401	  0.313607	
  0.277851	  0.335991	  0.201761	  0.184396	

URL http://cisbp.ccbr.utoronto.ca/TFreport.php?versionNumber=2.00&searchTF=T362519_2.00

MOTIF M01420_2.00 (NFIA_035810)_(Neurospora_crassa)_(DBD_0.90)

letter-probability matrix: alength= 4 w= 11 nsites= 1 E= 0
  0.246046	  0.255232	  0.244001	  0.254721	
  0.197461	  0.506031	  0.100161	  0.196348	
  0.121770	  0.121877	  0.633470	  0.122883	
  0.599356	  0.096427	  0.105102	  0.199115	
  0.000240	  0.504786	  0.000240	  0.494735	
  0.000240	  0.999281	  0.000240	  0.000240	
  0.000240	  0.096427	  0.903094	  0.000240	
  0.105102	  0.000240	  0.894419	  0.000240	
  0.400629	  0.197681	  0.100381	  0.301309	
  0.249515	  0.252660	  0.347746	  0.150079	
  0.224657	  0.224657	  0.224657	  0.326030	

URL http://cisbp.ccbr.utoronto.ca/TFreport.php?versionNumber=2.00&searchTF=T362483_2.00

MOTIF M01421_2.00 (NFIA_020870)_(Neurospora_crassa)_(DBD_0.74)

letter-probability matrix: alength= 4 w= 8 nsites= 1 E= 0
  0.561185	  0.157959	  0.157959	  0.122896	
  0.154807	  0.678367	  0.071514	  0.095312	
  0.040902	  0.020502	  0.357099	  0.581497	
  0.000093	  0.953443	  0.046372	  0.000093	
  0.000092	  0.045946	  0.953870	  0.000092	
  0.000093	  0.990466	  0.009348	  0.000093	
  0.000093	  0.018604	  0.971955	  0.009348	
  0.690267	  0.154807	  0.083413	  0.071514	

URL http://cisbp.ccbr.utoronto.ca/TFreport.php?versionNumber=2.00&searchTF=T362456_2.00

MOTIF M01448_2.00 (NFIA_105690)_(Histoplasma_capsulatum)_(DBD_0.97)

letter-probability matrix: alength= 4 w= 10 nsites= 1 E= 0
  0.199492	  0.067072	  0.668993	  0.064443	
  0.146539	  0.259120	  0.082871	  0.511470	
  0.121144	  0.778198	  0.044566	  0.056091	
  0.172916	  0.615729	  0.036701	  0.174654	
  0.154373	  0.033763	  0.720086	  0.091778	
  0.216730	  0.046930	  0.051865	  0.684475	
  0.010124	  0.014082	  0.948547	  0.027247	
  0.029134	  0.881758	  0.023616	  0.065491	
  0.232021	  0.078793	  0.501112	  0.188073	
  0.095693	  0.391955	  0.194639	  0.317713	

URL http://cisbp.ccbr.utoronto.ca/TFreport.php?versionNumber=2.00&searchTF=T082392_2.00

MOTIF M01450_2.00 (NFIA_051730)_(Histoplasma_capsulatum)_(DBD_0.87)

letter-probability matrix: alength= 4 w= 8 nsites= 1 E= 0
  0.332237	  0.003289	  0.003289	  0.661184	
  0.332237	  0.003289	  0.003289	  0.661184	
  0.003289	  0.003289	  0.003289	  0.990132	
  0.003289	  0.003289	  0.003289	  0.990132	
  0.003289	  0.003289	  0.003289	  0.990132	
  0.003289	  0.003289	  0.003289	  0.990132	
  0.003289	  0.003289	  0.003289	  0.990132	
  0.003289	  0.003289	  0.003289	  0.990132	

URL http://cisbp.ccbr.utoronto.ca/TFreport.php?versionNumber=2.00&searchTF=T082372_2.00

MOTIF M01474_2.00 (NFIA_049000)_(Neurospora_crassa)_(DBD_0.91)

letter-probability matrix: alength= 4 w= 10 nsites= 1 E= 0
  0.182660	  0.313445	  0.223101	  0.280795	
  0.189292	  0.109212	  0.530218	  0.171278	
  0.198474	  0.320749	  0.212865	  0.267912	
  0.293861	  0.334657	  0.195021	  0.176462	
  0.157266	  0.177317	  0.548912	  0.116505	
  0.974295	  0.000972	  0.024088	  0.000645	
  0.003870	  0.000302	  0.000238	  0.995590	
  0.098639	  0.736176	  0.088364	  0.076820	
  0.302958	  0.276883	  0.250534	  0.169626	
  0.173810	  0.307342	  0.232284	  0.286564	

URL http://cisbp.ccbr.utoronto.ca/TFreport.php?versionNumber=2.00&searchTF=T082375_2.00

MOTIF M01536_2.00 (NFIA_010650)_(Saccharomyces_cerevisiae)_(DBD_0.87)

letter-probability matrix: alength= 4 w= 8 nsites= 1 E= 0
  0.582226	  0.083887	  0.083887	  0.250000	
  0.187656	  0.000623	  0.000623	  0.811097	
  0.117958	  0.000587	  0.000587	  0.880869	
  0.000587	  0.000587	  0.000587	  0.998239	
  0.000587	  0.000587	  0.000587	  0.998239	
  0.000587	  0.000587	  0.000587	  0.998239	
  0.000587	  0.000587	  0.000587	  0.998239	
  0.000767	  0.690951	  0.077454	  0.230828	

URL http://cisbp.ccbr.utoronto.ca/TFreport.php?versionNumber=2.00&searchTF=T082364_2.00

MOTIF M01557_2.00 (NFIA_068610)_(Saccharomyces_cerevisiae)_(DBD_0.73)

letter-probability matrix: alength= 4 w= 8 nsites= 1 E= 0
  0.009615	  0.009615	  0.009615	  0.971154	
  0.009615	  0.009615	  0.009615	  0.971154	
  0.971154	  0.009615	  0.009615	  0.009615	
  0.971154	  0.009615	  0.009615	  0.009615	
  0.009615	  0.009615	  0.009615	  0.971154	
  0.971154	  0.009615	  0.009615	  0.009615	
  0.971154	  0.009615	  0.009615	  0.009615	
  0.971154	  0.009615	  0.009615	  0.009615	

URL http://cisbp.ccbr.utoronto.ca/TFreport.php?versionNumber=2.00&searchTF=T253455_2.00

MOTIF M01566_2.00 (NFIA_065700)_(Saccharomyces_cerevisiae)_(DBD_0.74)

letter-probability matrix: alength= 4 w= 8 nsites= 1 E= 0
  0.270726	  0.299198	  0.159350	  0.270726	
  0.171103	  0.404343	  0.058690	  0.365865	
  0.701225	  0.048078	  0.204963	  0.045733	
  0.053179	  0.447494	  0.090348	  0.408979	
  0.407307	  0.049381	  0.055677	  0.487635	
  0.525518	  0.097943	  0.128302	  0.248237	
  0.510778	  0.094249	  0.117441	  0.277532	
  0.343791	  0.175921	  0.275898	  0.204391	

URL http://cisbp.ccbr.utoronto.ca/TFreport.php?versionNumber=2.00&searchTF=T326788_2.00

MOTIF M01567_2.00 (NFIA_067170)_(Saccharomyces_cerevisiae)_(DBD_0.92)

letter-probability matrix: alength= 4 w= 7 nsites= 1 E= 0
  0.315311	  0.189343	  0.207174	  0.288172	
  0.345705	  0.141966	  0.211788	  0.300541	
  0.271982	  0.110580	  0.155359	  0.462079	
  0.583542	  0.000869	  0.110954	  0.304636	
  0.219565	  0.006434	  0.188981	  0.585020	
  0.934996	  0.000354	  0.051964	  0.012687	
  0.422777	  0.000471	  0.095282	  0.481470	

URL http://cisbp.ccbr.utoronto.ca/TFreport.php?versionNumber=2.00&searchTF=T342180_2.00

MOTIF M01650_2.00 (NFIA_063350)_(Aspergillus_nidulans)_(DBD_0.82)

letter-probability matrix: alength= 4 w= 7 nsites= 1 E= 0
  0.244709	  0.273163	  0.217037	  0.265090	
  0.259296	  0.165335	  0.343083	  0.232286	
  0.677036	  0.034389	  0.124926	  0.163649	
  0.005898	  0.967321	  0.013525	  0.013257	
  0.149512	  0.010149	  0.818420	  0.021919	
  0.010007	  0.874189	  0.003265	  0.112539	
  0.015323	  0.032764	  0.943248	  0.008665	

URL http://cisbp.ccbr.utoronto.ca/TFreport.php?versionNumber=2.00&searchTF=T011750_2.00

MOTIF M01651_2.00 (NFIA_083590)_(Histoplasma_capsulatum)_(DBD_0.96)

letter-probability matrix: alength= 4 w= 10 nsites= 1 E= 0
  0.287386	  0.184982	  0.164060	  0.363572	
  0.268823	  0.245690	  0.172342	  0.313145	
  0.339997	  0.263260	  0.151658	  0.245086	
  0.153137	  0.201022	  0.101791	  0.544050	
  0.240409	  0.109919	  0.541436	  0.108237	
  0.108237	  0.541436	  0.109919	  0.240409	
  0.544050	  0.101791	  0.201022	  0.153137	
  0.245086	  0.151658	  0.263260	  0.339997	
  0.313145	  0.172342	  0.245690	  0.268823	
  0.363572	  0.164060	  0.184982	  0.287386	

URL http://cisbp.ccbr.utoronto.ca/TFreport.php?versionNumber=2.00&searchTF=T011751_2.00

MOTIF M01669_2.00 (NFIA_038680)_(Neurospora_crassa)_(DBD_0.81)

letter-probability matrix: alength= 4 w= 8 nsites= 1 E= 0
  0.327371	  0.206664	  0.278967	  0.186997	
  0.090243	  0.314980	  0.037808	  0.556969	
  0.768095	  0.014210	  0.120773	  0.096923	
  0.116745	  0.111051	  0.072966	  0.699238	
  0.248575	  0.418109	  0.163325	  0.169991	
  0.313613	  0.190216	  0.256765	  0.239406	
  0.283505	  0.241587	  0.275126	  0.199782	
  0.264086	  0.231893	  0.272129	  0.231893	

URL http://cisbp.ccbr.utoronto.ca/TFreport.php?versionNumber=2.00&searchTF=T014254_2.00

MOTIF M01675_2.00 (NFIA_114530)_(Aspergillus_nidulans)_(DBD_0.64)

letter-probability matrix: alength= 4 w= 9 nsites= 1 E= 0
  0.245292	  0.273814	  0.242851	  0.238043	
  0.237806	  0.293376	  0.242610	  0.226208	
  0.216345	  0.251357	  0.297935	  0.234364	
  0.258630	  0.241145	  0.263855	  0.236370	
  0.502489	  0.000517	  0.411403	  0.085591	
  0.353817	  0.295533	  0.000353	  0.350297	
  0.360997	  0.114305	  0.184725	  0.339974	
  0.355533	  0.121951	  0.207186	  0.315330	
  0.338774	  0.180428	  0.203432	  0.277365	

URL http://cisbp.ccbr.utoronto.ca/TFreport.php?versionNumber=2.00&searchTF=T017299_2.00

MOTIF M01764_2.00 (NFIA_013750)_(Neurospora_crassa)_(DBD_0.85)

letter-probability matrix: alength= 4 w= 8 nsites= 1 E= 0
  0.155399	  0.605464	  0.085285	  0.153853	
  0.482785	  0.126415	  0.223536	  0.167264	
  0.050807	  0.711963	  0.000239	  0.236992	
  0.136010	  0.078471	  0.782682	  0.002837	
  0.112390	  0.135908	  0.000270	  0.751431	
  0.016247	  0.030505	  0.878218	  0.075030	
  0.336463	  0.336463	  0.136796	  0.190278	
  0.171491	  0.348812	  0.205312	  0.274385	

URL http://cisbp.ccbr.utoronto.ca/TFreport.php?versionNumber=2.00&searchTF=T031788_2.00

MOTIF M01790_2.00 (NFIA_055660)_(Aspergillus_nidulans)_(DBD_0.95)

letter-probability matrix: alength= 4 w= 10 nsites= 1 E= 0
  0.154221	  0.132739	  0.506936	  0.206105	
  0.384330	  0.442085	  0.102668	  0.070916	
  0.058696	  0.013228	  0.037054	  0.891022	
  0.007506	  0.030745	  0.385962	  0.575787	
  0.911092	  0.000094	  0.061846	  0.026968	
  0.063690	  0.586417	  0.169700	  0.180193	
  0.278427	  0.160639	  0.196204	  0.364730	
  0.518034	  0.154476	  0.059742	  0.267747	
  0.729176	  0.086653	  0.088404	  0.095767	
  0.258065	  0.140220	  0.224351	  0.377364	

URL http://cisbp.ccbr.utoronto.ca/TFreport.php?versionNumber=2.00&searchTF=T057829_2.00

MOTIF M01791_2.00 (NFIA_008980)_(Aspergillus_nidulans)_(DBD_0.88)

letter-probability matrix: alength= 4 w= 9 nsites= 1 E= 0
  0.248440	  0.175072	  0.312686	  0.263802	
  0.348841	  0.201264	  0.236185	  0.213709	
  0.250961	  0.137730	  0.144792	  0.466518	
  0.192616	  0.159285	  0.330530	  0.317569	
  0.547798	  0.306711	  0.100074	  0.045418	
  0.083480	  0.792037	  0.004829	  0.119654	
  0.161924	  0.013834	  0.778312	  0.045930	
  0.238359	  0.306059	  0.081759	  0.373822	
  0.313093	  0.147894	  0.356559	  0.182454	

URL http://cisbp.ccbr.utoronto.ca/TFreport.php?versionNumber=2.00&searchTF=T057818_2.00

MOTIF M01793_2.00 (NFIA_030610)_(Aspergillus_nidulans)_(DBD_0.81)

letter-probability matrix: alength= 4 w= 10 nsites= 1 E= 0
  0.145649	  0.150084	  0.513473	  0.190794	
  0.418917	  0.431675	  0.089808	  0.059601	
  0.005884	  0.000005	  0.066837	  0.927274	
  0.023022	  0.048253	  0.291916	  0.636808	
  0.986170	  0.000006	  0.013788	  0.000036	
  0.019732	  0.609267	  0.192916	  0.178084	
  0.220193	  0.096015	  0.341896	  0.341896	
  0.331651	  0.171414	  0.040209	  0.456726	
  0.667716	  0.100873	  0.129524	  0.101887	
  0.435821	  0.122392	  0.214269	  0.227518	

URL http://cisbp.ccbr.utoronto.ca/TFreport.php?versionNumber=2.00&searchTF=T057821_2.00

MOTIF M01833_2.00 (NFIA_066330)_(Neurospora_crassa)_(DBD_0.79)

letter-probability matrix: alength= 4 w= 8 nsites= 1 E= 0
  0.071937	  0.071937	  0.071937	  0.784188	
  0.945903	  0.000525	  0.053046	  0.000525	
  0.053046	  0.893382	  0.000525	  0.053046	
  0.000525	  0.053046	  0.945903	  0.000525	
  0.000525	  0.000525	  0.000525	  0.998424	
  0.893382	  0.053046	  0.000525	  0.053046	
  0.998424	  0.000525	  0.000525	  0.000525	
  0.077454	  0.154141	  0.077454	  0.690951	

URL http://cisbp.ccbr.utoronto.ca/TFreport.php?versionNumber=2.00&searchTF=T057830_2.00

MOTIF M01875_2.00 (NFIA_024870)_(Neurospora_crassa)_(DBD_0.88)

letter-probability matrix: alength= 4 w= 10 nsites= 1 E= 0
  0.228420	  0.351141	  0.177894	  0.242545	
  0.217337	  0.230776	  0.167578	  0.384309	
  0.291251	  0.274290	  0.306184	  0.128276	
