MEME version 5.5.8 (Fri May 2 15:43:49 2025 -0700)

ALPHABET= ACGT

strands: + -

Background letter frequencies (from uniform background):
A 0.25000 C 0.25000 G 0.25000 T 0.25000 

MOTIF M00719_2.00 (Q7Y1W2_TOBAC)_(Arabidopsis_thaliana)_(DBD_0.88)

letter-probability matrix: alength= 4 w= 8 nsites= 1 E= 0
  0.253340	  0.238587	  0.213734	  0.294339	
  0.238515	  0.217986	  0.263600	  0.279900	
  0.216235	  0.071978	  0.581939	  0.129848	
  0.114251	  0.501900	  0.244301	  0.139547	
  0.009576	  0.664640	  0.002269	  0.323515	
  0.203540	  0.004463	  0.777326	  0.014671	
  0.148179	  0.326497	  0.281018	  0.244306	
  0.239004	  0.346014	  0.225085	  0.189897	

URL http://cisbp.ccbr.utoronto.ca/TFreport.php?versionNumber=2.00&searchTF=T006668_2.00

MOTIF M01095_2.00 (ERF5_TOBAC)_(Cannabis_sativa)_(DBD_0.96)

letter-probability matrix: alength= 4 w= 10 nsites= 1 E= 0
  0.252836	  0.279427	  0.191090	  0.276647	
  0.247369	  0.296155	  0.249855	  0.206620	
  0.229735	  0.300945	  0.269597	  0.199722	
  0.130951	  0.130951	  0.668356	  0.069743	
  0.063344	  0.670877	  0.165436	  0.100342	
  0.109389	  0.784393	  0.028358	  0.077860	
  0.152323	  0.003374	  0.817299	  0.027005	
  0.108163	  0.568860	  0.167945	  0.155033	
  0.067400	  0.812932	  0.045180	  0.074489	
  0.274887	  0.283259	  0.283259	  0.158596	

URL http://cisbp.ccbr.utoronto.ca/TFreport.php?versionNumber=2.00&searchTF=T006663_2.00

MOTIF M01279_2.00 (Q948S5_TOBAC)_(Cannabis_sativa)_(DBD_0.93)

letter-probability matrix: alength= 4 w= 10 nsites= 1 E= 0
  0.138518	  0.287436	  0.085713	  0.488334	
  0.985369	  0.000224	  0.012466	  0.001941	
  0.926257	  0.058041	  0.007108	  0.008595	
  0.003541	  0.986708	  0.000504	  0.009248	
  0.035960	  0.080834	  0.798228	  0.084978	
  0.112592	  0.024138	  0.701888	  0.161382	
  0.213897	  0.266532	  0.113920	  0.405651	
  0.288297	  0.312308	  0.108201	  0.291194	
  0.363881	  0.216335	  0.180698	  0.239087	
  0.265702	  0.228692	  0.209009	  0.296597	

URL http://cisbp.ccbr.utoronto.ca/TFreport.php?versionNumber=2.00&searchTF=T283697_2.00

MOTIF M01778_2.00 (TGA1B_TOBAC)_(Arabidopsis_thaliana)_(DBD_0.81)

letter-probability matrix: alength= 4 w= 10 nsites= 1 E= 0
  0.256096	  0.205522	  0.322323	  0.216059	
  0.346225	  0.182562	  0.300994	  0.170220	
  0.181073	  0.223386	  0.098386	  0.497155	
  0.119246	  0.192711	  0.508360	  0.179682	
  0.783113	  0.052629	  0.081718	  0.082539	
  0.008951	  0.805786	  0.007256	  0.178006	
  0.176911	  0.000520	  0.777163	  0.045406	
  0.135250	  0.190020	  0.031098	  0.643632	
  0.236571	  0.105240	  0.537134	  0.121055	
  0.152185	  0.144763	  0.393507	  0.309544	

URL http://cisbp.ccbr.utoronto.ca/TFreport.php?versionNumber=2.00&searchTF=T070492_2.00

MOTIF M02000_2.00 (Q76DY3_TOBAC)_(Arabidopsis_thaliana)_(DBD_0.92)

letter-probability matrix: alength= 4 w= 9 nsites= 1 E= 0
  0.207198	  0.318516	  0.260779	  0.213508	
  0.475804	  0.241050	  0.152171	  0.130975	
  0.058602	  0.029393	  0.898531	  0.013474	
  0.991127	  0.000594	  0.002052	  0.006227	
  0.002064	  0.020583	  0.000377	  0.976976	
  0.026991	  0.649038	  0.132356	  0.191616	
  0.059538	  0.378650	  0.108485	  0.453327	
  0.384072	  0.157721	  0.369012	  0.089195	
  0.313880	  0.186608	  0.320221	  0.179291	

URL http://cisbp.ccbr.utoronto.ca/TFreport.php?versionNumber=2.00&searchTF=T195983_2.00

MOTIF M02647_2.00 (Q6SA75_TOBAC)_(Arabidopsis_thaliana)_(DBD_0.94)

letter-probability matrix: alength= 4 w= 21 nsites= 1 E= 0
  0.176471	  0.117647	  0.352941	  0.352941	
  0.147059	  0.205882	  0.382353	  0.264706	
  0.235294	  0.000000	  0.705882	  0.058824	
  0.000000	  0.941176	  0.000000	  0.058824	
  0.911765	  0.000000	  0.058824	  0.029412	
  0.000000	  1.000000	  0.000000	  0.000000	
  0.617647	  0.000000	  0.382353	  0.000000	
  0.235294	  0.176471	  0.441176	  0.147059	
  0.441176	  0.029412	  0.029412	  0.500000	
  0.000000	  0.088235	  0.000000	  0.911765	
  0.117647	  0.735294	  0.000000	  0.147059	
  0.000000	  1.000000	  0.000000	  0.000000	
  0.000000	  0.970588	  0.000000	  0.029412	
  0.264706	  0.323529	  0.382353	  0.029412	
  1.000000	  0.000000	  0.000000	  0.000000	
  0.205882	  0.029412	  0.470588	  0.294118	
  0.088235	  0.029412	  0.852941	  0.029412	
  0.058824	  0.294118	  0.088235	  0.558824	
  0.235294	  0.176471	  0.411765	  0.176471	
  0.352941	  0.294118	  0.117647	  0.235294	
  0.558824	  0.117647	  0.088235	  0.235294	

URL http://cisbp.ccbr.utoronto.ca/TFreport.php?versionNumber=2.00&searchTF=T006667_2.00

MOTIF M02662_2.00 (TGA1A_TOBAC)_(Nicotiana_sp.)_(DBD_1.00)

letter-probability matrix: alength= 4 w= 7 nsites= 1 E= 0
  0.066667	  0.066667	  0.000000	  0.866667	
  0.000000	  0.000000	  1.000000	  0.000000	
  0.933333	  0.000000	  0.000000	  0.066667	
  0.000000	  0.866667	  0.000000	  0.133333	
  0.066667	  0.000000	  0.933333	  0.000000	
  0.066667	  0.066667	  0.000000	  0.866667	
  0.466667	  0.000000	  0.266667	  0.266667	

URL http://cisbp.ccbr.utoronto.ca/TFreport.php?versionNumber=2.00&searchTF=T070491_2.00

MOTIF M02695_2.00 (AG_TOBAC)_(Arabidopsis_thaliana)_(DBD_1.00)

letter-probability matrix: alength= 4 w= 18 nsites= 1 E= 0
  0.318182	  0.303030	  0.090909	  0.287879	
  0.136364	  0.045455	  0.045455	  0.772727	
  0.151515	  0.000000	  0.015152	  0.833333	
  0.439394	  0.121212	  0.121212	  0.318182	
  0.000000	  1.000000	  0.000000	  0.000000	
  0.000000	  0.984848	  0.000000	  0.015152	
  0.469697	  0.045455	  0.090909	  0.393939	
  0.712121	  0.030303	  0.000000	  0.257576	
  0.787879	  0.000000	  0.015152	  0.196970	
  0.378788	  0.000000	  0.015152	  0.606061	
  0.257576	  0.227273	  0.166667	  0.348485	
  0.287879	  0.121212	  0.303030	  0.287879	
  0.106061	  0.000000	  0.863636	  0.030303	
  0.030303	  0.000000	  0.818182	  0.151515	
  0.333333	  0.257576	  0.075758	  0.333333	
  0.681818	  0.060606	  0.075758	  0.181818	
  0.606061	  0.090909	  0.136364	  0.166667	
  0.227273	  0.151515	  0.242424	  0.378788	

URL http://cisbp.ccbr.utoronto.ca/TFreport.php?versionNumber=2.00&searchTF=T257105_2.00

MOTIF M02704_2.00 (Q9FR42_TOBAC)_(Petunia_x_hybrida)_(DBD_0.93)

letter-probability matrix: alength= 4 w= 9 nsites= 1 E= 0
  0.271429	  0.042857	  0.028571	  0.657143	
  0.914286	  0.014286	  0.028571	  0.042857	
  0.900000	  0.000000	  0.028571	  0.071429	
  0.057143	  0.885714	  0.042857	  0.014286	
  0.142857	  0.385714	  0.228571	  0.242857	
  0.142857	  0.028571	  0.757143	  0.071429	
  0.185714	  0.114286	  0.000000	  0.700000	
  0.042857	  0.242857	  0.014286	  0.700000	
  0.400000	  0.014286	  0.000000	  0.585714	

URL http://cisbp.ccbr.utoronto.ca/TFreport.php?versionNumber=2.00&searchTF=T283699_2.00

MOTIF M06606_2.00 (A4F248_TOBAC)_(Arabidopsis_thaliana)_(DBD_0.86)

letter-probability matrix: alength= 4 w= 18 nsites= 1 E= 0
  0.275000	  0.120000	  0.255000	  0.350000	
  0.116667	  0.485000	  0.150000	  0.248333	
  0.138333	  0.771667	  0.048333	  0.041667	
  0.046667	  0.016667	  0.751666	  0.185000	
  0.000000	  0.795000	  0.181667	  0.023333	
  0.030000	  0.966667	  0.003333	  0.000000	
  0.006667	  0.000000	  0.993333	  0.000000	
  0.006667	  0.943333	  0.010000	  0.040000	
  0.041667	  0.956666	  0.001667	  0.000000	
  0.175000	  0.005000	  0.783333	  0.036667	
  0.065000	  0.441667	  0.056667	  0.436667	
  0.313333	  0.401667	  0.041667	  0.243333	
  0.460000	  0.030000	  0.215000	  0.295000	
  0.196667	  0.368333	  0.070000	  0.365000	
  0.283333	  0.343333	  0.091667	  0.281667	
  0.216667	  0.101667	  0.340000	  0.341667	
  0.143333	  0.410000	  0.170000	  0.276667	
  0.258333	  0.415000	  0.108333	  0.218333	

URL http://cisbp.ccbr.utoronto.ca/TFreport.php?versionNumber=2.00&searchTF=T006659_2.00

MOTIF M06626_2.00 (P93392_TOBAC)_(Arabidopsis_thaliana)_(DBD_0.88)

letter-probability matrix: alength= 4 w= 28 nsites= 1 E= 0
  0.204819	  0.423408	  0.151463	  0.220310	
  0.220310	  0.358003	  0.118761	  0.302926	
  0.237522	  0.216867	  0.282272	  0.263339	
  0.180723	  0.418244	  0.144578	  0.256454	
  0.251291	  0.449225	  0.082616	  0.216867	
  0.289157	  0.051635	  0.246127	  0.413081	
  0.108434	  0.444062	  0.096386	  0.351119	
  0.456110	  0.542169	  0.001721	  0.000000	
  0.000000	  0.000000	  0.993115	  0.006885	
  0.000000	  0.998279	  0.000000	  0.001721	
  0.000000	  0.996558	  0.000000	  0.003442	
  0.000000	  0.000000	  1.000000	  0.000000	
  0.000000	  1.000000	  0.000000	  0.000000	
  0.003442	  0.994837	  0.000000	  0.001721	
  0.442341	  0.012048	  0.419966	  0.125645	
  0.032702	  0.516351	  0.087780	  0.363167	
  0.209983	  0.397590	  0.079174	  0.313253	
  0.375215	  0.072289	  0.323580	  0.228916	
  0.246127	  0.370052	  0.137694	  0.246127	
  0.271945	  0.344234	  0.117040	  0.266781	
  0.320138	  0.101549	  0.340792	  0.237522	
  0.208262	  0.382100	  0.179002	  0.230637	
  0.208262	  0.370052	  0.144578	  0.277108	
  0.240964	  0.223752	  0.328744	  0.206540	
  0.209983	  0.352840	  0.137694	  0.299484	
  0.225473	  0.392427	  0.158348	  0.223752	
  0.244406	  0.182444	  0.306368	  0.266781	
  0.211704	  0.342513	  0.185886	  0.259897	

URL http://cisbp.ccbr.utoronto.ca/TFreport.php?versionNumber=2.00&searchTF=T006665_2.00

MOTIF M06645_2.00 (O65242_TOBAC)_(Arabidopsis_thaliana)_(DBD_0.78)

letter-probability matrix: alength= 4 w= 21 nsites= 1 E= 0
  0.070796	  0.544249	  0.150442	  0.234513	
  0.212389	  0.637169	  0.000000	  0.150442	
  0.194690	  0.057522	  0.340708	  0.407080	
  0.048673	  0.818584	  0.097345	  0.035398	
  0.053097	  0.915930	  0.000000	  0.030973	
  0.115044	  0.008850	  0.769911	  0.106195	
  0.000000	  1.000000	  0.000000	  0.000000	
  0.000000	  1.000000	  0.000000	  0.000000	
  0.053097	  0.000000	  0.920354	  0.026549	
  0.000000	  0.840708	  0.000000	  0.159292	
  0.070796	  0.915930	  0.000000	  0.013274	
  0.384956	  0.044248	  0.464602	  0.106195	
  0.057522	  0.703540	  0.039823	  0.199115	
  0.137168	  0.553098	  0.115044	  0.194690	
  0.292035	  0.044248	  0.389381	  0.274336	
  0.154867	  0.561947	  0.075221	  0.207965	
  0.247788	  0.473451	  0.106195	  0.172566	
  0.212389	  0.079646	  0.420354	  0.287611	
  0.057522	  0.716815	  0.110619	  0.115044	
  0.061947	  0.637168	  0.097345	  0.203540	
  0.221239	  0.150442	  0.402655	  0.225664	

URL http://cisbp.ccbr.utoronto.ca/TFreport.php?versionNumber=2.00&searchTF=T006664_2.00

MOTIF M06670_2.00 (ERF4_TOBAC)_(Arabidopsis_thaliana)_(DBD_0.92)

letter-probability matrix: alength= 4 w= 21 nsites= 1 E= 0
  0.106306	  0.475676	  0.127928	  0.290090	
  0.100901	  0.790991	  0.014414	  0.093694	
  0.165766	  0.010811	  0.455856	  0.367568	
  0.012613	  0.870270	  0.061261	  0.055856	
  0.066667	  0.926126	  0.000000	  0.007207	
  0.082883	  0.000000	  0.888288	  0.028829	
  0.001802	  0.980180	  0.000000	  0.018018	
  0.007207	  0.992793	  0.000000	  0.000000	
  0.059459	  0.000000	  0.893694	  0.046847	
  0.023423	  0.648649	  0.027027	  0.300901	
  0.167568	  0.690089	  0.010811	  0.131532	
  0.468468	  0.030631	  0.300901	  0.200000	
  0.156757	  0.486486	  0.066667	  0.290090	
  0.270270	  0.484685	  0.057658	  0.187387	
  0.241441	  0.070270	  0.430631	  0.257658	
  0.095495	  0.600000	  0.113514	  0.190991	
  0.174775	  0.618017	  0.057658	  0.149550	
  0.207207	  0.124324	  0.477477	  0.190991	
  0.108108	  0.605406	  0.090090	  0.196396	
  0.160360	  0.636037	  0.043243	  0.160360	
  0.252252	  0.142342	  0.443243	  0.162162	

URL http://cisbp.ccbr.utoronto.ca/TFreport.php?versionNumber=2.00&searchTF=T006662_2.00

MOTIF M06672_2.00 (ERF2_TOBAC)_(Arabidopsis_thaliana)_(DBD_0.90)

letter-probability matrix: alength= 4 w= 21 nsites= 1 E= 0
  0.166387	  0.463866	  0.122689	  0.247059	
  0.196639	  0.467227	  0.124370	  0.211765	
  0.284034	  0.137815	  0.314286	  0.263866	
  0.154622	  0.527731	  0.124370	  0.193277	
  0.191597	  0.492437	  0.124370	  0.191597	
  0.272269	  0.139496	  0.369748	  0.218487	
  0.109244	  0.546219	  0.105882	  0.238655	
  0.171429	  0.584874	  0.045378	  0.198319	
  0.272269	  0.077311	  0.319328	  0.331092	
  0.057143	  0.616807	  0.142857	  0.183193	
  0.198319	  0.757984	  0.015126	  0.028571	
  0.070588	  0.000000	  0.855462	  0.073950	
  0.005042	  0.991597	  0.000000	  0.003361	
  0.011765	  0.988235	  0.000000	  0.000000	
  0.072269	  0.000000	  0.924370	  0.003361	
  0.000000	  0.949580	  0.000000	  0.050420	
  0.000000	  1.000000	  0.000000	  0.000000	
  0.297479	  0.000000	  0.593277	  0.109244	
  0.043697	  0.512605	  0.087395	  0.356303	
  0.205042	  0.421849	  0.131092	  0.242017	
  0.366387	  0.048739	  0.356303	  0.228571	

URL http://cisbp.ccbr.utoronto.ca/TFreport.php?versionNumber=2.00&searchTF=T006661_2.00

MOTIF M06770_2.00 (TAF1_TOBAC)_(Arabidopsis_thaliana)_(DBD_0.75)

letter-probability matrix: alength= 4 w= 15 nsites= 1 E= 0
  0.319030	  0.091418	  0.287313	  0.302239	
  0.294776	  0.227612	  0.227612	  0.250000	
  0.333955	  0.151119	  0.110075	  0.404851	
  0.147388	  0.119403	  0.473881	  0.259328	
  0.250000	  0.264925	  0.283582	  0.201493	
  0.315299	  0.250000	  0.013060	  0.421642	
  0.011194	  0.500000	  0.395522	  0.093284	
  0.998134	  0.000000	  0.001866	  0.000000	
  0.000000	  0.934701	  0.029851	  0.035448	
  0.026119	  0.018657	  0.942164	  0.013060	
  0.000000	  0.000000	  0.001866	  0.998134	
  0.000000	  0.000000	  1.000000	  0.000000	
  0.000000	  0.007463	  0.727612	  0.264925	
  0.236940	  0.720150	  0.003731	  0.039179	
  0.498134	  0.098881	  0.223881	  0.179104	

URL http://cisbp.ccbr.utoronto.ca/TFreport.php?versionNumber=2.00&searchTF=T070489_2.00

MOTIF M06878_2.00 (Q9ZWK1_TOBAC)_(Arabidopsis_thaliana)_(DBD_0.92)

letter-probability matrix: alength= 4 w= 15 nsites= 1 E= 0
  0.151667	  0.048333	  0.696667	  0.103333	
  0.241667	  0.080000	  0.206667	  0.471667	
  0.190000	  0.605000	  0.066667	  0.138333	
  0.095000	  0.375000	  0.016667	  0.513333	
  0.768333	  0.076667	  0.051667	  0.103333	
  0.268333	  0.185000	  0.411667	  0.135000	
  0.636667	  0.008333	  0.351667	  0.003333	
  0.011667	  0.001667	  0.015000	  0.971666	
  0.280000	  0.040000	  0.095000	  0.585000	
  0.045000	  0.940000	  0.008333	  0.006667	
  0.830000	  0.015000	  0.100000	  0.055000	
  0.415000	  0.066667	  0.110000	  0.408333	
  0.130000	  0.071667	  0.058333	  0.740000	
  0.008333	  0.081667	  0.846667	  0.063333	
  0.475000	  0.165000	  0.046667	  0.313333	

URL http://cisbp.ccbr.utoronto.ca/TFreport.php?versionNumber=2.00&searchTF=T175294_2.00

MOTIF M07110_2.00 (Q948S4_TOBAC)_(Arabidopsis_thaliana)_(DBD_0.72)

letter-probability matrix: alength= 4 w= 15 nsites= 1 E= 0
  0.456667	  0.138333	  0.151667	  0.253333	
  0.483333	  0.085000	  0.145000	  0.286667	
  0.545000	  0.055000	  0.036667	  0.363333	
  0.318333	  0.105000	  0.086667	  0.490000	
  0.386667	  0.143333	  0.205000	  0.265000	
  0.075000	  0.120000	  0.085000	  0.720000	
  0.366667	  0.003333	  0.380000	  0.250000	
  0.703334	  0.003333	  0.210000	  0.083333	
  0.080000	  0.920000	  0.000000	  0.000000	
  0.000000	  1.000000	  0.000000	  0.000000	
  0.000000	  0.000000	  1.000000	  0.000000	
  0.000000	  0.000000	  0.000000	  1.000000	
  0.000000	  0.000000	  0.000000	  1.000000	
  0.528333	  0.001667	  0.391667	  0.078333	
  0.273333	  0.220000	  0.320000	  0.186667	

URL http://cisbp.ccbr.utoronto.ca/TFreport.php?versionNumber=2.00&searchTF=T283696_2.00

MOTIF M08143_2.00 (Q9LM09_TOBAC)_(Arabidopsis_thaliana)_(DBD_0.96)

letter-probability matrix: alength= 4 w= 11 nsites= 1 E= 0
  0.193333	  0.760000	  0.046667	  0.000000	
  0.020000	  0.920000	  0.000000	  0.060000	
  0.760000	  0.146667	  0.020000	  0.073333	
  0.780000	  0.160000	  0.000000	  0.060000	
  1.000000	  0.000000	  0.000000	  0.000000	
  0.840000	  0.033333	  0.000000	  0.126667	
  0.700000	  0.033333	  0.186667	  0.080000	
  0.486667	  0.000000	  0.000000	  0.513333	
  0.340000	  0.006667	  0.646667	  0.006667	
  0.100000	  0.033333	  0.740000	  0.126667	
  0.400000	  0.193333	  0.246667	  0.160000	

URL http://cisbp.ccbr.utoronto.ca/TFreport.php?versionNumber=2.00&searchTF=T257127_2.00

MOTIF M08144_2.00 (Q8GT99_TOBAC)_(Arabidopsis_thaliana)_(DBD_0.92)

letter-probability matrix: alength= 4 w= 13 nsites= 1 E= 0
  0.452528	  0.492602	  0.019729	  0.035142	
  0.051788	  0.580148	  0.024044	  0.344020	
  0.815660	  0.028360	  0.021578	  0.134402	
  0.699137	  0.011714	  0.093711	  0.195438	
  0.956227	  0.006165	  0.009248	  0.028360	
  0.787300	  0.009248	  0.014797	  0.188656	
  0.734279	  0.014180	  0.155364	  0.096178	
  0.420469	  0.012947	  0.158446	  0.408138	
  0.402589	  0.007398	  0.573366	  0.016646	
  0.081998	  0.036991	  0.834772	  0.046239	
  0.706535	  0.094328	  0.104809	  0.094328	
  0.788533	  0.075216	  0.103576	  0.032676	
  0.774969	  0.013564	  0.099877	  0.111591	

URL http://cisbp.ccbr.utoronto.ca/TFreport.php?versionNumber=2.00&searchTF=T257117_2.00

MOTIF M08146_2.00 (Q40513_TOBAC)_(Arabidopsis_thaliana)_(DBD_0.88)

letter-probability matrix: alength= 4 w= 15 nsites= 1 E= 0
  0.316151	  0.123711	  0.068729	  0.491409	
  0.288660	  0.113402	  0.134021	  0.463918	
  0.164948	  0.828179	  0.000000	  0.006873	
  0.000000	  0.797251	  0.003436	  0.199313	
  0.635739	  0.209622	  0.037801	  0.116838	
  0.745704	  0.075601	  0.037801	  0.140893	
  0.972509	  0.000000	  0.000000	  0.027491	
  0.824742	  0.003436	  0.000000	  0.171821	
  0.536082	  0.034364	  0.357388	  0.072165	
  0.326460	  0.000000	  0.103093	  0.570447	
  0.336770	  0.006873	  0.656357	  0.000000	
  0.024055	  0.000000	  0.975945	  0.000000	
  0.628866	  0.192440	  0.017182	  0.161512	
  0.793814	  0.061856	  0.030928	  0.113402	
  0.835052	  0.030928	  0.065292	  0.068729	

URL http://cisbp.ccbr.utoronto.ca/TFreport.php?versionNumber=2.00&searchTF=T257112_2.00

MOTIF M08425_2.00 (Q40591_TOBAC)_(Arabidopsis_thaliana)_(DBD_0.94)

letter-probability matrix: alength= 4 w= 15 nsites= 1 E= 0
  0.206081	  0.748874	  0.025901	  0.019144	
  0.015766	  0.769144	  0.011261	  0.203829	
  0.721847	  0.096847	  0.079955	  0.101351	
  0.862613	  0.000000	  0.027027	  0.110360	
  0.966216	  0.000000	  0.009009	  0.024775	
  0.846847	  0.000000	  0.006757	  0.146396	
  0.757883	  0.000000	  0.087838	  0.154279	
  0.378378	  0.063063	  0.041667	  0.516892	
  0.295045	  0.010135	  0.694820	  0.000000	
  0.000000	  0.014640	  0.962838	  0.022523	
  0.715090	  0.100225	  0.052928	  0.131757	
  0.872748	  0.057432	  0.000000	  0.069820	
  0.858108	  0.038288	  0.030405	  0.073198	
  0.381757	  0.127252	  0.297297	  0.193694	
  0.425676	  0.111486	  0.138514	  0.324324	

URL http://cisbp.ccbr.utoronto.ca/TFreport.php?versionNumber=2.00&searchTF=T257113_2.00

