MEME version 5.5.8 (Fri May 2 15:43:49 2025 -0700)

ALPHABET= ACGT

strands: + -

Background letter frequencies (from uniform background):
A 0.25000 C 0.25000 G 0.25000 T 0.25000 

MOTIF M00060_2.00 (NBO_616g0003)_(Saccharomyces_cerevisiae)_(DBD_0.37)

letter-probability matrix: alength= 4 w= 9 nsites= 1 E= 0
  0.320154	  0.181055	  0.206191	  0.292599	
  0.231700	  0.238756	  0.197442	  0.332102	
  0.223589	  0.242212	  0.287095	  0.247105	
  0.161512	  0.025143	  0.029212	  0.784133	
  0.138264	  0.051376	  0.075881	  0.734480	
  0.092315	  0.709959	  0.122145	  0.075581	
  0.148989	  0.381409	  0.144586	  0.325016	
  0.473500	  0.149928	  0.202381	  0.174191	
  0.182247	  0.285820	  0.153755	  0.378177	

URL http://cisbp.ccbr.utoronto.ca/TFreport.php?versionNumber=2.00&searchTF=T241314_2.00

MOTIF M01567_2.00 (NBO_6g0091)_(Saccharomyces_cerevisiae)_(DBD_0.78)

letter-probability matrix: alength= 4 w= 7 nsites= 1 E= 0
  0.315311	  0.189343	  0.207174	  0.288172	
  0.345705	  0.141966	  0.211788	  0.300541	
  0.271982	  0.110580	  0.155359	  0.462079	
  0.583542	  0.000869	  0.110954	  0.304636	
  0.219565	  0.006434	  0.188981	  0.585020	
  0.934996	  0.000354	  0.051964	  0.012687	
  0.422777	  0.000471	  0.095282	  0.481470	

URL http://cisbp.ccbr.utoronto.ca/TFreport.php?versionNumber=2.00&searchTF=T342737_2.00

MOTIF M02054_2.00 (NBO_489g0003)_(Encephalitozoon_cuniculi)_(DBD_0.73)

letter-probability matrix: alength= 4 w= 11 nsites= 1 E= 0
  0.125135	  0.442193	  0.221649	  0.211022	
  0.531265	  0.419860	  0.024438	  0.024438	
  0.024438	  0.024438	  0.024438	  0.926687	
  0.184976	  0.723191	  0.091699	  0.000134	
  0.000134	  0.000134	  0.000134	  0.999598	
  0.000134	  0.999598	  0.000134	  0.000134	
  0.999598	  0.000134	  0.000134	  0.000134	
  0.999598	  0.000134	  0.000134	  0.000134	
  0.213627	  0.124999	  0.124999	  0.536375	
  0.225697	  0.322910	  0.225697	  0.225697	
  0.322910	  0.225697	  0.225697	  0.225697	

URL http://cisbp.ccbr.utoronto.ca/TFreport.php?versionNumber=2.00&searchTF=T220918_2.00

MOTIF M02055_2.00 (NBO_11g0012)_(Encephalitozoon_cuniculi)_(DBD_0.86)

letter-probability matrix: alength= 4 w= 9 nsites= 1 E= 0
  0.259454	  0.234764	  0.210309	  0.295473	
  0.174519	  0.228614	  0.282036	  0.314831	
  0.058202	  0.248121	  0.089471	  0.604206	
  0.740913	  0.151091	  0.033713	  0.074283	
  0.897687	  0.051926	  0.014877	  0.035510	
  0.000090	  0.021879	  0.000025	  0.978006	
  0.271104	  0.088456	  0.049033	  0.591406	
  0.383479	  0.034788	  0.026557	  0.555176	
  0.666246	  0.107949	  0.156282	  0.069523	

URL http://cisbp.ccbr.utoronto.ca/TFreport.php?versionNumber=2.00&searchTF=T220902_2.00

MOTIF M07981_2.00 (NBO_404g0004)_(Homo_sapiens)_(DBD_0.71)

letter-probability matrix: alength= 4 w= 19 nsites= 1 E= 0
  0.299342	  0.325658	  0.190789	  0.184211	
  0.171053	  0.338816	  0.154605	  0.335526	
  0.444079	  0.174342	  0.210526	  0.171053	
  0.233553	  0.131579	  0.082237	  0.552631	
  0.141447	  0.108553	  0.519737	  0.230263	
  0.233553	  0.286184	  0.302632	  0.177632	
  0.023026	  0.950659	  0.016447	  0.009868	
  0.003289	  0.934211	  0.000000	  0.062500	
  0.756579	  0.055921	  0.006579	  0.180921	
  0.483553	  0.006579	  0.026316	  0.483553	
  0.950658	  0.000000	  0.042763	  0.006579	
  0.299342	  0.078947	  0.026316	  0.595395	
  0.888158	  0.013158	  0.019737	  0.078947	
  0.644736	  0.013158	  0.052632	  0.289474	
  0.032895	  0.000000	  0.967105	  0.000000	
  0.016447	  0.003289	  0.973685	  0.006579	
  0.226974	  0.424342	  0.184211	  0.164474	
  0.450658	  0.302632	  0.154605	  0.092105	
  0.555920	  0.095395	  0.164474	  0.184211	

URL http://cisbp.ccbr.utoronto.ca/TFreport.php?versionNumber=2.00&searchTF=T254850_2.00

MOTIF M08118_2.00 (NBO_28g0037)_(Homo_sapiens)_(DBD_0.54)

letter-probability matrix: alength= 4 w= 11 nsites= 1 E= 0
  0.419832	  0.169613	  0.196314	  0.214241	
  0.254482	  0.164849	  0.194183	  0.386486	
  0.227529	  0.046258	  0.677824	  0.048389	
  0.014542	  0.006644	  0.017550	  0.961264	
  0.969036	  0.014918	  0.007772	  0.008274	
  0.881660	  0.050144	  0.014166	  0.054030	
  0.965024	  0.009402	  0.007146	  0.018428	
  0.011408	  0.873010	  0.009903	  0.105679	
  0.962768	  0.008399	  0.014166	  0.014667	
  0.304751	  0.235051	  0.222389	  0.237809	
  0.277924	  0.235928	  0.336467	  0.149680	

URL http://cisbp.ccbr.utoronto.ca/TFreport.php?versionNumber=2.00&searchTF=T188149_2.00

