MEME version 5.5.8 (Fri May 2 15:43:49 2025 -0700)

ALPHABET= ACGT

strands: + -

Background letter frequencies (from uniform background):
A 0.25000 C 0.25000 G 0.25000 T 0.25000 

MOTIF M00112_2.00 (SNAPOd2T00019365001)_(Mus_musculus)_(DBD_0.77)

letter-probability matrix: alength= 4 w= 10 nsites= 1 E= 0
  0.000019	  0.999823	  0.000038	  0.000120	
  0.000091	  0.899183	  0.000093	  0.100634	
  0.023042	  0.234469	  0.177208	  0.565281	
  0.107618	  0.390953	  0.394882	  0.106547	
  0.537857	  0.155647	  0.286458	  0.020037	
  0.051649	  0.000023	  0.948115	  0.000213	
  0.000014	  0.000011	  0.999930	  0.000045	
  0.000011	  0.667311	  0.331377	  0.001301	
  0.201422	  0.246017	  0.349115	  0.203446	
  0.598826	  0.108307	  0.129667	  0.163199	

URL http://cisbp.ccbr.utoronto.ca/TFreport.php?versionNumber=2.00&searchTF=T011252_2.00

MOTIF M00159_2.00 (SNAPOd2T00009984001)_(Mus_musculus)_(DBD_0.73)

letter-probability matrix: alength= 4 w= 10 nsites= 1 E= 0
  0.401213	  0.134894	  0.189519	  0.274374	
  0.288005	  0.299758	  0.235798	  0.176439	
  0.207310	  0.504826	  0.205247	  0.082617	
  0.276376	  0.615087	  0.084925	  0.023612	
  0.001256	  0.018138	  0.980434	  0.000172	
  0.005077	  0.055966	  0.893136	  0.045821	
  0.810468	  0.028435	  0.076525	  0.084573	
  0.293995	  0.181919	  0.067597	  0.456488	
  0.285185	  0.231166	  0.308937	  0.174712	
  0.171414	  0.277017	  0.125723	  0.425847	

URL http://cisbp.ccbr.utoronto.ca/TFreport.php?versionNumber=2.00&searchTF=T178051_2.00

MOTIF M00195_2.00 (SNAPOd2T00000335001)_(Mus_musculus)_(DBD_0.62)

letter-probability matrix: alength= 4 w= 10 nsites= 1 E= 0
  0.279067	  0.181426	  0.181426	  0.358081	
  0.289551	  0.189085	  0.212315	  0.309049	
  0.000105	  0.000105	  0.000105	  0.999685	
  0.000105	  0.000105	  0.999685	  0.000105	
  0.000105	  0.999685	  0.000105	  0.000105	
  0.000105	  0.000105	  0.000105	  0.999685	
  0.000105	  0.000105	  0.999685	  0.000105	
  0.999685	  0.000105	  0.000105	  0.000105	
  0.068679	  0.613130	  0.162332	  0.155859	
  0.241038	  0.147190	  0.147190	  0.464583	

URL http://cisbp.ccbr.utoronto.ca/TFreport.php?versionNumber=2.00&searchTF=T335041_2.00

MOTIF M00203_2.00 (SNAPOd2T00006072001)_(Mus_musculus)_(DBD_0.83)

letter-probability matrix: alength= 4 w= 8 nsites= 1 E= 0
  0.711397	  0.062629	  0.074981	  0.150993	
  0.013623	  0.102692	  0.036662	  0.847024	
  0.035706	  0.005341	  0.000489	  0.958464	
  0.163603	  0.110768	  0.676843	  0.048786	
  0.083974	  0.035892	  0.034141	  0.845992	
  0.117419	  0.271985	  0.139177	  0.471419	
  0.223078	  0.342928	  0.166921	  0.267073	
  0.215726	  0.282593	  0.176621	  0.325060	

URL http://cisbp.ccbr.utoronto.ca/TFreport.php?versionNumber=2.00&searchTF=T335047_2.00

MOTIF M00257_2.00 (SNAPOd2T00022256001)_(Homo_sapiens)_(DBD_0.74)

letter-probability matrix: alength= 4 w= 10 nsites= 1 E= 0
  0.326582	  0.181033	  0.131457	  0.360928	
  0.376628	  0.160976	  0.273488	  0.188908	
  0.247519	  0.242618	  0.230785	  0.279077	
  0.363901	  0.188083	  0.342709	  0.105307	
  0.343254	  0.200031	  0.077360	  0.379355	
  0.494185	  0.252879	  0.037446	  0.215489	
  0.759756	  0.101799	  0.035623	  0.102822	
  0.777778	  0.049722	  0.111770	  0.060730	
  0.010752	  0.547346	  0.078656	  0.363246	
  0.741580	  0.060267	  0.105508	  0.092646	

URL http://cisbp.ccbr.utoronto.ca/TFreport.php?versionNumber=2.00&searchTF=T189658_2.00

MOTIF M00264_2.00 (SNAPOd2T00000182001)_(Homo_sapiens)_(DBD_0.84)

letter-probability matrix: alength= 4 w= 9 nsites= 1 E= 0
  0.233408	  0.265811	  0.293767	  0.207014	
  0.218699	  0.307260	  0.229912	  0.244129	
  0.170035	  0.133754	  0.053303	  0.642908	
  0.615562	  0.090246	  0.171149	  0.123043	
  0.889185	  0.026584	  0.061578	  0.022653	
  0.050885	  0.155955	  0.072935	  0.720226	
  0.195427	  0.193483	  0.209597	  0.401492	
  0.262679	  0.206630	  0.324061	  0.206630	
  0.264075	  0.227292	  0.322542	  0.186091	

URL http://cisbp.ccbr.utoronto.ca/TFreport.php?versionNumber=2.00&searchTF=T230323_2.00

MOTIF M00325_2.00 (SNAPOd2T00021861001)_(Homo_sapiens)_(DBD_0.88)

letter-probability matrix: alength= 4 w= 8 nsites= 1 E= 0
  0.292314	  0.201912	  0.249094	  0.256680	
  0.276005	  0.190646	  0.276005	  0.257345	
  0.166254	  0.211350	  0.161341	  0.461055	
  0.161543	  0.067679	  0.623139	  0.147639	
  0.908497	  0.017669	  0.072370	  0.001465	
  0.035824	  0.130139	  0.070008	  0.764029	
  0.674984	  0.282785	  0.020588	  0.021643	
  0.078931	  0.445224	  0.158948	  0.316897	

URL http://cisbp.ccbr.utoronto.ca/TFreport.php?versionNumber=2.00&searchTF=T230379_2.00

MOTIF M00326_2.00 (SNAPOd2T00007862001)_(Homo_sapiens)_(DBD_0.84)

letter-probability matrix: alength= 4 w= 7 nsites= 1 E= 0
  0.273376	  0.198512	  0.270656	  0.257456	
  0.166014	  0.211045	  0.153250	  0.469690	
  0.159910	  0.071137	  0.616841	  0.152111	
  0.913679	  0.031108	  0.053919	  0.001294	
  0.045977	  0.132706	  0.065244	  0.756073	
  0.648564	  0.291419	  0.019782	  0.040236	
  0.077620	  0.451161	  0.162687	  0.308532	

URL http://cisbp.ccbr.utoronto.ca/TFreport.php?versionNumber=2.00&searchTF=T230348_2.00

MOTIF M00346_2.00 (SNAPOd2T00016386001)_(Homo_sapiens)_(DBD_0.82)

letter-probability matrix: alength= 4 w= 10 nsites= 1 E= 0
  0.139888	  0.391835	  0.299119	  0.169159	
  0.019682	  0.000364	  0.804090	  0.175864	
  0.193802	  0.035404	  0.000448	  0.770345	
  0.057920	  0.712707	  0.003703	  0.225669	
  0.962768	  0.036959	  0.000011	  0.000262	
  0.031960	  0.731042	  0.000847	  0.236151	
  0.176323	  0.000067	  0.814289	  0.009321	
  0.016792	  0.450753	  0.513331	  0.019124	
  0.184926	  0.210599	  0.121505	  0.482970	
  0.197814	  0.256551	  0.195846	  0.349788	

URL http://cisbp.ccbr.utoronto.ca/TFreport.php?versionNumber=2.00&searchTF=T312270_2.00

MOTIF M00383_2.00 (SNAPOd2T00017351001)_(Mus_musculus)_(DBD_0.90)

letter-probability matrix: alength= 4 w= 9 nsites= 1 E= 0
  0.196847	  0.282147	  0.169428	  0.351577	
  0.155907	  0.072187	  0.051897	  0.720008	
  0.696670	  0.087035	  0.095232	  0.121063	
  0.798358	  0.042630	  0.032219	  0.126793	
  0.067221	  0.146641	  0.081287	  0.704851	
  0.114380	  0.141109	  0.368533	  0.375978	
  0.447955	  0.095078	  0.322046	  0.134922	
  0.226418	  0.284970	  0.217540	  0.271072	
  0.214998	  0.296080	  0.212859	  0.276063	

URL http://cisbp.ccbr.utoronto.ca/TFreport.php?versionNumber=2.00&searchTF=T230372_2.00

MOTIF M00387_2.00 (SNAPOd2T00024895001)_(Mus_musculus)_(DBD_0.91)

letter-probability matrix: alength= 4 w= 9 nsites= 1 E= 0
  0.315765	  0.220301	  0.205408	  0.258526	
  0.151708	  0.068167	  0.021157	  0.758968	
  0.845957	  0.049426	  0.102562	  0.002055	
  0.951365	  0.000267	  0.022374	  0.025995	
  0.075887	  0.057354	  0.094561	  0.772199	
  0.162453	  0.124013	  0.179538	  0.533996	
  0.376830	  0.081597	  0.412317	  0.129256	
  0.193529	  0.319075	  0.269193	  0.218203	
  0.222715	  0.280309	  0.224953	  0.272024	

URL http://cisbp.ccbr.utoronto.ca/TFreport.php?versionNumber=2.00&searchTF=T230385_2.00

MOTIF M00405_2.00 (SNAPOd2T00013613001)_(Mus_musculus)_(DBD_0.84)

letter-probability matrix: alength= 4 w= 9 nsites= 1 E= 0
  0.166699	  0.079535	  0.057179	  0.696587	
  0.658460	  0.072959	  0.164006	  0.104575	
  0.860814	  0.014554	  0.044163	  0.080469	
  0.057497	  0.058075	  0.037402	  0.847026	
  0.146493	  0.115235	  0.184376	  0.553896	
  0.427710	  0.071410	  0.368133	  0.132747	
  0.333758	  0.210696	  0.276004	  0.179543	
  0.279203	  0.233210	  0.202743	  0.284843	
  0.269584	  0.207863	  0.189973	  0.332580	

URL http://cisbp.ccbr.utoronto.ca/TFreport.php?versionNumber=2.00&searchTF=T230361_2.00

MOTIF M00407_2.00 (SNAPOd2T00011093001)_(Mus_musculus)_(DBD_0.87)

letter-probability matrix: alength= 4 w= 9 nsites= 1 E= 0
  0.295464	  0.173911	  0.204087	  0.326538	
  0.083726	  0.082068	  0.055565	  0.778641	
  0.003120	  0.034053	  0.960935	  0.001893	
  0.873497	  0.000758	  0.057541	  0.068204	
  0.019591	  0.939245	  0.007207	  0.033956	
  0.851816	  0.012030	  0.105359	  0.030796	
  0.150397	  0.123135	  0.540925	  0.185542	
  0.147020	  0.354449	  0.343974	  0.154557	
  0.187865	  0.236447	  0.144854	  0.430834	

URL http://cisbp.ccbr.utoronto.ca/TFreport.php?versionNumber=2.00&searchTF=T230357_2.00

MOTIF M00408_2.00 (SNAPOd2T00002150001)_(Mus_musculus)_(DBD_0.84)

letter-probability matrix: alength= 4 w= 8 nsites= 1 E= 0
  0.239820	  0.259794	  0.183074	  0.317313	
  0.220380	  0.185927	  0.127148	  0.466545	
  0.477055	  0.158798	  0.088911	  0.275237	
  0.656404	  0.076461	  0.061361	  0.205774	
  0.035142	  0.691865	  0.093634	  0.179359	
  0.172604	  0.340700	  0.165836	  0.320859	
  0.328951	  0.207662	  0.253638	  0.209749	
  0.264945	  0.228041	  0.304760	  0.202254	

URL http://cisbp.ccbr.utoronto.ca/TFreport.php?versionNumber=2.00&searchTF=T230328_2.00

MOTIF M00416_2.00 (SNAPOd2T00027338001)_(Mus_musculus)_(DBD_0.73)

letter-probability matrix: alength= 4 w= 8 nsites= 1 E= 0
  0.262564	  0.254804	  0.249759	  0.232873	
  0.275648	  0.244478	  0.251924	  0.227950	
  0.207360	  0.229168	  0.266256	  0.297216	
  0.311690	  0.111276	  0.242744	  0.334290	
  0.708550	  0.043957	  0.124365	  0.123128	
  0.169491	  0.597527	  0.115908	  0.117073	
  0.675885	  0.093319	  0.088768	  0.142028	
  0.337236	  0.221580	  0.120396	  0.320789	

URL http://cisbp.ccbr.utoronto.ca/TFreport.php?versionNumber=2.00&searchTF=T230391_2.00

MOTIF M00418_2.00 (SNAPOd2T00017646001)_(Mus_musculus)_(DBD_0.86)

letter-probability matrix: alength= 4 w= 8 nsites= 1 E= 0
  0.244685	  0.262426	  0.184929	  0.307960	
  0.195722	  0.063860	  0.036477	  0.703941	
  0.712083	  0.037645	  0.106505	  0.143767	
  0.921471	  0.039884	  0.018840	  0.019806	
  0.072358	  0.024572	  0.250040	  0.653030	
  0.149500	  0.630995	  0.082872	  0.136633	
  0.112604	  0.499634	  0.129525	  0.258237	
  0.173100	  0.309164	  0.276959	  0.240777	

URL http://cisbp.ccbr.utoronto.ca/TFreport.php?versionNumber=2.00&searchTF=T230374_2.00

MOTIF M00426_2.00 (SNAPOd2T00016612001)_(Mus_musculus)_(DBD_0.91)

letter-probability matrix: alength= 4 w= 9 nsites= 1 E= 0
  0.269860	  0.244180	  0.310413	  0.175547	
  0.222956	  0.322782	  0.189991	  0.264271	
  0.095770	  0.046616	  0.010402	  0.847212	
  0.799391	  0.056478	  0.097891	  0.046240	
  0.967307	  0.000597	  0.022077	  0.010019	
  0.039713	  0.048993	  0.055795	  0.855498	
  0.112128	  0.104548	  0.131584	  0.651740	
  0.377268	  0.097803	  0.400597	  0.124332	
  0.274391	  0.207380	  0.363054	  0.155175	

URL http://cisbp.ccbr.utoronto.ca/TFreport.php?versionNumber=2.00&searchTF=T230369_2.00

MOTIF M00429_2.00 (SNAPOd2T00008250001)_(Mus_musculus)_(DBD_0.75)

letter-probability matrix: alength= 4 w= 8 nsites= 1 E= 0
  0.140569	  0.125927	  0.071215	  0.662289	
  0.658857	  0.073737	  0.131697	  0.135708	
  0.889545	  0.000632	  0.054637	  0.055186	
  0.047090	  0.041349	  0.089305	  0.822257	
  0.122003	  0.124468	  0.143172	  0.610358	
  0.318933	  0.072601	  0.443625	  0.164841	
  0.234350	  0.253868	  0.310075	  0.201707	
  0.229553	  0.266702	  0.220552	  0.283194	

URL http://cisbp.ccbr.utoronto.ca/TFreport.php?versionNumber=2.00&searchTF=T230349_2.00

MOTIF M00441_2.00 (SNAPOd2T00022009001)_(Mus_musculus)_(DBD_0.81)

letter-probability matrix: alength= 4 w= 9 nsites= 1 E= 0
  0.212858	  0.299055	  0.164125	  0.323962	
  0.153798	  0.038307	  0.030742	  0.777153	
  0.777780	  0.031389	  0.089698	  0.101134	
  0.945835	  0.014470	  0.014615	  0.025080	
  0.045414	  0.028101	  0.156932	  0.769554	
  0.119773	  0.689246	  0.071208	  0.119773	
  0.076693	  0.566686	  0.114412	  0.242210	
  0.157784	  0.314576	  0.287500	  0.240141	
  0.219437	  0.296208	  0.221642	  0.262713	

URL http://cisbp.ccbr.utoronto.ca/TFreport.php?versionNumber=2.00&searchTF=T230380_2.00

MOTIF M00443_2.00 (SNAPOd2T00007704001)_(Mus_musculus)_(DBD_0.84)

letter-probability matrix: alength= 4 w= 8 nsites= 1 E= 0
  0.205661	  0.300734	  0.189849	  0.303757	
  0.125034	  0.075837	  0.035114	  0.764015	
  0.752473	  0.068263	  0.113678	  0.065586	
  0.947059	  0.000567	  0.020767	  0.031606	
  0.052681	  0.078591	  0.069010	  0.799717	
  0.162578	  0.134445	  0.157773	  0.545203	
  0.352715	  0.124669	  0.349206	  0.173410	
  0.314813	  0.200734	  0.311680	  0.172773	

URL http://cisbp.ccbr.utoronto.ca/TFreport.php?versionNumber=2.00&searchTF=T230347_2.00

MOTIF M00447_2.00 (SNAPOd2T00007607001)_(Mus_musculus)_(DBD_0.77)

letter-probability matrix: alength= 4 w= 9 nsites= 1 E= 0
  0.183920	  0.139004	  0.156726	  0.520350	
  0.231545	  0.100965	  0.097981	  0.569509	
  0.322915	  0.032375	  0.117612	  0.527099	
  0.895068	  0.000095	  0.040322	  0.064515	
  0.018680	  0.218648	  0.065200	  0.697472	
  0.195021	  0.071744	  0.312033	  0.421201	
  0.410966	  0.079719	  0.410966	  0.098348	
  0.135530	  0.399094	  0.208345	  0.257031	
  0.228343	  0.305164	  0.221594	  0.244899	

URL http://cisbp.ccbr.utoronto.ca/TFreport.php?versionNumber=2.00&searchTF=T230346_2.00

MOTIF M00453_2.00 (SNAPOd2T00016055001)_(Mus_musculus)_(DBD_0.81)

letter-probability matrix: alength= 4 w= 10 nsites= 1 E= 0
  0.292956	  0.212730	  0.247157	  0.247157	
  0.199110	  0.213547	  0.268770	  0.318574	
  0.308532	  0.060450	  0.242700	  0.388318	
  0.885224	  0.000434	  0.056027	  0.058314	
  0.069002	  0.849069	  0.012233	  0.069696	
  0.762058	  0.078730	  0.049701	  0.109511	
  0.312091	  0.226624	  0.087645	  0.373640	
  0.225409	  0.218747	  0.398583	  0.157262	
  0.285673	  0.236240	  0.224718	  0.253369	
  0.255374	  0.231072	  0.219803	  0.293750	

URL http://cisbp.ccbr.utoronto.ca/TFreport.php?versionNumber=2.00&searchTF=T230367_2.00

MOTIF M00461_2.00 (SNAPOd2T00025245001)_(Mus_musculus)_(DBD_0.66)

letter-probability matrix: alength= 4 w= 9 nsites= 1 E= 0
  0.294249	  0.222388	  0.222388	  0.260975	
  0.183480	  0.221873	  0.178057	  0.416591	
  0.075940	  0.132946	  0.517984	  0.273129	
  0.948766	  0.047711	  0.002423	  0.001100	
  0.114207	  0.261913	  0.146644	  0.477236	
  0.526111	  0.349154	  0.000085	  0.124650	
  0.145740	  0.556586	  0.082419	  0.215255	
  0.169751	  0.417520	  0.211523	  0.201207	
  0.257435	  0.267941	  0.217189	  0.257435	

URL http://cisbp.ccbr.utoronto.ca/TFreport.php?versionNumber=2.00&searchTF=T230387_2.00

MOTIF M00471_2.00 (SNAPOd2T00011014001)_(Mus_musculus)_(DBD_0.53)

letter-probability matrix: alength= 4 w= 8 nsites= 1 E= 0
  0.244872	  0.260014	  0.144133	  0.350982	
  0.077444	  0.034798	  0.008081	  0.879677	
  0.867505	  0.035010	  0.060680	  0.036805	
  0.982723	  0.000589	  0.009586	  0.007102	
  0.016319	  0.031259	  0.025086	  0.927336	
  0.092665	  0.083846	  0.096446	  0.727043	
  0.388672	  0.095845	  0.384805	  0.130678	
  0.289713	  0.198123	  0.368297	  0.143867	

URL http://cisbp.ccbr.utoronto.ca/TFreport.php?versionNumber=2.00&searchTF=T230356_2.00

MOTIF M00474_2.00 (SNAPOd2T00025381001)_(Mus_musculus)_(DBD_0.70)

letter-probability matrix: alength= 4 w= 9 nsites= 1 E= 0
  0.202833	  0.130632	  0.147287	  0.519248	
  0.159348	  0.134436	  0.133099	  0.573117	
  0.294125	  0.130844	  0.113750	  0.461280	
  0.520505	  0.125813	  0.171537	  0.182144	
  0.127007	  0.331704	  0.119611	  0.421678	
  0.179782	  0.144279	  0.388288	  0.287651	
  0.381823	  0.156798	  0.271771	  0.189608	
  0.151875	  0.334641	  0.258026	  0.255458	
  0.245353	  0.285059	  0.224235	  0.245353	

URL http://cisbp.ccbr.utoronto.ca/TFreport.php?versionNumber=2.00&searchTF=T230388_2.00

MOTIF M00488_2.00 (SNAPOd2T00018106001)_(Mus_musculus)_(DBD_0.87)

letter-probability matrix: alength= 4 w= 9 nsites= 1 E= 0
  0.277842	  0.203782	  0.232073	  0.286303	
  0.100553	  0.116826	  0.068764	  0.713857	
  0.007499	  0.015406	  0.957899	  0.019197	
  0.860840	  0.011564	  0.068574	  0.059022	
  0.021076	  0.932738	  0.008918	  0.037268	
  0.814925	  0.009053	  0.137428	  0.038594	
  0.169905	  0.139107	  0.485530	  0.205458	
  0.160131	  0.332284	  0.345845	  0.161740	
  0.191526	  0.253414	  0.161584	  0.393477	

URL http://cisbp.ccbr.utoronto.ca/TFreport.php?versionNumber=2.00&searchTF=T230375_2.00

MOTIF M00538_2.00 (SNAPOd2T00003836001)_(PBM_CONSTRUCTS)_(DBD_0.70)

letter-probability matrix: alength= 4 w= 10 nsites= 1 E= 0
  0.265831	  0.178192	  0.211212	  0.344765	
  0.193737	  0.108473	  0.127295	  0.570495	
  0.162686	  0.077620	  0.086645	  0.673050	
  0.297385	  0.085202	  0.127107	  0.490305	
  0.677597	  0.073593	  0.112006	  0.136804	
  0.076497	  0.375124	  0.121177	  0.427202	
  0.139819	  0.152986	  0.380067	  0.327127	
  0.471111	  0.108320	  0.280085	  0.140484	
  0.122190	  0.367080	  0.238789	  0.271940	
  0.231072	  0.293750	  0.219803	  0.255374	

URL http://cisbp.ccbr.utoronto.ca/TFreport.php?versionNumber=2.00&searchTF=T230334_2.00

MOTIF M00682_2.00 (SNAPOd2T00019440001)_(Caenorhabditis_elegans)_(DBD_0.47)

letter-probability matrix: alength= 4 w= 8 nsites= 1 E= 0
  0.004902	  0.004902	  0.004902	  0.985294	
  0.004902	  0.004902	  0.004902	  0.985294	
  0.004902	  0.985294	  0.004902	  0.004902	
  0.004902	  0.495098	  0.004902	  0.495098	
  0.985294	  0.004902	  0.004902	  0.004902	
  0.004902	  0.004902	  0.985294	  0.004902	
  0.985294	  0.004902	  0.004902	  0.004902	
  0.985294	  0.004902	  0.004902	  0.004902	

URL http://cisbp.ccbr.utoronto.ca/TFreport.php?versionNumber=2.00&searchTF=T243492_2.00

MOTIF M00709_2.00 (SNAPOd2T00028219001)_(Caenorhabditis_elegans)_(DBD_0.80)

letter-probability matrix: alength= 4 w= 10 nsites= 1 E= 0
  0.024359	  0.344783	  0.489270	  0.141587	
  0.001539	  0.003099	  0.993346	  0.002016	
  0.000668	  0.000452	  0.000227	  0.998653	
  0.160313	  0.168532	  0.001255	  0.669900	
  0.235732	  0.003829	  0.701133	  0.059305	
  0.005979	  0.827350	  0.002939	  0.163732	
  0.003918	  0.189727	  0.029241	  0.777114	
  0.959730	  0.009085	  0.023966	  0.007219	
  0.255327	  0.111335	  0.308754	  0.324584	
  0.006985	  0.084248	  0.883392	  0.025375	

URL http://cisbp.ccbr.utoronto.ca/TFreport.php?versionNumber=2.00&searchTF=T319080_2.00

MOTIF M00753_2.00 (SNAPOd2T00003591001)_(Mus_musculus)_(DBD_0.83)

letter-probability matrix: alength= 4 w= 9 nsites= 1 E= 0
  0.358832	  0.233424	  0.344762	  0.062982	
  0.004560	  0.989542	  0.000808	  0.005090	
  0.958089	  0.000291	  0.039843	  0.001777	
  0.009823	  0.784273	  0.112703	  0.093201	
  0.007993	  0.852816	  0.134094	  0.005096	
  0.015448	  0.007749	  0.006603	  0.970200	
  0.002610	  0.003630	  0.981588	  0.012172	
  0.088727	  0.393692	  0.251029	  0.266552	
  0.267667	  0.202299	  0.262367	  0.267667	

URL http://cisbp.ccbr.utoronto.ca/TFreport.php?versionNumber=2.00&searchTF=T051736_2.00

MOTIF M00803_2.00 (SNAPOd2T00011770001)_(Mus_musculus)_(DBD_0.80)

letter-probability matrix: alength= 4 w= 10 nsites= 1 E= 0
  0.155478	  0.152399	  0.186141	  0.505983	
  0.471120	  0.266430	  0.123361	  0.139089	
  0.778125	  0.059554	  0.038741	  0.123580	
  0.004127	  0.003447	  0.002579	  0.989846	
  0.177439	  0.051348	  0.120136	  0.651077	
  0.552328	  0.065637	  0.022740	  0.359294	
  0.347780	  0.133162	  0.337501	  0.181557	
  0.232942	  0.437374	  0.103626	  0.226058	
  0.510506	  0.195469	  0.149217	  0.144807	
  0.152697	  0.196067	  0.128825	  0.522411	

URL http://cisbp.ccbr.utoronto.ca/TFreport.php?versionNumber=2.00&searchTF=T316307_2.00

MOTIF M00818_2.00 (SNAPOd2T00000809001)_(Mus_musculus)_(DBD_0.96)

letter-probability matrix: alength= 4 w= 8 nsites= 1 E= 0
  0.722222	  0.013889	  0.138889	  0.125000	
  0.814433	  0.010309	  0.051546	  0.123711	
  0.972727	  0.009091	  0.009091	  0.009091	
  0.009009	  0.009009	  0.747748	  0.234234	
  0.026786	  0.008929	  0.946429	  0.017857	
  0.008929	  0.098214	  0.089286	  0.803571	
  0.009615	  0.836538	  0.019231	  0.134615	
  0.790123	  0.024691	  0.160494	  0.024691	

URL http://cisbp.ccbr.utoronto.ca/TFreport.php?versionNumber=2.00&searchTF=T307213_2.00

MOTIF M00820_2.00 (SNAPOd2T00007449001)_(Mus_musculus)_(DBD_0.81)

letter-probability matrix: alength= 4 w= 9 nsites= 1 E= 0
  0.170296	  0.143673	  0.283593	  0.402438	
  0.522054	  0.017423	  0.453852	  0.006671	
  0.001380	  0.000572	  0.964866	  0.033181	
  0.003697	  0.000059	  0.979842	  0.016402	
  0.025517	  0.045121	  0.049866	  0.879495	
  0.004749	  0.951419	  0.000105	  0.043727	
  0.896156	  0.008399	  0.093514	  0.001931	
  0.314254	  0.333687	  0.181309	  0.170750	
  0.211439	  0.352108	  0.243213	  0.193241	

URL http://cisbp.ccbr.utoronto.ca/TFreport.php?versionNumber=2.00&searchTF=T307222_2.00

MOTIF M00829_2.00 (SNAPOd2T00015151001)_(Mus_musculus)_(DBD_0.93)

letter-probability matrix: alength= 4 w= 8 nsites= 1 E= 0
  0.260870	  0.173913	  0.130435	  0.434783	
  0.806452	  0.032258	  0.032258	  0.129032	
  0.914286	  0.028571	  0.028571	  0.028571	
  0.028571	  0.885714	  0.028571	  0.057143	
  0.914286	  0.028571	  0.028571	  0.028571	
  0.914286	  0.028571	  0.028571	  0.028571	
  0.028571	  0.028571	  0.028571	  0.914286	
  0.320000	  0.120000	  0.360000	  0.200000	

URL http://cisbp.ccbr.utoronto.ca/TFreport.php?versionNumber=2.00&searchTF=T335051_2.00

MOTIF M01104_2.00 (SNAPOd2T00017873001)_(Fusarium_graminearum)_(DBD_0.55)

letter-probability matrix: alength= 4 w= 10 nsites= 1 E= 0
  0.275242	  0.208023	  0.170315	  0.346420	
  0.354896	  0.194771	  0.226292	  0.224040	
  0.393688	  0.199449	  0.175135	  0.231727	
  0.446255	  0.101584	  0.226080	  0.226080	
  0.369831	  0.085888	  0.123106	  0.421174	
  0.504457	  0.044857	  0.076975	  0.373711	
  0.796844	  0.000336	  0.000336	  0.202484	
  0.605595	  0.000062	  0.000397	  0.393945	
  0.296896	  0.000116	  0.028887	  0.674102	
  0.306380	  0.261080	  0.107214	  0.325326	

URL http://cisbp.ccbr.utoronto.ca/TFreport.php?versionNumber=2.00&searchTF=T018098_2.00

MOTIF M01147_2.00 (SNAPOd2T00018494001)_(Neurospora_crassa)_(DBD_0.34)

letter-probability matrix: alength= 4 w= 10 nsites= 1 E= 0
  0.256344	  0.201648	  0.261523	  0.280485	
  0.466416	  0.147685	  0.263770	  0.122129	
  0.056276	  0.045162	  0.000477	  0.898085	
  0.076513	  0.037995	  0.643848	  0.241643	
  0.796372	  0.031502	  0.085633	  0.086493	
  0.072044	  0.711432	  0.042832	  0.173691	
  0.178754	  0.047276	  0.689532	  0.084438	
  0.163925	  0.196254	  0.078997	  0.560825	
  0.373050	  0.284779	  0.165954	  0.176216	
  0.318316	  0.178225	  0.258022	  0.245438	

URL http://cisbp.ccbr.utoronto.ca/TFreport.php?versionNumber=2.00&searchTF=T073022_2.00

MOTIF M01477_2.00 (SNAPOd2T00022292001)_(Mus_musculus)_(DBD_0.77)

letter-probability matrix: alength= 4 w= 10 nsites= 1 E= 0
  0.313334	  0.205875	  0.241597	  0.239193	
  0.387641	  0.160787	  0.247171	  0.204400	
  0.197818	  0.349795	  0.246496	  0.205891	
  0.265919	  0.499293	  0.148888	  0.085901	
  0.048518	  0.002724	  0.908635	  0.040123	
  0.060566	  0.022505	  0.883356	  0.033573	
  0.952353	  0.001933	  0.000612	  0.045102	
  0.571191	  0.089812	  0.022370	  0.316627	
  0.381171	  0.136081	  0.408809	  0.073940	
  0.173410	  0.277455	  0.131061	  0.418074	

URL http://cisbp.ccbr.utoronto.ca/TFreport.php?versionNumber=2.00&searchTF=T178060_2.00

MOTIF M01478_2.00 (SNAPOd2T00015575001)_(Mus_musculus)_(DBD_0.89)

letter-probability matrix: alength= 4 w= 10 nsites= 1 E= 0
  0.259502	  0.251832	  0.278318	  0.210348	
  0.409997	  0.140632	  0.261426	  0.187945	
  0.135358	  0.582846	  0.206010	  0.075787	
  0.163979	  0.772583	  0.035507	  0.027931	
  0.039875	  0.037930	  0.876329	  0.045867	
  0.047517	  0.012821	  0.916990	  0.022671	
  0.910702	  0.016848	  0.052679	  0.019771	
  0.580099	  0.084200	  0.041813	  0.293888	
  0.279024	  0.153131	  0.498347	  0.069498	
  0.147561	  0.282659	  0.122027	  0.447753	

URL http://cisbp.ccbr.utoronto.ca/TFreport.php?versionNumber=2.00&searchTF=T178054_2.00

MOTIF M01481_2.00 (SNAPOd2T00014899001)_(Mus_musculus)_(DBD_0.80)

letter-probability matrix: alength= 4 w= 10 nsites= 1 E= 0
  0.276546	  0.257850	  0.250229	  0.215374	
  0.410218	  0.140708	  0.306951	  0.142122	
  0.125944	  0.623803	  0.164982	  0.085271	
  0.111066	  0.862749	  0.019888	  0.006297	
  0.002234	  0.000095	  0.996033	  0.001638	
  0.002038	  0.001118	  0.994227	  0.002617	
  0.960448	  0.004746	  0.008563	  0.026243	
  0.757690	  0.043828	  0.015337	  0.183144	
  0.262154	  0.154305	  0.522660	  0.060882	
  0.128267	  0.297113	  0.103971	  0.470649	

URL http://cisbp.ccbr.utoronto.ca/TFreport.php?versionNumber=2.00&searchTF=T178053_2.00

MOTIF M01483_2.00 (SNAPOd2T00017648001)_(Mus_musculus)_(DBD_0.78)

letter-probability matrix: alength= 4 w= 10 nsites= 1 E= 0
  0.309868	  0.222771	  0.251174	  0.216187	
  0.457429	  0.125917	  0.274684	  0.141971	
  0.105811	  0.679702	  0.144265	  0.070222	
  0.082782	  0.903446	  0.010657	  0.003115	
  0.000362	  0.000111	  0.996194	  0.003333	
  0.001272	  0.002562	  0.993129	  0.003037	
  0.976431	  0.003873	  0.006579	  0.013117	
  0.816923	  0.026724	  0.005616	  0.150738	
  0.219085	  0.152851	  0.589610	  0.038454	
  0.105478	  0.283865	  0.082972	  0.527685	

URL http://cisbp.ccbr.utoronto.ca/TFreport.php?versionNumber=2.00&searchTF=T178055_2.00

MOTIF M01487_2.00 (SNAPOd2T00019016001)_(Mus_musculus)_(DBD_0.72)

letter-probability matrix: alength= 4 w= 10 nsites= 1 E= 0
  0.261603	  0.241490	  0.280572	  0.216335	
  0.446052	  0.120354	  0.267852	  0.165742	
  0.103040	  0.655313	  0.180388	  0.061259	
  0.133099	  0.838060	  0.023362	  0.005480	
  0.000937	  0.000046	  0.996869	  0.002148	
  0.001110	  0.001655	  0.996211	  0.001024	
  0.967826	  0.006720	  0.009254	  0.016201	
  0.666748	  0.047107	  0.028287	  0.257859	
  0.287380	  0.110036	  0.556021	  0.046563	
  0.109809	  0.281109	  0.091720	  0.517362	

URL http://cisbp.ccbr.utoronto.ca/TFreport.php?versionNumber=2.00&searchTF=T178058_2.00

MOTIF M01659_2.00 (SNAPOd2T00025801001)_(Mus_musculus)_(DBD_0.89)

letter-probability matrix: alength= 4 w= 11 nsites= 1 E= 0
  0.216392	  0.216392	  0.216392	  0.350824	
  0.170073	  0.170073	  0.170073	  0.489780	
  0.497552	  0.072788	  0.167866	  0.261793	
  0.910941	  0.000141	  0.000141	  0.088778	
  0.088778	  0.000141	  0.000141	  0.910941	
  0.000141	  0.000141	  0.000141	  0.999578	
  0.999578	  0.000141	  0.000141	  0.000141	
  0.895276	  0.000141	  0.000141	  0.104443	
  0.237901	  0.033749	  0.119174	  0.609177	
  0.566454	  0.080067	  0.080067	  0.273411	
  0.177352	  0.177352	  0.177352	  0.467943	

URL http://cisbp.ccbr.utoronto.ca/TFreport.php?versionNumber=2.00&searchTF=T016252_2.00

MOTIF M01665_2.00 (SNAPOd2T00006471001)_(Paramecium_tetraurelia)_(DBD_0.35)

letter-probability matrix: alength= 4 w= 8 nsites= 1 E= 0
  0.277507	  0.238853	  0.176947	  0.306693	
  0.345645	  0.199420	  0.253512	  0.201424	
  0.787788	  0.002827	  0.110967	  0.098419	
  0.173718	  0.014991	  0.063271	  0.748021	
  0.125278	  0.208624	  0.104641	  0.561457	
  0.543908	  0.151227	  0.123814	  0.181051	
  0.488924	  0.187205	  0.178075	  0.145796	
  0.378251	  0.127174	  0.271934	  0.222641	

URL http://cisbp.ccbr.utoronto.ca/TFreport.php?versionNumber=2.00&searchTF=T016251_2.00

MOTIF M01735_2.00 (SNAPOd2T00001991001)_(Mus_musculus)_(DBD_0.67)

letter-probability matrix: alength= 4 w= 10 nsites= 1 E= 0
  0.239964	  0.200309	  0.336557	  0.223170	
  0.293276	  0.320740	  0.252774	  0.133210	
  0.162184	  0.774560	  0.028113	  0.035143	
  0.713119	  0.054463	  0.173280	  0.059138	
  0.027939	  0.674387	  0.047681	  0.249993	
  0.249993	  0.047681	  0.674387	  0.027939	
  0.059138	  0.173280	  0.054463	  0.713119	
  0.035143	  0.028113	  0.774560	  0.162184	
  0.133210	  0.252774	  0.320740	  0.293276	
  0.223170	  0.336557	  0.200309	  0.239964	

URL http://cisbp.ccbr.utoronto.ca/TFreport.php?versionNumber=2.00&searchTF=T051731_2.00

MOTIF M01927_2.00 (SNAPOd2T00016146001)_(Homo_sapiens)_(DBD_0.83)

letter-probability matrix: alength= 4 w= 11 nsites= 1 E= 0
  0.452849	  0.240018	  0.153566	  0.153566	
  0.538650	  0.122796	  0.122796	  0.215757	
  0.105898	  0.021764	  0.021764	  0.850573	
  0.000170	  0.000170	  0.999489	  0.000170	
  0.000170	  0.000170	  0.000170	  0.999489	
  0.999489	  0.000170	  0.000170	  0.000170	
  0.201683	  0.000170	  0.104063	  0.694083	
  0.000170	  0.999489	  0.000170	  0.000170	
  0.618481	  0.188311	  0.096604	  0.096604	
  0.509326	  0.127374	  0.127374	  0.235926	
  0.228406	  0.228406	  0.228406	  0.314782	

URL http://cisbp.ccbr.utoronto.ca/TFreport.php?versionNumber=2.00&searchTF=T169552_2.00

MOTIF M01930_2.00 (SNAPOd2T00022145001)_(Homo_sapiens)_(DBD_0.94)

letter-probability matrix: alength= 4 w= 10 nsites= 1 E= 0
  0.391936	  0.183295	  0.148576	  0.276193	
  0.378242	  0.182278	  0.150737	  0.288742	
  0.278003	  0.143686	  0.091618	  0.486692	
  0.161592	  0.078655	  0.558398	  0.201355	
  0.131885	  0.106904	  0.107979	  0.653232	
  0.417907	  0.098029	  0.168218	  0.315847	
  0.288677	  0.108344	  0.224822	  0.378157	
  0.189159	  0.451505	  0.137357	  0.221980	
  0.330255	  0.192455	  0.235066	  0.242224	
  0.345463	  0.193424	  0.222491	  0.238623	

URL http://cisbp.ccbr.utoronto.ca/TFreport.php?versionNumber=2.00&searchTF=T169553_2.00

MOTIF M01962_2.00 (SNAPOd2T00000788001)_(Ornithorhynchus_anatinus)_(DBD_0.58)

letter-probability matrix: alength= 4 w= 10 nsites= 1 E= 0
  0.315084	  0.167369	  0.175129	  0.342418	
  0.247124	  0.112746	  0.242624	  0.397507	
  0.142286	  0.259786	  0.535594	  0.062335	
  0.000000	  0.045438	  0.954562	  0.000000	
  0.000001	  0.999999	  0.000000	  0.000000	
  0.000000	  0.000000	  0.999999	  0.000001	
  0.000000	  0.954562	  0.045438	  0.000000	
  0.062335	  0.535594	  0.259786	  0.142286	
  0.397507	  0.242624	  0.112746	  0.247124	
  0.342418	  0.175129	  0.167369	  0.315084	

URL http://cisbp.ccbr.utoronto.ca/TFreport.php?versionNumber=2.00&searchTF=T174075_2.00

MOTIF M01971_2.00 (SNAPOd2T00009469001)_(Tetraodon_nigroviridis)_(DBD_0.66)

letter-probability matrix: alength= 4 w= 8 nsites= 1 E= 0
  0.001420	  0.995739	  0.001420	  0.001420	
  0.001106	  0.996681	  0.001106	  0.001106	
  0.001106	  0.001106	  0.996681	  0.001106	
  0.001106	  0.001106	  0.996681	  0.001106	
  0.996681	  0.001106	  0.001106	  0.001106	
  0.886062	  0.001106	  0.001106	  0.111726	
  0.222345	  0.001106	  0.775442	  0.001106	
  0.001656	  0.167219	  0.001656	  0.829470	

URL http://cisbp.ccbr.utoronto.ca/TFreport.php?versionNumber=2.00&searchTF=T178050_2.00

MOTIF M01983_2.00 (SNAPOd2T00013846001)_(Mus_musculus)_(DBD_0.87)

letter-probability matrix: alength= 4 w= 10 nsites= 1 E= 0
  0.102112	  0.067092	  0.053307	  0.777489	
  0.362449	  0.058726	  0.519509	  0.059316	
  0.054231	  0.043959	  0.036352	  0.865457	
  0.070983	  0.066184	  0.133278	  0.729556	
  0.058529	  0.070072	  0.232646	  0.638753	
  0.740400	  0.032694	  0.155585	  0.071321	
  0.055893	  0.701648	  0.033229	  0.209230	
  0.506065	  0.128595	  0.081996	  0.283345	
  0.116043	  0.255689	  0.108198	  0.520070	
  0.527746	  0.060257	  0.082156	  0.329842	

URL http://cisbp.ccbr.utoronto.ca/TFreport.php?versionNumber=2.00&searchTF=T189649_2.00

MOTIF M02147_2.00 (SNAPOd2T00015303001)_(Nematostella_vectensis)_(DBD_0.56)

letter-probability matrix: alength= 4 w= 10 nsites= 1 E= 0
  0.278816	  0.247673	  0.255282	  0.218229	
  0.193819	  0.291332	  0.190112	  0.324737	
  0.267659	  0.193115	  0.126695	  0.412532	
  0.419900	  0.162984	  0.208787	  0.208330	
  0.569557	  0.167110	  0.130840	  0.132493	
  0.132493	  0.130840	  0.167110	  0.569557	
  0.208330	  0.208787	  0.162984	  0.419900	
  0.412532	  0.126695	  0.193115	  0.267659	
  0.324737	  0.190112	  0.291332	  0.193819	
  0.218229	  0.255282	  0.247673	  0.278816	

URL http://cisbp.ccbr.utoronto.ca/TFreport.php?versionNumber=2.00&searchTF=T230362_2.00

MOTIF M02154_2.00 (SNAPOd2T00010162001)_(Nematostella_vectensis)_(DBD_0.68)

letter-probability matrix: alength= 4 w= 10 nsites= 1 E= 0
  0.192273	  0.317005	  0.170531	  0.320191	
  0.116674	  0.062764	  0.000496	  0.820066	
  0.859425	  0.071971	  0.067780	  0.000824	
  0.959463	  0.001047	  0.018660	  0.020830	
  0.035049	  0.025965	  0.035049	  0.903936	
  0.160799	  0.026580	  0.343832	  0.468789	
  0.536165	  0.050121	  0.341874	  0.071840	
  0.234394	  0.277828	  0.307048	  0.180730	
  0.173039	  0.312161	  0.240692	  0.274107	
  0.177059	  0.322623	  0.241407	  0.258911	

URL http://cisbp.ccbr.utoronto.ca/TFreport.php?versionNumber=2.00&searchTF=T230355_2.00

MOTIF M02214_2.00 (SNAPOd2T00000237001)_(Spadella_cephaloptera)_(DBD_0.58)

letter-probability matrix: alength= 4 w= 10 nsites= 1 E= 0
  0.300664	  0.294949	  0.202193	  0.202193	
  0.453985	  0.175777	  0.297393	  0.072845	
  0.000221	  0.092723	  0.000221	  0.906834	
  0.803080	  0.000221	  0.091144	  0.105554	
  0.619698	  0.000221	  0.000221	  0.379859	
  0.000221	  0.000221	  0.000221	  0.999337	
  0.485193	  0.000221	  0.000221	  0.514365	
  0.999337	  0.000221	  0.000221	  0.000221	
  0.048028	  0.265028	  0.150960	  0.535984	
  0.375369	  0.177376	  0.269878	  0.177376	

URL http://cisbp.ccbr.utoronto.ca/TFreport.php?versionNumber=2.00&searchTF=T230324_2.00

MOTIF M02227_2.00 Q5EVH4_OIKDI

letter-probability matrix: alength= 4 w= 8 nsites= 1 E= 0
  0.308789	  0.191211	  0.250000	  0.250000	
  0.009525	  0.037816	  0.000094	  0.952565	
  0.000083	  0.000083	  0.999752	  0.000083	
  0.958784	  0.000082	  0.000082	  0.041052	
  0.000082	  0.999754	  0.000082	  0.000082	
  0.950590	  0.000082	  0.049246	  0.000082	
  0.074832	  0.056147	  0.635370	  0.233651	
  0.132587	  0.277095	  0.397519	  0.192799	

URL http://cisbp.ccbr.utoronto.ca/TFreport.php?versionNumber=2.00&searchTF=T230132_2.00

MOTIF M02228_2.00 SNAPOd2T00003340001

letter-probability matrix: alength= 4 w= 10 nsites= 1 E= 0
  0.334982	  0.178409	  0.201155	  0.285453	
  0.210546	  0.237390	  0.194359	  0.357704	
  0.134708	  0.245455	  0.285178	  0.334659	
  0.027919	  0.202207	  0.012927	  0.756947	
  0.872504	  0.078364	  0.024566	  0.024566	
  0.977176	  0.009725	  0.004976	  0.008123	
  0.003565	  0.009036	  0.003824	  0.983575	
  0.424012	  0.070793	  0.036590	  0.468606	
  0.591052	  0.030936	  0.047083	  0.330929	
  0.345635	  0.197430	  0.218194	  0.238742	

URL http://cisbp.ccbr.utoronto.ca/TFreport.php?versionNumber=2.00&searchTF=T230333_2.00

MOTIF M02229_2.00 SNAPOd2T00005194001

letter-probability matrix: alength= 4 w= 11 nsites= 1 E= 0
  0.297751	  0.203208	  0.203208	  0.295833	
  0.150222	  0.150222	  0.352923	  0.346634	
  0.177519	  0.071710	  0.071710	  0.679060	
  0.999629	  0.000124	  0.000124	  0.000124	
  0.000124	  0.999629	  0.000124	  0.000124	
  0.999629	  0.000124	  0.000124	  0.000124	
  0.000124	  0.000124	  0.000124	  0.999629	
  0.000124	  0.000124	  0.999629	  0.000124	
  0.046916	  0.046916	  0.046916	  0.859253	
  0.200642	  0.099902	  0.191109	  0.508348	
  0.178413	  0.266882	  0.178413	  0.376292	

URL http://cisbp.ccbr.utoronto.ca/TFreport.php?versionNumber=2.00&searchTF=T230340_2.00

MOTIF M02230_2.00 SNAPOd2T00006145001

letter-probability matrix: alength= 4 w= 10 nsites= 1 E= 0
  0.238693	  0.332014	  0.280109	  0.149184	
  0.138086	  0.319858	  0.131351	  0.410705	
  0.155193	  0.032939	  0.019780	  0.792087	
  0.419179	  0.066573	  0.410879	  0.103368	
  0.878199	  0.004428	  0.041591	  0.075783	
  0.054227	  0.090304	  0.048579	  0.806889	
  0.089351	  0.085847	  0.171155	  0.653647	
  0.529917	  0.085006	  0.311912	  0.073165	
  0.219952	  0.305946	  0.328130	  0.145971	
  0.240429	  0.257862	  0.233323	  0.268386	

URL http://cisbp.ccbr.utoronto.ca/TFreport.php?versionNumber=2.00&searchTF=T230344_2.00

MOTIF M02231_2.00 SNAPOd2T00006620001

letter-probability matrix: alength= 4 w= 8 nsites= 1 E= 0
  0.207215	  0.306053	  0.171358	  0.315374	
  0.090096	  0.018744	  0.001464	  0.889696	
  0.816181	  0.077838	  0.060621	  0.045360	
  0.985399	  0.000872	  0.002673	  0.011057	
  0.012063	  0.044707	  0.027116	  0.916113	
  0.110602	  0.058905	  0.083591	  0.746902	
  0.380207	  0.035899	  0.483338	  0.100556	
  0.288584	  0.199335	  0.335287	  0.176794	

URL http://cisbp.ccbr.utoronto.ca/TFreport.php?versionNumber=2.00&searchTF=T230345_2.00

MOTIF M02407_2.00 (SNAPOd2T00021181001)_(Drosophila_melanogaster)_(DBD_0.71)

letter-probability matrix: alength= 4 w= 8 nsites= 1 E= 0
  0.682505	  0.000244	  0.317008	  0.000244	
  0.692036	  0.000154	  0.307657	  0.000154	
  0.000143	  0.000143	  0.999572	  0.000143	
  0.000143	  0.000143	  0.999572	  0.000143	
  0.000143	  0.014420	  0.000143	  0.985294	
  0.000143	  0.999572	  0.000143	  0.000143	
  0.861162	  0.000154	  0.138530	  0.000154	
  0.229184	  0.291632	  0.104288	  0.374896	

URL http://cisbp.ccbr.utoronto.ca/TFreport.php?versionNumber=2.00&searchTF=T307234_2.00

MOTIF M02422_2.00 (SNAPOd2T00015572001)_(Brugia_pahangi)_(DBD_0.71)

letter-probability matrix: alength= 4 w= 8 nsites= 1 E= 0
  0.277757	  0.222243	  0.259252	  0.240748	
  0.587331	  0.000125	  0.412419	  0.000125	
  0.000107	  0.000107	  0.999678	  0.000107	
  0.000107	  0.000107	  0.999678	  0.000107	
  0.000107	  0.000107	  0.000107	  0.999678	
  0.000107	  0.999678	  0.000107	  0.000107	
  0.988929	  0.000107	  0.010856	  0.000107	
  0.338407	  0.276907	  0.138530	  0.246156	

URL http://cisbp.ccbr.utoronto.ca/TFreport.php?versionNumber=2.00&searchTF=T307233_2.00

MOTIF M02486_2.00 (SNAPOd2T00002710001)_(Arabidopsis_thaliana)_(DBD_0.29)

letter-probability matrix: alength= 4 w= 7 nsites= 1 E= 0
  0.240152	  0.206700	  0.235396	  0.317752	
  0.316441	  0.197776	  0.207917	  0.277866	
  0.348064	  0.230993	  0.178107	  0.242836	
  0.281022	  0.168752	  0.167073	  0.383152	
  0.176275	  0.412420	  0.066823	  0.344482	
  0.478649	  0.076782	  0.441849	  0.002721	
  0.255694	  0.168003	  0.260859	  0.315444	

URL http://cisbp.ccbr.utoronto.ca/TFreport.php?versionNumber=2.00&searchTF=T335044_2.00

MOTIF M02525_2.00 (SNAPOd2T00024833001)_(Brachypodium_distachyon)_(DBD_0.65)

letter-probability matrix: alength= 4 w= 10 nsites= 1 E= 0
  0.293063	  0.270264	  0.198080	  0.238592	
  0.457419	  0.143313	  0.276857	  0.122411	
  0.061314	  0.124657	  0.058139	  0.755890	
  0.106775	  0.160207	  0.133014	  0.600005	
  0.056248	  0.329219	  0.105540	  0.508994	
  0.508994	  0.105540	  0.329219	  0.056248	
  0.600005	  0.133014	  0.160207	  0.106775	
  0.755890	  0.058139	  0.124657	  0.061314	
  0.122411	  0.276857	  0.143313	  0.457419	
  0.238592	  0.198080	  0.270264	  0.293063	

URL http://cisbp.ccbr.utoronto.ca/TFreport.php?versionNumber=2.00&searchTF=T346193_2.00

MOTIF M02680_2.00 (SNAPOd2T00012792001)_(Homo_sapiens)_(DBD_0.92)

letter-probability matrix: alength= 4 w= 14 nsites= 1 E= 0
  0.037037	  0.370370	  0.259259	  0.333333	
  0.370370	  0.259259	  0.185185	  0.185185	
  0.629630	  0.148148	  0.074074	  0.148148	
  0.464286	  0.178571	  0.178571	  0.178571	
  0.136364	  0.500000	  0.363636	  0.000000	
  0.259259	  0.000000	  0.740741	  0.000000	
  0.000000	  0.000000	  0.000000	  1.000000	
  1.000000	  0.000000	  0.000000	  0.000000	
  1.000000	  0.000000	  0.000000	  0.000000	
  1.000000	  0.000000	  0.000000	  0.000000	
  0.000000	  0.925926	  0.000000	  0.074074	
  1.000000	  0.000000	  0.000000	  0.000000	
  0.592593	  0.148148	  0.074074	  0.185185	
  0.259259	  0.148148	  0.222222	  0.370370	

URL http://cisbp.ccbr.utoronto.ca/TFreport.php?versionNumber=2.00&searchTF=T189648_2.00

MOTIF M02698_2.00 (SNAPOd2T00000694001)_(Arabidopsis_thaliana)_(DBD_0.86)

letter-probability matrix: alength= 4 w= 11 nsites= 1 E= 0
  0.140000	  0.450000	  0.230000	  0.180000	
  0.160000	  0.270000	  0.550000	  0.020000	
  0.000000	  0.919192	  0.040404	  0.040404	
  0.000000	  0.050000	  0.930000	  0.020000	
  0.040404	  0.939394	  0.000000	  0.020202	
  0.040404	  0.020202	  0.020202	  0.919192	
  0.080808	  0.000000	  0.858586	  0.060606	
  0.960000	  0.000000	  0.020000	  0.020000	
  0.040000	  0.040000	  0.920000	  0.000000	
  0.020000	  0.550000	  0.260000	  0.170000	
  0.151515	  0.323232	  0.242424	  0.282828	

