MEME version 5.5.8 (Fri May 2 15:43:49 2025 -0700)

ALPHABET= ACGT

strands: + -

Background letter frequencies (from uniform background):
A 0.25000 C 0.25000 G 0.25000 T 0.25000 

MOTIF M01567_2.00 (M896_041950)_(Saccharomyces_cerevisiae)_(DBD_0.80)

letter-probability matrix: alength= 4 w= 7 nsites= 1 E= 0
  0.315311	  0.189343	  0.207174	  0.288172	
  0.345705	  0.141966	  0.211788	  0.300541	
  0.271982	  0.110580	  0.155359	  0.462079	
  0.583542	  0.000869	  0.110954	  0.304636	
  0.219565	  0.006434	  0.188981	  0.585020	
  0.934996	  0.000354	  0.051964	  0.012687	
  0.422777	  0.000471	  0.095282	  0.481470	

URL http://cisbp.ccbr.utoronto.ca/TFreport.php?versionNumber=2.00&searchTF=T342683_2.00

MOTIF M01987_2.00 (M896_121210)_(Strongylocentrotus_purpuratus)_(DBD_0.55)

letter-probability matrix: alength= 4 w= 9 nsites= 1 E= 0
  0.233668	  0.224506	  0.348592	  0.193234	
  0.280037	  0.209542	  0.191507	  0.318914	
  0.404308	  0.290666	  0.110187	  0.194839	
  0.447462	  0.238314	  0.104961	  0.209263	
  0.768976	  0.018266	  0.173306	  0.039451	
  0.016176	  0.708777	  0.031930	  0.243117	
  0.578790	  0.107871	  0.169176	  0.144162	
  0.340778	  0.228430	  0.226157	  0.204635	
  0.301280	  0.239377	  0.210196	  0.249146	

URL http://cisbp.ccbr.utoronto.ca/TFreport.php?versionNumber=2.00&searchTF=T188017_2.00

MOTIF M02053_2.00 (M896_041420)_(Encephalitozoon_cuniculi)_(DBD_0.70)

letter-probability matrix: alength= 4 w= 8 nsites= 1 E= 0
  0.131703	  0.157992	  0.052839	  0.657466	
  0.080136	  0.020184	  0.000200	  0.899480	
  0.905166	  0.000189	  0.000189	  0.094457	
  0.942873	  0.000189	  0.000189	  0.056750	
  0.056750	  0.019042	  0.000189	  0.924020	
  0.057840	  0.019408	  0.019408	  0.903344	
  0.890747	  0.000217	  0.108818	  0.000217	
  0.069215	  0.413567	  0.206956	  0.310262	

URL http://cisbp.ccbr.utoronto.ca/TFreport.php?versionNumber=2.00&searchTF=T220379_2.00

MOTIF M02055_2.00 (M896_030550)_(Encephalitozoon_cuniculi)_(DBD_0.93)

letter-probability matrix: alength= 4 w= 9 nsites= 1 E= 0
  0.259454	  0.234764	  0.210309	  0.295473	
  0.174519	  0.228614	  0.282036	  0.314831	
  0.058202	  0.248121	  0.089471	  0.604206	
  0.740913	  0.151091	  0.033713	  0.074283	
  0.897687	  0.051926	  0.014877	  0.035510	
  0.000090	  0.021879	  0.000025	  0.978006	
  0.271104	  0.088456	  0.049033	  0.591406	
  0.383479	  0.034788	  0.026557	  0.555176	
  0.666246	  0.107949	  0.156282	  0.069523	

URL http://cisbp.ccbr.utoronto.ca/TFreport.php?versionNumber=2.00&searchTF=T220377_2.00

MOTIF M07938_2.00 (M896_021310)_(Homo_sapiens)_(DBD_0.51)

letter-probability matrix: alength= 4 w= 15 nsites= 1 E= 0
  0.258000	  0.334000	  0.360000	  0.048000	
  0.302000	  0.108000	  0.560000	  0.030000	
  0.288000	  0.134000	  0.552000	  0.026000	
  0.288000	  0.342000	  0.370000	  0.000000	
  0.406000	  0.154000	  0.276000	  0.164000	
  0.224000	  0.078000	  0.628000	  0.070000	
  0.226000	  0.368000	  0.404000	  0.002000	
  0.006000	  0.000000	  0.994000	  0.000000	
  0.036000	  0.964000	  0.000000	  0.000000	
  0.018000	  0.000000	  0.982000	  0.000000	
  0.006000	  0.684000	  0.310000	  0.000000	
  0.000000	  0.198000	  0.802000	  0.000000	
  0.252000	  0.616000	  0.104000	  0.028000	
  0.274000	  0.106000	  0.458000	  0.162000	
  0.062000	  0.292000	  0.562000	  0.084000	

URL http://cisbp.ccbr.utoronto.ca/TFreport.php?versionNumber=2.00&searchTF=T173244_2.00

