MEME version 5.5.8 (Fri May 2 15:43:49 2025 -0700)

ALPHABET= ACGT

strands: + -

Background letter frequencies (from uniform background):
A 0.25000 C 0.25000 G 0.25000 T 0.25000 

MOTIF M00719_2.00 (OLONG_008836)_(Arabidopsis_thaliana)_(DBD_0.86)

letter-probability matrix: alength= 4 w= 8 nsites= 1 E= 0
  0.253340	  0.238587	  0.213734	  0.294339	
  0.238515	  0.217986	  0.263600	  0.279900	
  0.216235	  0.071978	  0.581939	  0.129848	
  0.114251	  0.501900	  0.244301	  0.139547	
  0.009576	  0.664640	  0.002269	  0.323515	
  0.203540	  0.004463	  0.777326	  0.014671	
  0.148179	  0.326497	  0.281018	  0.244306	
  0.239004	  0.346014	  0.225085	  0.189897	

URL http://cisbp.ccbr.utoronto.ca/TFreport.php?versionNumber=2.00&searchTF=T003347_2.00

MOTIF M00724_2.00 (OLONG_004360)_(Arabidopsis_thaliana)_(DBD_0.76)

letter-probability matrix: alength= 4 w= 9 nsites= 1 E= 0
  0.232541	  0.284026	  0.175751	  0.307682	
  0.381584	  0.203229	  0.197222	  0.217964	
  0.225202	  0.191904	  0.458058	  0.124835	
  0.478098	  0.000472	  0.411503	  0.109927	
  0.180610	  0.007436	  0.079546	  0.732408	
  0.441083	  0.046957	  0.204227	  0.307733	
  0.181090	  0.613385	  0.128894	  0.076630	
  0.602456	  0.101597	  0.186983	  0.108964	
  0.143308	  0.180368	  0.258526	  0.417798	

URL http://cisbp.ccbr.utoronto.ca/TFreport.php?versionNumber=2.00&searchTF=T175135_2.00

MOTIF M00845_2.00 (OLONG_021321)_(Arabidopsis_thaliana)_(DBD_0.95)

letter-probability matrix: alength= 4 w= 8 nsites= 1 E= 0
  0.000831	  0.000831	  0.250000	  0.748339	
  0.614264	  0.154141	  0.230828	  0.000767	
  0.000712	  0.784188	  0.214387	  0.000712	
  0.000712	  0.000712	  0.855413	  0.143162	
  0.690951	  0.000767	  0.307515	  0.000767	
  0.000767	  0.000767	  0.921012	  0.077454	
  0.000767	  0.000767	  0.997699	  0.000767	
  0.272645	  0.000906	  0.182065	  0.544384	

URL http://cisbp.ccbr.utoronto.ca/TFreport.php?versionNumber=2.00&searchTF=T003363_2.00

MOTIF M00852_2.00 (OLONG_019459)_(Arabidopsis_thaliana)_(DBD_0.90)

letter-probability matrix: alength= 4 w= 8 nsites= 1 E= 0
  0.214109	  0.272186	  0.209869	  0.303835	
  0.028040	  0.085083	  0.334832	  0.552045	
  0.029468	  0.061149	  0.882985	  0.026399	
  0.000039	  0.183899	  0.008202	  0.807860	
  0.110608	  0.636503	  0.087882	  0.165007	
  0.091509	  0.246272	  0.418399	  0.243821	
  0.168399	  0.288973	  0.367357	  0.175271	
  0.221967	  0.293692	  0.257889	  0.226451	

URL http://cisbp.ccbr.utoronto.ca/TFreport.php?versionNumber=2.00&searchTF=T020172_2.00

MOTIF M00873_2.00 (OLONG_002370)_(Arabidopsis_thaliana)_(DBD_0.92)

letter-probability matrix: alength= 4 w= 10 nsites= 1 E= 0
  0.226420	  0.226420	  0.320739	  0.226420	
  0.528872	  0.125806	  0.125806	  0.219517	
  0.999768	  0.000077	  0.000077	  0.000077	
  0.000077	  0.000077	  0.999768	  0.000077	
  0.999768	  0.000077	  0.000077	  0.000077	
  0.000077	  0.000077	  0.000077	  0.999768	
  0.402884	  0.201777	  0.000077	  0.395261	
  0.000077	  0.798068	  0.000077	  0.201777	
  0.023657	  0.023657	  0.724305	  0.228381	
  0.124272	  0.330831	  0.420625	  0.124272	

URL http://cisbp.ccbr.utoronto.ca/TFreport.php?versionNumber=2.00&searchTF=T275863_2.00

MOTIF M00880_2.00 (OLONG_014459)_(Arabidopsis_thaliana)_(DBD_0.73)

letter-probability matrix: alength= 4 w= 8 nsites= 1 E= 0
  0.335304	  0.164850	  0.205416	  0.294429	
  0.252828	  0.191083	  0.200880	  0.355209	
  0.147292	  0.162783	  0.154844	  0.535081	
  0.205882	  0.218613	  0.135274	  0.440232	
  0.609328	  0.009137	  0.242829	  0.138706	
  0.158645	  0.689986	  0.007820	  0.143548	
  0.179150	  0.357175	  0.214482	  0.249193	
  0.188311	  0.214454	  0.410796	  0.186438	

URL http://cisbp.ccbr.utoronto.ca/TFreport.php?versionNumber=2.00&searchTF=T275948_2.00

MOTIF M00883_2.00 (OLONG_004480)_(Arabidopsis_thaliana)_(DBD_0.80)

letter-probability matrix: alength= 4 w= 10 nsites= 1 E= 0
  0.204715	  0.204715	  0.204715	  0.385854	
  0.100337	  0.100337	  0.381117	  0.418209	
  0.999371	  0.000210	  0.000210	  0.000210	
  0.000210	  0.999371	  0.000210	  0.000210	
  0.000210	  0.999371	  0.000210	  0.000210	
  0.000210	  0.000210	  0.000210	  0.999371	
  0.999371	  0.000210	  0.000210	  0.000210	
  0.999371	  0.000210	  0.000210	  0.000210	
  0.045494	  0.460182	  0.045494	  0.448829	
  0.236945	  0.237675	  0.149873	  0.375508	

URL http://cisbp.ccbr.utoronto.ca/TFreport.php?versionNumber=2.00&searchTF=T275876_2.00

MOTIF M00890_2.00 (OLONG_018621)_(Arabidopsis_thaliana)_(DBD_0.98)

letter-probability matrix: alength= 4 w= 8 nsites= 1 E= 0
  0.795635	  0.001984	  0.001984	  0.200397	
  0.996681	  0.001106	  0.001106	  0.001106	
  0.001106	  0.001106	  0.001106	  0.996681	
  0.664823	  0.111726	  0.111726	  0.111726	
  0.775442	  0.001106	  0.001106	  0.222345	
  0.111726	  0.001106	  0.001106	  0.886062	
  0.554204	  0.111726	  0.001106	  0.332965	
  0.996269	  0.001244	  0.001244	  0.001244	

URL http://cisbp.ccbr.utoronto.ca/TFreport.php?versionNumber=2.00&searchTF=T331622_2.00

MOTIF M00898_2.00 (OLONG_006842)_(Arabidopsis_thaliana)_(DBD_0.97)

letter-probability matrix: alength= 4 w= 11 nsites= 1 E= 0
  0.227799	  0.316602	  0.227799	  0.227799	
  0.304548	  0.391205	  0.106861	  0.197385	
  0.200497	  0.022592	  0.754320	  0.022592	
  0.000231	  0.000231	  0.999306	  0.000231	
  0.000231	  0.000231	  0.000231	  0.999306	
  0.000231	  0.999306	  0.000231	  0.000231	
  0.999306	  0.000231	  0.000231	  0.000231	
  0.999306	  0.000231	  0.000231	  0.000231	
  0.114025	  0.841111	  0.022432	  0.022432	
  0.143370	  0.143370	  0.465072	  0.248188	
  0.317081	  0.227640	  0.227640	  0.227640	

URL http://cisbp.ccbr.utoronto.ca/TFreport.php?versionNumber=2.00&searchTF=T353645_2.00

MOTIF M00901_2.00 (OLONG_002978)_(Arabidopsis_thaliana)_(DBD_0.57)

letter-probability matrix: alength= 4 w= 11 nsites= 1 E= 0
  0.228599	  0.228599	  0.314204	  0.228599	
  0.214045	  0.234090	  0.222723	  0.329143	
  0.301191	  0.023278	  0.652253	  0.023278	
  0.000162	  0.000162	  0.999515	  0.000162	
  0.000162	  0.000162	  0.000162	  0.999515	
  0.000162	  0.999515	  0.000162	  0.000162	
  0.999515	  0.000162	  0.000162	  0.000162	
  0.999515	  0.000162	  0.000162	  0.000162	
  0.104888	  0.851987	  0.021563	  0.021563	
  0.123588	  0.206913	  0.455315	  0.214184	
  0.226884	  0.319349	  0.226884	  0.226884	

URL http://cisbp.ccbr.utoronto.ca/TFreport.php?versionNumber=2.00&searchTF=T353630_2.00

MOTIF M00982_2.00 (OLONG_005396)_(Arabidopsis_thaliana)_(DBD_0.72)

letter-probability matrix: alength= 4 w= 8 nsites= 1 E= 0
  0.250000	  0.261358	  0.204566	  0.284075	
  0.401527	  0.007950	  0.582572	  0.007950	
  0.000061	  0.000061	  0.993683	  0.006195	
  0.000061	  0.006195	  0.000061	  0.993683	
  0.006195	  0.993683	  0.000061	  0.000061	
  0.987549	  0.000061	  0.000061	  0.012328	
  0.886497	  0.000067	  0.100040	  0.013396	
  0.280691	  0.377148	  0.149158	  0.193002	

URL http://cisbp.ccbr.utoronto.ca/TFreport.php?versionNumber=2.00&searchTF=T353639_2.00

MOTIF M01050_2.00 (OLONG_020978)_(Arabidopsis_thaliana)_(DBD_0.82)

letter-probability matrix: alength= 4 w= 8 nsites= 1 E= 0
  0.081770	  0.754690	  0.081770	  0.081770	
  0.015771	  0.000156	  0.983916	  0.000156	
  0.000156	  0.890225	  0.109463	  0.000156	
  0.000156	  0.968301	  0.031387	  0.000156	
  0.000156	  0.015771	  0.983916	  0.000156	
  0.062617	  0.843379	  0.062617	  0.031387	
  0.125089	  0.803176	  0.018023	  0.053712	
  0.527469	  0.055771	  0.305494	  0.111265	

URL http://cisbp.ccbr.utoronto.ca/TFreport.php?versionNumber=2.00&searchTF=T003362_2.00

MOTIF M01052_2.00 (OLONG_022349)_(Arabidopsis_thaliana)_(DBD_0.96)

letter-probability matrix: alength= 4 w= 10 nsites= 1 E= 0
  0.304312	  0.231896	  0.231896	  0.231896	
  0.299252	  0.134777	  0.359742	  0.206229	
  0.000039	  0.999882	  0.000039	  0.000039	
  0.999882	  0.000039	  0.000039	  0.000039	
  0.000039	  0.999882	  0.000039	  0.000039	
  0.000039	  0.000039	  0.999882	  0.000039	
  0.000039	  0.000039	  0.000039	  0.999882	
  0.000039	  0.000039	  0.999882	  0.000039	
  0.090411	  0.808940	  0.082505	  0.018143	
  0.212500	  0.338255	  0.237241	  0.212004	

URL http://cisbp.ccbr.utoronto.ca/TFreport.php?versionNumber=2.00&searchTF=T042434_2.00

MOTIF M01064_2.00 (OLONG_002512)_(Arabidopsis_thaliana)_(DBD_0.61)

letter-probability matrix: alength= 4 w= 8 nsites= 1 E= 0
  0.143466	  0.001420	  0.001420	  0.853693	
  0.001106	  0.001106	  0.996681	  0.001106	
  0.996681	  0.001106	  0.001106	  0.001106	
  0.001106	  0.996681	  0.001106	  0.001106	
  0.498756	  0.001244	  0.498756	  0.001244	
  0.001244	  0.001244	  0.374378	  0.623134	
  0.001244	  0.747512	  0.250000	  0.001244	
  0.167219	  0.001656	  0.001656	  0.829470	

URL http://cisbp.ccbr.utoronto.ca/TFreport.php?versionNumber=2.00&searchTF=T221495_2.00

MOTIF M01078_2.00 (OLONG_007893)_(Arabidopsis_thaliana)_(DBD_0.89)

letter-probability matrix: alength= 4 w= 10 nsites= 1 E= 0
  0.194581	  0.387940	  0.244900	  0.172578	
  0.116234	  0.224888	  0.028951	  0.629927	
  0.131798	  0.102644	  0.092877	  0.672681	
  0.961631	  0.003891	  0.014420	  0.020058	
  0.017926	  0.036099	  0.014973	  0.931002	
  0.023071	  0.933172	  0.015008	  0.028749	
  0.043208	  0.636520	  0.069132	  0.251141	
  0.412024	  0.101604	  0.281767	  0.204605	
  0.245250	  0.233289	  0.221912	  0.299549	
  0.368215	  0.162173	  0.158962	  0.310650	

URL http://cisbp.ccbr.utoronto.ca/TFreport.php?versionNumber=2.00&searchTF=T275901_2.00

MOTIF M01090_2.00 (OLONG_010067)_(Arabidopsis_thaliana)_(DBD_0.71)

letter-probability matrix: alength= 4 w= 9 nsites= 1 E= 0
  0.426335	  0.115034	  0.401507	  0.057124	
  0.007902	  0.000086	  0.979618	  0.012393	
  0.000409	  0.000393	  0.001266	  0.997932	
  0.045912	  0.950250	  0.001386	  0.002452	
  0.895975	  0.055585	  0.009659	  0.038780	
  0.895657	  0.007520	  0.075759	  0.021064	
  0.084755	  0.706102	  0.056247	  0.152896	
  0.136430	  0.193603	  0.485806	  0.184161	
  0.204341	  0.314124	  0.262378	  0.219157	

URL http://cisbp.ccbr.utoronto.ca/TFreport.php?versionNumber=2.00&searchTF=T353655_2.00

MOTIF M01097_2.00 (OLONG_014228)_(Cannabis_sativa)_(DBD_0.92)

letter-probability matrix: alength= 4 w= 9 nsites= 1 E= 0
  0.138239	  0.346882	  0.272867	  0.242011	
  0.190987	  0.534968	  0.166036	  0.108008	
  0.608475	  0.002140	  0.384120	  0.005264	
  0.000376	  0.993425	  0.005059	  0.001140	
  0.000934	  0.994484	  0.000044	  0.004537	
  0.010438	  0.001546	  0.977987	  0.010029	
  0.441186	  0.411359	  0.042926	  0.104529	
  0.075346	  0.790043	  0.031883	  0.102728	
  0.367281	  0.227267	  0.086153	  0.319299	

URL http://cisbp.ccbr.utoronto.ca/TFreport.php?versionNumber=2.00&searchTF=T003354_2.00

MOTIF M01100_2.00 (OLONG_021733)_(Cannabis_sativa)_(DBD_0.90)

letter-probability matrix: alength= 4 w= 10 nsites= 1 E= 0
  0.168379	  0.360042	  0.313005	  0.158574	
  0.208224	  0.607051	  0.086368	  0.098358	
  0.026595	  0.000012	  0.973348	  0.000045	
  0.015846	  0.937230	  0.021822	  0.025102	
  0.104784	  0.864284	  0.010195	  0.020737	
  0.045248	  0.024341	  0.908823	  0.021588	
  0.135226	  0.453478	  0.104266	  0.307030	
  0.217682	  0.603673	  0.045288	  0.133357	
  0.485314	  0.140442	  0.158348	  0.215896	
  0.271832	  0.191557	  0.173328	  0.363284	

URL http://cisbp.ccbr.utoronto.ca/TFreport.php?versionNumber=2.00&searchTF=T003366_2.00

MOTIF M01122_2.00 (OLONG_001206)_(Cannabis_sativa)_(DBD_0.94)

letter-probability matrix: alength= 4 w= 8 nsites= 1 E= 0
  0.167219	  0.498344	  0.167219	  0.167219	
  0.000996	  0.997012	  0.000996	  0.000996	
  0.997012	  0.000996	  0.000996	  0.000996	
  0.000996	  0.997012	  0.000996	  0.000996	
  0.000996	  0.000996	  0.997012	  0.000996	
  0.000996	  0.000996	  0.000996	  0.997012	
  0.000996	  0.000996	  0.997012	  0.000996	
  0.125622	  0.747512	  0.125622	  0.001244	

URL http://cisbp.ccbr.utoronto.ca/TFreport.php?versionNumber=2.00&searchTF=T042366_2.00

MOTIF M01123_2.00 (OLONG_004075)_(Cannabis_sativa)_(DBD_0.94)

letter-probability matrix: alength= 4 w= 8 nsites= 1 E= 0
  0.235329	  0.294014	  0.059272	  0.411385	
  0.000434	  0.998698	  0.000434	  0.000434	
  0.998698	  0.000434	  0.000434	  0.000434	
  0.000434	  0.998698	  0.000434	  0.000434	
  0.000434	  0.000434	  0.998698	  0.000434	
  0.000434	  0.000434	  0.000434	  0.998698	
  0.000434	  0.000434	  0.998698	  0.000434	
  0.067154	  0.532580	  0.200133	  0.200133	

URL http://cisbp.ccbr.utoronto.ca/TFreport.php?versionNumber=2.00&searchTF=T042378_2.00

MOTIF M01127_2.00 (OLONG_011820)_(Cannabis_sativa)_(DBD_0.98)

letter-probability matrix: alength= 4 w= 10 nsites= 1 E= 0
  0.307877	  0.270817	  0.210653	  0.210653	
  0.456249	  0.117218	  0.309315	  0.117218	
  0.000009	  0.999974	  0.000009	  0.000009	
  0.999974	  0.000009	  0.000009	  0.000009	
  0.000009	  0.999974	  0.000009	  0.000009	
  0.000009	  0.000009	  0.999974	  0.000009	
  0.000009	  0.000009	  0.000009	  0.999974	
  0.000009	  0.000009	  0.999974	  0.000009	
  0.039356	  0.743386	  0.096901	  0.120357	
  0.226376	  0.281883	  0.253279	  0.238462	

URL http://cisbp.ccbr.utoronto.ca/TFreport.php?versionNumber=2.00&searchTF=T042404_2.00

MOTIF M01153_2.00 (OLONG_008214)_(Cannabis_sativa)_(DBD_1.00)

letter-probability matrix: alength= 4 w= 11 nsites= 1 E= 0
  0.226355	  0.226355	  0.320934	  0.226355	
  0.186077	  0.260466	  0.186077	  0.367379	
  0.086039	  0.163171	  0.664750	  0.086039	
  0.839964	  0.159736	  0.000150	  0.000150	
  0.000150	  0.922419	  0.000150	  0.077281	
  0.917250	  0.000150	  0.082451	  0.000150	
  0.077281	  0.000150	  0.922419	  0.000150	
  0.077281	  0.840118	  0.082451	  0.000150	
  0.023794	  0.023794	  0.106096	  0.846316	
  0.317097	  0.064073	  0.477626	  0.141204	
  0.246412	  0.164110	  0.281119	  0.308359	

URL http://cisbp.ccbr.utoronto.ca/TFreport.php?versionNumber=2.00&searchTF=T065644_2.00

MOTIF M01156_2.00 (OLONG_003667)_(Cannabis_sativa)_(DBD_0.78)

letter-probability matrix: alength= 4 w= 10 nsites= 1 E= 0
  0.185651	  0.213549	  0.285393	  0.315408	
  0.133202	  0.183436	  0.404181	  0.279182	
  0.363231	  0.495238	  0.105113	  0.036417	
  0.029585	  0.834874	  0.000269	  0.135271	
  0.937984	  0.000034	  0.061789	  0.000193	
  0.088378	  0.602820	  0.187095	  0.121707	
  0.146644	  0.194029	  0.560040	  0.099286	
  0.162411	  0.177706	  0.146956	  0.512926	
  0.246395	  0.269599	  0.286270	  0.197736	
  0.293459	  0.147192	  0.337558	  0.221791	

URL http://cisbp.ccbr.utoronto.ca/TFreport.php?versionNumber=2.00&searchTF=T065630_2.00

MOTIF M01160_2.00 (OLONG_021967)_(Cannabis_sativa)_(DBD_0.83)

letter-probability matrix: alength= 4 w= 10 nsites= 1 E= 0
  0.373896	  0.117211	  0.250630	  0.258263	
  0.132714	  0.167033	  0.272651	  0.427602	
  0.045729	  0.047596	  0.540634	  0.366040	
  0.268831	  0.716289	  0.014645	  0.000236	
  0.016751	  0.942443	  0.001614	  0.039192	
  0.960392	  0.000777	  0.037613	  0.001218	
  0.052931	  0.787600	  0.100383	  0.059086	
  0.088521	  0.064279	  0.831506	  0.015693	
  0.050501	  0.049008	  0.027440	  0.873051	
  0.277511	  0.218298	  0.452985	  0.051206	

URL http://cisbp.ccbr.utoronto.ca/TFreport.php?versionNumber=2.00&searchTF=T065679_2.00

MOTIF M01163_2.00 (OLONG_001598)_(Cannabis_sativa)_(DBD_0.90)

letter-probability matrix: alength= 4 w= 8 nsites= 1 E= 0
  0.037352	  0.037352	  0.703033	  0.222263	
  0.743084	  0.205174	  0.000256	  0.051486	
  0.000244	  0.926170	  0.024610	  0.048977	
  0.999269	  0.000244	  0.000244	  0.000244	
  0.048977	  0.000244	  0.950536	  0.000244	
  0.000244	  0.950536	  0.000244	  0.048977	
  0.000270	  0.000270	  0.000270	  0.999190	
  0.185281	  0.111317	  0.666050	  0.037352	

URL http://cisbp.ccbr.utoronto.ca/TFreport.php?versionNumber=2.00&searchTF=T065621_2.00

MOTIF M01168_2.00 (OLONG_016061)_(Arabidopsis_thaliana)_(DBD_0.84)

letter-probability matrix: alength= 4 w= 7 nsites= 1 E= 0
  0.212045	  0.261595	  0.234346	  0.292013	
  0.233994	  0.288674	  0.205469	  0.271863	
  0.243988	  0.280653	  0.088865	  0.386495	
  0.648280	  0.001848	  0.285523	  0.064349	
  0.012052	  0.705706	  0.259615	  0.022628	
  0.160826	  0.041693	  0.000905	  0.796576	
  0.260991	  0.250758	  0.224637	  0.263614	

URL http://cisbp.ccbr.utoronto.ca/TFreport.php?versionNumber=2.00&searchTF=T124852_2.00

MOTIF M01238_2.00 (OLONG_016590)_(Arabidopsis_thaliana)_(DBD_0.70)

letter-probability matrix: alength= 4 w= 9 nsites= 1 E= 0
  0.250511	  0.219973	  0.258140	  0.271376	
  0.169952	  0.220416	  0.152249	  0.457382	
  0.117214	  0.071809	  0.667811	  0.143166	
  0.946665	  0.000679	  0.000567	  0.052089	
  0.098251	  0.711604	  0.000051	  0.190094	
  0.375280	  0.188231	  0.259219	  0.177270	
  0.147800	  0.173445	  0.356332	  0.322422	
  0.167061	  0.295409	  0.307465	  0.230065	
  0.220996	  0.241808	  0.194055	  0.343141	

URL http://cisbp.ccbr.utoronto.ca/TFreport.php?versionNumber=2.00&searchTF=T221519_2.00

MOTIF M01252_2.00 (OLONG_018774)_(Cannabis_sativa)_(DBD_0.84)

letter-probability matrix: alength= 4 w= 10 nsites= 1 E= 0
  0.253147	  0.215718	  0.189421	  0.341713	
  0.294580	  0.229419	  0.160060	  0.315940	
  0.258517	  0.220293	  0.150650	  0.370540	
  0.218917	  0.182855	  0.157384	  0.440844	
  0.292598	  0.167135	  0.145300	  0.394967	
  0.359756	  0.271898	  0.189697	  0.178650	
  0.272857	  0.295582	  0.221174	  0.210387	
  0.207409	  0.285629	  0.045363	  0.461598	
  0.248926	  0.087984	  0.476828	  0.186262	
  0.226411	  0.215369	  0.111314	  0.446907	

URL http://cisbp.ccbr.utoronto.ca/TFreport.php?versionNumber=2.00&searchTF=T221527_2.00

MOTIF M01254_2.00 (OLONG_001151)_(Cannabis_sativa)_(DBD_0.86)

letter-probability matrix: alength= 4 w= 10 nsites= 1 E= 0
  0.293897	  0.185532	  0.217724	  0.302847	
  0.223487	  0.175801	  0.310864	  0.289847	
  0.139416	  0.098245	  0.050778	  0.711561	
  0.025658	  0.028929	  0.929694	  0.015719	
  0.963786	  0.000254	  0.000055	  0.035905	
  0.020795	  0.929539	  0.001015	  0.048652	
  0.542693	  0.106330	  0.253799	  0.097178	
  0.091696	  0.094489	  0.496947	  0.316867	
  0.123305	  0.381710	  0.328541	  0.166444	
  0.222167	  0.209229	  0.159721	  0.408883	

URL http://cisbp.ccbr.utoronto.ca/TFreport.php?versionNumber=2.00&searchTF=T221488_2.00

MOTIF M01265_2.00 (OLONG_007248)_(Cannabis_sativa)_(DBD_0.77)

letter-probability matrix: alength= 4 w= 10 nsites= 1 E= 0
  0.298856	  0.190559	  0.273134	  0.237451	
  0.263680	  0.189566	  0.322060	  0.224694	
  0.222615	  0.098047	  0.569891	  0.109447	
  0.132029	  0.043079	  0.687474	  0.137418	
  0.114713	  0.044810	  0.001287	  0.839189	
  0.625097	  0.066547	  0.157261	  0.151095	
  0.790396	  0.056970	  0.093928	  0.058706	
  0.490868	  0.156989	  0.133777	  0.218366	
  0.379274	  0.096376	  0.088081	  0.436269	
  0.292930	  0.212711	  0.160763	  0.333597	

URL http://cisbp.ccbr.utoronto.ca/TFreport.php?versionNumber=2.00&searchTF=T249552_2.00

MOTIF M01266_2.00 (OLONG_013725)_(Arabidopsis_thaliana)_(DBD_0.89)

letter-probability matrix: alength= 4 w= 10 nsites= 1 E= 0
  0.190483	  0.350571	  0.281340	  0.177605	
  0.303260	  0.238553	  0.109354	  0.348832	
  0.343327	  0.061478	  0.056752	  0.538444	
  0.845275	  0.018721	  0.119064	  0.016940	
  0.851986	  0.024229	  0.028434	  0.095351	
  0.745830	  0.124524	  0.098938	  0.030707	
  0.043558	  0.775957	  0.007346	  0.173139	
  0.025942	  0.930638	  0.017217	  0.026203	
  0.090960	  0.518232	  0.070135	  0.320673	
  0.190934	  0.334262	  0.109063	  0.365741	

URL http://cisbp.ccbr.utoronto.ca/TFreport.php?versionNumber=2.00&searchTF=T275940_2.00

MOTIF M01268_2.00 (OLONG_000346)_(Arabidopsis_thaliana)_(DBD_0.85)

letter-probability matrix: alength= 4 w= 10 nsites= 1 E= 0
  0.301191	  0.195956	  0.306897	  0.195956	
  0.358547	  0.048843	  0.048843	  0.543768	
  0.806293	  0.000238	  0.094058	  0.099411	
  0.094058	  0.596188	  0.000238	  0.309517	
  0.905892	  0.000238	  0.000238	  0.093633	
  0.000238	  0.000238	  0.000238	  0.999287	
  0.200943	  0.000238	  0.093633	  0.705187	
  0.000238	  0.798582	  0.000238	  0.200943	
  0.147677	  0.260756	  0.054282	  0.537285	
  0.299771	  0.201395	  0.201395	  0.297439	

URL http://cisbp.ccbr.utoronto.ca/TFreport.php?versionNumber=2.00&searchTF=T275855_2.00

MOTIF M01270_2.00 (OLONG_007529)_(Arabidopsis_thaliana)_(DBD_0.89)

letter-probability matrix: alength= 4 w= 10 nsites= 1 E= 0
  0.389391	  0.161513	  0.203280	  0.245816	
  0.587979	  0.081182	  0.101159	  0.229681	
  0.048462	  0.037367	  0.518420	  0.395751	
  0.929705	  0.002085	  0.060635	  0.007575	
  0.037677	  0.000234	  0.000053	  0.962036	
  0.091380	  0.045378	  0.139076	  0.724167	
  0.000035	  0.988642	  0.000006	  0.011317	
  0.048310	  0.364177	  0.298163	  0.289351	
  0.212279	  0.310413	  0.223163	  0.254145	
  0.216516	  0.267111	  0.190122	  0.326251	

URL http://cisbp.ccbr.utoronto.ca/TFreport.php?versionNumber=2.00&searchTF=T275898_2.00

MOTIF M01277_2.00 (OLONG_001357)_(Cannabis_sativa)_(DBD_0.85)

letter-probability matrix: alength= 4 w= 9 nsites= 1 E= 0
  0.175885	  0.320484	  0.066675	  0.436956	
  0.926784	  0.029421	  0.035935	  0.007859	
  0.748924	  0.249295	  0.000886	  0.000895	
  0.001293	  0.960341	  0.012645	  0.025720	
  0.090301	  0.274005	  0.358936	  0.276758	
  0.285930	  0.071218	  0.553216	  0.089635	
  0.260789	  0.315359	  0.068286	  0.355566	
  0.246001	  0.389684	  0.086950	  0.277365	
  0.294736	  0.222757	  0.207697	  0.274810	

URL http://cisbp.ccbr.utoronto.ca/TFreport.php?versionNumber=2.00&searchTF=T275859_2.00

MOTIF M01278_2.00 (OLONG_004141)_(Cannabis_sativa)_(DBD_0.96)

letter-probability matrix: alength= 4 w= 9 nsites= 1 E= 0
  0.388551	  0.179904	  0.202841	  0.228703	
  0.081012	  0.008711	  0.816153	  0.094123	
  0.942664	  0.010899	  0.028466	  0.017970	
  0.013140	  0.011310	  0.007140	  0.968411	
  0.350195	  0.239485	  0.080519	  0.329801	
  0.110938	  0.468236	  0.077399	  0.343427	
  0.203757	  0.157107	  0.427062	  0.212073	
  0.228436	  0.270766	  0.265405	  0.235393	
  0.239389	  0.249159	  0.188310	  0.323142	

URL http://cisbp.ccbr.utoronto.ca/TFreport.php?versionNumber=2.00&searchTF=T275874_2.00

MOTIF M01279_2.00 (OLONG_011886)_(Cannabis_sativa)_(DBD_0.83)

letter-probability matrix: alength= 4 w= 10 nsites= 1 E= 0
  0.138518	  0.287436	  0.085713	  0.488334	
  0.985369	  0.000224	  0.012466	  0.001941	
  0.926257	  0.058041	  0.007108	  0.008595	
  0.003541	  0.986708	  0.000504	  0.009248	
  0.035960	  0.080834	  0.798228	  0.084978	
  0.112592	  0.024138	  0.701888	  0.161382	
  0.213897	  0.266532	  0.113920	  0.405651	
  0.288297	  0.312308	  0.108201	  0.291194	
  0.363881	  0.216335	  0.180698	  0.239087	
  0.265702	  0.228692	  0.209009	  0.296597	

URL http://cisbp.ccbr.utoronto.ca/TFreport.php?versionNumber=2.00&searchTF=T275933_2.00

MOTIF M01281_2.00 (OLONG_005336)_(Cannabis_sativa)_(DBD_0.89)

letter-probability matrix: alength= 4 w= 8 nsites= 1 E= 0
  0.150067	  0.483178	  0.050133	  0.316622	
  0.999663	  0.000112	  0.000112	  0.000112	
  0.123763	  0.845115	  0.010408	  0.020713	
  0.000101	  0.979503	  0.000101	  0.020295	
  0.282815	  0.070779	  0.000101	  0.646305	
  0.999697	  0.000101	  0.000101	  0.000101	
  0.260412	  0.739379	  0.000104	  0.000104	
  0.054901	  0.616238	  0.013828	  0.315033	

URL http://cisbp.ccbr.utoronto.ca/TFreport.php?versionNumber=2.00&searchTF=T275887_2.00

MOTIF M01283_2.00 (OLONG_004539)_(Cannabis_sativa)_(DBD_0.81)

letter-probability matrix: alength= 4 w= 10 nsites= 1 E= 0
  0.384152	  0.148567	  0.196574	  0.270707	
  0.558330	  0.069058	  0.063114	  0.309497	
  0.269366	  0.349349	  0.098108	  0.283177	
  0.960051	  0.005089	  0.020025	  0.014835	
  0.027536	  0.012623	  0.010756	  0.949085	
  0.070529	  0.028963	  0.032656	  0.867852	
  0.041568	  0.904445	  0.014840	  0.039147	
  0.032252	  0.417203	  0.137493	  0.413052	
  0.243880	  0.286196	  0.197685	  0.272238	
  0.180086	  0.274084	  0.164587	  0.381243	

URL http://cisbp.ccbr.utoronto.ca/TFreport.php?versionNumber=2.00&searchTF=T275879_2.00

MOTIF M01293_2.00 (OLONG_021085)_(Cannabis_sativa)_(DBD_0.75)

letter-probability matrix: alength= 4 w= 8 nsites= 1 E= 0
  0.971154	  0.009615	  0.009615	  0.009615	
  0.971154	  0.009615	  0.009615	  0.009615	
  0.009615	  0.009615	  0.009615	  0.971154	
  0.009615	  0.009615	  0.009615	  0.971154	
  0.009615	  0.009615	  0.009615	  0.971154	
  0.971154	  0.009615	  0.009615	  0.009615	
  0.009615	  0.009615	  0.009615	  0.971154	
  0.009615	  0.009615	  0.009615	  0.971154	

URL http://cisbp.ccbr.utoronto.ca/TFreport.php?versionNumber=2.00&searchTF=T294301_2.00

MOTIF M01312_2.00 (OLONG_002570)_(Oryza_sativa)_(DBD_1.00)

letter-probability matrix: alength= 4 w= 10 nsites= 1 E= 0
  0.000000	  0.000000	  0.999930	  0.000069	
  0.000000	  0.000008	  0.999063	  0.000929	
  0.084087	  0.308541	  0.518974	  0.088398	
  0.000280	  0.998623	  0.000986	  0.000110	
  0.000001	  0.999999	  0.000000	  0.000000	
  0.041487	  0.958511	  0.000000	  0.000002	
  0.037730	  0.953789	  0.000787	  0.007694	
  0.153284	  0.839071	  0.004147	  0.003498	
  0.143211	  0.648277	  0.013254	  0.195257	
  0.385524	  0.405290	  0.119654	  0.089533	

URL http://cisbp.ccbr.utoronto.ca/TFreport.php?versionNumber=2.00&searchTF=T344108_2.00

MOTIF M01317_2.00 (OLONG_019922)_(Cannabis_sativa)_(DBD_0.37)

letter-probability matrix: alength= 4 w= 9 nsites= 1 E= 0
  0.095936	  0.137508	  0.489647	  0.276908	
  0.017603	  0.004473	  0.923429	  0.054494	
  0.057932	  0.020071	  0.915316	  0.006681	
  0.134742	  0.207133	  0.568704	  0.089421	
  0.053094	  0.881895	  0.011382	  0.053628	
  0.008189	  0.975404	  0.004067	  0.012340	
  0.000083	  0.989338	  0.000020	  0.010560	
  0.886086	  0.034357	  0.073465	  0.006091	
  0.001349	  0.870589	  0.062751	  0.065312	

URL http://cisbp.ccbr.utoronto.ca/TFreport.php?versionNumber=2.00&searchTF=T344110_2.00

MOTIF M01324_2.00 (OLONG_009771)_(Cannabis_sativa)_(DBD_0.84)

letter-probability matrix: alength= 4 w= 9 nsites= 1 E= 0
  0.263074	  0.231004	  0.242848	  0.263074	
  0.220573	  0.264074	  0.220573	  0.294780	
  0.384531	  0.103754	  0.451252	  0.060463	
  0.004332	  0.001181	  0.894390	  0.100097	
  0.008620	  0.002596	  0.002349	  0.986434	
  0.034161	  0.963991	  0.000060	  0.001788	
  0.725897	  0.132609	  0.035072	  0.106422	
  0.622335	  0.047157	  0.201035	  0.129474	
  0.314929	  0.408441	  0.121796	  0.154833	

URL http://cisbp.ccbr.utoronto.ca/TFreport.php?versionNumber=2.00&searchTF=T353654_2.00

MOTIF M01325_2.00 (OLONG_016272)_(Cannabis_sativa)_(DBD_0.78)

letter-probability matrix: alength= 4 w= 8 nsites= 1 E= 0
  0.303533	  0.196467	  0.178622	  0.321378	
  0.392333	  0.012778	  0.594762	  0.000127	
  0.000101	  0.000101	  0.969406	  0.030392	
  0.020295	  0.000101	  0.030392	  0.949212	
  0.020295	  0.949212	  0.030392	  0.000101	
  0.999697	  0.000101	  0.000101	  0.000101	
  0.999684	  0.000105	  0.000105	  0.000105	
  0.434676	  0.376738	  0.058082	  0.130504	

URL http://cisbp.ccbr.utoronto.ca/TFreport.php?versionNumber=2.00&searchTF=T353668_2.00

MOTIF M01567_2.00 (OLONG_006902)_(Saccharomyces_cerevisiae)_(DBD_0.86)

letter-probability matrix: alength= 4 w= 7 nsites= 1 E= 0
  0.315311	  0.189343	  0.207174	  0.288172	
  0.345705	  0.141966	  0.211788	  0.300541	
  0.271982	  0.110580	  0.155359	  0.462079	
  0.583542	  0.000869	  0.110954	  0.304636	
  0.219565	  0.006434	  0.188981	  0.585020	
  0.934996	  0.000354	  0.051964	  0.012687	
  0.422777	  0.000471	  0.095282	  0.481470	

URL http://cisbp.ccbr.utoronto.ca/TFreport.php?versionNumber=2.00&searchTF=T342760_2.00

MOTIF M01602_2.00 (OLONG_005597)_(Arabidopsis_thaliana)_(DBD_0.80)

letter-probability matrix: alength= 4 w= 8 nsites= 1 E= 0
  0.346006	  0.461214	  0.192396	  0.000384	
  0.000250	  0.000250	  0.999251	  0.000250	
  0.000244	  0.999269	  0.000244	  0.000244	
  0.122076	  0.877437	  0.000244	  0.000244	
  0.024610	  0.000244	  0.974903	  0.000244	
  0.000244	  0.950536	  0.048977	  0.000244	
  0.000244	  0.999269	  0.000244	  0.000244	
  0.241391	  0.103650	  0.482438	  0.172521	

URL http://cisbp.ccbr.utoronto.ca/TFreport.php?versionNumber=2.00&searchTF=T003342_2.00

MOTIF M01603_2.00 (OLONG_004398)_(Arabidopsis_thaliana)_(DBD_0.96)

letter-probability matrix: alength= 4 w= 10 nsites= 1 E= 0
  0.248762	  0.390137	  0.266799	  0.094302	
  0.136992	  0.720483	  0.132943	  0.009582	
  0.384131	  0.000678	  0.614608	  0.000583	
  0.001029	  0.795182	  0.186526	  0.017263	
  0.001119	  0.955576	  0.000685	  0.042620	
  0.201865	  0.009185	  0.711658	  0.077293	
  0.164166	  0.679174	  0.079113	  0.077547	
  0.348470	  0.351972	  0.155019	  0.144539	
  0.253096	  0.163003	  0.425715	  0.158186	
  0.184070	  0.238726	  0.171626	  0.405579	

URL http://cisbp.ccbr.utoronto.ca/TFreport.php?versionNumber=2.00&searchTF=T003338_2.00

MOTIF M01605_2.00 (OLONG_017837)_(Arabidopsis_thaliana)_(DBD_0.83)

letter-probability matrix: alength= 4 w= 8 nsites= 1 E= 0
  0.219542	  0.097710	  0.682505	  0.000244	
  0.087833	  0.911816	  0.000175	  0.000175	
  0.874610	  0.015771	  0.109463	  0.000156	
  0.999532	  0.000156	  0.000156	  0.000156	
  0.000156	  0.999532	  0.000156	  0.000156	
  0.999532	  0.000156	  0.000156	  0.000156	
  0.000172	  0.000172	  0.241385	  0.758270	
  0.599650	  0.125125	  0.000250	  0.274975	

URL http://cisbp.ccbr.utoronto.ca/TFreport.php?versionNumber=2.00&searchTF=T003360_2.00

MOTIF M01622_2.00 (OLONG_003671)_(Arabidopsis_thaliana)_(DBD_0.80)

letter-probability matrix: alength= 4 w= 8 nsites= 1 E= 0
  0.043837	  0.477865	  0.347656	  0.130642	
  0.108261	  0.783207	  0.081263	  0.027268	
  0.000227	  0.000227	  0.999319	  0.000227	
  0.000227	  0.976612	  0.022934	  0.000227	
  0.000227	  0.999319	  0.000227	  0.000227	
  0.000227	  0.000227	  0.999319	  0.000227	
  0.022934	  0.931199	  0.000227	  0.045640	
  0.117803	  0.734724	  0.059048	  0.088425	

URL http://cisbp.ccbr.utoronto.ca/TFreport.php?versionNumber=2.00&searchTF=T003337_2.00

MOTIF M01630_2.00 (OLONG_005596)_(Arabidopsis_thaliana)_(DBD_0.85)

letter-probability matrix: alength= 4 w= 10 nsites= 1 E= 0
  0.193276	  0.300101	  0.279812	  0.226811	
  0.289447	  0.467767	  0.166996	  0.075790	
  0.033966	  0.013268	  0.939499	  0.013268	
  0.032073	  0.905066	  0.035802	  0.027059	
  0.097055	  0.850038	  0.020600	  0.032307	
  0.042649	  0.010412	  0.927966	  0.018973	
  0.129323	  0.591296	  0.130623	  0.148757	
  0.034651	  0.902636	  0.024418	  0.038295	
  0.383810	  0.175941	  0.239882	  0.200367	
  0.232502	  0.254398	  0.223385	  0.289715	

URL http://cisbp.ccbr.utoronto.ca/TFreport.php?versionNumber=2.00&searchTF=T003341_2.00

MOTIF M01634_2.00 (OLONG_013554)_(Oryza_sativa)_(DBD_1.00)

letter-probability matrix: alength= 4 w= 10 nsites= 1 E= 0
  0.228636	  0.247679	  0.252682	  0.271003	
  0.193820	  0.322766	  0.251370	  0.232044	
  0.226292	  0.344408	  0.240285	  0.189015	
  0.170262	  0.000111	  0.794205	  0.035422	
  0.020175	  0.635517	  0.309340	  0.034968	
  0.000005	  0.998696	  0.000681	  0.000617	
  0.000006	  0.000009	  0.999893	  0.000091	
  0.208791	  0.488498	  0.000437	  0.302274	
  0.304406	  0.320013	  0.158914	  0.216667	
  0.353046	  0.189919	  0.229660	  0.227375	

URL http://cisbp.ccbr.utoronto.ca/TFreport.php?versionNumber=2.00&searchTF=T003353_2.00

MOTIF M01646_2.00 (OLONG_000415)_(Arabidopsis_thaliana)_(DBD_0.75)

letter-probability matrix: alength= 4 w= 10 nsites= 1 E= 0
  0.284732	  0.169623	  0.277066	  0.268579	
  0.089372	  0.731883	  0.089372	  0.089372	
  0.913910	  0.000152	  0.000152	  0.085787	
  0.085787	  0.822081	  0.091981	  0.000152	
  0.171527	  0.736340	  0.000152	  0.091981	
  0.091981	  0.000152	  0.000152	  0.907715	
  0.171527	  0.000152	  0.736340	  0.091981	
  0.913804	  0.085893	  0.000152	  0.000152	
  0.473480	  0.175462	  0.080529	  0.270528	
  0.340197	  0.160780	  0.160780	  0.338244	

URL http://cisbp.ccbr.utoronto.ca/TFreport.php?versionNumber=2.00&searchTF=T020128_2.00

MOTIF M01673_2.00 (OLONG_006259)_(Brachypodium_distachyon)_(DBD_1.00)

letter-probability matrix: alength= 4 w= 9 nsites= 1 E= 0
  0.272464	  0.249013	  0.236869	  0.241654	
  0.261998	  0.275431	  0.237066	  0.225504	
  0.238381	  0.240777	  0.294086	  0.226755	
  0.286283	  0.225198	  0.256462	  0.232057	
  0.594823	  0.008570	  0.343183	  0.053424	
  0.349996	  0.216572	  0.014410	  0.419022	
  0.394922	  0.092637	  0.162177	  0.350264	
  0.379104	  0.115332	  0.192061	  0.313504	
  0.355375	  0.183676	  0.195034	  0.265914	

URL http://cisbp.ccbr.utoronto.ca/TFreport.php?versionNumber=2.00&searchTF=T017662_2.00

MOTIF M01678_2.00 (OLONG_026778)_(Danio_rerio)_(DBD_0.54)

letter-probability matrix: alength= 4 w= 8 nsites= 1 E= 0
  0.421032	  0.213302	  0.219798	  0.145869	
  0.361549	  0.210692	  0.212810	  0.214949	
  0.399952	  0.129198	  0.233071	  0.237779	
  0.407012	  0.081357	  0.264765	  0.246866	
  0.287986	  0.143010	  0.130701	  0.438304	
  0.780909	  0.000177	  0.139834	  0.079080	
  0.562556	  0.000620	  0.176353	  0.260471	
  0.417051	  0.093057	  0.112529	  0.377363	

URL http://cisbp.ccbr.utoronto.ca/TFreport.php?versionNumber=2.00&searchTF=T017665_2.00

MOTIF M01691_2.00 (OLONG_024979)_(Caenorhabditis_elegans)_(DBD_0.46)

letter-probability matrix: alength= 4 w= 7 nsites= 1 E= 0
  0.272989	  0.275733	  0.247011	  0.204268	
  0.311542	  0.190859	  0.252531	  0.245068	
  0.409498	  0.106158	  0.183999	  0.300345	
  0.464798	  0.095737	  0.154718	  0.284747	
  0.582238	  0.128622	  0.014110	  0.275030	
  0.576040	  0.000723	  0.229563	  0.193674	
  0.235345	  0.212949	  0.048475	  0.503232	

URL http://cisbp.ccbr.utoronto.ca/TFreport.php?versionNumber=2.00&searchTF=T017664_2.00

MOTIF M01697_2.00 (OLONG_022882)_(Arabidopsis_thaliana)_(DBD_0.90)

letter-probability matrix: alength= 4 w= 9 nsites= 1 E= 0
  0.270286	  0.232638	  0.204278	  0.292798	
  0.224984	  0.258793	  0.106275	  0.409948	
  0.004011	  0.000000	  0.089936	  0.906053	
  0.038180	  0.001408	  0.899931	  0.060480	
  0.000090	  0.012865	  0.000229	  0.986816	
  0.053557	  0.863282	  0.001650	  0.081511	
  0.061072	  0.027441	  0.797958	  0.113529	
  0.121391	  0.138244	  0.651331	  0.089034	
  0.227842	  0.336519	  0.216730	  0.218909	

URL http://cisbp.ccbr.utoronto.ca/TFreport.php?versionNumber=2.00&searchTF=T020186_2.00

MOTIF M01699_2.00 (OLONG_005869)_(Arabidopsis_thaliana)_(DBD_0.90)

letter-probability matrix: alength= 4 w= 10 nsites= 1 E= 0
  0.266536	  0.276659	  0.209724	  0.247081	
  0.259609	  0.198312	  0.365220	  0.176859	
  0.115829	  0.853161	  0.003499	  0.027512	
  0.853318	  0.012182	  0.073662	  0.060837	
  0.013981	  0.855506	  0.000019	  0.130494	
  0.130494	  0.000019	  0.855506	  0.013981	
  0.060837	  0.073662	  0.012182	  0.853318	
  0.027512	  0.003499	  0.853161	  0.115829	
  0.176859	  0.365220	  0.198312	  0.259609	
  0.247081	  0.209724	  0.276659	  0.266536	

URL http://cisbp.ccbr.utoronto.ca/TFreport.php?versionNumber=2.00&searchTF=T042382_2.00

MOTIF M01709_2.00 (OLONG_014962)_(Arabidopsis_thaliana)_(DBD_1.00)

letter-probability matrix: alength= 4 w= 9 nsites= 1 E= 0
  0.241534	  0.236751	  0.300970	  0.220745	
  0.076337	  0.724270	  0.115027	  0.084366	
  0.987569	  0.000161	  0.012004	  0.000266	
  0.000291	  0.911543	  0.000359	  0.087807	
  0.080150	  0.000197	  0.910410	  0.009243	
  0.016043	  0.099012	  0.000250	  0.884695	
  0.038781	  0.000199	  0.960953	  0.000066	
  0.129349	  0.255318	  0.568222	  0.047111	
  0.163489	  0.207835	  0.426983	  0.201693	

URL http://cisbp.ccbr.utoronto.ca/TFreport.php?versionNumber=2.00&searchTF=T042413_2.00

MOTIF M01713_2.00 (OLONG_004875)_(Arabidopsis_thaliana)_(DBD_0.90)

letter-probability matrix: alength= 4 w= 8 nsites= 1 E= 0
  0.009615	  0.009615	  0.971154	  0.009615	
  0.009615	  0.971154	  0.009615	  0.009615	
  0.971154	  0.009615	  0.009615	  0.009615	
  0.009615	  0.971154	  0.009615	  0.009615	
  0.009615	  0.009615	  0.971154	  0.009615	
  0.009615	  0.009615	  0.009615	  0.971154	
  0.009615	  0.009615	  0.971154	  0.009615	
  0.009615	  0.971154	  0.009615	  0.009615	

URL http://cisbp.ccbr.utoronto.ca/TFreport.php?versionNumber=2.00&searchTF=T042380_2.00

MOTIF M01755_2.00 (OLONG_017566)_(Oryza_sativa)_(DBD_1.00)

letter-probability matrix: alength= 4 w= 9 nsites= 1 E= 0
  0.221115	  0.250179	  0.306228	  0.222477	
  0.000142	  0.999574	  0.000142	  0.000142	
  0.177014	  0.822701	  0.000142	  0.000142	
  0.999574	  0.000142	  0.000142	  0.000142	
  0.000142	  0.999574	  0.000142	  0.000142	
  0.000142	  0.000142	  0.000142	  0.999574	
  0.000142	  0.000142	  0.000142	  0.999574	
  0.000142	  0.000142	  0.999574	  0.000142	
  0.217847	  0.343012	  0.216602	  0.222539	

URL http://cisbp.ccbr.utoronto.ca/TFreport.php?versionNumber=2.00&searchTF=T042424_2.00

MOTIF M01756_2.00 (OLONG_013313)_(Physcomitrella_patens)_(DBD_0.90)

letter-probability matrix: alength= 4 w= 10 nsites= 1 E= 0
  0.249633	  0.272331	  0.222488	  0.255548	
  0.207994	  0.230574	  0.392066	  0.169365	
  0.105898	  0.844263	  0.012262	  0.037577	
  0.923118	  0.000000	  0.010419	  0.066463	
  0.021853	  0.939508	  0.000000	  0.038640	
  0.038640	  0.000000	  0.939508	  0.021853	
  0.066463	  0.010419	  0.000000	  0.923118	
  0.037577	  0.012262	  0.844263	  0.105898	
  0.169365	  0.392066	  0.230574	  0.207994	
  0.255548	  0.222488	  0.272331	  0.249633	

URL http://cisbp.ccbr.utoronto.ca/TFreport.php?versionNumber=2.00&searchTF=T042409_2.00

MOTIF M01757_2.00 (OLONG_003583)_(Physcomitrella_patens)_(DBD_0.90)

letter-probability matrix: alength= 4 w= 10 nsites= 1 E= 0
  0.263722	  0.237561	  0.308283	  0.190434	
  0.209728	  0.180729	  0.272054	  0.337490	
  0.069367	  0.849324	  0.017055	  0.064254	
  0.806212	  0.000021	  0.106417	  0.087351	
  0.054587	  0.799530	  0.000012	  0.145870	
  0.145870	  0.000012	  0.799530	  0.054587	
  0.087351	  0.106417	  0.000021	  0.806212	
  0.064254	  0.017055	  0.849324	  0.069367	
  0.337490	  0.272054	  0.180729	  0.209728	
  0.190434	  0.308283	  0.237561	  0.263722	

URL http://cisbp.ccbr.utoronto.ca/TFreport.php?versionNumber=2.00&searchTF=T042373_2.00

MOTIF M01782_2.00 (OLONG_001053)_(Arabidopsis_thaliana)_(DBD_0.70)

letter-probability matrix: alength= 4 w= 8 nsites= 1 E= 0
  0.971154	  0.009615	  0.009615	  0.009615	
  0.009615	  0.971154	  0.009615	  0.009615	
  0.971154	  0.009615	  0.009615	  0.009615	
  0.009615	  0.971154	  0.009615	  0.009615	
  0.009615	  0.009615	  0.971154	  0.009615	
  0.009615	  0.009615	  0.009615	  0.971154	
  0.009615	  0.009615	  0.971154	  0.009615	
  0.009615	  0.009615	  0.009615	  0.971154	

URL http://cisbp.ccbr.utoronto.ca/TFreport.php?versionNumber=2.00&searchTF=T065619_2.00

MOTIF M01825_2.00 (OLONG_006755)_(Oryza_sativa)_(DBD_0.69)

letter-probability matrix: alength= 4 w= 8 nsites= 1 E= 0
  0.495098	  0.495098	  0.004902	  0.004902	
  0.003289	  0.990132	  0.003289	  0.003289	
  0.990132	  0.003289	  0.003289	  0.003289	
  0.003289	  0.990132	  0.003289	  0.003289	
  0.003289	  0.003289	  0.990132	  0.003289	
  0.003289	  0.003289	  0.003289	  0.990132	
  0.003289	  0.003289	  0.990132	  0.003289	
  0.003289	  0.003289	  0.332237	  0.661184	

URL http://cisbp.ccbr.utoronto.ca/TFreport.php?versionNumber=2.00&searchTF=T065638_2.00

MOTIF M01826_2.00 (OLONG_004835)_(Oryza_sativa)_(DBD_1.00)

letter-probability matrix: alength= 4 w= 11 nsites= 1 E= 0
  0.291917	  0.207727	  0.292628	  0.207727	
  0.474839	  0.187566	  0.070517	  0.267078	
  0.025792	  0.726062	  0.222354	  0.025792	
  0.999751	  0.000083	  0.000083	  0.000083	
  0.000083	  0.999751	  0.000083	  0.000083	
  0.000083	  0.000083	  0.999751	  0.000083	
  0.000083	  0.000083	  0.000083	  0.999751	
  0.000083	  0.072707	  0.927126	  0.000083	
  0.114980	  0.042356	  0.642630	  0.200034	
  0.247265	  0.393602	  0.179567	  0.179567	
  0.327127	  0.224291	  0.224291	  0.224291	

