MEME version 5.5.8 (Fri May 2 15:43:49 2025 -0700)

ALPHABET= ACGT

strands: + -

Background letter frequencies (from uniform background):
A 0.25000 C 0.25000 G 0.25000 T 0.25000 

MOTIF M00719_2.00 (OB02G41790)_(Arabidopsis_thaliana)_(DBD_0.86)

letter-probability matrix: alength= 4 w= 8 nsites= 1 E= 0
  0.253340	  0.238587	  0.213734	  0.294339	
  0.238515	  0.217986	  0.263600	  0.279900	
  0.216235	  0.071978	  0.581939	  0.129848	
  0.114251	  0.501900	  0.244301	  0.139547	
  0.009576	  0.664640	  0.002269	  0.323515	
  0.203540	  0.004463	  0.777326	  0.014671	
  0.148179	  0.326497	  0.281018	  0.244306	
  0.239004	  0.346014	  0.225085	  0.189897	

URL http://cisbp.ccbr.utoronto.ca/TFreport.php?versionNumber=2.00&searchTF=T002994_2.00

MOTIF M00724_2.00 (OB07G32250)_(Arabidopsis_thaliana)_(DBD_0.70)

letter-probability matrix: alength= 4 w= 9 nsites= 1 E= 0
  0.232541	  0.284026	  0.175751	  0.307682	
  0.381584	  0.203229	  0.197222	  0.217964	
  0.225202	  0.191904	  0.458058	  0.124835	
  0.478098	  0.000472	  0.411503	  0.109927	
  0.180610	  0.007436	  0.079546	  0.732408	
  0.441083	  0.046957	  0.204227	  0.307733	
  0.181090	  0.613385	  0.128894	  0.076630	
  0.602456	  0.101597	  0.186983	  0.108964	
  0.143308	  0.180368	  0.258526	  0.417798	

URL http://cisbp.ccbr.utoronto.ca/TFreport.php?versionNumber=2.00&searchTF=T175115_2.00

MOTIF M00845_2.00 (OB03G45870)_(Arabidopsis_thaliana)_(DBD_0.93)

letter-probability matrix: alength= 4 w= 8 nsites= 1 E= 0
  0.000831	  0.000831	  0.250000	  0.748339	
  0.614264	  0.154141	  0.230828	  0.000767	
  0.000712	  0.784188	  0.214387	  0.000712	
  0.000712	  0.000712	  0.855413	  0.143162	
  0.690951	  0.000767	  0.307515	  0.000767	
  0.000767	  0.000767	  0.921012	  0.077454	
  0.000767	  0.000767	  0.997699	  0.000767	
  0.272645	  0.000906	  0.182065	  0.544384	

URL http://cisbp.ccbr.utoronto.ca/TFreport.php?versionNumber=2.00&searchTF=T003006_2.00

MOTIF M00852_2.00 (OB01G40150)_(Arabidopsis_thaliana)_(DBD_0.90)

letter-probability matrix: alength= 4 w= 8 nsites= 1 E= 0
  0.214109	  0.272186	  0.209869	  0.303835	
  0.028040	  0.085083	  0.334832	  0.552045	
  0.029468	  0.061149	  0.882985	  0.026399	
  0.000039	  0.183899	  0.008202	  0.807860	
  0.110608	  0.636503	  0.087882	  0.165007	
  0.091509	  0.246272	  0.418399	  0.243821	
  0.168399	  0.288973	  0.367357	  0.175271	
  0.221967	  0.293692	  0.257889	  0.226451	

URL http://cisbp.ccbr.utoronto.ca/TFreport.php?versionNumber=2.00&searchTF=T019894_2.00

MOTIF M00873_2.00 (OB03G19140)_(Arabidopsis_thaliana)_(DBD_0.92)

letter-probability matrix: alength= 4 w= 10 nsites= 1 E= 0
  0.226420	  0.226420	  0.320739	  0.226420	
  0.528872	  0.125806	  0.125806	  0.219517	
  0.999768	  0.000077	  0.000077	  0.000077	
  0.000077	  0.000077	  0.999768	  0.000077	
  0.999768	  0.000077	  0.000077	  0.000077	
  0.000077	  0.000077	  0.000077	  0.999768	
  0.402884	  0.201777	  0.000077	  0.395261	
  0.000077	  0.798068	  0.000077	  0.201777	
  0.023657	  0.023657	  0.724305	  0.228381	
  0.124272	  0.330831	  0.420625	  0.124272	

URL http://cisbp.ccbr.utoronto.ca/TFreport.php?versionNumber=2.00&searchTF=T275247_2.00

MOTIF M00874_2.00 (OB06G22250)_(Arabidopsis_thaliana)_(DBD_0.89)

letter-probability matrix: alength= 4 w= 7 nsites= 1 E= 0
  0.297316	  0.201300	  0.359530	  0.141854	
  0.335160	  0.176727	  0.274406	  0.213707	
  0.477536	  0.090798	  0.172197	  0.259469	
  0.915843	  0.004305	  0.044694	  0.035158	
  0.074325	  0.014857	  0.005357	  0.905461	
  0.161206	  0.568320	  0.095840	  0.174633	
  0.184011	  0.280057	  0.213790	  0.322142	

URL http://cisbp.ccbr.utoronto.ca/TFreport.php?versionNumber=2.00&searchTF=T275327_2.00

MOTIF M00877_2.00 (OB12G21380)_(Arabidopsis_thaliana)_(DBD_0.90)

letter-probability matrix: alength= 4 w= 9 nsites= 1 E= 0
  0.185199	  0.317803	  0.194694	  0.302304	
  0.778645	  0.000277	  0.118814	  0.102264	
  0.353245	  0.462738	  0.069907	  0.114110	
  0.000060	  0.914173	  0.084607	  0.001160	
  0.269503	  0.211999	  0.220651	  0.297847	
  0.425775	  0.111487	  0.282566	  0.180172	
  0.341786	  0.389236	  0.094084	  0.174895	
  0.211015	  0.388359	  0.124204	  0.276422	
  0.252103	  0.230404	  0.270382	  0.247111	

URL http://cisbp.ccbr.utoronto.ca/TFreport.php?versionNumber=2.00&searchTF=T275409_2.00

MOTIF M00882_2.00 (OB03G30160)_(Arabidopsis_thaliana)_(DBD_0.73)

letter-probability matrix: alength= 4 w= 10 nsites= 1 E= 0
  0.149434	  0.294964	  0.275023	  0.280579	
  0.225904	  0.270456	  0.273174	  0.230467	
  0.165608	  0.340230	  0.167272	  0.326890	
  0.762395	  0.089699	  0.062581	  0.085325	
  0.309605	  0.623467	  0.065059	  0.001869	
  0.050240	  0.801767	  0.142141	  0.005852	
  0.286254	  0.122349	  0.137948	  0.453448	
  0.754695	  0.053320	  0.132464	  0.059520	
  0.388169	  0.534558	  0.005649	  0.071625	
  0.118059	  0.503298	  0.107898	  0.270746	

URL http://cisbp.ccbr.utoronto.ca/TFreport.php?versionNumber=2.00&searchTF=T275259_2.00

MOTIF M00883_2.00 (OB12G23080)_(Arabidopsis_thaliana)_(DBD_0.85)

letter-probability matrix: alength= 4 w= 10 nsites= 1 E= 0
  0.204715	  0.204715	  0.204715	  0.385854	
  0.100337	  0.100337	  0.381117	  0.418209	
  0.999371	  0.000210	  0.000210	  0.000210	
  0.000210	  0.999371	  0.000210	  0.000210	
  0.000210	  0.999371	  0.000210	  0.000210	
  0.000210	  0.000210	  0.000210	  0.999371	
  0.999371	  0.000210	  0.000210	  0.000210	
  0.999371	  0.000210	  0.000210	  0.000210	
  0.045494	  0.460182	  0.045494	  0.448829	
  0.236945	  0.237675	  0.149873	  0.375508	

URL http://cisbp.ccbr.utoronto.ca/TFreport.php?versionNumber=2.00&searchTF=T275412_2.00

MOTIF M00890_2.00 (OB02G33040)_(Arabidopsis_thaliana)_(DBD_0.98)

letter-probability matrix: alength= 4 w= 8 nsites= 1 E= 0
  0.795635	  0.001984	  0.001984	  0.200397	
  0.996681	  0.001106	  0.001106	  0.001106	
  0.001106	  0.001106	  0.001106	  0.996681	
  0.664823	  0.111726	  0.111726	  0.111726	
  0.775442	  0.001106	  0.001106	  0.222345	
  0.111726	  0.001106	  0.001106	  0.886062	
  0.554204	  0.111726	  0.001106	  0.332965	
  0.996269	  0.001244	  0.001244	  0.001244	

URL http://cisbp.ccbr.utoronto.ca/TFreport.php?versionNumber=2.00&searchTF=T331548_2.00

MOTIF M00898_2.00 (OB02G33450)_(Arabidopsis_thaliana)_(DBD_0.91)

letter-probability matrix: alength= 4 w= 11 nsites= 1 E= 0
  0.227799	  0.316602	  0.227799	  0.227799	
  0.304548	  0.391205	  0.106861	  0.197385	
  0.200497	  0.022592	  0.754320	  0.022592	
  0.000231	  0.000231	  0.999306	  0.000231	
  0.000231	  0.000231	  0.000231	  0.999306	
  0.000231	  0.999306	  0.000231	  0.000231	
  0.999306	  0.000231	  0.000231	  0.000231	
  0.999306	  0.000231	  0.000231	  0.000231	
  0.114025	  0.841111	  0.022432	  0.022432	
  0.143370	  0.143370	  0.465072	  0.248188	
  0.317081	  0.227640	  0.227640	  0.227640	

URL http://cisbp.ccbr.utoronto.ca/TFreport.php?versionNumber=2.00&searchTF=T353363_2.00

MOTIF M00901_2.00 (OB05G17240)_(Arabidopsis_thaliana)_(DBD_0.55)

letter-probability matrix: alength= 4 w= 11 nsites= 1 E= 0
  0.228599	  0.228599	  0.314204	  0.228599	
  0.214045	  0.234090	  0.222723	  0.329143	
  0.301191	  0.023278	  0.652253	  0.023278	
  0.000162	  0.000162	  0.999515	  0.000162	
  0.000162	  0.000162	  0.000162	  0.999515	
  0.000162	  0.999515	  0.000162	  0.000162	
  0.999515	  0.000162	  0.000162	  0.000162	
  0.999515	  0.000162	  0.000162	  0.000162	
  0.104888	  0.851987	  0.021563	  0.021563	
  0.123588	  0.206913	  0.455315	  0.214184	
  0.226884	  0.319349	  0.226884	  0.226884	

URL http://cisbp.ccbr.utoronto.ca/TFreport.php?versionNumber=2.00&searchTF=T353380_2.00

MOTIF M00982_2.00 (OB04G23060)_(Arabidopsis_thaliana)_(DBD_0.72)

letter-probability matrix: alength= 4 w= 8 nsites= 1 E= 0
  0.250000	  0.261358	  0.204566	  0.284075	
  0.401527	  0.007950	  0.582572	  0.007950	
  0.000061	  0.000061	  0.993683	  0.006195	
  0.000061	  0.006195	  0.000061	  0.993683	
  0.006195	  0.993683	  0.000061	  0.000061	
  0.987549	  0.000061	  0.000061	  0.012328	
  0.886497	  0.000067	  0.100040	  0.013396	
  0.280691	  0.377148	  0.149158	  0.193002	

URL http://cisbp.ccbr.utoronto.ca/TFreport.php?versionNumber=2.00&searchTF=T353374_2.00

MOTIF M01045_2.00 (OB02G40600)_(Arabidopsis_thaliana)_(DBD_0.78)

letter-probability matrix: alength= 4 w= 9 nsites= 1 E= 0
  0.217485	  0.293574	  0.282063	  0.206878	
  0.273896	  0.392583	  0.217619	  0.115902	
  0.087868	  0.000097	  0.894117	  0.017919	
  0.054882	  0.784606	  0.107252	  0.053260	
  0.129025	  0.757488	  0.043380	  0.070106	
  0.088083	  0.000058	  0.905316	  0.006542	
  0.147844	  0.476351	  0.214038	  0.161767	
  0.074050	  0.792138	  0.055966	  0.077846	
  0.379401	  0.190298	  0.249284	  0.181017	

URL http://cisbp.ccbr.utoronto.ca/TFreport.php?versionNumber=2.00&searchTF=T002992_2.00

MOTIF M01050_2.00 (OB05G21350)_(Arabidopsis_thaliana)_(DBD_0.78)

letter-probability matrix: alength= 4 w= 8 nsites= 1 E= 0
  0.081770	  0.754690	  0.081770	  0.081770	
  0.015771	  0.000156	  0.983916	  0.000156	
  0.000156	  0.890225	  0.109463	  0.000156	
  0.000156	  0.968301	  0.031387	  0.000156	
  0.000156	  0.015771	  0.983916	  0.000156	
  0.062617	  0.843379	  0.062617	  0.031387	
  0.125089	  0.803176	  0.018023	  0.053712	
  0.527469	  0.055771	  0.305494	  0.111265	

URL http://cisbp.ccbr.utoronto.ca/TFreport.php?versionNumber=2.00&searchTF=T003020_2.00

MOTIF M01052_2.00 (OB06G19820)_(Arabidopsis_thaliana)_(DBD_0.96)

letter-probability matrix: alength= 4 w= 10 nsites= 1 E= 0
  0.304312	  0.231896	  0.231896	  0.231896	
  0.299252	  0.134777	  0.359742	  0.206229	
  0.000039	  0.999882	  0.000039	  0.000039	
  0.999882	  0.000039	  0.000039	  0.000039	
  0.000039	  0.999882	  0.000039	  0.000039	
  0.000039	  0.000039	  0.999882	  0.000039	
  0.000039	  0.000039	  0.000039	  0.999882	
  0.000039	  0.000039	  0.999882	  0.000039	
  0.090411	  0.808940	  0.082505	  0.018143	
  0.212500	  0.338255	  0.237241	  0.212004	

URL http://cisbp.ccbr.utoronto.ca/TFreport.php?versionNumber=2.00&searchTF=T042024_2.00

MOTIF M01064_2.00 (OB03G36610)_(Arabidopsis_thaliana)_(DBD_0.61)

letter-probability matrix: alength= 4 w= 8 nsites= 1 E= 0
  0.143466	  0.001420	  0.001420	  0.853693	
  0.001106	  0.001106	  0.996681	  0.001106	
  0.996681	  0.001106	  0.001106	  0.001106	
  0.001106	  0.996681	  0.001106	  0.001106	
  0.498756	  0.001244	  0.498756	  0.001244	
  0.001244	  0.001244	  0.374378	  0.623134	
  0.001244	  0.747512	  0.250000	  0.001244	
  0.167219	  0.001656	  0.001656	  0.829470	

URL http://cisbp.ccbr.utoronto.ca/TFreport.php?versionNumber=2.00&searchTF=T221240_2.00

MOTIF M01065_2.00 (OB06G12390)_(Arabidopsis_thaliana)_(DBD_0.84)

letter-probability matrix: alength= 4 w= 11 nsites= 1 E= 0
  0.312030	  0.201106	  0.201106	  0.285759	
  0.104890	  0.422771	  0.196922	  0.275416	
  0.340416	  0.514888	  0.072348	  0.072348	
  0.000102	  0.000102	  0.000102	  0.999693	
  0.000102	  0.000102	  0.999693	  0.000102	
  0.000102	  0.897554	  0.000102	  0.102241	
  0.999693	  0.000102	  0.000102	  0.000102	
  0.000102	  0.000102	  0.092134	  0.907662	
  0.230338	  0.141028	  0.579638	  0.048997	
  0.145212	  0.247351	  0.145212	  0.462226	
  0.466738	  0.177754	  0.177754	  0.177754	

URL http://cisbp.ccbr.utoronto.ca/TFreport.php?versionNumber=2.00&searchTF=T221260_2.00

MOTIF M01066_2.00 (OB08G30680)_(Arabidopsis_thaliana)_(DBD_0.76)

letter-probability matrix: alength= 4 w= 10 nsites= 1 E= 0
  0.120104	  0.192166	  0.415033	  0.272696	
  0.409876	  0.152300	  0.319212	  0.118612	
  0.570604	  0.044110	  0.065805	  0.319480	
  0.548366	  0.008908	  0.036487	  0.406240	
  0.362215	  0.100709	  0.090219	  0.446857	
  0.155865	  0.336633	  0.104480	  0.403022	
  0.271455	  0.359171	  0.255647	  0.113727	
  0.152412	  0.500991	  0.195701	  0.150896	
  0.000002	  0.010444	  0.978465	  0.011089	
  0.015715	  0.090432	  0.866616	  0.027238	

URL http://cisbp.ccbr.utoronto.ca/TFreport.php?versionNumber=2.00&searchTF=T245516_2.00

MOTIF M01078_2.00 (OB01G31400)_(Arabidopsis_thaliana)_(DBD_0.89)

letter-probability matrix: alength= 4 w= 10 nsites= 1 E= 0
  0.194581	  0.387940	  0.244900	  0.172578	
  0.116234	  0.224888	  0.028951	  0.629927	
  0.131798	  0.102644	  0.092877	  0.672681	
  0.961631	  0.003891	  0.014420	  0.020058	
  0.017926	  0.036099	  0.014973	  0.931002	
  0.023071	  0.933172	  0.015008	  0.028749	
  0.043208	  0.636520	  0.069132	  0.251141	
  0.412024	  0.101604	  0.281767	  0.204605	
  0.245250	  0.233289	  0.221912	  0.299549	
  0.368215	  0.162173	  0.158962	  0.310650	

URL http://cisbp.ccbr.utoronto.ca/TFreport.php?versionNumber=2.00&searchTF=T275195_2.00

MOTIF M01088_2.00 (OB06G16230)_(Arabidopsis_thaliana)_(DBD_0.79)

letter-probability matrix: alength= 4 w= 10 nsites= 1 E= 0
  0.359548	  0.163179	  0.315718	  0.161555	
  0.113225	  0.159076	  0.149812	  0.577887	
  0.087229	  0.062711	  0.014133	  0.835926	
  0.294546	  0.047724	  0.587242	  0.070488	
  0.045469	  0.834674	  0.011325	  0.108532	
  0.905347	  0.024986	  0.049815	  0.019852	
  0.090793	  0.779442	  0.050835	  0.078931	
  0.098747	  0.519341	  0.073154	  0.308759	
  0.329849	  0.264710	  0.218904	  0.186538	
  0.238820	  0.294627	  0.220459	  0.246093	

URL http://cisbp.ccbr.utoronto.ca/TFreport.php?versionNumber=2.00&searchTF=T350988_2.00

MOTIF M01090_2.00 (OB09G14040)_(Arabidopsis_thaliana)_(DBD_0.73)

letter-probability matrix: alength= 4 w= 9 nsites= 1 E= 0
  0.426335	  0.115034	  0.401507	  0.057124	
  0.007902	  0.000086	  0.979618	  0.012393	
  0.000409	  0.000393	  0.001266	  0.997932	
  0.045912	  0.950250	  0.001386	  0.002452	
  0.895975	  0.055585	  0.009659	  0.038780	
  0.895657	  0.007520	  0.075759	  0.021064	
  0.084755	  0.706102	  0.056247	  0.152896	
  0.136430	  0.193603	  0.485806	  0.184161	
  0.204341	  0.314124	  0.262378	  0.219157	

URL http://cisbp.ccbr.utoronto.ca/TFreport.php?versionNumber=2.00&searchTF=T353406_2.00

MOTIF M01097_2.00 (OB01G13930)_(Cannabis_sativa)_(DBD_0.92)

letter-probability matrix: alength= 4 w= 9 nsites= 1 E= 0
  0.138239	  0.346882	  0.272867	  0.242011	
  0.190987	  0.534968	  0.166036	  0.108008	
  0.608475	  0.002140	  0.384120	  0.005264	
  0.000376	  0.993425	  0.005059	  0.001140	
  0.000934	  0.994484	  0.000044	  0.004537	
  0.010438	  0.001546	  0.977987	  0.010029	
  0.441186	  0.411359	  0.042926	  0.104529	
  0.075346	  0.790043	  0.031883	  0.102728	
  0.367281	  0.227267	  0.086153	  0.319299	

URL http://cisbp.ccbr.utoronto.ca/TFreport.php?versionNumber=2.00&searchTF=T002975_2.00

MOTIF M01100_2.00 (OB01G42720)_(Cannabis_sativa)_(DBD_0.88)

letter-probability matrix: alength= 4 w= 10 nsites= 1 E= 0
  0.168379	  0.360042	  0.313005	  0.158574	
  0.208224	  0.607051	  0.086368	  0.098358	
  0.026595	  0.000012	  0.973348	  0.000045	
  0.015846	  0.937230	  0.021822	  0.025102	
  0.104784	  0.864284	  0.010195	  0.020737	
  0.045248	  0.024341	  0.908823	  0.021588	
  0.135226	  0.453478	  0.104266	  0.307030	
  0.217682	  0.603673	  0.045288	  0.133357	
  0.485314	  0.140442	  0.158348	  0.215896	
  0.271832	  0.191557	  0.173328	  0.363284	

URL http://cisbp.ccbr.utoronto.ca/TFreport.php?versionNumber=2.00&searchTF=T002979_2.00

MOTIF M01120_2.00 (OB01G21830)_(Cannabis_sativa)_(DBD_0.98)

letter-probability matrix: alength= 4 w= 8 nsites= 1 E= 0
  0.083887	  0.582226	  0.083887	  0.250000	
  0.000525	  0.998424	  0.000525	  0.000525	
  0.998424	  0.000525	  0.000525	  0.000525	
  0.000525	  0.998424	  0.000525	  0.000525	
  0.000525	  0.000525	  0.998424	  0.000525	
  0.000525	  0.000525	  0.000525	  0.998424	
  0.000525	  0.000525	  0.998424	  0.000525	
  0.285613	  0.570513	  0.071937	  0.071937	

URL http://cisbp.ccbr.utoronto.ca/TFreport.php?versionNumber=2.00&searchTF=T041955_2.00

MOTIF M01122_2.00 (OB01G50400)_(Cannabis_sativa)_(DBD_0.94)

letter-probability matrix: alength= 4 w= 8 nsites= 1 E= 0
  0.167219	  0.498344	  0.167219	  0.167219	
  0.000996	  0.997012	  0.000996	  0.000996	
  0.997012	  0.000996	  0.000996	  0.000996	
  0.000996	  0.997012	  0.000996	  0.000996	
  0.000996	  0.000996	  0.997012	  0.000996	
  0.000996	  0.000996	  0.000996	  0.997012	
  0.000996	  0.000996	  0.997012	  0.000996	
  0.125622	  0.747512	  0.125622	  0.001244	

URL http://cisbp.ccbr.utoronto.ca/TFreport.php?versionNumber=2.00&searchTF=T041962_2.00

MOTIF M01123_2.00 (OB03G21490)_(Cannabis_sativa)_(DBD_0.94)

letter-probability matrix: alength= 4 w= 8 nsites= 1 E= 0
  0.235329	  0.294014	  0.059272	  0.411385	
  0.000434	  0.998698	  0.000434	  0.000434	
  0.998698	  0.000434	  0.000434	  0.000434	
  0.000434	  0.998698	  0.000434	  0.000434	
  0.000434	  0.000434	  0.998698	  0.000434	
  0.000434	  0.000434	  0.000434	  0.998698	
  0.000434	  0.000434	  0.998698	  0.000434	
  0.067154	  0.532580	  0.200133	  0.200133	

URL http://cisbp.ccbr.utoronto.ca/TFreport.php?versionNumber=2.00&searchTF=T041985_2.00

MOTIF M01125_2.00 (OB05G15870)_(Cannabis_sativa)_(DBD_0.67)

letter-probability matrix: alength= 4 w= 10 nsites= 1 E= 0
  0.290575	  0.295614	  0.173215	  0.240596	
  0.190847	  0.120486	  0.628755	  0.059912	
  0.000051	  0.999848	  0.000051	  0.000051	
  0.999848	  0.000051	  0.000051	  0.000051	
  0.000051	  0.999848	  0.000051	  0.000051	
  0.000051	  0.000051	  0.999848	  0.000051	
  0.000051	  0.000051	  0.000051	  0.999848	
  0.000051	  0.000051	  0.999848	  0.000051	
  0.076836	  0.255283	  0.137410	  0.530472	
  0.190138	  0.263835	  0.286160	  0.259866	

URL http://cisbp.ccbr.utoronto.ca/TFreport.php?versionNumber=2.00&searchTF=T042015_2.00

MOTIF M01126_2.00 (OB0197G10010)_(Cannabis_sativa)_(DBD_0.78)

letter-probability matrix: alength= 4 w= 12 nsites= 1 E= 0
  0.300437	  0.233188	  0.233188	  0.233188	
  0.233188	  0.233188	  0.233188	  0.300437	
  0.377607	  0.180303	  0.261787	  0.180303	
  0.224631	  0.194650	  0.530892	  0.049826	
  0.000094	  0.932468	  0.000094	  0.067343	
  0.999718	  0.000094	  0.000094	  0.000094	
  0.067343	  0.932468	  0.000094	  0.000094	
  0.000094	  0.000094	  0.932468	  0.067343	
  0.016906	  0.016906	  0.016906	  0.949281	
  0.016906	  0.016906	  0.949281	  0.016906	
  0.069791	  0.147158	  0.593351	  0.189700	
  0.200268	  0.311169	  0.200268	  0.288295	

URL http://cisbp.ccbr.utoronto.ca/TFreport.php?versionNumber=2.00&searchTF=T041948_2.00

MOTIF M01128_2.00 (OB01G17480)_(Cannabis_sativa)_(DBD_0.76)

letter-probability matrix: alength= 4 w= 9 nsites= 1 E= 0
  0.219589	  0.287654	  0.250074	  0.242683	
  0.135696	  0.788726	  0.033462	  0.042116	
  0.757647	  0.098516	  0.070121	  0.073716	
  0.004341	  0.819026	  0.047852	  0.128781	
  0.080605	  0.000198	  0.897449	  0.021749	
  0.046916	  0.029323	  0.000083	  0.923678	
  0.014621	  0.000007	  0.984799	  0.000573	
  0.245587	  0.461117	  0.171340	  0.121955	
  0.199417	  0.243569	  0.303505	  0.253509	

URL http://cisbp.ccbr.utoronto.ca/TFreport.php?versionNumber=2.00&searchTF=T041953_2.00

MOTIF M01153_2.00 (OB03G26210)_(Cannabis_sativa)_(DBD_1.00)

letter-probability matrix: alength= 4 w= 11 nsites= 1 E= 0
  0.226355	  0.226355	  0.320934	  0.226355	
  0.186077	  0.260466	  0.186077	  0.367379	
  0.086039	  0.163171	  0.664750	  0.086039	
  0.839964	  0.159736	  0.000150	  0.000150	
  0.000150	  0.922419	  0.000150	  0.077281	
  0.917250	  0.000150	  0.082451	  0.000150	
  0.077281	  0.000150	  0.922419	  0.000150	
  0.077281	  0.840118	  0.082451	  0.000150	
  0.023794	  0.023794	  0.106096	  0.846316	
  0.317097	  0.064073	  0.477626	  0.141204	
  0.246412	  0.164110	  0.281119	  0.308359	

URL http://cisbp.ccbr.utoronto.ca/TFreport.php?versionNumber=2.00&searchTF=T065291_2.00

MOTIF M01154_2.00 (OB02G19520)_(Cannabis_sativa)_(DBD_0.68)

letter-probability matrix: alength= 4 w= 10 nsites= 1 E= 0
  0.207637	  0.374574	  0.231780	  0.186008	
  0.174524	  0.296505	  0.159503	  0.369468	
  0.179985	  0.219834	  0.344769	  0.255411	
  0.560855	  0.106640	  0.181175	  0.151330	
  0.031341	  0.648673	  0.156793	  0.163192	
  0.116412	  0.109633	  0.711331	  0.062623	
  0.093377	  0.131189	  0.042804	  0.732630	
  0.167926	  0.048595	  0.667488	  0.115992	
  0.074228	  0.124853	  0.458123	  0.342797	
  0.268273	  0.358527	  0.215294	  0.157907	

URL http://cisbp.ccbr.utoronto.ca/TFreport.php?versionNumber=2.00&searchTF=T065281_2.00

MOTIF M01156_2.00 (OB05G33790)_(Cannabis_sativa)_(DBD_0.81)

letter-probability matrix: alength= 4 w= 10 nsites= 1 E= 0
  0.185651	  0.213549	  0.285393	  0.315408	
  0.133202	  0.183436	  0.404181	  0.279182	
  0.363231	  0.495238	  0.105113	  0.036417	
  0.029585	  0.834874	  0.000269	  0.135271	
  0.937984	  0.000034	  0.061789	  0.000193	
  0.088378	  0.602820	  0.187095	  0.121707	
  0.146644	  0.194029	  0.560040	  0.099286	
  0.162411	  0.177706	  0.146956	  0.512926	
  0.246395	  0.269599	  0.286270	  0.197736	
  0.293459	  0.147192	  0.337558	  0.221791	

URL http://cisbp.ccbr.utoronto.ca/TFreport.php?versionNumber=2.00&searchTF=T065306_2.00

MOTIF M01158_2.00 (OB02G40680)_(Cannabis_sativa)_(DBD_0.77)

letter-probability matrix: alength= 4 w= 10 nsites= 1 E= 0
  0.233043	  0.233043	  0.300870	  0.233043	
  0.153669	  0.153669	  0.419654	  0.273008	
  0.749635	  0.137770	  0.000082	  0.112514	
  0.056549	  0.831095	  0.056309	  0.056047	
  0.999755	  0.000082	  0.000082	  0.000082	
  0.112776	  0.887060	  0.000082	  0.000082	
  0.056309	  0.000082	  0.887562	  0.056047	
  0.000082	  0.000082	  0.000082	  0.999755	
  0.185698	  0.017039	  0.780225	  0.017039	
  0.152378	  0.152880	  0.220818	  0.473924	

URL http://cisbp.ccbr.utoronto.ca/TFreport.php?versionNumber=2.00&searchTF=T065285_2.00

MOTIF M01159_2.00 (OB09G23080)_(Cannabis_sativa)_(DBD_0.94)

letter-probability matrix: alength= 4 w= 13 nsites= 1 E= 0
  0.227379	  0.227379	  0.227379	  0.317864	
  0.301390	  0.202708	  0.293194	  0.202708	
  0.202708	  0.202708	  0.202708	  0.391875	
  0.202708	  0.202708	  0.202708	  0.391875	
  0.347050	  0.063248	  0.161972	  0.427730	
  0.725392	  0.100069	  0.090041	  0.084499	
  0.279049	  0.621962	  0.000154	  0.098835	
  0.815016	  0.094789	  0.000154	  0.090041	
  0.112662	  0.022775	  0.657528	  0.207035	
  0.147360	  0.663113	  0.047445	  0.142081	
  0.131790	  0.047445	  0.047445	  0.773319	
  0.321593	  0.047445	  0.488881	  0.142081	
  0.186906	  0.186906	  0.307608	  0.318580	

URL http://cisbp.ccbr.utoronto.ca/TFreport.php?versionNumber=2.00&searchTF=T065335_2.00

MOTIF M01160_2.00 (OB12G16310)_(Cannabis_sativa)_(DBD_0.83)

letter-probability matrix: alength= 4 w= 10 nsites= 1 E= 0
  0.373896	  0.117211	  0.250630	  0.258263	
  0.132714	  0.167033	  0.272651	  0.427602	
  0.045729	  0.047596	  0.540634	  0.366040	
  0.268831	  0.716289	  0.014645	  0.000236	
  0.016751	  0.942443	  0.001614	  0.039192	
  0.960392	  0.000777	  0.037613	  0.001218	
  0.052931	  0.787600	  0.100383	  0.059086	
  0.088521	  0.064279	  0.831506	  0.015693	
  0.050501	  0.049008	  0.027440	  0.873051	
  0.277511	  0.218298	  0.452985	  0.051206	

URL http://cisbp.ccbr.utoronto.ca/TFreport.php?versionNumber=2.00&searchTF=T065348_2.00

MOTIF M01163_2.00 (OB12G13750)_(Cannabis_sativa)_(DBD_0.92)

letter-probability matrix: alength= 4 w= 8 nsites= 1 E= 0
  0.037352	  0.037352	  0.703033	  0.222263	
  0.743084	  0.205174	  0.000256	  0.051486	
  0.000244	  0.926170	  0.024610	  0.048977	
  0.999269	  0.000244	  0.000244	  0.000244	
  0.048977	  0.000244	  0.950536	  0.000244	
  0.000244	  0.950536	  0.000244	  0.048977	
  0.000270	  0.000270	  0.000270	  0.999190	
  0.185281	  0.111317	  0.666050	  0.037352	

URL http://cisbp.ccbr.utoronto.ca/TFreport.php?versionNumber=2.00&searchTF=T065346_2.00

MOTIF M01168_2.00 (OB04G28040)_(Arabidopsis_thaliana)_(DBD_0.84)

letter-probability matrix: alength= 4 w= 7 nsites= 1 E= 0
  0.212045	  0.261595	  0.234346	  0.292013	
  0.233994	  0.288674	  0.205469	  0.271863	
  0.243988	  0.280653	  0.088865	  0.386495	
  0.648280	  0.001848	  0.285523	  0.064349	
  0.012052	  0.705706	  0.259615	  0.022628	
  0.160826	  0.041693	  0.000905	  0.796576	
  0.260991	  0.250758	  0.224637	  0.263614	

URL http://cisbp.ccbr.utoronto.ca/TFreport.php?versionNumber=2.00&searchTF=T124587_2.00

MOTIF M01218_2.00 (OB02G37970)_(Cannabis_sativa)_(DBD_0.88)

letter-probability matrix: alength= 4 w= 8 nsites= 1 E= 0
  0.396344	  0.181686	  0.230969	  0.191002	
  0.102399	  0.749103	  0.086390	  0.062108	
  0.146361	  0.064462	  0.201558	  0.587618	
  0.159181	  0.039648	  0.108857	  0.692314	
  0.133252	  0.084965	  0.121783	  0.660000	
  0.328448	  0.134879	  0.114936	  0.421736	
  0.224653	  0.240943	  0.174960	  0.359444	
  0.225664	  0.256993	  0.244459	  0.272884	

URL http://cisbp.ccbr.utoronto.ca/TFreport.php?versionNumber=2.00&searchTF=T170724_2.00

MOTIF M01252_2.00 (OB06G16250)_(Cannabis_sativa)_(DBD_0.86)

letter-probability matrix: alength= 4 w= 10 nsites= 1 E= 0
  0.253147	  0.215718	  0.189421	  0.341713	
  0.294580	  0.229419	  0.160060	  0.315940	
  0.258517	  0.220293	  0.150650	  0.370540	
  0.218917	  0.182855	  0.157384	  0.440844	
  0.292598	  0.167135	  0.145300	  0.394967	
  0.359756	  0.271898	  0.189697	  0.178650	
  0.272857	  0.295582	  0.221174	  0.210387	
  0.207409	  0.285629	  0.045363	  0.461598	
  0.248926	  0.087984	  0.476828	  0.186262	
  0.226411	  0.215369	  0.111314	  0.446907	

URL http://cisbp.ccbr.utoronto.ca/TFreport.php?versionNumber=2.00&searchTF=T221261_2.00

MOTIF M01254_2.00 (OB03G42670)_(Cannabis_sativa)_(DBD_0.89)

letter-probability matrix: alength= 4 w= 10 nsites= 1 E= 0
  0.293897	  0.185532	  0.217724	  0.302847	
  0.223487	  0.175801	  0.310864	  0.289847	
  0.139416	  0.098245	  0.050778	  0.711561	
  0.025658	  0.028929	  0.929694	  0.015719	
  0.963786	  0.000254	  0.000055	  0.035905	
  0.020795	  0.929539	  0.001015	  0.048652	
  0.542693	  0.106330	  0.253799	  0.097178	
  0.091696	  0.094489	  0.496947	  0.316867	
  0.123305	  0.381710	  0.328541	  0.166444	
  0.222167	  0.209229	  0.159721	  0.408883	

URL http://cisbp.ccbr.utoronto.ca/TFreport.php?versionNumber=2.00&searchTF=T221245_2.00

MOTIF M01266_2.00 (OB02G44060)_(Arabidopsis_thaliana)_(DBD_0.89)

letter-probability matrix: alength= 4 w= 10 nsites= 1 E= 0
  0.190483	  0.350571	  0.281340	  0.177605	
  0.303260	  0.238553	  0.109354	  0.348832	
  0.343327	  0.061478	  0.056752	  0.538444	
  0.845275	  0.018721	  0.119064	  0.016940	
  0.851986	  0.024229	  0.028434	  0.095351	
  0.745830	  0.124524	  0.098938	  0.030707	
  0.043558	  0.775957	  0.007346	  0.173139	
  0.025942	  0.930638	  0.017217	  0.026203	
  0.090960	  0.518232	  0.070135	  0.320673	
  0.190934	  0.334262	  0.109063	  0.365741	

URL http://cisbp.ccbr.utoronto.ca/TFreport.php?versionNumber=2.00&searchTF=T275243_2.00

MOTIF M01267_2.00 (OB07G28520)_(Arabidopsis_thaliana)_(DBD_0.77)

letter-probability matrix: alength= 4 w= 10 nsites= 1 E= 0
  0.324006	  0.230618	  0.221575	  0.223802	
  0.200734	  0.284855	  0.183457	  0.330954	
  0.546855	  0.266183	  0.178428	  0.008535	
  0.040197	  0.799355	  0.124438	  0.036010	
  0.036611	  0.000069	  0.963287	  0.000032	
  0.000054	  0.999922	  0.000017	  0.000006	
  0.001437	  0.000085	  0.680317	  0.318161	
  0.061961	  0.718024	  0.119881	  0.100133	
  0.080213	  0.610752	  0.159923	  0.149111	
  0.271466	  0.222257	  0.197124	  0.309153	

URL http://cisbp.ccbr.utoronto.ca/TFreport.php?versionNumber=2.00&searchTF=T275352_2.00

MOTIF M01268_2.00 (OB04G28940)_(Arabidopsis_thaliana)_(DBD_0.79)

letter-probability matrix: alength= 4 w= 10 nsites= 1 E= 0
  0.301191	  0.195956	  0.306897	  0.195956	
  0.358547	  0.048843	  0.048843	  0.543768	
  0.806293	  0.000238	  0.094058	  0.099411	
  0.094058	  0.596188	  0.000238	  0.309517	
  0.905892	  0.000238	  0.000238	  0.093633	
  0.000238	  0.000238	  0.000238	  0.999287	
  0.200943	  0.000238	  0.093633	  0.705187	
  0.000238	  0.798582	  0.000238	  0.200943	
  0.147677	  0.260756	  0.054282	  0.537285	
  0.299771	  0.201395	  0.201395	  0.297439	

URL http://cisbp.ccbr.utoronto.ca/TFreport.php?versionNumber=2.00&searchTF=T275282_2.00

MOTIF M01270_2.00 (OB07G32210)_(Arabidopsis_thaliana)_(DBD_0.94)

letter-probability matrix: alength= 4 w= 10 nsites= 1 E= 0
  0.389391	  0.161513	  0.203280	  0.245816	
  0.587979	  0.081182	  0.101159	  0.229681	
  0.048462	  0.037367	  0.518420	  0.395751	
  0.929705	  0.002085	  0.060635	  0.007575	
  0.037677	  0.000234	  0.000053	  0.962036	
  0.091380	  0.045378	  0.139076	  0.724167	
  0.000035	  0.988642	  0.000006	  0.011317	
  0.048310	  0.364177	  0.298163	  0.289351	
  0.212279	  0.310413	  0.223163	  0.254145	
  0.216516	  0.267111	  0.190122	  0.326251	

URL http://cisbp.ccbr.utoronto.ca/TFreport.php?versionNumber=2.00&searchTF=T275354_2.00

MOTIF M01277_2.00 (OB01G46120)_(Cannabis_sativa)_(DBD_0.84)

letter-probability matrix: alength= 4 w= 9 nsites= 1 E= 0
  0.175885	  0.320484	  0.066675	  0.436956	
  0.926784	  0.029421	  0.035935	  0.007859	
  0.748924	  0.249295	  0.000886	  0.000895	
  0.001293	  0.960341	  0.012645	  0.025720	
  0.090301	  0.274005	  0.358936	  0.276758	
  0.285930	  0.071218	  0.553216	  0.089635	
  0.260789	  0.315359	  0.068286	  0.355566	
  0.246001	  0.389684	  0.086950	  0.277365	
  0.294736	  0.222757	  0.207697	  0.274810	

URL http://cisbp.ccbr.utoronto.ca/TFreport.php?versionNumber=2.00&searchTF=T275206_2.00

MOTIF M01278_2.00 (OB01G49660)_(Cannabis_sativa)_(DBD_0.96)

letter-probability matrix: alength= 4 w= 9 nsites= 1 E= 0
  0.388551	  0.179904	  0.202841	  0.228703	
  0.081012	  0.008711	  0.816153	  0.094123	
  0.942664	  0.010899	  0.028466	  0.017970	
  0.013140	  0.011310	  0.007140	  0.968411	
  0.350195	  0.239485	  0.080519	  0.329801	
  0.110938	  0.468236	  0.077399	  0.343427	
  0.203757	  0.157107	  0.427062	  0.212073	
  0.228436	  0.270766	  0.265405	  0.235393	
  0.239389	  0.249159	  0.188310	  0.323142	

URL http://cisbp.ccbr.utoronto.ca/TFreport.php?versionNumber=2.00&searchTF=T275211_2.00

MOTIF M01279_2.00 (OB12G16480)_(Cannabis_sativa)_(DBD_0.85)

letter-probability matrix: alength= 4 w= 10 nsites= 1 E= 0
  0.138518	  0.287436	  0.085713	  0.488334	
  0.985369	  0.000224	  0.012466	  0.001941	
  0.926257	  0.058041	  0.007108	  0.008595	
  0.003541	  0.986708	  0.000504	  0.009248	
  0.035960	  0.080834	  0.798228	  0.084978	
  0.112592	  0.024138	  0.701888	  0.161382	
  0.213897	  0.266532	  0.113920	  0.405651	
  0.288297	  0.312308	  0.108201	  0.291194	
  0.363881	  0.216335	  0.180698	  0.239087	
  0.265702	  0.228692	  0.209009	  0.296597	

URL http://cisbp.ccbr.utoronto.ca/TFreport.php?versionNumber=2.00&searchTF=T275408_2.00

MOTIF M01281_2.00 (OB08G22860)_(Cannabis_sativa)_(DBD_0.90)

letter-probability matrix: alength= 4 w= 8 nsites= 1 E= 0
  0.150067	  0.483178	  0.050133	  0.316622	
  0.999663	  0.000112	  0.000112	  0.000112	
  0.123763	  0.845115	  0.010408	  0.020713	
  0.000101	  0.979503	  0.000101	  0.020295	
  0.282815	  0.070779	  0.000101	  0.646305	
  0.999697	  0.000101	  0.000101	  0.000101	
  0.260412	  0.739379	  0.000104	  0.000104	
  0.054901	  0.616238	  0.013828	  0.315033	

URL http://cisbp.ccbr.utoronto.ca/TFreport.php?versionNumber=2.00&searchTF=T275364_2.00

MOTIF M01283_2.00 (OB12G10410)_(Cannabis_sativa)_(DBD_0.96)

letter-probability matrix: alength= 4 w= 10 nsites= 1 E= 0
  0.384152	  0.148567	  0.196574	  0.270707	
  0.558330	  0.069058	  0.063114	  0.309497	
  0.269366	  0.349349	  0.098108	  0.283177	
  0.960051	  0.005089	  0.020025	  0.014835	
  0.027536	  0.012623	  0.010756	  0.949085	
  0.070529	  0.028963	  0.032656	  0.867852	
  0.041568	  0.904445	  0.014840	  0.039147	
  0.032252	  0.417203	  0.137493	  0.413052	
  0.243880	  0.286196	  0.197685	  0.272238	
  0.180086	  0.274084	  0.164587	  0.381243	

URL http://cisbp.ccbr.utoronto.ca/TFreport.php?versionNumber=2.00&searchTF=T275403_2.00

MOTIF M01286_2.00 (OB07G24240)_(Cannabis_sativa)_(DBD_0.91)

letter-probability matrix: alength= 4 w= 8 nsites= 1 E= 0
  0.004902	  0.004902	  0.004902	  0.985294	
  0.990132	  0.003289	  0.003289	  0.003289	
  0.003289	  0.990132	  0.003289	  0.003289	
  0.003289	  0.990132	  0.003289	  0.003289	
  0.003289	  0.003289	  0.003289	  0.990132	
  0.990132	  0.003289	  0.003289	  0.003289	
  0.003289	  0.990132	  0.003289	  0.003289	
  0.004902	  0.985294	  0.004902	  0.004902	

URL http://cisbp.ccbr.utoronto.ca/TFreport.php?versionNumber=2.00&searchTF=T275350_2.00

MOTIF M01293_2.00 (OB05G15600)_(Cannabis_sativa)_(DBD_0.73)

letter-probability matrix: alength= 4 w= 8 nsites= 1 E= 0
  0.971154	  0.009615	  0.009615	  0.009615	
  0.971154	  0.009615	  0.009615	  0.009615	
  0.009615	  0.009615	  0.009615	  0.971154	
  0.009615	  0.009615	  0.009615	  0.971154	
  0.009615	  0.009615	  0.009615	  0.971154	
  0.971154	  0.009615	  0.009615	  0.009615	
  0.009615	  0.009615	  0.009615	  0.971154	
  0.009615	  0.009615	  0.009615	  0.971154	

URL http://cisbp.ccbr.utoronto.ca/TFreport.php?versionNumber=2.00&searchTF=T293879_2.00

MOTIF M01311_2.00 (OB11G13800)_(Arabidopsis_thaliana)_(DBD_0.88)

letter-probability matrix: alength= 4 w= 9 nsites= 1 E= 0
  0.172878	  0.240468	  0.373377	  0.213276	
  0.041975	  0.015288	  0.801974	  0.140763	
  0.143558	  0.029867	  0.725412	  0.101164	
  0.150200	  0.255179	  0.433531	  0.161090	
  0.160949	  0.652682	  0.063503	  0.122865	
  0.032816	  0.963840	  0.002889	  0.000454	
  0.020201	  0.902990	  0.000430	  0.076379	
  0.864312	  0.001436	  0.113515	  0.020737	
  0.032355	  0.725438	  0.097200	  0.145006	

URL http://cisbp.ccbr.utoronto.ca/TFreport.php?versionNumber=2.00&searchTF=T344059_2.00

MOTIF M01312_2.00 (OB03G38320)_(Oryza_sativa)_(DBD_0.79)

letter-probability matrix: alength= 4 w= 10 nsites= 1 E= 0
  0.000000	  0.000000	  0.999930	  0.000069	
  0.000000	  0.000008	  0.999063	  0.000929	
  0.084087	  0.308541	  0.518974	  0.088398	
  0.000280	  0.998623	  0.000986	  0.000110	
  0.000001	  0.999999	  0.000000	  0.000000	
  0.041487	  0.958511	  0.000000	  0.000002	
  0.037730	  0.953789	  0.000787	  0.007694	
  0.153284	  0.839071	  0.004147	  0.003498	
  0.143211	  0.648277	  0.013254	  0.195257	
  0.385524	  0.405290	  0.119654	  0.089533	

URL http://cisbp.ccbr.utoronto.ca/TFreport.php?versionNumber=2.00&searchTF=T344054_2.00

MOTIF M01315_2.00 (OB02G39410)_(Cannabis_sativa)_(DBD_0.67)

letter-probability matrix: alength= 4 w= 14 nsites= 1 E= 0
  0.229609	  0.229609	  0.229609	  0.311174	
  0.180209	  0.109178	  0.601435	  0.109178	
  0.162727	  0.091696	  0.653881	  0.091696	
  0.126201	  0.190758	  0.629293	  0.053747	
  0.036237	  0.739495	  0.036237	  0.188031	
  0.241772	  0.579704	  0.088551	  0.089973	
  0.069618	  0.705823	  0.000153	  0.224406	
  0.928509	  0.000153	  0.000153	  0.071184	
  0.020545	  0.724838	  0.020545	  0.234072	
  0.577073	  0.140976	  0.140976	  0.140976	
  0.297965	  0.158457	  0.158457	  0.385120	
  0.266449	  0.196406	  0.196406	  0.340739	
  0.213917	  0.288785	  0.283381	  0.213917	
  0.302098	  0.232634	  0.232634	  0.232634	

URL http://cisbp.ccbr.utoronto.ca/TFreport.php?versionNumber=2.00&searchTF=T344053_2.00

MOTIF M01324_2.00 (OB12G20900)_(Cannabis_sativa)_(DBD_0.84)

letter-probability matrix: alength= 4 w= 9 nsites= 1 E= 0
  0.263074	  0.231004	  0.242848	  0.263074	
  0.220573	  0.264074	  0.220573	  0.294780	
  0.384531	  0.103754	  0.451252	  0.060463	
  0.004332	  0.001181	  0.894390	  0.100097	
  0.008620	  0.002596	  0.002349	  0.986434	
  0.034161	  0.963991	  0.000060	  0.001788	
  0.725897	  0.132609	  0.035072	  0.106422	
  0.622335	  0.047157	  0.201035	  0.129474	
  0.314929	  0.408441	  0.121796	  0.154833	

URL http://cisbp.ccbr.utoronto.ca/TFreport.php?versionNumber=2.00&searchTF=T353425_2.00

MOTIF M01325_2.00 (OB05G15280)_(Cannabis_sativa)_(DBD_0.88)

letter-probability matrix: alength= 4 w= 8 nsites= 1 E= 0
  0.303533	  0.196467	  0.178622	  0.321378	
  0.392333	  0.012778	  0.594762	  0.000127	
  0.000101	  0.000101	  0.969406	  0.030392	
  0.020295	  0.000101	  0.030392	  0.949212	
  0.020295	  0.949212	  0.030392	  0.000101	
  0.999697	  0.000101	  0.000101	  0.000101	
  0.999684	  0.000105	  0.000105	  0.000105	
  0.434676	  0.376738	  0.058082	  0.130504	

URL http://cisbp.ccbr.utoronto.ca/TFreport.php?versionNumber=2.00&searchTF=T353379_2.00

MOTIF M01567_2.00 (OB03G33300)_(Saccharomyces_cerevisiae)_(DBD_0.87)

letter-probability matrix: alength= 4 w= 7 nsites= 1 E= 0
  0.315311	  0.189343	  0.207174	  0.288172	
  0.345705	  0.141966	  0.211788	  0.300541	
  0.271982	  0.110580	  0.155359	  0.462079	
  0.583542	  0.000869	  0.110954	  0.304636	
  0.219565	  0.006434	  0.188981	  0.585020	
  0.934996	  0.000354	  0.051964	  0.012687	
  0.422777	  0.000471	  0.095282	  0.481470	

URL http://cisbp.ccbr.utoronto.ca/TFreport.php?versionNumber=2.00&searchTF=T342750_2.00

MOTIF M01602_2.00 (OB09G27130)_(Arabidopsis_thaliana)_(DBD_0.82)

letter-probability matrix: alength= 4 w= 8 nsites= 1 E= 0
  0.346006	  0.461214	  0.192396	  0.000384	
  0.000250	  0.000250	  0.999251	  0.000250	
  0.000244	  0.999269	  0.000244	  0.000244	
  0.122076	  0.877437	  0.000244	  0.000244	
  0.024610	  0.000244	  0.974903	  0.000244	
  0.000244	  0.950536	  0.048977	  0.000244	
  0.000244	  0.999269	  0.000244	  0.000244	
  0.241391	  0.103650	  0.482438	  0.172521	

URL http://cisbp.ccbr.utoronto.ca/TFreport.php?versionNumber=2.00&searchTF=T003060_2.00

MOTIF M01603_2.00 (OB02G17060)_(Arabidopsis_thaliana)_(DBD_0.96)

letter-probability matrix: alength= 4 w= 10 nsites= 1 E= 0
  0.248762	  0.390137	  0.266799	  0.094302	
  0.136992	  0.720483	  0.132943	  0.009582	
  0.384131	  0.000678	  0.614608	  0.000583	
  0.001029	  0.795182	  0.186526	  0.017263	
  0.001119	  0.955576	  0.000685	  0.042620	
  0.201865	  0.009185	  0.711658	  0.077293	
  0.164166	  0.679174	  0.079113	  0.077547	
  0.348470	  0.351972	  0.155019	  0.144539	
  0.253096	  0.163003	  0.425715	  0.158186	
  0.184070	  0.238726	  0.171626	  0.405579	

URL http://cisbp.ccbr.utoronto.ca/TFreport.php?versionNumber=2.00&searchTF=T002983_2.00

MOTIF M01612_2.00 (OB09G15200)_(Arabidopsis_thaliana)_(DBD_0.96)

letter-probability matrix: alength= 4 w= 10 nsites= 1 E= 0
  0.180753	  0.553982	  0.128655	  0.136610	
  0.584029	  0.000181	  0.415695	  0.000095	
  0.000969	  0.933312	  0.065283	  0.000435	
  0.001168	  0.968011	  0.000091	  0.030730	
  0.093485	  0.006806	  0.786663	  0.113047	
  0.496772	  0.241805	  0.080490	  0.180934	
  0.098722	  0.822470	  0.000369	  0.078438	
  0.270589	  0.550376	  0.052489	  0.126546	
  0.468198	  0.141019	  0.160596	  0.230187	
  0.268544	  0.245430	  0.189239	  0.296787	

URL http://cisbp.ccbr.utoronto.ca/TFreport.php?versionNumber=2.00&searchTF=T003053_2.00

MOTIF M01622_2.00 (OB01G34420)_(Arabidopsis_thaliana)_(DBD_0.80)

letter-probability matrix: alength= 4 w= 8 nsites= 1 E= 0
  0.043837	  0.477865	  0.347656	  0.130642	
  0.108261	  0.783207	  0.081263	  0.027268	
  0.000227	  0.000227	  0.999319	  0.000227	
  0.000227	  0.976612	  0.022934	  0.000227	
  0.000227	  0.999319	  0.000227	  0.000227	
  0.000227	  0.000227	  0.999319	  0.000227	
  0.022934	  0.931199	  0.000227	  0.045640	
  0.117803	  0.734724	  0.059048	  0.088425	

URL http://cisbp.ccbr.utoronto.ca/TFreport.php?versionNumber=2.00&searchTF=T002978_2.00

MOTIF M01629_2.00 (OB04G18180)_(Arabidopsis_thaliana)_(DBD_0.90)

letter-probability matrix: alength= 4 w= 10 nsites= 1 E= 0
  0.178678	  0.349179	  0.274674	  0.197470	
  0.255958	  0.443639	  0.173298	  0.127105	
  0.074895	  0.028677	  0.885447	  0.010980	
  0.036587	  0.764852	  0.143981	  0.054581	
  0.103240	  0.801957	  0.041974	  0.052829	
  0.112874	  0.082787	  0.747155	  0.057184	
  0.181955	  0.413129	  0.119553	  0.285363	
  0.276532	  0.455924	  0.092975	  0.174570	
  0.387096	  0.208236	  0.192226	  0.212443	
  0.286170	  0.212000	  0.191826	  0.310004	

