MEME version 5.5.8 (Fri May 2 15:43:49 2025 -0700)

ALPHABET= ACGT

strands: + -

Background letter frequencies (from uniform background):
A 0.25000 C 0.25000 G 0.25000 T 0.25000 

MOTIF M00153_2.00 (OSTLU_119601)_(Mus_musculus)_(DBD_0.67)

letter-probability matrix: alength= 4 w= 10 nsites= 1 E= 0
  0.328844	  0.158473	  0.193559	  0.319125	
  0.340062	  0.138259	  0.138259	  0.383419	
  0.250781	  0.152106	  0.248285	  0.348828	
  0.146662	  0.212328	  0.477294	  0.163716	
  0.049148	  0.109382	  0.841214	  0.000255	
  0.098666	  0.881603	  0.000009	  0.019722	
  0.001228	  0.000013	  0.977948	  0.020810	
  0.022581	  0.624590	  0.326064	  0.026765	
  0.135566	  0.284138	  0.361210	  0.219085	
  0.234821	  0.292605	  0.182879	  0.289694	

URL http://cisbp.ccbr.utoronto.ca/TFreport.php?versionNumber=2.00&searchTF=T173392_2.00

MOTIF M01070_2.00 (OSTLU_27049)_(Arabidopsis_thaliana)_(DBD_0.79)

letter-probability matrix: alength= 4 w= 8 nsites= 1 E= 0
  0.478976	  0.104288	  0.000208	  0.416528	
  0.411670	  0.014844	  0.529248	  0.044239	
  0.460416	  0.539321	  0.000132	  0.000132	
  0.000130	  0.999611	  0.000130	  0.000130	
  0.000130	  0.973650	  0.000130	  0.026090	
  0.026090	  0.000130	  0.000130	  0.973650	
  0.999611	  0.000130	  0.000130	  0.000130	
  0.403728	  0.000192	  0.595888	  0.000192	

URL http://cisbp.ccbr.utoronto.ca/TFreport.php?versionNumber=2.00&searchTF=T277315_2.00

MOTIF M01288_2.00 (OSTLU_34891)_(Ostreococcus_tauri)_(DBD_0.89)

letter-probability matrix: alength= 4 w= 10 nsites= 1 E= 0
  0.938238	  0.004455	  0.001383	  0.055925	
  0.896547	  0.036182	  0.000013	  0.067259	
  0.032112	  0.915275	  0.000718	  0.051895	
  0.081428	  0.056810	  0.780333	  0.081428	
  0.120891	  0.051156	  0.695678	  0.132275	
  0.287112	  0.196345	  0.088223	  0.428320	
  0.339455	  0.277922	  0.084550	  0.298074	
  0.458872	  0.184707	  0.112030	  0.244391	
  0.239744	  0.298740	  0.141115	  0.320401	
  0.225854	  0.117906	  0.223607	  0.432633	

URL http://cisbp.ccbr.utoronto.ca/TFreport.php?versionNumber=2.00&searchTF=T277321_2.00

MOTIF M01567_2.00 (OSTLU_26716)_(Saccharomyces_cerevisiae)_(DBD_0.78)

letter-probability matrix: alength= 4 w= 7 nsites= 1 E= 0
  0.315311	  0.189343	  0.207174	  0.288172	
  0.345705	  0.141966	  0.211788	  0.300541	
  0.271982	  0.110580	  0.155359	  0.462079	
  0.583542	  0.000869	  0.110954	  0.304636	
  0.219565	  0.006434	  0.188981	  0.585020	
  0.934996	  0.000354	  0.051964	  0.012687	
  0.422777	  0.000471	  0.095282	  0.481470	

URL http://cisbp.ccbr.utoronto.ca/TFreport.php?versionNumber=2.00&searchTF=T342784_2.00

MOTIF M01644_2.00 (OSTLU_23938)_(Ostreococcus_tauri)_(DBD_1.00)

letter-probability matrix: alength= 4 w= 8 nsites= 1 E= 0
  0.184280	  0.604890	  0.131703	  0.079127	
  0.000196	  0.000196	  0.999412	  0.000196	
  0.000196	  0.921042	  0.078566	  0.000196	
  0.000196	  0.979820	  0.019788	  0.000196	
  0.000196	  0.000196	  0.999412	  0.000196	
  0.019788	  0.705525	  0.215713	  0.058973	
  0.000204	  0.999388	  0.000204	  0.000204	
  0.580219	  0.032539	  0.322487	  0.064755	

URL http://cisbp.ccbr.utoronto.ca/TFreport.php?versionNumber=2.00&searchTF=T004243_2.00

MOTIF M01956_2.00 (OSTLU_9704)_(Physcomitrella_patens)_(DBD_0.76)

letter-probability matrix: alength= 4 w= 10 nsites= 1 E= 0
  0.227461	  0.227461	  0.261643	  0.283434	
  0.259361	  0.307422	  0.173855	  0.259361	
  0.373723	  0.207165	  0.268679	  0.150433	
  0.052278	  0.859692	  0.027291	  0.060738	
  0.086225	  0.053891	  0.216363	  0.643522	
  0.081585	  0.000671	  0.062280	  0.855464	
  0.080536	  0.023777	  0.067945	  0.827742	
  0.322963	  0.128707	  0.085416	  0.462913	
  0.216530	  0.254101	  0.186369	  0.343000	
  0.227557	  0.256570	  0.264384	  0.251489	

URL http://cisbp.ccbr.utoronto.ca/TFreport.php?versionNumber=2.00&searchTF=T170951_2.00

MOTIF M01957_2.00 (OSTLU_24922)_(Ostreococcus_tauri)_(DBD_0.73)

letter-probability matrix: alength= 4 w= 8 nsites= 1 E= 0
  0.375636	  0.214567	  0.244355	  0.165442	
  0.066139	  0.707511	  0.099659	  0.126691	
  0.159617	  0.000534	  0.293764	  0.546086	
  0.167623	  0.068835	  0.116947	  0.646594	
  0.155309	  0.092334	  0.135019	  0.617338	
  0.292169	  0.151008	  0.142214	  0.414608	
  0.224346	  0.231178	  0.185525	  0.358952	
  0.230337	  0.267613	  0.262314	  0.239737	

URL http://cisbp.ccbr.utoronto.ca/TFreport.php?versionNumber=2.00&searchTF=T170950_2.00

MOTIF M02018_2.00 (OSTLU_30438)_(Ostreococcus_tauri)_(DBD_0.94)

letter-probability matrix: alength= 4 w= 8 nsites= 1 E= 0
  0.278095	  0.275328	  0.199929	  0.246648	
  0.251817	  0.249311	  0.223341	  0.275531	
  0.340194	  0.242140	  0.170633	  0.247032	
  0.055050	  0.124991	  0.644352	  0.175606	
  0.961705	  0.000618	  0.001490	  0.036187	
  0.097122	  0.071950	  0.029843	  0.801085	
  0.119255	  0.665982	  0.061637	  0.153126	
  0.256866	  0.163785	  0.283881	  0.295467	

URL http://cisbp.ccbr.utoronto.ca/TFreport.php?versionNumber=2.00&searchTF=T194586_2.00

MOTIF M02019_2.00 (OSTLU_32466)_(Ostreococcus_tauri)_(DBD_0.86)

letter-probability matrix: alength= 4 w= 10 nsites= 1 E= 0
  0.266862	  0.222902	  0.229691	  0.280545	
  0.261783	  0.229870	  0.227583	  0.280764	
  0.270249	  0.242098	  0.228000	  0.259653	
  0.262470	  0.235130	  0.295934	  0.206466	
  0.547738	  0.077153	  0.103110	  0.271999	
  0.073754	  0.107849	  0.728314	  0.090083	
  0.909100	  0.004274	  0.000789	  0.085837	
  0.111061	  0.005313	  0.003491	  0.880136	
  0.121996	  0.569063	  0.147524	  0.161417	
  0.181089	  0.298565	  0.200134	  0.320213	

URL http://cisbp.ccbr.utoronto.ca/TFreport.php?versionNumber=2.00&searchTF=T194588_2.00

MOTIF M02138_2.00 (OSTLU_5313)_(Zea_mays)_(DBD_0.60)

letter-probability matrix: alength= 4 w= 10 nsites= 1 E= 0
  0.350138	  0.267035	  0.191413	  0.191413	
  0.175104	  0.254387	  0.397340	  0.173169	
  0.000152	  0.000152	  0.000152	  0.999545	
  0.000152	  0.094572	  0.905125	  0.000152	
  0.999545	  0.000152	  0.000152	  0.000152	
  0.000152	  0.905125	  0.000152	  0.094572	
  0.456842	  0.000152	  0.542855	  0.000152	
  0.094572	  0.000152	  0.456842	  0.448434	
  0.058738	  0.740470	  0.142053	  0.058738	
  0.368859	  0.150670	  0.150670	  0.329802	

URL http://cisbp.ccbr.utoronto.ca/TFreport.php?versionNumber=2.00&searchTF=T222064_2.00

MOTIF M02296_2.00 (OSTLU_26838)_(Arabidopsis_thaliana)_(DBD_0.72)

letter-probability matrix: alength= 4 w= 10 nsites= 1 E= 0
  0.371858	  0.181003	  0.190283	  0.256855	
  0.609459	  0.091156	  0.156424	  0.142961	
  0.042918	  0.004218	  0.897204	  0.055661	
  0.977189	  0.000806	  0.000790	  0.021214	
  0.034212	  0.000282	  0.000065	  0.965441	
  0.320056	  0.234744	  0.021726	  0.423475	
  0.046766	  0.564058	  0.082695	  0.306481	
  0.098809	  0.138821	  0.465533	  0.296837	
  0.192166	  0.343216	  0.292469	  0.172149	
  0.218283	  0.207637	  0.168307	  0.405772	

URL http://cisbp.ccbr.utoronto.ca/TFreport.php?versionNumber=2.00&searchTF=T277313_2.00

MOTIF M02360_2.00 (OSTLU_9418)_(Ostreococcus_tauri)_(DBD_1.00)

letter-probability matrix: alength= 4 w= 13 nsites= 1 E= 0
  0.318807	  0.227064	  0.227064	  0.227064	
  0.335924	  0.265890	  0.246689	  0.151497	
  0.361748	  0.169590	  0.390814	  0.077848	
  0.146106	  0.145163	  0.053421	  0.655311	
  0.025705	  0.025705	  0.136567	  0.812022	
  0.999399	  0.000200	  0.000200	  0.000200	
  0.000200	  0.000200	  0.000200	  0.999399	
  0.000200	  0.999399	  0.000200	  0.000200	
  0.023136	  0.837908	  0.023136	  0.115821	
  0.204592	  0.098703	  0.503997	  0.192708	
  0.172352	  0.270061	  0.385234	  0.172352	
  0.409662	  0.196779	  0.196779	  0.196779	
  0.224495	  0.224495	  0.224495	  0.326515	

URL http://cisbp.ccbr.utoronto.ca/TFreport.php?versionNumber=2.00&searchTF=T277335_2.00

MOTIF M02362_2.00 (OSTLU_26932)_(Ostreococcus_tauri)_(DBD_0.81)

letter-probability matrix: alength= 4 w= 12 nsites= 1 E= 0
  0.150757	  0.150757	  0.547730	  0.150757	
  0.528127	  0.182432	  0.194909	  0.094532	
  0.873406	  0.042198	  0.042198	  0.042198	
  0.021018	  0.021018	  0.021018	  0.936947	
  0.999445	  0.000185	  0.000185	  0.000185	
  0.000185	  0.000185	  0.000185	  0.999445	
  0.000185	  0.089104	  0.171764	  0.738947	
  0.084905	  0.914724	  0.000185	  0.000185	
  0.184149	  0.616994	  0.099429	  0.099429	
  0.238983	  0.258799	  0.261844	  0.240373	
  0.292708	  0.291318	  0.207987	  0.207987	
  0.229167	  0.229167	  0.312498	  0.229167	

URL http://cisbp.ccbr.utoronto.ca/TFreport.php?versionNumber=2.00&searchTF=T277314_2.00

MOTIF M02363_2.00 (OSTLU_41981)_(Ostreococcus_tauri)_(DBD_0.70)

letter-probability matrix: alength= 4 w= 8 nsites= 1 E= 0
  0.125208	  0.125208	  0.624376	  0.125208	
  0.000312	  0.874220	  0.125156	  0.000312	
  0.000270	  0.999190	  0.000270	  0.000270	
  0.000270	  0.000270	  0.999190	  0.000270	
  0.000270	  0.999190	  0.000270	  0.000270	
  0.000270	  0.000270	  0.999190	  0.000270	
  0.000303	  0.121368	  0.878027	  0.000303	
  0.083611	  0.042013	  0.790765	  0.083611	

URL http://cisbp.ccbr.utoronto.ca/TFreport.php?versionNumber=2.00&searchTF=T277323_2.00

MOTIF M02364_2.00 (OSTLU_30413)_(Ostreococcus_tauri)_(DBD_0.94)

letter-probability matrix: alength= 4 w= 9 nsites= 1 E= 0
  0.296166	  0.221610	  0.170873	  0.311351	
  0.443491	  0.074789	  0.114971	  0.366749	
  0.558136	  0.026698	  0.258424	  0.156742	
  0.466160	  0.510060	  0.000338	  0.023442	
  0.031326	  0.967229	  0.000400	  0.001045	
  0.077813	  0.883869	  0.037876	  0.000442	
  0.006183	  0.287663	  0.026359	  0.679795	
  0.508974	  0.176337	  0.140106	  0.174583	
  0.273515	  0.210894	  0.334072	  0.181518	

URL http://cisbp.ccbr.utoronto.ca/TFreport.php?versionNumber=2.00&searchTF=T277317_2.00

MOTIF M02365_2.00 (OSTLU_8087)_(Ostreococcus_tauri)_(DBD_0.85)

letter-probability matrix: alength= 4 w= 10 nsites= 1 E= 0
  0.311576	  0.194736	  0.262866	  0.230822	
  0.179847	  0.369484	  0.192888	  0.257781	
  0.173347	  0.405572	  0.245992	  0.175090	
  0.146670	  0.237030	  0.056159	  0.560140	
  0.167270	  0.125162	  0.117873	  0.589696	
  0.929511	  0.019004	  0.017543	  0.033942	
  0.033044	  0.093490	  0.046426	  0.827040	
  0.033356	  0.886463	  0.032370	  0.047810	
  0.114616	  0.442122	  0.125410	  0.317852	
  0.284231	  0.198301	  0.247099	  0.270369	

URL http://cisbp.ccbr.utoronto.ca/TFreport.php?versionNumber=2.00&searchTF=T277328_2.00

MOTIF M02367_2.00 (OSTLU_5500)_(Ostreococcus_tauri)_(DBD_0.98)

letter-probability matrix: alength= 4 w= 8 nsites= 1 E= 0
  0.199383	  0.294484	  0.285781	  0.220352	
  0.265335	  0.327338	  0.232989	  0.174338	
  0.278432	  0.200172	  0.391183	  0.130213	
  0.334245	  0.103738	  0.265569	  0.296448	
  0.984956	  0.001791	  0.005066	  0.008187	
  0.093831	  0.018944	  0.014607	  0.872618	
  0.130107	  0.664050	  0.099321	  0.106523	
  0.243162	  0.226723	  0.205147	  0.324968	

URL http://cisbp.ccbr.utoronto.ca/TFreport.php?versionNumber=2.00&searchTF=T277325_2.00

MOTIF M02490_2.00 (OSTLU_31946)_(Neurospora_crassa)_(DBD_0.36)

letter-probability matrix: alength= 4 w= 10 nsites= 1 E= 0
  0.329130	  0.229626	  0.220622	  0.220622	
  0.346994	  0.223477	  0.251969	  0.177560	
  0.448098	  0.134965	  0.110500	  0.306437	
  0.335755	  0.153912	  0.139266	  0.371067	
  0.248453	  0.220358	  0.178619	  0.352571	
  0.233539	  0.293933	  0.209213	  0.263315	
  0.195880	  0.356917	  0.275201	  0.172001	
  0.140053	  0.396240	  0.262965	  0.200742	
  0.596865	  0.017317	  0.262878	  0.122939	
  0.143083	  0.219956	  0.147441	  0.489520	

URL http://cisbp.ccbr.utoronto.ca/TFreport.php?versionNumber=2.00&searchTF=T331726_2.00

MOTIF M02533_2.00 (OSTLU_25091)_(Ostreococcus_tauri)_(DBD_0.92)

letter-probability matrix: alength= 4 w= 9 nsites= 1 E= 0
  0.271308	  0.265936	  0.240628	  0.222128	
  0.288149	  0.231245	  0.271368	  0.209239	
  0.224414	  0.180096	  0.250508	  0.344982	
  0.163222	  0.233951	  0.201364	  0.401462	
  0.190314	  0.371918	  0.175682	  0.262086	
  0.430856	  0.117422	  0.378333	  0.073389	
  0.461800	  0.159993	  0.089580	  0.288626	
  0.502170	  0.131491	  0.234848	  0.131491	
  0.240171	  0.279039	  0.181518	  0.299272	

URL http://cisbp.ccbr.utoronto.ca/TFreport.php?versionNumber=2.00&searchTF=T345699_2.00

MOTIF M02535_2.00 (OSTLU_42308)_(Ostreococcus_tauri)_(DBD_0.75)

letter-probability matrix: alength= 4 w= 10 nsites= 1 E= 0
  0.542652	  0.117995	  0.113519	  0.225834	
  0.279593	  0.143987	  0.195206	  0.381215	
  0.096535	  0.175727	  0.119694	  0.608045	
  0.202572	  0.123770	  0.085906	  0.587752	
  0.084457	  0.280504	  0.202746	  0.432293	
  0.432293	  0.202746	  0.280504	  0.084457	
  0.587752	  0.085906	  0.123770	  0.202572	
  0.608045	  0.119694	  0.175727	  0.096535	
  0.381215	  0.195206	  0.143987	  0.279593	
  0.225834	  0.113519	  0.117995	  0.542652	

URL http://cisbp.ccbr.utoronto.ca/TFreport.php?versionNumber=2.00&searchTF=T345700_2.00

MOTIF M02570_2.00 (OSTLU_26580)_(Ostreococcus_tauri)_(DBD_0.75)

letter-probability matrix: alength= 4 w= 9 nsites= 1 E= 0
  0.241635	  0.259156	  0.232161	  0.267048	
  0.339988	  0.116619	  0.454369	  0.089024	
  0.090372	  0.018246	  0.791505	  0.099877	
  0.115683	  0.000069	  0.003424	  0.880823	
  0.157393	  0.749003	  0.041213	  0.052391	
  0.758233	  0.079122	  0.043423	  0.119222	
  0.650035	  0.029875	  0.180734	  0.139355	
  0.254248	  0.415014	  0.132729	  0.198009	
  0.231806	  0.229499	  0.328948	  0.209747	

URL http://cisbp.ccbr.utoronto.ca/TFreport.php?versionNumber=2.00&searchTF=T354238_2.00

MOTIF M02698_2.00 (OSTLU_31513)_(Arabidopsis_thaliana)_(DBD_0.94)

letter-probability matrix: alength= 4 w= 11 nsites= 1 E= 0
  0.140000	  0.450000	  0.230000	  0.180000	
  0.160000	  0.270000	  0.550000	  0.020000	
  0.000000	  0.919192	  0.040404	  0.040404	
  0.000000	  0.050000	  0.930000	  0.020000	
  0.040404	  0.939394	  0.000000	  0.020202	
  0.040404	  0.020202	  0.020202	  0.919192	
  0.080808	  0.000000	  0.858586	  0.060606	
  0.960000	  0.000000	  0.020000	  0.020000	
  0.040000	  0.040000	  0.920000	  0.000000	
  0.020000	  0.550000	  0.260000	  0.170000	
  0.151515	  0.323232	  0.242424	  0.282828	

URL http://cisbp.ccbr.utoronto.ca/TFreport.php?versionNumber=2.00&searchTF=T277319_2.00

MOTIF M06588_2.00 (OSTLU_9237)_(Arabidopsis_thaliana)_(DBD_0.84)

letter-probability matrix: alength= 4 w= 21 nsites= 1 E= 0
  0.182580	  0.422111	  0.135678	  0.259631	
  0.179229	  0.586265	  0.070352	  0.164154	
  0.221106	  0.082077	  0.314908	  0.381910	
  0.046901	  0.673367	  0.169179	  0.110553	
  0.108878	  0.865997	  0.010050	  0.015075	
  0.025126	  0.000000	  0.963149	  0.011725	
  0.001675	  0.998325	  0.000000	  0.000000	
  0.001675	  0.998325	  0.000000	  0.000000	
  0.001675	  0.000000	  0.998325	  0.000000	
  0.005025	  0.907873	  0.000000	  0.087102	
  0.145729	  0.827471	  0.010050	  0.016750	
  0.532663	  0.006700	  0.346734	  0.113903	
  0.207705	  0.308208	  0.025126	  0.458961	
  0.246231	  0.284757	  0.023451	  0.445561	
  0.284757	  0.087102	  0.219430	  0.408710	
  0.140704	  0.418760	  0.120603	  0.319933	
  0.219430	  0.418760	  0.139028	  0.222781	
  0.261307	  0.150754	  0.321608	  0.266332	
  0.159129	  0.462312	  0.144054	  0.234506	
  0.190955	  0.479062	  0.107203	  0.222781	
  0.212730	  0.199330	  0.375209	  0.212730	

URL http://cisbp.ccbr.utoronto.ca/TFreport.php?versionNumber=2.00&searchTF=T004248_2.00

MOTIF M06873_2.00 (OSTLU_42726)_(Arabidopsis_thaliana)_(DBD_0.62)

letter-probability matrix: alength= 4 w= 21 nsites= 1 E= 0
  0.230061	  0.000000	  0.015337	  0.754602	
  0.134969	  0.006135	  0.003067	  0.855829	
  0.076687	  0.012270	  0.009202	  0.901841	
  0.036810	  0.000000	  0.033742	  0.929448	
  0.003067	  0.049080	  0.944786	  0.003067	
  0.000000	  0.003067	  0.993866	  0.003067	
  0.000000	  1.000000	  0.000000	  0.000000	
  0.000000	  0.000000	  1.000000	  0.000000	
  0.000000	  0.009202	  0.990798	  0.000000	
  0.000000	  0.009202	  0.990798	  0.000000	
  0.996933	  0.000000	  0.000000	  0.003067	
  0.993866	  0.003067	  0.000000	  0.003067	
  0.855828	  0.030675	  0.039877	  0.073620	
  0.622699	  0.067485	  0.046012	  0.263804	
  0.266871	  0.110429	  0.064417	  0.558283	
  0.214724	  0.134969	  0.174847	  0.475460	
  0.337423	  0.088957	  0.131902	  0.441718	
  0.180982	  0.199387	  0.180982	  0.438650	
  0.303681	  0.052147	  0.239264	  0.404908	
  0.162577	  0.064417	  0.312883	  0.460123	
  0.214724	  0.141104	  0.220859	  0.423313	

URL http://cisbp.ccbr.utoronto.ca/TFreport.php?versionNumber=2.00&searchTF=T173394_2.00

MOTIF M06952_2.00 (OSTLU_8561)_(Arabidopsis_thaliana)_(DBD_0.54)

letter-probability matrix: alength= 4 w= 12 nsites= 1 E= 0
  0.020000	  0.005000	  0.956667	  0.018333	
  0.963333	  0.000000	  0.016667	  0.020000	
  0.955000	  0.000000	  0.010000	  0.035000	
  0.135000	  0.130000	  0.586667	  0.148333	
  0.165000	  0.456667	  0.220000	  0.158333	
  0.076667	  0.006667	  0.005000	  0.911666	
  0.016667	  0.000000	  0.005000	  0.978333	
  0.000000	  0.996667	  0.000000	  0.003333	
  0.008333	  0.261667	  0.058333	  0.671667	
  0.768333	  0.010000	  0.161667	  0.060000	
  0.185000	  0.028333	  0.715000	  0.071667	
  0.845000	  0.018333	  0.065000	  0.071667	

URL http://cisbp.ccbr.utoronto.ca/TFreport.php?versionNumber=2.00&searchTF=T241582_2.00

MOTIF M07069_2.00 (OSTLU_9264)_(Arabidopsis_thaliana)_(DBD_0.67)

letter-probability matrix: alength= 4 w= 12 nsites= 1 E= 0
  0.386172	  0.207420	  0.161889	  0.244519	
  0.370995	  0.224283	  0.123103	  0.281619	
  0.435076	  0.155143	  0.187184	  0.222597	
  0.672850	  0.059022	  0.074199	  0.193929	
  0.912310	  0.000000	  0.003373	  0.084317	
  1.000000	  0.000000	  0.000000	  0.000000	
  0.996627	  0.000000	  0.003373	  0.000000	
  0.005059	  0.000000	  0.000000	  0.994941	
  1.000000	  0.000000	  0.000000	  0.000000	
  0.000000	  0.000000	  0.000000	  1.000000	
  0.000000	  1.000000	  0.000000	  0.000000	
  0.096121	  0.064081	  0.013491	  0.826307	

URL http://cisbp.ccbr.utoronto.ca/TFreport.php?versionNumber=2.00&searchTF=T277331_2.00

MOTIF M07100_2.00 (OSTLU_6612)_(Arabidopsis_thaliana)_(DBD_0.67)

letter-probability matrix: alength= 4 w= 11 nsites= 1 E= 0
  0.368948	  0.200334	  0.175292	  0.255426	
  0.519199	  0.138564	  0.178631	  0.163606	
  0.707846	  0.043406	  0.055092	  0.193656	
  0.954925	  0.000000	  0.000000	  0.045075	
  0.998331	  0.000000	  0.000000	  0.001669	
  0.998331	  0.000000	  0.001669	  0.000000	
  0.080134	  0.000000	  0.000000	  0.919866	
  1.000000	  0.000000	  0.000000	  0.000000	
  0.000000	  0.000000	  0.000000	  1.000000	
  0.000000	  1.000000	  0.000000	  0.000000	
  0.043406	  0.060100	  0.006678	  0.889816	

URL http://cisbp.ccbr.utoronto.ca/TFreport.php?versionNumber=2.00&searchTF=T277327_2.00

MOTIF M07128_2.00 (OSTLU_5960)_(Arabidopsis_thaliana)_(DBD_0.80)

letter-probability matrix: alength= 4 w= 14 nsites= 1 E= 0
  0.390000	  0.195000	  0.176667	  0.238333	
  0.338333	  0.245000	  0.168333	  0.248333	
  0.395000	  0.206667	  0.236667	  0.161667	
  0.553333	  0.070000	  0.096667	  0.280000	
  0.876667	  0.000000	  0.000000	  0.123333	
  1.000000	  0.000000	  0.000000	  0.000000	
  0.976667	  0.008333	  0.006667	  0.008333	
  0.006667	  0.000000	  0.016667	  0.976666	
  1.000000	  0.000000	  0.000000	  0.000000	
  0.000000	  0.000000	  0.000000	  1.000000	
  0.000000	  1.000000	  0.000000	  0.000000	
  0.141667	  0.070000	  0.020000	  0.768333	
  0.341667	  0.171667	  0.128333	  0.358333	
  0.423333	  0.216667	  0.145000	  0.215000	

URL http://cisbp.ccbr.utoronto.ca/TFreport.php?versionNumber=2.00&searchTF=T277326_2.00

MOTIF M08108_2.00 (OSTLU_38105)_(Homo_sapiens)_(DBD_0.72)

letter-probability matrix: alength= 4 w= 11 nsites= 1 E= 0
  0.204783	  0.244644	  0.387145	  0.163428	
  0.131041	  0.340807	  0.468361	  0.059791	
  0.023916	  0.035376	  0.927753	  0.012955	
  0.013951	  0.939711	  0.010962	  0.035376	
  0.006976	  0.026906	  0.962631	  0.003488	
  0.017937	  0.039860	  0.929248	  0.012955	
  0.013453	  0.015944	  0.956153	  0.014449	
  0.924265	  0.011958	  0.048829	  0.014948	
  0.819631	  0.084704	  0.068261	  0.027404	
  0.231689	  0.322372	  0.322870	  0.123069	
  0.189836	  0.300947	  0.322870	  0.186348	

URL http://cisbp.ccbr.utoronto.ca/TFreport.php?versionNumber=2.00&searchTF=T173393_2.00

MOTIF M08149_2.00 (OSTLU_29140)_(Homo_sapiens)_(DBD_0.81)

letter-probability matrix: alength= 4 w= 15 nsites= 1 E= 0
  0.319149	  0.145315	  0.306021	  0.229516	
  0.331824	  0.068357	  0.259393	  0.340426	
  0.195111	  0.088728	  0.372114	  0.344047	
  0.172929	  0.639203	  0.035310	  0.152558	
  0.000000	  0.445903	  0.000000	  0.554097	
  0.731553	  0.115890	  0.033499	  0.119058	
  0.772295	  0.014486	  0.109099	  0.104120	
  0.953825	  0.000000	  0.039384	  0.006790	
  0.964690	  0.000000	  0.000905	  0.034405	
  0.966501	  0.000000	  0.001811	  0.031689	
  0.025351	  0.028067	  0.000000	  0.946582	
  0.985514	  0.000000	  0.014486	  0.000000	
  0.176098	  0.054323	  0.756451	  0.013128	
  0.441376	  0.378452	  0.066999	  0.113173	
  0.456768	  0.203712	  0.057039	  0.282481	

URL http://cisbp.ccbr.utoronto.ca/TFreport.php?versionNumber=2.00&searchTF=T255545_2.00

