MEME version 5.5.8 (Fri May 2 15:43:49 2025 -0700)

ALPHABET= ACGT

strands: + -

Background letter frequencies (from uniform background):
A 0.25000 C 0.25000 G 0.25000 T 0.25000 

MOTIF M00750_2.00 (Contig18446.0.g36)_(Mus_musculus)_(DBD_0.61)

letter-probability matrix: alength= 4 w= 8 nsites= 1 E= 0
  0.750000	  0.083333	  0.083333	  0.083333	
  0.800000	  0.066667	  0.066667	  0.066667	
  0.733333	  0.066667	  0.066667	  0.133333	
  0.266667	  0.066667	  0.066667	  0.600000	
  0.733333	  0.066667	  0.066667	  0.133333	
  0.666667	  0.066667	  0.066667	  0.200000	
  0.692308	  0.076923	  0.076923	  0.153846	
  0.166667	  0.083333	  0.083333	  0.666667	

URL http://cisbp.ccbr.utoronto.ca/TFreport.php?versionNumber=2.00&searchTF=T018078_2.00

MOTIF M01106_2.00 (Contig10809.0.g76)_(Trichomonas_vaginalis)_(DBD_0.62)

letter-probability matrix: alength= 4 w= 8 nsites= 1 E= 0
  0.483861	  0.092001	  0.215250	  0.208888	
  0.550968	  0.140005	  0.167616	  0.141412	
  0.561595	  0.058603	  0.114524	  0.265279	
  0.513647	  0.040106	  0.069515	  0.376733	
  0.597236	  0.037424	  0.030948	  0.334392	
  0.763937	  0.036910	  0.033733	  0.165420	
  0.582011	  0.007741	  0.027840	  0.382408	
  0.380653	  0.020326	  0.002038	  0.596983	

URL http://cisbp.ccbr.utoronto.ca/TFreport.php?versionNumber=2.00&searchTF=T018077_2.00

MOTIF M01666_2.00 (Contig1044.0.g66)_(Tetrahymena_thermophila)_(DBD_0.63)

letter-probability matrix: alength= 4 w= 9 nsites= 1 E= 0
  0.220816	  0.216443	  0.205887	  0.356854	
  0.323660	  0.102483	  0.136961	  0.436896	
  0.488148	  0.096604	  0.210738	  0.204510	
  0.868647	  0.016894	  0.026494	  0.087965	
  0.039374	  0.047613	  0.038983	  0.874030	
  0.071157	  0.193426	  0.067013	  0.668404	
  0.657085	  0.083748	  0.136703	  0.122464	
  0.535441	  0.169540	  0.153406	  0.141612	
  0.307368	  0.203985	  0.251651	  0.236996	

URL http://cisbp.ccbr.utoronto.ca/TFreport.php?versionNumber=2.00&searchTF=T016200_2.00

MOTIF M01968_2.00 (Contig21974.0.g77)_(Physcomitrella_patens)_(DBD_0.63)

letter-probability matrix: alength= 4 w= 10 nsites= 1 E= 0
  0.233790	  0.138993	  0.425993	  0.201225	
  0.151778	  0.438088	  0.392454	  0.017680	
  0.020553	  0.048571	  0.839679	  0.091197	
  0.006893	  0.992712	  0.000031	  0.000364	
  0.013922	  0.000083	  0.985791	  0.000205	
  0.013288	  0.979343	  0.002765	  0.004604	
  0.083385	  0.551953	  0.224407	  0.140255	
  0.409276	  0.238505	  0.118438	  0.233782	
  0.379447	  0.181039	  0.122574	  0.316940	
  0.306627	  0.222657	  0.201468	  0.269248	

URL http://cisbp.ccbr.utoronto.ca/TFreport.php?versionNumber=2.00&searchTF=T174042_2.00

MOTIF M02176_2.00 (Contig18800.0.1.g23)_(Tetrahymena_thermophila)_(DBD_0.38)

letter-probability matrix: alength= 4 w= 10 nsites= 1 E= 0
  0.253727	  0.251573	  0.220499	  0.274201	
  0.243359	  0.219423	  0.198692	  0.338526	
  0.222237	  0.134064	  0.140031	  0.503668	
  0.243919	  0.093726	  0.140165	  0.522190	
  0.095479	  0.540459	  0.128479	  0.235583	
  0.235583	  0.128479	  0.540459	  0.095479	
  0.522190	  0.140165	  0.093726	  0.243919	
  0.503668	  0.140031	  0.134064	  0.222237	
  0.338526	  0.198692	  0.219423	  0.243359	
  0.274201	  0.220499	  0.251573	  0.253727	

URL http://cisbp.ccbr.utoronto.ca/TFreport.php?versionNumber=2.00&searchTF=T229773_2.00

MOTIF M02335_2.00 (Contig19732.0.g27)_(Tetrahymena_thermophila)_(DBD_0.72)

letter-probability matrix: alength= 4 w= 9 nsites= 1 E= 0
  0.198765	  0.279254	  0.321219	  0.200762	
  0.170040	  0.426680	  0.195593	  0.207687	
  0.288896	  0.053307	  0.636553	  0.021244	
  0.220815	  0.058401	  0.289260	  0.431525	
  0.965747	  0.002000	  0.026653	  0.005601	
  0.001641	  0.088681	  0.033955	  0.875723	
  0.000052	  0.999462	  0.000051	  0.000435	
  0.094176	  0.480665	  0.069073	  0.356085	
  0.261953	  0.162092	  0.218802	  0.357153	

URL http://cisbp.ccbr.utoronto.ca/TFreport.php?versionNumber=2.00&searchTF=T290215_2.00

MOTIF M02525_2.00 (Contig14242.0.g65)_(Brachypodium_distachyon)_(DBD_0.49)

letter-probability matrix: alength= 4 w= 10 nsites= 1 E= 0
  0.293063	  0.270264	  0.198080	  0.238592	
  0.457419	  0.143313	  0.276857	  0.122411	
  0.061314	  0.124657	  0.058139	  0.755890	
  0.106775	  0.160207	  0.133014	  0.600005	
  0.056248	  0.329219	  0.105540	  0.508994	
  0.508994	  0.105540	  0.329219	  0.056248	
  0.600005	  0.133014	  0.160207	  0.106775	
  0.755890	  0.058139	  0.124657	  0.061314	
  0.122411	  0.276857	  0.143313	  0.457419	
  0.238592	  0.198080	  0.270264	  0.293063	

URL http://cisbp.ccbr.utoronto.ca/TFreport.php?versionNumber=2.00&searchTF=T346173_2.00

MOTIF M02533_2.00 (Contig10576.0.g65)_(Ostreococcus_tauri)_(DBD_0.66)

letter-probability matrix: alength= 4 w= 9 nsites= 1 E= 0
  0.271308	  0.265936	  0.240628	  0.222128	
  0.288149	  0.231245	  0.271368	  0.209239	
  0.224414	  0.180096	  0.250508	  0.344982	
  0.163222	  0.233951	  0.201364	  0.401462	
  0.190314	  0.371918	  0.175682	  0.262086	
  0.430856	  0.117422	  0.378333	  0.073389	
  0.461800	  0.159993	  0.089580	  0.288626	
  0.502170	  0.131491	  0.234848	  0.131491	
  0.240171	  0.279039	  0.181518	  0.299272	

URL http://cisbp.ccbr.utoronto.ca/TFreport.php?versionNumber=2.00&searchTF=T346170_2.00

MOTIF M02534_2.00 (Contig10636.0.g79)_(Chlorella_vulgaris)_(DBD_0.83)

letter-probability matrix: alength= 4 w= 10 nsites= 1 E= 0
  0.325158	  0.217960	  0.193313	  0.263568	
  0.358359	  0.188960	  0.202661	  0.250019	
  0.376331	  0.147005	  0.219306	  0.257358	
  0.184463	  0.155625	  0.138027	  0.521885	
  0.198756	  0.111283	  0.133230	  0.556730	
  0.071722	  0.451598	  0.138766	  0.337914	
  0.700958	  0.002209	  0.240435	  0.056399	
  0.752532	  0.046221	  0.081732	  0.119515	
  0.746615	  0.060072	  0.100038	  0.093275	
  0.297928	  0.261609	  0.101175	  0.339288	

URL http://cisbp.ccbr.utoronto.ca/TFreport.php?versionNumber=2.00&searchTF=T346171_2.00

MOTIF M02698_2.00 (Contig21598.0.g16)_(Arabidopsis_thaliana)_(DBD_0.86)

letter-probability matrix: alength= 4 w= 11 nsites= 1 E= 0
  0.140000	  0.450000	  0.230000	  0.180000	
  0.160000	  0.270000	  0.550000	  0.020000	
  0.000000	  0.919192	  0.040404	  0.040404	
  0.000000	  0.050000	  0.930000	  0.020000	
  0.040404	  0.939394	  0.000000	  0.020202	
  0.040404	  0.020202	  0.020202	  0.919192	
  0.080808	  0.000000	  0.858586	  0.060606	
  0.960000	  0.000000	  0.020000	  0.020000	
  0.040000	  0.040000	  0.920000	  0.000000	
  0.020000	  0.550000	  0.260000	  0.170000	
  0.151515	  0.323232	  0.242424	  0.282828	

URL http://cisbp.ccbr.utoronto.ca/TFreport.php?versionNumber=2.00&searchTF=T290220_2.00

MOTIF M06870_2.00 (Contig20893.0.g82)_(Arabidopsis_thaliana)_(DBD_0.74)

letter-probability matrix: alength= 4 w= 15 nsites= 1 E= 0
  0.913043	  0.086957	  0.000000	  0.000000	
  0.347826	  0.000000	  0.130435	  0.521739	
  0.391304	  0.000000	  0.217391	  0.391304	
  0.347826	  0.000000	  0.217391	  0.434783	
  0.260870	  0.000000	  0.217391	  0.521739	
  0.173913	  0.043478	  0.782609	  0.000000	
  0.000000	  0.043478	  0.782609	  0.173913	
  0.217391	  0.782609	  0.000000	  0.000000	
  0.000000	  0.000000	  1.000000	  0.000000	
  0.000000	  1.000000	  0.000000	  0.000000	
  0.000000	  1.000000	  0.000000	  0.000000	
  0.913043	  0.086957	  0.000000	  0.000000	
  0.826086	  0.086957	  0.000000	  0.086957	
  0.913043	  0.000000	  0.086957	  0.000000	
  0.695652	  0.000000	  0.260870	  0.043478	

URL http://cisbp.ccbr.utoronto.ca/TFreport.php?versionNumber=2.00&searchTF=T174041_2.00

MOTIF M06873_2.00 (Contig4079.0.g2)_(Arabidopsis_thaliana)_(DBD_0.57)

letter-probability matrix: alength= 4 w= 21 nsites= 1 E= 0
  0.230061	  0.000000	  0.015337	  0.754602	
  0.134969	  0.006135	  0.003067	  0.855829	
  0.076687	  0.012270	  0.009202	  0.901841	
  0.036810	  0.000000	  0.033742	  0.929448	
  0.003067	  0.049080	  0.944786	  0.003067	
  0.000000	  0.003067	  0.993866	  0.003067	
  0.000000	  1.000000	  0.000000	  0.000000	
  0.000000	  0.000000	  1.000000	  0.000000	
  0.000000	  0.009202	  0.990798	  0.000000	
  0.000000	  0.009202	  0.990798	  0.000000	
  0.996933	  0.000000	  0.000000	  0.003067	
  0.993866	  0.003067	  0.000000	  0.003067	
  0.855828	  0.030675	  0.039877	  0.073620	
  0.622699	  0.067485	  0.046012	  0.263804	
  0.266871	  0.110429	  0.064417	  0.558283	
  0.214724	  0.134969	  0.174847	  0.475460	
  0.337423	  0.088957	  0.131902	  0.441718	
  0.180982	  0.199387	  0.180982	  0.438650	
  0.303681	  0.052147	  0.239264	  0.404908	
  0.162577	  0.064417	  0.312883	  0.460123	
  0.214724	  0.141104	  0.220859	  0.423313	

URL http://cisbp.ccbr.utoronto.ca/TFreport.php?versionNumber=2.00&searchTF=T174043_2.00

MOTIF M06945_2.00 (Contig731.1.g124)_(Arabidopsis_thaliana)_(DBD_0.53)

letter-probability matrix: alength= 4 w= 14 nsites= 1 E= 0
  0.661565	  0.045918	  0.246599	  0.045918	
  0.006803	  0.000000	  0.991496	  0.001701	
  0.972789	  0.003401	  0.006803	  0.017007	
  0.906462	  0.006803	  0.034014	  0.052721	
  0.154762	  0.204082	  0.513605	  0.127551	
  0.210884	  0.374150	  0.209184	  0.205782	
  0.105442	  0.030612	  0.013605	  0.850341	
  0.028912	  0.000000	  0.005102	  0.965986	
  0.000000	  0.994898	  0.005102	  0.000000	
  0.013605	  0.134354	  0.039116	  0.812925	
  0.770408	  0.032313	  0.195578	  0.001701	
  0.003401	  0.000000	  0.996599	  0.000000	
  0.971089	  0.003401	  0.017007	  0.008503	
  0.819727	  0.023810	  0.059524	  0.096939	

URL http://cisbp.ccbr.utoronto.ca/TFreport.php?versionNumber=2.00&searchTF=T243444_2.00

MOTIF M06947_2.00 (Contig10067.0.g63)_(Arabidopsis_thaliana)_(DBD_0.56)

letter-probability matrix: alength= 4 w= 19 nsites= 1 E= 0
  0.227045	  0.200334	  0.140234	  0.432387	
  0.237062	  0.315526	  0.198664	  0.248748	
  0.285476	  0.203673	  0.171953	  0.338898	
  0.540902	  0.093489	  0.235392	  0.130217	
  0.153589	  0.071786	  0.689483	  0.085142	
  0.796328	  0.075125	  0.078464	  0.050083	
  0.804674	  0.028381	  0.045075	  0.121870	
  0.121870	  0.188648	  0.482471	  0.207012	
  0.106845	  0.575960	  0.185309	  0.131886	
  0.096828	  0.018364	  0.016694	  0.868114	
  0.008347	  0.005008	  0.000000	  0.986645	
  0.003339	  0.988314	  0.000000	  0.008347	
  0.005008	  0.073456	  0.028381	  0.893155	
  0.896494	  0.006678	  0.090150	  0.006678	
  0.010017	  0.008347	  0.969950	  0.011686	
  0.984975	  0.000000	  0.008347	  0.006678	
  0.853089	  0.035058	  0.028381	  0.083472	
  0.195326	  0.135225	  0.542571	  0.126878	
  0.330551	  0.375626	  0.160267	  0.133556	

URL http://cisbp.ccbr.utoronto.ca/TFreport.php?versionNumber=2.00&searchTF=T243437_2.00

MOTIF M07297_2.00 (Contig7608.0.g75)_(Arabidopsis_thaliana)_(DBD_0.66)

letter-probability matrix: alength= 4 w= 15 nsites= 1 E= 0
  0.518334	  0.095000	  0.193333	  0.193333	
  0.581666	  0.001667	  0.100000	  0.316667	
  0.000000	  0.000000	  0.000000	  1.000000	
  0.000000	  0.000000	  0.000000	  1.000000	
  0.000000	  0.451667	  0.003333	  0.545000	
  0.650000	  0.000000	  0.350000	  0.000000	
  1.000000	  0.000000	  0.000000	  0.000000	
  0.996666	  0.000000	  0.001667	  0.001667	
  0.233333	  0.033333	  0.000000	  0.733334	
  0.055000	  0.045000	  0.016667	  0.883333	
  0.033333	  0.125000	  0.021667	  0.820000	
  0.125000	  0.298333	  0.256667	  0.320000	
  0.690000	  0.073333	  0.116667	  0.120000	
  0.801667	  0.010000	  0.033333	  0.155000	
  0.646667	  0.038333	  0.088333	  0.226667	

URL http://cisbp.ccbr.utoronto.ca/TFreport.php?versionNumber=2.00&searchTF=T346176_2.00

MOTIF M07300_2.00 (Contig21081.0.g24)_(Arabidopsis_thaliana)_(DBD_0.65)

letter-probability matrix: alength= 4 w= 15 nsites= 1 E= 0
  0.429048	  0.081803	  0.101836	  0.387312	
  0.225376	  0.038397	  0.046745	  0.689482	
  0.100167	  0.068447	  0.001669	  0.829717	
  0.090150	  0.288815	  0.068447	  0.552588	
  0.487479	  0.220367	  0.178631	  0.113523	
  0.933221	  0.010017	  0.043406	  0.013356	
  0.924876	  0.023372	  0.001669	  0.050083	
  0.858097	  0.000000	  0.023372	  0.118531	
  0.016694	  0.001669	  0.011686	  0.969951	
  0.000000	  0.000000	  0.000000	  1.000000	
  0.000000	  0.530885	  0.000000	  0.469115	
  0.726211	  0.001669	  0.272120	  0.000000	
  1.000000	  0.000000	  0.000000	  0.000000	
  1.000000	  0.000000	  0.000000	  0.000000	
  0.297162	  0.155259	  0.016694	  0.530885	

URL http://cisbp.ccbr.utoronto.ca/TFreport.php?versionNumber=2.00&searchTF=T346174_2.00

MOTIF M08108_2.00 (Contig13224.0.1.g9)_(Homo_sapiens)_(DBD_0.46)

letter-probability matrix: alength= 4 w= 11 nsites= 1 E= 0
  0.204783	  0.244644	  0.387145	  0.163428	
  0.131041	  0.340807	  0.468361	  0.059791	
  0.023916	  0.035376	  0.927753	  0.012955	
  0.013951	  0.939711	  0.010962	  0.035376	
  0.006976	  0.026906	  0.962631	  0.003488	
  0.017937	  0.039860	  0.929248	  0.012955	
  0.013453	  0.015944	  0.956153	  0.014449	
  0.924265	  0.011958	  0.048829	  0.014948	
  0.819631	  0.084704	  0.068261	  0.027404	
  0.231689	  0.322372	  0.322870	  0.123069	
  0.189836	  0.300947	  0.322870	  0.186348	

URL http://cisbp.ccbr.utoronto.ca/TFreport.php?versionNumber=2.00&searchTF=T174037_2.00

MOTIF M08231_2.00 (Contig262.1.g32)_(Homo_sapiens)_(DBD_0.74)

letter-probability matrix: alength= 4 w= 10 nsites= 1 E= 0
  0.117647	  0.205882	  0.044118	  0.632353	
  0.808823	  0.029412	  0.044118	  0.117647	
  0.102941	  0.000000	  0.088235	  0.808824	
  0.000000	  0.161765	  0.000000	  0.838235	
  0.220588	  0.000000	  0.000000	  0.779412	
  0.220588	  0.000000	  0.779412	  0.000000	
  0.117647	  0.691177	  0.000000	  0.191176	
  0.955882	  0.029412	  0.000000	  0.014706	
  0.000000	  0.000000	  0.000000	  1.000000	
  0.617646	  0.058824	  0.161765	  0.161765	

URL http://cisbp.ccbr.utoronto.ca/TFreport.php?versionNumber=2.00&searchTF=T343201_2.00

