MEME version 5.5.8 (Fri May 2 15:43:49 2025 -0700)

ALPHABET= ACGT

strands: + -

Background letter frequencies (from uniform background):
A 0.25000 C 0.25000 G 0.25000 T 0.25000 

MOTIF M00060_2.00 (GSPATT00026205001)_(Saccharomyces_cerevisiae)_(DBD_0.43)

letter-probability matrix: alength= 4 w= 9 nsites= 1 E= 0
  0.320154	  0.181055	  0.206191	  0.292599	
  0.231700	  0.238756	  0.197442	  0.332102	
  0.223589	  0.242212	  0.287095	  0.247105	
  0.161512	  0.025143	  0.029212	  0.784133	
  0.138264	  0.051376	  0.075881	  0.734480	
  0.092315	  0.709959	  0.122145	  0.075581	
  0.148989	  0.381409	  0.144586	  0.325016	
  0.473500	  0.149928	  0.202381	  0.174191	
  0.182247	  0.285820	  0.153755	  0.378177	

URL http://cisbp.ccbr.utoronto.ca/TFreport.php?versionNumber=2.00&searchTF=T240855_2.00

MOTIF M01321_2.00 (GSPATT00023853001)_(Ciona_intestinalis)_(DBD_0.49)

letter-probability matrix: alength= 4 w= 9 nsites= 1 E= 0
  0.376035	  0.194354	  0.212657	  0.216953	
  0.454381	  0.107656	  0.216792	  0.221171	
  0.137399	  0.086737	  0.067551	  0.708313	
  0.109833	  0.055643	  0.046944	  0.787579	
  0.012137	  0.537147	  0.052787	  0.397928	
  0.713480	  0.021119	  0.242294	  0.023107	
  0.855693	  0.015362	  0.033179	  0.095766	
  0.786029	  0.054981	  0.101189	  0.057800	
  0.279467	  0.282276	  0.129397	  0.308859	

URL http://cisbp.ccbr.utoronto.ca/TFreport.php?versionNumber=2.00&searchTF=T345478_2.00

MOTIF M01665_2.00 GSPATT00004674001

letter-probability matrix: alength= 4 w= 8 nsites= 1 E= 0
  0.277507	  0.238853	  0.176947	  0.306693	
  0.345645	  0.199420	  0.253512	  0.201424	
  0.787788	  0.002827	  0.110967	  0.098419	
  0.173718	  0.014991	  0.063271	  0.748021	
  0.125278	  0.208624	  0.104641	  0.561457	
  0.543908	  0.151227	  0.123814	  0.181051	
  0.488924	  0.187205	  0.178075	  0.145796	
  0.378251	  0.127174	  0.271934	  0.222641	

URL http://cisbp.ccbr.utoronto.ca/TFreport.php?versionNumber=2.00&searchTF=T015032_2.00

MOTIF M01824_2.00 GSPATT00028385001

letter-probability matrix: alength= 4 w= 8 nsites= 1 E= 0
  0.114587	  0.144219	  0.088352	  0.652841	
  0.194335	  0.079011	  0.507543	  0.219112	
  0.586297	  0.100869	  0.113730	  0.199104	
  0.134016	  0.560012	  0.038782	  0.267190	
  0.204265	  0.098437	  0.572160	  0.125138	
  0.196882	  0.209057	  0.048068	  0.545993	
  0.393358	  0.229228	  0.215879	  0.161535	
  0.295263	  0.192071	  0.234597	  0.278069	

URL http://cisbp.ccbr.utoronto.ca/TFreport.php?versionNumber=2.00&searchTF=T063407_2.00

MOTIF M01965_2.00 GSPATT00020286001

letter-probability matrix: alength= 4 w= 9 nsites= 1 E= 0
  0.293583	  0.156360	  0.208963	  0.341094	
  0.174137	  0.132933	  0.273102	  0.419828	
  0.122080	  0.240971	  0.552624	  0.084325	
  0.019346	  0.115870	  0.864773	  0.000012	
  0.000133	  0.985790	  0.000015	  0.014062	
  0.000867	  0.000013	  0.999041	  0.000079	
  0.012336	  0.647113	  0.331134	  0.009417	
  0.016731	  0.280692	  0.532328	  0.170249	
  0.129939	  0.363967	  0.239143	  0.266951	

URL http://cisbp.ccbr.utoronto.ca/TFreport.php?versionNumber=2.00&searchTF=T173184_2.00

MOTIF M02324_2.00 GSPATT00011874001

letter-probability matrix: alength= 4 w= 10 nsites= 1 E= 0
  0.206751	  0.206751	  0.206751	  0.379747	
  0.453395	  0.107591	  0.245974	  0.193041	
  0.085802	  0.000161	  0.913876	  0.000161	
  0.085940	  0.000161	  0.913738	  0.000161	
  0.913738	  0.000161	  0.000161	  0.085940	
  0.999516	  0.000161	  0.000161	  0.000161	
  0.000161	  0.999516	  0.000161	  0.000161	
  0.000161	  0.176573	  0.000161	  0.823104	
  0.340610	  0.043410	  0.572569	  0.043410	
  0.354321	  0.258268	  0.142571	  0.244841	

URL http://cisbp.ccbr.utoronto.ca/TFreport.php?versionNumber=2.00&searchTF=T272805_2.00

MOTIF M02325_2.00 GSPATT00018082001

letter-probability matrix: alength= 4 w= 10 nsites= 1 E= 0
  0.284109	  0.204253	  0.259656	  0.251982	
  0.235657	  0.273794	  0.245274	  0.245274	
  0.184473	  0.295156	  0.210083	  0.310289	
  0.301222	  0.109711	  0.511756	  0.077312	
  0.211570	  0.040632	  0.155176	  0.592622	
  0.979973	  0.000949	  0.000949	  0.018129	
  0.037430	  0.023394	  0.002369	  0.936807	
  0.015744	  0.885780	  0.048253	  0.050223	
  0.187731	  0.203367	  0.044926	  0.563976	
  0.205831	  0.111839	  0.139359	  0.542971	

URL http://cisbp.ccbr.utoronto.ca/TFreport.php?versionNumber=2.00&searchTF=T272866_2.00

MOTIF M02335_2.00 (GSPATT00028733001)_(Tetrahymena_thermophila)_(DBD_0.80)

letter-probability matrix: alength= 4 w= 9 nsites= 1 E= 0
  0.198765	  0.279254	  0.321219	  0.200762	
  0.170040	  0.426680	  0.195593	  0.207687	
  0.288896	  0.053307	  0.636553	  0.021244	
  0.220815	  0.058401	  0.289260	  0.431525	
  0.965747	  0.002000	  0.026653	  0.005601	
  0.001641	  0.088681	  0.033955	  0.875723	
  0.000052	  0.999462	  0.000051	  0.000435	
  0.094176	  0.480665	  0.069073	  0.356085	
  0.261953	  0.162092	  0.218802	  0.357153	

URL http://cisbp.ccbr.utoronto.ca/TFreport.php?versionNumber=2.00&searchTF=T272967_2.00

MOTIF M02521_2.00 (GSPATT00018525001)_(Arabidopsis_thaliana)_(DBD_0.51)

letter-probability matrix: alength= 4 w= 10 nsites= 1 E= 0
  0.522758	  0.122074	  0.176790	  0.178378	
  0.504019	  0.070068	  0.132055	  0.293858	
  0.116979	  0.090623	  0.053210	  0.739188	
  0.060392	  0.042474	  0.021930	  0.875204	
  0.020663	  0.422735	  0.044125	  0.512477	
  0.512477	  0.044125	  0.422735	  0.020663	
  0.875204	  0.021930	  0.042474	  0.060392	
  0.739188	  0.053210	  0.090623	  0.116979	
  0.293858	  0.132055	  0.070068	  0.504019	
  0.178378	  0.176790	  0.122074	  0.522758	

URL http://cisbp.ccbr.utoronto.ca/TFreport.php?versionNumber=2.00&searchTF=T345472_2.00

MOTIF M02524_2.00 (GSPATT00015937001)_(Bombyx_mori)_(DBD_0.62)

letter-probability matrix: alength= 4 w= 9 nsites= 1 E= 0
  0.990132	  0.003289	  0.003289	  0.003289	
  0.829470	  0.001656	  0.001656	  0.167219	
  0.001656	  0.001656	  0.001656	  0.995033	
  0.001656	  0.001656	  0.001656	  0.995033	
  0.001656	  0.167219	  0.001656	  0.829470	
  0.829470	  0.001656	  0.167219	  0.001656	
  0.994048	  0.001984	  0.001984	  0.001984	
  0.992574	  0.002475	  0.002475	  0.002475	
  0.661184	  0.003289	  0.003289	  0.332237	

URL http://cisbp.ccbr.utoronto.ca/TFreport.php?versionNumber=2.00&searchTF=T345465_2.00

MOTIF M02525_2.00 (GSPATT00005163001)_(Brachypodium_distachyon)_(DBD_0.51)

letter-probability matrix: alength= 4 w= 10 nsites= 1 E= 0
  0.293063	  0.270264	  0.198080	  0.238592	
  0.457419	  0.143313	  0.276857	  0.122411	
  0.061314	  0.124657	  0.058139	  0.755890	
  0.106775	  0.160207	  0.133014	  0.600005	
  0.056248	  0.329219	  0.105540	  0.508994	
  0.508994	  0.105540	  0.329219	  0.056248	
  0.600005	  0.133014	  0.160207	  0.106775	
  0.755890	  0.058139	  0.124657	  0.061314	
  0.122411	  0.276857	  0.143313	  0.457419	
  0.238592	  0.198080	  0.270264	  0.293063	

URL http://cisbp.ccbr.utoronto.ca/TFreport.php?versionNumber=2.00&searchTF=T345445_2.00

MOTIF M02526_2.00 (GSPATT00023737001)_(Danio_rerio)_(DBD_0.66)

letter-probability matrix: alength= 4 w= 8 nsites= 1 E= 0
  0.362822	  0.140318	  0.236019	  0.260841	
  0.142305	  0.151105	  0.111941	  0.594649	
  0.149465	  0.110726	  0.089753	  0.650057	
  0.072123	  0.522371	  0.085488	  0.320018	
  0.726622	  0.000422	  0.230075	  0.042880	
  0.798606	  0.038585	  0.035977	  0.126833	
  0.740348	  0.060167	  0.085381	  0.114105	
  0.290887	  0.247877	  0.105946	  0.355290	

URL http://cisbp.ccbr.utoronto.ca/TFreport.php?versionNumber=2.00&searchTF=T345476_2.00

MOTIF M02527_2.00 (GSPATT00031145001)_(Gallus_gallus)_(DBD_0.47)

letter-probability matrix: alength= 4 w= 9 nsites= 1 E= 0
  0.349676	  0.158972	  0.248680	  0.242672	
  0.685347	  0.000206	  0.210663	  0.103784	
  0.000206	  0.000206	  0.000206	  0.999383	
  0.000206	  0.000206	  0.000206	  0.999383	
  0.000206	  0.561674	  0.000206	  0.437915	
  0.787598	  0.000206	  0.211990	  0.000206	
  0.999383	  0.000206	  0.000206	  0.000206	
  0.999383	  0.000206	  0.000206	  0.000206	
  0.285406	  0.211983	  0.091233	  0.411378	

URL http://cisbp.ccbr.utoronto.ca/TFreport.php?versionNumber=2.00&searchTF=T345490_2.00

MOTIF M02528_2.00 (GSPATT00012915001)_(Tarsius_syrichta)_(DBD_0.50)

letter-probability matrix: alength= 4 w= 10 nsites= 1 E= 0
  0.411580	  0.201452	  0.173835	  0.213133	
  0.350115	  0.152248	  0.192609	  0.305028	
  0.209094	  0.107967	  0.086445	  0.596493	
  0.128158	  0.123651	  0.145366	  0.602825	
  0.172003	  0.279928	  0.079994	  0.468075	
  0.468075	  0.079994	  0.279928	  0.172003	
  0.602825	  0.145366	  0.123651	  0.128158	
  0.596493	  0.086445	  0.107967	  0.209094	
  0.305028	  0.192609	  0.152248	  0.350115	
  0.213133	  0.173835	  0.201452	  0.411580	

URL http://cisbp.ccbr.utoronto.ca/TFreport.php?versionNumber=2.00&searchTF=T345457_2.00

MOTIF M02529_2.00 (GSPATT00034563001)_(Drosophila_yakuba)_(DBD_0.49)

letter-probability matrix: alength= 4 w= 8 nsites= 1 E= 0
  0.216253	  0.000270	  0.270248	  0.513229	
  0.000192	  0.000192	  0.000192	  0.999424	
  0.000192	  0.019408	  0.000192	  0.980208	
  0.096272	  0.615104	  0.000192	  0.288432	
  0.845696	  0.000192	  0.153920	  0.000192	
  0.999424	  0.000192	  0.000192	  0.000192	
  0.960992	  0.019408	  0.000192	  0.019408	
  0.088425	  0.235311	  0.000294	  0.675969	

URL http://cisbp.ccbr.utoronto.ca/TFreport.php?versionNumber=2.00&searchTF=T345496_2.00

MOTIF M02530_2.00 GSPATT00010696001

letter-probability matrix: alength= 4 w= 8 nsites= 1 E= 0
  0.209734	  0.222703	  0.218294	  0.349269	
  0.170043	  0.218340	  0.209778	  0.401839	
  0.118837	  0.418950	  0.132655	  0.329558	
  0.653952	  0.029460	  0.279509	  0.037078	
  0.809150	  0.031062	  0.060702	  0.099086	
  0.707012	  0.055205	  0.089215	  0.148569	
  0.266361	  0.231563	  0.084340	  0.417737	
  0.255167	  0.240308	  0.211013	  0.293512	

URL http://cisbp.ccbr.utoronto.ca/TFreport.php?versionNumber=2.00&searchTF=T345453_2.00

MOTIF M02532_2.00 (GSPATT00031241001)_(Cannabis_sativa)_(DBD_0.53)

letter-probability matrix: alength= 4 w= 13 nsites= 1 E= 0
  0.217767	  0.217767	  0.217767	  0.346698	
  0.261094	  0.175965	  0.175965	  0.386975	
  0.142765	  0.142765	  0.142765	  0.571704	
  0.095904	  0.181194	  0.095904	  0.626998	
  0.478285	  0.131754	  0.127056	  0.262905	
  0.917648	  0.082170	  0.000091	  0.000091	
  0.999727	  0.000091	  0.000091	  0.000091	
  0.999727	  0.000091	  0.000091	  0.000091	
  0.114403	  0.032324	  0.032324	  0.820950	
  0.074126	  0.074126	  0.074126	  0.777623	
  0.107326	  0.107326	  0.107326	  0.678023	
  0.243960	  0.243960	  0.240964	  0.271117	
  0.205114	  0.205114	  0.294886	  0.294886	

URL http://cisbp.ccbr.utoronto.ca/TFreport.php?versionNumber=2.00&searchTF=T345491_2.00

MOTIF M02533_2.00 (GSPATT00001914001)_(Ostreococcus_tauri)_(DBD_0.58)

letter-probability matrix: alength= 4 w= 9 nsites= 1 E= 0
  0.271308	  0.265936	  0.240628	  0.222128	
  0.288149	  0.231245	  0.271368	  0.209239	
  0.224414	  0.180096	  0.250508	  0.344982	
  0.163222	  0.233951	  0.201364	  0.401462	
  0.190314	  0.371918	  0.175682	  0.262086	
  0.430856	  0.117422	  0.378333	  0.073389	
  0.461800	  0.159993	  0.089580	  0.288626	
  0.502170	  0.131491	  0.234848	  0.131491	
  0.240171	  0.279039	  0.181518	  0.299272	

URL http://cisbp.ccbr.utoronto.ca/TFreport.php?versionNumber=2.00&searchTF=T345440_2.00

MOTIF M02534_2.00 (GSPATT00007453001)_(Chlorella_vulgaris)_(DBD_0.66)

letter-probability matrix: alength= 4 w= 10 nsites= 1 E= 0
  0.325158	  0.217960	  0.193313	  0.263568	
  0.358359	  0.188960	  0.202661	  0.250019	
  0.376331	  0.147005	  0.219306	  0.257358	
  0.184463	  0.155625	  0.138027	  0.521885	
  0.198756	  0.111283	  0.133230	  0.556730	
  0.071722	  0.451598	  0.138766	  0.337914	
  0.700958	  0.002209	  0.240435	  0.056399	
  0.752532	  0.046221	  0.081732	  0.119515	
  0.746615	  0.060072	  0.100038	  0.093275	
  0.297928	  0.261609	  0.101175	  0.339288	

URL http://cisbp.ccbr.utoronto.ca/TFreport.php?versionNumber=2.00&searchTF=T345448_2.00

MOTIF M02698_2.00 (GSPATT00020891001)_(Arabidopsis_thaliana)_(DBD_0.86)

letter-probability matrix: alength= 4 w= 11 nsites= 1 E= 0
  0.140000	  0.450000	  0.230000	  0.180000	
  0.160000	  0.270000	  0.550000	  0.020000	
  0.000000	  0.919192	  0.040404	  0.040404	
  0.000000	  0.050000	  0.930000	  0.020000	
  0.040404	  0.939394	  0.000000	  0.020202	
  0.040404	  0.020202	  0.020202	  0.919192	
  0.080808	  0.000000	  0.858586	  0.060606	
  0.960000	  0.000000	  0.020000	  0.020000	
  0.040000	  0.040000	  0.920000	  0.000000	
  0.020000	  0.550000	  0.260000	  0.170000	
  0.151515	  0.323232	  0.242424	  0.282828	

URL http://cisbp.ccbr.utoronto.ca/TFreport.php?versionNumber=2.00&searchTF=T272887_2.00

MOTIF M02959_2.00 (GSPATT00001226001)_(Homo_sapiens)_(DBD_0.58)

letter-probability matrix: alength= 4 w= 12 nsites= 1 E= 0
  0.046512	  0.011628	  0.023256	  0.918605	
  0.000000	  0.000000	  0.000000	  1.000000	
  0.011765	  0.035294	  0.011765	  0.941176	
  0.000000	  0.040404	  0.939394	  0.020202	
  0.010309	  0.000000	  0.989691	  0.000000	
  0.000000	  0.915385	  0.053846	  0.030769	
  0.000000	  0.010204	  0.989796	  0.000000	
  0.030303	  0.000000	  0.969697	  0.000000	
  0.010101	  0.000000	  0.989899	  0.000000	
  0.989247	  0.010753	  0.000000	  0.000000	
  0.967742	  0.000000	  0.032258	  0.000000	
  0.925532	  0.010638	  0.031915	  0.031915	

URL http://cisbp.ccbr.utoronto.ca/TFreport.php?versionNumber=2.00&searchTF=T173174_2.00

MOTIF M06936_2.00 (GSPATT00016151001)_(Arabidopsis_thaliana)_(DBD_0.49)

letter-probability matrix: alength= 4 w= 15 nsites= 1 E= 0
  0.700000	  0.055000	  0.205000	  0.040000	
  0.000000	  0.005000	  0.995000	  0.000000	
  0.985000	  0.000000	  0.005000	  0.010000	
  0.965000	  0.005000	  0.015000	  0.015000	
  0.120000	  0.155000	  0.630000	  0.095000	
  0.190000	  0.510000	  0.170000	  0.130000	
  0.110000	  0.025000	  0.010000	  0.855000	
  0.015000	  0.010000	  0.020000	  0.955000	
  0.000000	  0.985000	  0.015000	  0.000000	
  0.025000	  0.130000	  0.045000	  0.800000	
  0.815000	  0.015000	  0.170000	  0.000000	
  0.000000	  0.000000	  1.000000	  0.000000	
  0.980000	  0.000000	  0.000000	  0.020000	
  0.920000	  0.000000	  0.035000	  0.045000	
  0.230000	  0.145000	  0.495000	  0.130000	

URL http://cisbp.ccbr.utoronto.ca/TFreport.php?versionNumber=2.00&searchTF=T240836_2.00

MOTIF M06937_2.00 (GSPATT00023954001)_(Arabidopsis_thaliana)_(DBD_0.46)

letter-probability matrix: alength= 4 w= 15 nsites= 1 E= 0
  0.440000	  0.110000	  0.330000	  0.120000	
  0.220000	  0.080000	  0.610000	  0.090000	
  0.740000	  0.030000	  0.120000	  0.110000	
  0.810000	  0.060000	  0.040000	  0.090000	
  0.190000	  0.180000	  0.490000	  0.140000	
  0.310000	  0.530000	  0.000000	  0.160000	
  0.170000	  0.090000	  0.090000	  0.650000	
  0.010000	  0.040000	  0.060000	  0.890000	
  0.000000	  0.930000	  0.000000	  0.070000	
  0.000000	  0.080000	  0.050000	  0.870000	
  0.930000	  0.020000	  0.050000	  0.000000	
  0.000000	  0.020000	  0.980000	  0.000000	
  0.880000	  0.020000	  0.090000	  0.010000	
  0.850000	  0.080000	  0.060000	  0.010000	
  0.220000	  0.240000	  0.420000	  0.120000	

URL http://cisbp.ccbr.utoronto.ca/TFreport.php?versionNumber=2.00&searchTF=T240850_2.00

MOTIF M06947_2.00 (GSPATT00026018001)_(Arabidopsis_thaliana)_(DBD_0.46)

letter-probability matrix: alength= 4 w= 19 nsites= 1 E= 0
  0.227045	  0.200334	  0.140234	  0.432387	
  0.237062	  0.315526	  0.198664	  0.248748	
  0.285476	  0.203673	  0.171953	  0.338898	
  0.540902	  0.093489	  0.235392	  0.130217	
  0.153589	  0.071786	  0.689483	  0.085142	
  0.796328	  0.075125	  0.078464	  0.050083	
  0.804674	  0.028381	  0.045075	  0.121870	
  0.121870	  0.188648	  0.482471	  0.207012	
  0.106845	  0.575960	  0.185309	  0.131886	
  0.096828	  0.018364	  0.016694	  0.868114	
  0.008347	  0.005008	  0.000000	  0.986645	
  0.003339	  0.988314	  0.000000	  0.008347	
  0.005008	  0.073456	  0.028381	  0.893155	
  0.896494	  0.006678	  0.090150	  0.006678	
  0.010017	  0.008347	  0.969950	  0.011686	
  0.984975	  0.000000	  0.008347	  0.006678	
  0.853089	  0.035058	  0.028381	  0.083472	
  0.195326	  0.135225	  0.542571	  0.126878	
  0.330551	  0.375626	  0.160267	  0.133556	

URL http://cisbp.ccbr.utoronto.ca/TFreport.php?versionNumber=2.00&searchTF=T240852_2.00

MOTIF M06952_2.00 (GSPATT00030420001)_(Arabidopsis_thaliana)_(DBD_0.49)

letter-probability matrix: alength= 4 w= 12 nsites= 1 E= 0
  0.020000	  0.005000	  0.956667	  0.018333	
  0.963333	  0.000000	  0.016667	  0.020000	
  0.955000	  0.000000	  0.010000	  0.035000	
  0.135000	  0.130000	  0.586667	  0.148333	
  0.165000	  0.456667	  0.220000	  0.158333	
  0.076667	  0.006667	  0.005000	  0.911666	
  0.016667	  0.000000	  0.005000	  0.978333	
  0.000000	  0.996667	  0.000000	  0.003333	
  0.008333	  0.261667	  0.058333	  0.671667	
  0.768333	  0.010000	  0.161667	  0.060000	
  0.185000	  0.028333	  0.715000	  0.071667	
  0.845000	  0.018333	  0.065000	  0.071667	

URL http://cisbp.ccbr.utoronto.ca/TFreport.php?versionNumber=2.00&searchTF=T240865_2.00

MOTIF M07295_2.00 (GSPATT00008282001)_(Arabidopsis_thaliana)_(DBD_0.62)

letter-probability matrix: alength= 4 w= 15 nsites= 1 E= 0
  0.262982	  0.020101	  0.031826	  0.685091	
  0.241206	  0.033501	  0.013400	  0.711893	
  0.396985	  0.187605	  0.026801	  0.388610	
  0.609715	  0.082077	  0.075377	  0.232831	
  0.775544	  0.108878	  0.030151	  0.085427	
  0.936349	  0.000000	  0.050251	  0.013400	
  0.562814	  0.021776	  0.160804	  0.254606	
  0.820770	  0.000000	  0.026801	  0.152429	
  0.000000	  0.000000	  0.000000	  1.000000	
  0.000000	  0.000000	  0.000000	  1.000000	
  0.000000	  0.324958	  0.000000	  0.675042	
  0.862647	  0.000000	  0.137353	  0.000000	
  0.857621	  0.142379	  0.000000	  0.000000	
  1.000000	  0.000000	  0.000000	  0.000000	
  0.549414	  0.055276	  0.000000	  0.395310	

URL http://cisbp.ccbr.utoronto.ca/TFreport.php?versionNumber=2.00&searchTF=T345450_2.00

MOTIF M07297_2.00 (GSPATT00029242001)_(Arabidopsis_thaliana)_(DBD_0.58)

letter-probability matrix: alength= 4 w= 15 nsites= 1 E= 0
  0.518334	  0.095000	  0.193333	  0.193333	
  0.581666	  0.001667	  0.100000	  0.316667	
  0.000000	  0.000000	  0.000000	  1.000000	
  0.000000	  0.000000	  0.000000	  1.000000	
  0.000000	  0.451667	  0.003333	  0.545000	
  0.650000	  0.000000	  0.350000	  0.000000	
  1.000000	  0.000000	  0.000000	  0.000000	
  0.996666	  0.000000	  0.001667	  0.001667	
  0.233333	  0.033333	  0.000000	  0.733334	
  0.055000	  0.045000	  0.016667	  0.883333	
  0.033333	  0.125000	  0.021667	  0.820000	
  0.125000	  0.298333	  0.256667	  0.320000	
  0.690000	  0.073333	  0.116667	  0.120000	
  0.801667	  0.010000	  0.033333	  0.155000	
  0.646667	  0.038333	  0.088333	  0.226667	

URL http://cisbp.ccbr.utoronto.ca/TFreport.php?versionNumber=2.00&searchTF=T345487_2.00

MOTIF M07300_2.00 (GSPATT00003092001)_(Arabidopsis_thaliana)_(DBD_0.67)

letter-probability matrix: alength= 4 w= 15 nsites= 1 E= 0
  0.429048	  0.081803	  0.101836	  0.387312	
  0.225376	  0.038397	  0.046745	  0.689482	
  0.100167	  0.068447	  0.001669	  0.829717	
  0.090150	  0.288815	  0.068447	  0.552588	
  0.487479	  0.220367	  0.178631	  0.113523	
  0.933221	  0.010017	  0.043406	  0.013356	
  0.924876	  0.023372	  0.001669	  0.050083	
  0.858097	  0.000000	  0.023372	  0.118531	
  0.016694	  0.001669	  0.011686	  0.969951	
  0.000000	  0.000000	  0.000000	  1.000000	
  0.000000	  0.530885	  0.000000	  0.469115	
  0.726211	  0.001669	  0.272120	  0.000000	
  1.000000	  0.000000	  0.000000	  0.000000	
  1.000000	  0.000000	  0.000000	  0.000000	
  0.297162	  0.155259	  0.016694	  0.530885	

URL http://cisbp.ccbr.utoronto.ca/TFreport.php?versionNumber=2.00&searchTF=T345443_2.00

MOTIF M08108_2.00 (GSPATT00030118001)_(Homo_sapiens)_(DBD_0.48)

letter-probability matrix: alength= 4 w= 11 nsites= 1 E= 0
  0.204783	  0.244644	  0.387145	  0.163428	
  0.131041	  0.340807	  0.468361	  0.059791	
  0.023916	  0.035376	  0.927753	  0.012955	
  0.013951	  0.939711	  0.010962	  0.035376	
  0.006976	  0.026906	  0.962631	  0.003488	
  0.017937	  0.039860	  0.929248	  0.012955	
  0.013453	  0.015944	  0.956153	  0.014449	
  0.924265	  0.011958	  0.048829	  0.014948	
  0.819631	  0.084704	  0.068261	  0.027404	
  0.231689	  0.322372	  0.322870	  0.123069	
  0.189836	  0.300947	  0.322870	  0.186348	

URL http://cisbp.ccbr.utoronto.ca/TFreport.php?versionNumber=2.00&searchTF=T173190_2.00

