MEME version 5.5.8 (Fri May 2 15:43:49 2025 -0700)

ALPHABET= ACGT

strands: + -

Background letter frequencies (from uniform background):
A 0.25000 C 0.25000 G 0.25000 T 0.25000 

MOTIF M00112_2.00 (PEQ_0000626601)_(Mus_musculus)_(DBD_0.92)

letter-probability matrix: alength= 4 w= 10 nsites= 1 E= 0
  0.000019	  0.999823	  0.000038	  0.000120	
  0.000091	  0.899183	  0.000093	  0.100634	
  0.023042	  0.234469	  0.177208	  0.565281	
  0.107618	  0.390953	  0.394882	  0.106547	
  0.537857	  0.155647	  0.286458	  0.020037	
  0.051649	  0.000023	  0.948115	  0.000213	
  0.000014	  0.000011	  0.999930	  0.000045	
  0.000011	  0.667311	  0.331377	  0.001301	
  0.201422	  0.246017	  0.349115	  0.203446	
  0.598826	  0.108307	  0.129667	  0.163199	

URL http://cisbp.ccbr.utoronto.ca/TFreport.php?versionNumber=2.00&searchTF=T011500_2.00

MOTIF M00290_2.00 (PEQ_0000367601)_(Homo_sapiens)_(DBD_0.86)

letter-probability matrix: alength= 4 w= 8 nsites= 1 E= 0
  0.157555	  0.127712	  0.069392	  0.645340	
  0.632466	  0.076679	  0.146882	  0.143973	
  0.886949	  0.005685	  0.055025	  0.052341	
  0.068959	  0.060553	  0.110335	  0.760153	
  0.143566	  0.126064	  0.153975	  0.576395	
  0.315323	  0.085080	  0.443012	  0.156585	
  0.236009	  0.260830	  0.300026	  0.203135	
  0.240835	  0.263516	  0.226810	  0.268839	

URL http://cisbp.ccbr.utoronto.ca/TFreport.php?versionNumber=2.00&searchTF=T235673_2.00

MOTIF M00334_2.00 (PEQ_0000064601)_(Homo_sapiens)_(DBD_0.83)

letter-probability matrix: alength= 4 w= 7 nsites= 1 E= 0
  0.319925	  0.157289	  0.316742	  0.206043	
  0.036978	  0.278756	  0.210679	  0.473587	
  0.510977	  0.066442	  0.313038	  0.109544	
  0.412870	  0.109195	  0.219891	  0.258045	
  0.239885	  0.167362	  0.212759	  0.379995	
  0.237774	  0.159385	  0.265422	  0.337418	
  0.255410	  0.198913	  0.285108	  0.260569	

URL http://cisbp.ccbr.utoronto.ca/TFreport.php?versionNumber=2.00&searchTF=T235665_2.00

MOTIF M00346_2.00 (PEQ_0000701201)_(Homo_sapiens)_(DBD_0.80)

letter-probability matrix: alength= 4 w= 10 nsites= 1 E= 0
  0.139888	  0.391835	  0.299119	  0.169159	
  0.019682	  0.000364	  0.804090	  0.175864	
  0.193802	  0.035404	  0.000448	  0.770345	
  0.057920	  0.712707	  0.003703	  0.225669	
  0.962768	  0.036959	  0.000011	  0.000262	
  0.031960	  0.731042	  0.000847	  0.236151	
  0.176323	  0.000067	  0.814289	  0.009321	
  0.016792	  0.450753	  0.513331	  0.019124	
  0.184926	  0.210599	  0.121505	  0.482970	
  0.197814	  0.256551	  0.195846	  0.349788	

URL http://cisbp.ccbr.utoronto.ca/TFreport.php?versionNumber=2.00&searchTF=T312877_2.00

MOTIF M00376_2.00 (PEQ_0001379601)_(Caenorhabditis_elegans)_(DBD_0.94)

letter-probability matrix: alength= 4 w= 10 nsites= 1 E= 0
  0.214617	  0.090818	  0.075102	  0.619463	
  0.069859	  0.360136	  0.209869	  0.360136	
  0.722064	  0.000065	  0.260373	  0.017498	
  0.991898	  0.000023	  0.004261	  0.003818	
  0.000309	  0.000156	  0.977664	  0.021871	
  0.127581	  0.009014	  0.083827	  0.779578	
  0.331797	  0.010325	  0.629247	  0.028632	
  0.038565	  0.396364	  0.362249	  0.202823	
  0.184394	  0.295029	  0.197764	  0.322813	
  0.196154	  0.281154	  0.168832	  0.353860	

URL http://cisbp.ccbr.utoronto.ca/TFreport.php?versionNumber=2.00&searchTF=T235698_2.00

MOTIF M00388_2.00 (PEQ_0000556601)_(Mus_musculus)_(DBD_0.74)

letter-probability matrix: alength= 4 w= 10 nsites= 1 E= 0
  0.247073	  0.284202	  0.206373	  0.262352	
  0.149870	  0.075171	  0.040036	  0.734924	
  0.706549	  0.090958	  0.126519	  0.075974	
  0.851645	  0.008910	  0.044131	  0.095313	
  0.070692	  0.091682	  0.096383	  0.741243	
  0.120799	  0.217919	  0.226813	  0.434469	
  0.367812	  0.088905	  0.402450	  0.140833	
  0.215590	  0.296895	  0.274069	  0.213445	
  0.220651	  0.269503	  0.211999	  0.297847	
  0.238452	  0.238452	  0.243269	  0.279826	

URL http://cisbp.ccbr.utoronto.ca/TFreport.php?versionNumber=2.00&searchTF=T235679_2.00

MOTIF M00507_2.00 (PEQ_0001449501)_(Mus_musculus)_(DBD_0.86)

letter-probability matrix: alength= 4 w= 10 nsites= 1 E= 0
  0.229800	  0.175424	  0.136621	  0.458155	
  0.205362	  0.156769	  0.068359	  0.569509	
  0.650276	  0.021486	  0.177221	  0.151018	
  0.943954	  0.016446	  0.019107	  0.020493	
  0.190493	  0.134238	  0.247057	  0.428212	
  0.082157	  0.336511	  0.015312	  0.566020	
  0.121541	  0.069425	  0.671996	  0.137037	
  0.195044	  0.268600	  0.302846	  0.233510	
  0.172739	  0.290552	  0.171020	  0.365689	
  0.204629	  0.254983	  0.219466	  0.320922	

URL http://cisbp.ccbr.utoronto.ca/TFreport.php?versionNumber=2.00&searchTF=T235700_2.00

MOTIF M00563_2.00 (PEQ_0000660801)_(Drosophila_melanogaster)_(DBD_0.60)

letter-probability matrix: alength= 4 w= 9 nsites= 1 E= 0
  0.304796	  0.208438	  0.219125	  0.267640	
  0.204503	  0.208634	  0.183200	  0.403663	
  0.192685	  0.087449	  0.498226	  0.221640	
  0.950847	  0.044583	  0.000055	  0.004515	
  0.142274	  0.292292	  0.142274	  0.423161	
  0.521793	  0.307130	  0.042405	  0.128672	
  0.156958	  0.510801	  0.109506	  0.222734	
  0.200454	  0.358018	  0.208634	  0.232894	
  0.249520	  0.257119	  0.206343	  0.287017	

URL http://cisbp.ccbr.utoronto.ca/TFreport.php?versionNumber=2.00&searchTF=T235683_2.00

MOTIF M00587_2.00 (PEQ_0001129601)_(Caenorhabditis_elegans)_(DBD_0.83)

letter-probability matrix: alength= 4 w= 8 nsites= 1 E= 0
  0.074832	  0.102859	  0.037463	  0.784847	
  0.000066	  0.999803	  0.000066	  0.000066	
  0.000066	  0.026375	  0.973494	  0.000066	
  0.592015	  0.032952	  0.374967	  0.000066	
  0.000066	  0.000066	  0.999803	  0.000066	
  0.993225	  0.000066	  0.006643	  0.000066	
  0.140532	  0.280981	  0.363599	  0.214888	
  0.092027	  0.402229	  0.034582	  0.471163	

URL http://cisbp.ccbr.utoronto.ca/TFreport.php?versionNumber=2.00&searchTF=T029638_2.00

MOTIF M00686_2.00 (PEQ_0000722401)_(Caenorhabditis_elegans)_(DBD_0.70)

letter-probability matrix: alength= 4 w= 8 nsites= 1 E= 0
  0.844325	  0.000767	  0.154141	  0.000767	
  0.263130	  0.105567	  0.578256	  0.053046	
  0.083611	  0.042013	  0.042013	  0.832363	
  0.000416	  0.000416	  0.998752	  0.000416	
  0.998752	  0.000416	  0.000416	  0.000416	
  0.000416	  0.000416	  0.000416	  0.998752	
  0.000416	  0.998752	  0.000416	  0.000416	
  0.998503	  0.000499	  0.000499	  0.000499	

URL http://cisbp.ccbr.utoronto.ca/TFreport.php?versionNumber=2.00&searchTF=T309973_2.00

MOTIF M00689_2.00 (PEQ_0000633601)_(Caenorhabditis_elegans)_(DBD_0.80)

letter-probability matrix: alength= 4 w= 9 nsites= 1 E= 0
  0.597035	  0.077111	  0.077111	  0.248744	
  0.833606	  0.000140	  0.166115	  0.000140	
  0.999581	  0.000140	  0.000140	  0.000140	
  0.081900	  0.000140	  0.835503	  0.082457	
  0.917820	  0.000140	  0.000140	  0.081900	
  0.000140	  0.418083	  0.000140	  0.581638	
  0.082457	  0.835503	  0.000140	  0.081900	
  0.835503	  0.000140	  0.000140	  0.164218	
  0.399246	  0.254695	  0.173029	  0.173029	

URL http://cisbp.ccbr.utoronto.ca/TFreport.php?versionNumber=2.00&searchTF=T309972_2.00

MOTIF M00703_2.00 (PEQ_0000560101)_(Caenorhabditis_elegans)_(DBD_0.58)

letter-probability matrix: alength= 4 w= 8 nsites= 1 E= 0
  0.499501	  0.000499	  0.399701	  0.100299	
  0.032539	  0.000322	  0.966817	  0.000322	
  0.096972	  0.000322	  0.000322	  0.902384	
  0.000322	  0.999034	  0.000322	  0.000322	
  0.999034	  0.000322	  0.000322	  0.000322	
  0.000322	  0.837951	  0.000322	  0.161405	
  0.999034	  0.000322	  0.000322	  0.000322	
  0.635662	  0.136570	  0.181942	  0.045826	

URL http://cisbp.ccbr.utoronto.ca/TFreport.php?versionNumber=2.00&searchTF=T309970_2.00

MOTIF M00937_2.00 (PEQ_0000740201)_(Caenorhabditis_elegans)_(DBD_0.89)

letter-probability matrix: alength= 4 w= 8 nsites= 1 E= 0
  0.333333	  0.000000	  0.000000	  0.666667	
  0.000000	  1.000000	  0.000000	  0.000000	
  1.000000	  0.000000	  0.000000	  0.000000	
  0.000000	  1.000000	  0.000000	  0.000000	
  0.000000	  0.000000	  1.000000	  0.000000	
  0.000000	  0.000000	  0.000000	  1.000000	
  0.000000	  0.000000	  1.000000	  0.000000	
  1.000000	  0.000000	  0.000000	  0.000000	

URL http://cisbp.ccbr.utoronto.ca/TFreport.php?versionNumber=2.00&searchTF=T054706_2.00

MOTIF M01141_2.00 (PEQ_0000753901)_(Caenorhabditis_briggsae)_(DBD_0.68)

letter-probability matrix: alength= 4 w= 10 nsites= 1 E= 0
  0.396695	  0.167866	  0.144484	  0.290955	
  0.555037	  0.047420	  0.379568	  0.017976	
  0.002357	  0.007982	  0.000117	  0.989544	
  0.003280	  0.003849	  0.990076	  0.002795	
  0.956624	  0.000420	  0.009056	  0.033900	
  0.002941	  0.779543	  0.011344	  0.206172	
  0.146554	  0.034035	  0.818434	  0.000978	
  0.022269	  0.029172	  0.011059	  0.937500	
  0.135371	  0.516987	  0.272603	  0.075040	
  0.635454	  0.133532	  0.127019	  0.103995	

URL http://cisbp.ccbr.utoronto.ca/TFreport.php?versionNumber=2.00&searchTF=T075001_2.00

MOTIF M01481_2.00 (PEQ_0000699501)_(Mus_musculus)_(DBD_0.78)

letter-probability matrix: alength= 4 w= 10 nsites= 1 E= 0
  0.276546	  0.257850	  0.250229	  0.215374	
  0.410218	  0.140708	  0.306951	  0.142122	
  0.125944	  0.623803	  0.164982	  0.085271	
  0.111066	  0.862749	  0.019888	  0.006297	
  0.002234	  0.000095	  0.996033	  0.001638	
  0.002038	  0.001118	  0.994227	  0.002617	
  0.960448	  0.004746	  0.008563	  0.026243	
  0.757690	  0.043828	  0.015337	  0.183144	
  0.262154	  0.154305	  0.522660	  0.060882	
  0.128267	  0.297113	  0.103971	  0.470649	

URL http://cisbp.ccbr.utoronto.ca/TFreport.php?versionNumber=2.00&searchTF=T178683_2.00

MOTIF M01830_2.00 (PEQ_0001019701)_(Caenorhabditis_elegans)_(DBD_0.65)

letter-probability matrix: alength= 4 w= 9 nsites= 1 E= 0
  0.990132	  0.003289	  0.003289	  0.003289	
  0.001656	  0.001656	  0.001656	  0.995033	
  0.167219	  0.001656	  0.001656	  0.829470	
  0.995033	  0.001656	  0.001656	  0.001656	
  0.001656	  0.663907	  0.001656	  0.332781	
  0.498344	  0.001656	  0.498344	  0.001656	
  0.001656	  0.167219	  0.001656	  0.829470	
  0.995033	  0.001656	  0.001656	  0.001656	
  0.990132	  0.003289	  0.003289	  0.003289	

URL http://cisbp.ccbr.utoronto.ca/TFreport.php?versionNumber=2.00&searchTF=T075004_2.00

MOTIF M02079_2.00 (PEQ_0000103001)_(Danio_rerio)_(DBD_1.00)

letter-probability matrix: alength= 4 w= 11 nsites= 1 E= 0
  0.302242	  0.232586	  0.232586	  0.232586	
  0.307145	  0.161528	  0.286763	  0.244565	
  0.058793	  0.200678	  0.058793	  0.681736	
  0.000022	  0.000022	  0.000022	  0.999933	
  0.999933	  0.000022	  0.000022	  0.000022	
  0.999933	  0.000022	  0.000022	  0.000022	
  0.000022	  0.000022	  0.000022	  0.999933	
  0.000022	  0.000022	  0.000022	  0.999933	
  0.947691	  0.017436	  0.017436	  0.017436	
  0.232706	  0.088495	  0.590304	  0.088495	
  0.256077	  0.191230	  0.259937	  0.292756	

URL http://cisbp.ccbr.utoronto.ca/TFreport.php?versionNumber=2.00&searchTF=T235668_2.00

MOTIF M02116_2.00 (PEQ_0000868201)_(Drosophila_melanogaster)_(DBD_0.86)

letter-probability matrix: alength= 4 w= 10 nsites= 1 E= 0
  0.253051	  0.238314	  0.279665	  0.228970	
  0.242653	  0.302365	  0.260248	  0.194734	
  0.195915	  0.264458	  0.272512	  0.267116	
  0.289959	  0.184886	  0.184886	  0.340270	
  0.356070	  0.158401	  0.280095	  0.205435	
  0.793922	  0.007822	  0.142164	  0.056092	
  0.130027	  0.075773	  0.143702	  0.650499	
  0.108948	  0.192650	  0.185096	  0.513306	
  0.487798	  0.044252	  0.372375	  0.095574	
  0.230097	  0.239487	  0.313720	  0.216697	

URL http://cisbp.ccbr.utoronto.ca/TFreport.php?versionNumber=2.00&searchTF=T235686_2.00

MOTIF M02126_2.00 (PEQ_0000380401)_(Drosophila_melanogaster)_(DBD_0.82)

letter-probability matrix: alength= 4 w= 8 nsites= 1 E= 0
  0.172390	  0.270362	  0.216970	  0.340277	
  0.175398	  0.147977	  0.175398	  0.501227	
  0.437799	  0.142845	  0.145731	  0.273625	
  0.559761	  0.114150	  0.154086	  0.172003	
  0.276316	  0.165927	  0.137215	  0.420543	
  0.209315	  0.226748	  0.174835	  0.389102	
  0.299659	  0.080854	  0.524604	  0.094883	
  0.166927	  0.313424	  0.241666	  0.277982	

URL http://cisbp.ccbr.utoronto.ca/TFreport.php?versionNumber=2.00&searchTF=T235674_2.00

MOTIF M02413_2.00 (PEQ_0000391501)_(Caenorhabditis_elegans)_(DBD_0.93)

letter-probability matrix: alength= 4 w= 9 nsites= 1 E= 0
  0.255660	  0.274198	  0.209317	  0.260825	
  0.207494	  0.261151	  0.297407	  0.233948	
  0.273268	  0.217120	  0.252258	  0.257354	
  0.175594	  0.206062	  0.431892	  0.186452	
  0.603473	  0.056980	  0.086721	  0.252826	
  0.143184	  0.335000	  0.173145	  0.348671	
  0.150014	  0.555978	  0.087420	  0.206588	
  0.717194	  0.006205	  0.156859	  0.119743	
  0.312507	  0.266301	  0.205332	  0.215860	

URL http://cisbp.ccbr.utoronto.ca/TFreport.php?versionNumber=2.00&searchTF=T309967_2.00

MOTIF M02425_2.00 (PEQ_0001166701)_(Danio_rerio)_(DBD_0.80)

letter-probability matrix: alength= 4 w= 10 nsites= 1 E= 0
  0.160399	  0.501531	  0.057264	  0.280806	
  0.488862	  0.167684	  0.242761	  0.100693	
  0.231052	  0.247805	  0.305712	  0.215431	
  0.015981	  0.317798	  0.063524	  0.602697	
  0.084598	  0.458476	  0.406631	  0.050295	
  0.622700	  0.008620	  0.258285	  0.110395	
  0.394790	  0.162123	  0.126261	  0.316826	
  0.085544	  0.336647	  0.522715	  0.055094	
  0.064856	  0.751575	  0.036313	  0.147256	
  0.306352	  0.055965	  0.575210	  0.062473	

URL http://cisbp.ccbr.utoronto.ca/TFreport.php?versionNumber=2.00&searchTF=T312879_2.00

MOTIF M02529_2.00 (PEQ_0000586201)_(Drosophila_yakuba)_(DBD_0.77)

letter-probability matrix: alength= 4 w= 8 nsites= 1 E= 0
  0.216253	  0.000270	  0.270248	  0.513229	
  0.000192	  0.000192	  0.000192	  0.999424	
  0.000192	  0.019408	  0.000192	  0.980208	
  0.096272	  0.615104	  0.000192	  0.288432	
  0.845696	  0.000192	  0.153920	  0.000192	
  0.999424	  0.000192	  0.000192	  0.000192	
  0.960992	  0.019408	  0.000192	  0.019408	
  0.088425	  0.235311	  0.000294	  0.675969	

URL http://cisbp.ccbr.utoronto.ca/TFreport.php?versionNumber=2.00&searchTF=T346320_2.00

MOTIF M02987_2.00 (PEQ_0001252001)_(Homo_sapiens)_(DBD_0.62)

letter-probability matrix: alength= 4 w= 12 nsites= 1 E= 0
  0.425669	  0.161588	  0.132041	  0.280702	
  0.826408	  0.031394	  0.030471	  0.111727	
  0.097049	  0.694665	  0.125426	  0.082860	
  0.073357	  0.751174	  0.170775	  0.004695	
  0.112390	  0.872038	  0.010833	  0.004739	
  0.001369	  0.000684	  0.997947	  0.000000	
  0.000000	  0.000000	  1.000000	  0.000000	
  0.992624	  0.004215	  0.001054	  0.002107	
  0.976166	  0.010363	  0.009326	  0.004145	
  0.125638	  0.018495	  0.847577	  0.008291	
  0.028125	  0.057031	  0.022656	  0.892188	
  0.512672	  0.086169	  0.238957	  0.162201	

URL http://cisbp.ccbr.utoronto.ca/TFreport.php?versionNumber=2.00&searchTF=T178684_2.00

MOTIF M03087_2.00 (PEQ_0000620601)_(Homo_sapiens)_(DBD_0.59)

letter-probability matrix: alength= 4 w= 8 nsites= 1 E= 0
  0.050776	  0.567735	  0.037679	  0.343811	
  0.096070	  0.163832	  0.029930	  0.710167	
  0.886769	  0.040902	  0.036132	  0.036197	
  0.970260	  0.011009	  0.012296	  0.006434	
  0.012245	  0.014168	  0.007333	  0.966254	
  0.055381	  0.046932	  0.060685	  0.837003	
  0.722030	  0.027451	  0.177528	  0.072990	
  0.193501	  0.261956	  0.269545	  0.274998	

URL http://cisbp.ccbr.utoronto.ca/TFreport.php?versionNumber=2.00&searchTF=T235682_2.00

MOTIF M03168_2.00 (PEQ_0000891801)_(Homo_sapiens)_(DBD_0.53)

letter-probability matrix: alength= 4 w= 8 nsites= 1 E= 0
  0.072612	  0.450780	  0.073912	  0.402697	
  0.096614	  0.141577	  0.014371	  0.747439	
  0.795066	  0.130619	  0.028606	  0.045709	
  0.940555	  0.027395	  0.008236	  0.023814	
  0.050778	  0.014703	  0.036416	  0.898102	
  0.063239	  0.039960	  0.242873	  0.653928	
  0.742999	  0.012306	  0.188402	  0.056294	
  0.185954	  0.363723	  0.177579	  0.272745	

URL http://cisbp.ccbr.utoronto.ca/TFreport.php?versionNumber=2.00&searchTF=T235688_2.00

MOTIF M03187_2.00 (PEQ_0001069001)_(Homo_sapiens)_(DBD_0.33)

letter-probability matrix: alength= 4 w= 10 nsites= 1 E= 0
  0.204127	  0.184967	  0.428150	  0.182756	
  0.215917	  0.351756	  0.109801	  0.322525	
  0.043559	  0.000000	  0.007920	  0.948521	
  0.979788	  0.000000	  0.012753	  0.007459	
  0.996086	  0.001712	  0.002202	  0.000000	
  0.000000	  0.000000	  0.003670	  0.996330	
  0.000000	  0.003670	  0.000000	  0.996330	
  0.449727	  0.009033	  0.518184	  0.023057	
  0.305822	  0.189634	  0.412921	  0.091624	
  0.196709	  0.393173	  0.113212	  0.296906	

URL http://cisbp.ccbr.utoronto.ca/TFreport.php?versionNumber=2.00&searchTF=T235693_2.00

MOTIF M03379_2.00 (PEQ_0000899501)_(Homo_sapiens)_(DBD_0.69)

letter-probability matrix: alength= 4 w= 18 nsites= 1 E= 0
  0.304978	  0.118025	  0.389497	  0.187500	
  0.002117	  0.037165	  0.000627	  0.960091	
  0.024157	  0.085087	  0.865648	  0.025108	
  0.741742	  0.025419	  0.031259	  0.201580	
  0.001361	  0.998015	  0.000284	  0.000340	
  0.000287	  0.998796	  0.000287	  0.000630	
  0.000520	  0.169043	  0.001783	  0.828654	
  0.026729	  0.331426	  0.189825	  0.452020	
  0.874831	  0.019162	  0.104348	  0.001658	
  0.001264	  0.127408	  0.017925	  0.853403	
  0.392329	  0.334357	  0.253823	  0.019491	
  0.777784	  0.004550	  0.216907	  0.000758	
  0.000601	  0.004137	  0.994529	  0.000734	
  0.000800	  0.004601	  0.992332	  0.002267	
  0.191967	  0.015968	  0.009567	  0.782499	
  0.004421	  0.966368	  0.012211	  0.017000	
  0.945331	  0.002315	  0.048752	  0.003602	
  0.256156	  0.423102	  0.136135	  0.184607	

URL http://cisbp.ccbr.utoronto.ca/TFreport.php?versionNumber=2.00&searchTF=T309981_2.00

MOTIF M03659_2.00 (PEQ_0000081501)_(Drosophila_melanogaster)_(DBD_0.78)

letter-probability matrix: alength= 4 w= 10 nsites= 1 E= 0
  0.407181	  0.103479	  0.463921	  0.025418	
  0.000425	  0.002255	  0.003759	  0.993561	
  0.000851	  0.001308	  0.924431	  0.073410	
  0.992005	  0.003981	  0.002252	  0.001762	
  0.002259	  0.995057	  0.000655	  0.002029	
  0.001963	  0.000818	  0.994732	  0.002487	
  0.001437	  0.002220	  0.003820	  0.992523	
  0.073870	  0.924488	  0.001004	  0.000639	
  0.993984	  0.003956	  0.001635	  0.000425	
  0.023466	  0.457261	  0.103429	  0.415843	

URL http://cisbp.ccbr.utoronto.ca/TFreport.php?versionNumber=2.00&searchTF=T074994_2.00

MOTIF M03727_2.00 (PEQ_0000187701)_(Drosophila_melanogaster)_(DBD_0.60)

letter-probability matrix: alength= 4 w= 11 nsites= 1 E= 0
  0.006294	  0.005892	  0.000435	  0.987379	
  0.916729	  0.006652	  0.056105	  0.020515	
  0.497755	  0.483220	  0.018660	  0.000366	
  0.000000	  0.999255	  0.000136	  0.000610	
  0.000407	  0.000237	  0.999153	  0.000203	
  0.000169	  0.000000	  0.999559	  0.000271	
  0.995880	  0.001182	  0.000338	  0.002600	
  0.000339	  0.001151	  0.000034	  0.998477	
  0.000372	  0.000440	  0.998341	  0.000846	
  0.014114	  0.895192	  0.043495	  0.047198	
  0.244058	  0.321907	  0.256468	  0.177568	

URL http://cisbp.ccbr.utoronto.ca/TFreport.php?versionNumber=2.00&searchTF=T178682_2.00

MOTIF M03761_2.00 (PEQ_0000321201)_(Drosophila_melanogaster)_(DBD_0.74)

letter-probability matrix: alength= 4 w= 8 nsites= 1 E= 0
  0.223431	  0.206679	  0.466469	  0.103420	
  0.308898	  0.477701	  0.025315	  0.188086	
  0.000000	  0.000000	  1.000000	  0.000000	
  0.999515	  0.000485	  0.000000	  0.000000	
  0.000000	  0.000000	  0.000000	  1.000000	
  0.999946	  0.000054	  0.000000	  0.000000	
  1.000000	  0.000000	  0.000000	  0.000000	
  0.024249	  0.421465	  0.504790	  0.049496	

URL http://cisbp.ccbr.utoronto.ca/TFreport.php?versionNumber=2.00&searchTF=T197740_2.00

MOTIF M03810_2.00 (PEQ_0001172001)_(Drosophila_melanogaster)_(DBD_0.74)

letter-probability matrix: alength= 4 w= 10 nsites= 1 E= 0
  0.175953	  0.338043	  0.416689	  0.069315	
  0.176533	  0.447200	  0.184000	  0.192267	
  0.025977	  0.007716	  0.001800	  0.964506	
  0.848224	  0.000226	  0.005202	  0.146347	
  0.986582	  0.005262	  0.008156	  0.000000	
  0.756201	  0.017746	  0.062109	  0.163944	
  0.003573	  0.638081	  0.009359	  0.348988	
  0.054503	  0.015205	  0.877193	  0.053099	
  0.192318	  0.178714	  0.444919	  0.184049	
  0.143200	  0.250667	  0.110400	  0.495733	

URL http://cisbp.ccbr.utoronto.ca/TFreport.php?versionNumber=2.00&searchTF=T235694_2.00

MOTIF M03829_2.00 (PEQ_0001319301)_(Drosophila_melanogaster)_(DBD_0.77)

letter-probability matrix: alength= 4 w= 10 nsites= 1 E= 0
  0.194117	  0.389290	  0.347014	  0.069579	
  0.179496	  0.412542	  0.268452	  0.139510	
  0.000000	  0.002460	  0.000000	  0.997540	
  0.711404	  0.028321	  0.052256	  0.208020	
  0.943023	  0.056977	  0.000000	  0.000000	
  0.676639	  0.015971	  0.072348	  0.235042	
  0.000000	  0.709005	  0.000000	  0.290995	
  0.048760	  0.000000	  0.951240	  0.000000	
  0.197287	  0.197992	  0.303153	  0.301568	
  0.234766	  0.177880	  0.191265	  0.396090	

URL http://cisbp.ccbr.utoronto.ca/TFreport.php?versionNumber=2.00&searchTF=T235697_2.00

MOTIF M03944_2.00 (PEQ_0000430901)_(Drosophila_melanogaster)_(DBD_0.79)

letter-probability matrix: alength= 4 w= 15 nsites= 1 E= 0
  0.142857	  0.809524	  0.000000	  0.047619	
  0.929204	  0.008850	  0.061947	  0.000000	
  0.152381	  0.333333	  0.419048	  0.095238	
  0.000000	  0.054054	  0.000000	  0.945946	
  0.000000	  0.897436	  0.102564	  0.000000	
  0.981308	  0.000000	  0.018692	  0.000000	
  0.389535	  0.000000	  0.000000	  0.610465	
  0.000000	  0.027778	  0.972222	  0.000000	
  0.000000	  1.000000	  0.000000	  0.000000	
  0.053097	  0.008850	  0.929204	  0.008850	
  0.000000	  0.000000	  0.000000	  1.000000	
  0.070175	  0.000000	  0.921053	  0.008772	
  0.963303	  0.036697	  0.000000	  0.000000	
  0.035000	  0.963667	  0.000333	  0.001000	
  0.287731	  0.114007	  0.557003	  0.041260	

URL http://cisbp.ccbr.utoronto.ca/TFreport.php?versionNumber=2.00&searchTF=T312876_2.00

MOTIF M03969_2.00 (PEQ_0000771101)_(Drosophila_melanogaster)_(DBD_0.53)

letter-probability matrix: alength= 4 w= 10 nsites= 1 E= 0
  0.680498	  0.120332	  0.141079	  0.058091	
  0.252632	  0.575439	  0.059649	  0.112281	
  0.243902	  0.571429	  0.163763	  0.020906	
  0.111607	  0.053571	  0.732143	  0.102679	
  0.881720	  0.016129	  0.037634	  0.064516	
  0.987952	  0.000000	  0.012048	  0.000000	
  0.000000	  1.000000	  0.000000	  0.000000	
  0.976190	  0.011905	  0.011905	  0.000000	
  0.715152	  0.115152	  0.127273	  0.042424	
  0.139394	  0.042424	  0.018182	  0.800000	

URL http://cisbp.ccbr.utoronto.ca/TFreport.php?versionNumber=2.00&searchTF=T336811_2.00

MOTIF M07266_2.00 (PEQ_0000291001)_(Arabidopsis_thaliana)_(DBD_0.27)

letter-probability matrix: alength= 4 w= 8 nsites= 1 E= 0
  0.035000	  0.143333	  0.080000	  0.741667	
  0.586667	  0.048333	  0.001667	  0.363333	
  0.995000	  0.000000	  0.000000	  0.005000	
  0.028333	  0.000000	  0.000000	  0.971667	
  0.000000	  0.988333	  0.011667	  0.000000	
  1.000000	  0.000000	  0.000000	  0.000000	
  0.000000	  0.000000	  0.005000	  0.995000	
  0.598334	  0.073333	  0.060000	  0.268333	

URL http://cisbp.ccbr.utoronto.ca/TFreport.php?versionNumber=2.00&searchTF=T336806_2.00

MOTIF M07947_2.00 (PEQ_0001301701)_(Homo_sapiens)_(DBD_0.85)

letter-probability matrix: alength= 4 w= 15 nsites= 1 E= 0
  0.199105	  0.402685	  0.286353	  0.111857	
  0.217002	  0.243848	  0.431767	  0.107383	
  0.400447	  0.201342	  0.308725	  0.089485	
  0.583892	  0.107383	  0.167785	  0.140940	
  0.136465	  0.489933	  0.290828	  0.082774	
  0.049217	  0.668904	  0.277405	  0.004474	
  0.102908	  0.897092	  0.000000	  0.000000	
  0.000000	  0.000000	  1.000000	  0.000000	
  0.002237	  0.000000	  0.997763	  0.000000	
  0.993289	  0.000000	  0.006711	  0.000000	
  1.000000	  0.000000	  0.000000	  0.000000	
  0.073826	  0.024609	  0.897091	  0.004474	
  0.091723	  0.299776	  0.071588	  0.536913	
  0.145414	  0.187919	  0.608501	  0.058166	
  0.136465	  0.308725	  0.492170	  0.062640	

URL http://cisbp.ccbr.utoronto.ca/TFreport.php?versionNumber=2.00&searchTF=T178685_2.00

MOTIF M08108_2.00 (PEQ_0000327901)_(Homo_sapiens)_(DBD_0.71)

letter-probability matrix: alength= 4 w= 11 nsites= 1 E= 0
  0.204783	  0.244644	  0.387145	  0.163428	
  0.131041	  0.340807	  0.468361	  0.059791	
  0.023916	  0.035376	  0.927753	  0.012955	
  0.013951	  0.939711	  0.010962	  0.035376	
  0.006976	  0.026906	  0.962631	  0.003488	
  0.017937	  0.039860	  0.929248	  0.012955	
  0.013453	  0.015944	  0.956153	  0.014449	
  0.924265	  0.011958	  0.048829	  0.014948	
  0.819631	  0.084704	  0.068261	  0.027404	
  0.231689	  0.322372	  0.322870	  0.123069	
  0.189836	  0.300947	  0.322870	  0.186348	

URL http://cisbp.ccbr.utoronto.ca/TFreport.php?versionNumber=2.00&searchTF=T174365_2.00

MOTIF M08110_2.00 (PEQ_0000364301)_(Caenorhabditis_elegans)_(DBD_0.50)

letter-probability matrix: alength= 4 w= 15 nsites= 1 E= 0
  0.300091	  0.334542	  0.087942	  0.277425	
  0.266999	  0.177244	  0.367634	  0.188123	
  0.262919	  0.362194	  0.075249	  0.299637	
  0.159565	  0.142339	  0.396646	  0.301451	
  0.041704	  0.521306	  0.404805	  0.032185	
  0.027652	  0.009973	  0.962375	  0.000000	
  0.004986	  0.993654	  0.001360	  0.000000	
  0.000000	  0.000000	  1.000000	  0.000000	
  0.000000	  0.561650	  0.438350	  0.000000	
  0.060290	  0.284678	  0.655032	  0.000000	
  0.950136	  0.024932	  0.008160	  0.016772	
  0.911605	  0.011786	  0.070716	  0.005893	
  0.645512	  0.062103	  0.080236	  0.212149	
  0.315503	  0.097008	  0.077516	  0.509973	
  0.144606	  0.176337	  0.159565	  0.519492	

URL http://cisbp.ccbr.utoronto.ca/TFreport.php?versionNumber=2.00&searchTF=T174366_2.00

MOTIF M08118_2.00 (PEQ_0000503301)_(Homo_sapiens)_(DBD_0.65)

letter-probability matrix: alength= 4 w= 11 nsites= 1 E= 0
  0.419832	  0.169613	  0.196314	  0.214241	
  0.254482	  0.164849	  0.194183	  0.386486	
  0.227529	  0.046258	  0.677824	  0.048389	
  0.014542	  0.006644	  0.017550	  0.961264	
  0.969036	  0.014918	  0.007772	  0.008274	
  0.881660	  0.050144	  0.014166	  0.054030	
  0.965024	  0.009402	  0.007146	  0.018428	
  0.011408	  0.873010	  0.009903	  0.105679	
  0.962768	  0.008399	  0.014166	  0.014667	
  0.304751	  0.235051	  0.222389	  0.237809	
  0.277924	  0.235928	  0.336467	  0.149680	

URL http://cisbp.ccbr.utoronto.ca/TFreport.php?versionNumber=2.00&searchTF=T190932_2.00

MOTIF M08139_2.00 (PEQ_0000979001)_(Mus_musculus)_(DBD_0.67)

letter-probability matrix: alength= 4 w= 11 nsites= 1 E= 0
  0.083453	  0.632332	  0.024797	  0.259418	
  0.048641	  0.000000	  0.000000	  0.951359	
  0.986171	  0.000000	  0.013829	  0.000000	
  1.000000	  0.000000	  0.000000	  0.000000	
  0.000000	  0.000000	  0.221745	  0.778255	
  0.000000	  1.000000	  0.000000	  0.000000	
  0.003815	  0.750596	  0.000000	  0.245589	
  0.051979	  0.392465	  0.105866	  0.449690	
  0.107296	  0.701001	  0.026228	  0.165474	
  0.087268	  0.198856	  0.020505	  0.693371	
  0.064378	  0.218407	  0.141631	  0.575584	

URL http://cisbp.ccbr.utoronto.ca/TFreport.php?versionNumber=2.00&searchTF=T235690_2.00

MOTIF M08210_2.00 (PEQ_0001203501)_(Caenorhabditis_elegans)_(DBD_0.75)

letter-probability matrix: alength= 4 w= 8 nsites= 1 E= 0
  0.756723	  0.022461	  0.012654	  0.208162	
  0.915533	  0.009807	  0.026890	  0.047770	
  0.026258	  0.017083	  0.010123	  0.946536	
  0.030054	  0.847516	  0.024043	  0.098387	
  0.176210	  0.021196	  0.756722	  0.045872	
  0.926605	  0.014552	  0.032585	  0.026258	
  0.130971	  0.028156	  0.028788	  0.812085	
  0.634610	  0.018032	  0.038595	  0.308763	

URL http://cisbp.ccbr.utoronto.ca/TFreport.php?versionNumber=2.00&searchTF=T235695_2.00

