MEME version 5.5.8 (Fri May 2 15:43:49 2025 -0700)

ALPHABET= ACGT

strands: + -

Background letter frequencies (from uniform background):
A 0.25000 C 0.25000 G 0.25000 T 0.25000 

MOTIF M00070_2.00 (PTRK_0001068400)_(Saccharomyces_cerevisiae)_(DBD_0.33)

letter-probability matrix: alength= 4 w= 11 nsites= 1 E= 0
  0.268573	  0.272224	  0.178881	  0.280322	
  0.509793	  0.098806	  0.292595	  0.098806	
  0.848016	  0.050661	  0.050661	  0.050661	
  0.999893	  0.000036	  0.000036	  0.000036	
  0.000036	  0.903786	  0.000036	  0.096142	
  0.903786	  0.000036	  0.000036	  0.096142	
  0.999893	  0.000036	  0.000036	  0.000036	
  0.000036	  0.000036	  0.000036	  0.999893	
  0.591260	  0.071155	  0.071155	  0.266431	
  0.345743	  0.151230	  0.257625	  0.245401	
  0.199374	  0.199374	  0.199374	  0.401877	

URL http://cisbp.ccbr.utoronto.ca/TFreport.php?versionNumber=2.00&searchTF=T336825_2.00

MOTIF M00202_2.00 (PTRK_0000545700)_(Mus_musculus)_(DBD_0.51)

letter-probability matrix: alength= 4 w= 9 nsites= 1 E= 0
  0.631817	  0.056182	  0.062715	  0.249286	
  0.000160	  0.054418	  0.041542	  0.903880	
  0.090057	  0.000544	  0.020094	  0.889305	
  0.201840	  0.259167	  0.449203	  0.089790	
  0.325271	  0.069038	  0.090437	  0.515253	
  0.239857	  0.228159	  0.198352	  0.333633	
  0.238056	  0.260475	  0.198841	  0.302628	
  0.252609	  0.237898	  0.221815	  0.287678	
  0.254386	  0.249349	  0.244411	  0.251855	

URL http://cisbp.ccbr.utoronto.ca/TFreport.php?versionNumber=2.00&searchTF=T336821_2.00

MOTIF M00264_2.00 (PTRK_0001063500)_(Homo_sapiens)_(DBD_0.81)

letter-probability matrix: alength= 4 w= 9 nsites= 1 E= 0
  0.233408	  0.265811	  0.293767	  0.207014	
  0.218699	  0.307260	  0.229912	  0.244129	
  0.170035	  0.133754	  0.053303	  0.642908	
  0.615562	  0.090246	  0.171149	  0.123043	
  0.889185	  0.026584	  0.061578	  0.022653	
  0.050885	  0.155955	  0.072935	  0.720226	
  0.195427	  0.193483	  0.209597	  0.401492	
  0.262679	  0.206630	  0.324061	  0.206630	
  0.264075	  0.227292	  0.322542	  0.186091	

URL http://cisbp.ccbr.utoronto.ca/TFreport.php?versionNumber=2.00&searchTF=T235736_2.00

MOTIF M00282_2.00 (PTRK_0001005100)_(Homo_sapiens)_(DBD_0.86)

letter-probability matrix: alength= 4 w= 8 nsites= 1 E= 0
  0.000303	  0.091102	  0.000303	  0.908293	
  0.972192	  0.000270	  0.027268	  0.000270	
  0.999190	  0.000270	  0.000270	  0.000270	
  0.000270	  0.000270	  0.000270	  0.999190	
  0.000270	  0.000270	  0.000270	  0.999190	
  0.742295	  0.000285	  0.257135	  0.000285	
  0.143010	  0.107347	  0.642297	  0.107347	
  0.105567	  0.210609	  0.105567	  0.578256	

URL http://cisbp.ccbr.utoronto.ca/TFreport.php?versionNumber=2.00&searchTF=T235735_2.00

MOTIF M00287_2.00 (PTRK_0000679400)_(Homo_sapiens)_(DBD_0.81)

letter-probability matrix: alength= 4 w= 10 nsites= 1 E= 0
  0.276533	  0.274138	  0.272562	  0.176767	
  0.096569	  0.200738	  0.096569	  0.606124	
  0.000039	  0.000039	  0.000039	  0.999883	
  0.999883	  0.000039	  0.000039	  0.000039	
  0.999883	  0.000039	  0.000039	  0.000039	
  0.000039	  0.000039	  0.000039	  0.999883	
  0.000039	  0.000039	  0.000039	  0.999883	
  0.999883	  0.000039	  0.000039	  0.000039	
  0.187323	  0.073272	  0.666133	  0.073272	
  0.248701	  0.250739	  0.247869	  0.252690	

URL http://cisbp.ccbr.utoronto.ca/TFreport.php?versionNumber=2.00&searchTF=T235725_2.00

MOTIF M00290_2.00 (PTRK_0001627200)_(Homo_sapiens)_(DBD_0.88)

letter-probability matrix: alength= 4 w= 8 nsites= 1 E= 0
  0.157555	  0.127712	  0.069392	  0.645340	
  0.632466	  0.076679	  0.146882	  0.143973	
  0.886949	  0.005685	  0.055025	  0.052341	
  0.068959	  0.060553	  0.110335	  0.760153	
  0.143566	  0.126064	  0.153975	  0.576395	
  0.315323	  0.085080	  0.443012	  0.156585	
  0.236009	  0.260830	  0.300026	  0.203135	
  0.240835	  0.263516	  0.226810	  0.268839	

URL http://cisbp.ccbr.utoronto.ca/TFreport.php?versionNumber=2.00&searchTF=T235754_2.00

MOTIF M00376_2.00 (PTRK_0001375400)_(Caenorhabditis_elegans)_(DBD_0.96)

letter-probability matrix: alength= 4 w= 10 nsites= 1 E= 0
  0.214617	  0.090818	  0.075102	  0.619463	
  0.069859	  0.360136	  0.209869	  0.360136	
  0.722064	  0.000065	  0.260373	  0.017498	
  0.991898	  0.000023	  0.004261	  0.003818	
  0.000309	  0.000156	  0.977664	  0.021871	
  0.127581	  0.009014	  0.083827	  0.779578	
  0.331797	  0.010325	  0.629247	  0.028632	
  0.038565	  0.396364	  0.362249	  0.202823	
  0.184394	  0.295029	  0.197764	  0.322813	
  0.196154	  0.281154	  0.168832	  0.353860	

URL http://cisbp.ccbr.utoronto.ca/TFreport.php?versionNumber=2.00&searchTF=T235748_2.00

MOTIF M00396_2.00 (PTRK_0001090900)_(Mus_musculus)_(DBD_0.86)

letter-probability matrix: alength= 4 w= 8 nsites= 1 E= 0
  0.243137	  0.255603	  0.173058	  0.328201	
  0.180751	  0.050761	  0.028138	  0.740350	
  0.754094	  0.029830	  0.091425	  0.124651	
  0.948503	  0.020184	  0.016361	  0.014953	
  0.061921	  0.014525	  0.234126	  0.689428	
  0.144617	  0.648127	  0.069692	  0.137564	
  0.112198	  0.502838	  0.114465	  0.270499	
  0.173843	  0.301314	  0.278148	  0.246695	

URL http://cisbp.ccbr.utoronto.ca/TFreport.php?versionNumber=2.00&searchTF=T235737_2.00

MOTIF M00405_2.00 (PTRK_0001693100)_(Mus_musculus)_(DBD_0.90)

letter-probability matrix: alength= 4 w= 9 nsites= 1 E= 0
  0.166699	  0.079535	  0.057179	  0.696587	
  0.658460	  0.072959	  0.164006	  0.104575	
  0.860814	  0.014554	  0.044163	  0.080469	
  0.057497	  0.058075	  0.037402	  0.847026	
  0.146493	  0.115235	  0.184376	  0.553896	
  0.427710	  0.071410	  0.368133	  0.132747	
  0.333758	  0.210696	  0.276004	  0.179543	
  0.279203	  0.233210	  0.202743	  0.284843	
  0.269584	  0.207863	  0.189973	  0.332580	

URL http://cisbp.ccbr.utoronto.ca/TFreport.php?versionNumber=2.00&searchTF=T235757_2.00

MOTIF M00426_2.00 (PTRK_0000081800)_(Mus_musculus)_(DBD_0.86)

letter-probability matrix: alength= 4 w= 9 nsites= 1 E= 0
  0.269860	  0.244180	  0.310413	  0.175547	
  0.222956	  0.322782	  0.189991	  0.264271	
  0.095770	  0.046616	  0.010402	  0.847212	
  0.799391	  0.056478	  0.097891	  0.046240	
  0.967307	  0.000597	  0.022077	  0.010019	
  0.039713	  0.048993	  0.055795	  0.855498	
  0.112128	  0.104548	  0.131584	  0.651740	
  0.377268	  0.097803	  0.400597	  0.124332	
  0.274391	  0.207380	  0.363054	  0.155175	

URL http://cisbp.ccbr.utoronto.ca/TFreport.php?versionNumber=2.00&searchTF=T235707_2.00

MOTIF M00432_2.00 (PTRK_0001402800)_(Mus_musculus)_(DBD_0.82)

letter-probability matrix: alength= 4 w= 8 nsites= 1 E= 0
  0.233021	  0.233021	  0.237729	  0.296228	
  0.299569	  0.128040	  0.147281	  0.425109	
  0.394212	  0.088845	  0.184360	  0.332583	
  0.791037	  0.010521	  0.120704	  0.077738	
  0.125342	  0.030909	  0.107883	  0.735866	
  0.111249	  0.116952	  0.215243	  0.556556	
  0.502249	  0.069345	  0.330001	  0.098405	
  0.304872	  0.239820	  0.275859	  0.179449	

URL http://cisbp.ccbr.utoronto.ca/TFreport.php?versionNumber=2.00&searchTF=T235750_2.00

MOTIF M00443_2.00 (PTRK_0000136200)_(Mus_musculus)_(DBD_0.70)

letter-probability matrix: alength= 4 w= 8 nsites= 1 E= 0
  0.205661	  0.300734	  0.189849	  0.303757	
  0.125034	  0.075837	  0.035114	  0.764015	
  0.752473	  0.068263	  0.113678	  0.065586	
  0.947059	  0.000567	  0.020767	  0.031606	
  0.052681	  0.078591	  0.069010	  0.799717	
  0.162578	  0.134445	  0.157773	  0.545203	
  0.352715	  0.124669	  0.349206	  0.173410	
  0.314813	  0.200734	  0.311680	  0.172773	

URL http://cisbp.ccbr.utoronto.ca/TFreport.php?versionNumber=2.00&searchTF=T235709_2.00

MOTIF M00450_2.00 (PTRK_0001241300)_(Mus_musculus)_(DBD_0.74)

letter-probability matrix: alength= 4 w= 9 nsites= 1 E= 0
  0.196325	  0.259764	  0.216973	  0.326938	
  0.168024	  0.144619	  0.100897	  0.586460	
  0.700378	  0.000665	  0.217374	  0.081583	
  0.964678	  0.000287	  0.006765	  0.028270	
  0.099760	  0.022937	  0.086727	  0.790576	
  0.079382	  0.133523	  0.297160	  0.489935	
  0.592997	  0.034302	  0.309572	  0.063130	
  0.209422	  0.321935	  0.297183	  0.171460	
  0.160609	  0.343427	  0.206226	  0.289737	

URL http://cisbp.ccbr.utoronto.ca/TFreport.php?versionNumber=2.00&searchTF=T235740_2.00

MOTIF M00458_2.00 (PTRK_0000977300)_(Mus_musculus)_(DBD_0.86)

letter-probability matrix: alength= 4 w= 7 nsites= 1 E= 0
  0.207112	  0.268610	  0.252968	  0.271310	
  0.229210	  0.070431	  0.130927	  0.569432	
  0.521448	  0.073450	  0.236656	  0.168445	
  0.627941	  0.108034	  0.128053	  0.135972	
  0.172464	  0.088251	  0.270478	  0.468806	
  0.209059	  0.140136	  0.302661	  0.348144	
  0.255000	  0.139947	  0.428917	  0.176137	

URL http://cisbp.ccbr.utoronto.ca/TFreport.php?versionNumber=2.00&searchTF=T235734_2.00

MOTIF M00483_2.00 (PTRK_0001297400)_(Mus_musculus)_(DBD_0.93)

letter-probability matrix: alength= 4 w= 7 nsites= 1 E= 0
  0.247356	  0.242458	  0.265291	  0.244895	
  0.187686	  0.245862	  0.203318	  0.363134	
  0.206531	  0.145540	  0.437226	  0.210703	
  0.818609	  0.111900	  0.033704	  0.035788	
  0.126658	  0.170970	  0.099632	  0.602740	
  0.539508	  0.337193	  0.043409	  0.079890	
  0.146793	  0.419484	  0.179294	  0.254430	

URL http://cisbp.ccbr.utoronto.ca/TFreport.php?versionNumber=2.00&searchTF=T235743_2.00

MOTIF M00484_2.00 (PTRK_0001565200)_(Mus_musculus)_(DBD_0.82)

letter-probability matrix: alength= 4 w= 8 nsites= 1 E= 0
  0.260569	  0.255410	  0.285108	  0.198913	
  0.177845	  0.320830	  0.230652	  0.270673	
  0.114497	  0.403649	  0.048938	  0.432917	
  0.580843	  0.152091	  0.107177	  0.159889	
  0.790662	  0.111371	  0.053137	  0.044830	
  0.121087	  0.104221	  0.012262	  0.762430	
  0.136206	  0.248183	  0.120804	  0.494807	
  0.509367	  0.130735	  0.162905	  0.196993	

URL http://cisbp.ccbr.utoronto.ca/TFreport.php?versionNumber=2.00&searchTF=T235752_2.00

MOTIF M00495_2.00 (PTRK_0001692800)_(Mus_musculus)_(DBD_0.84)

letter-probability matrix: alength= 4 w= 9 nsites= 1 E= 0
  0.184447	  0.364076	  0.184447	  0.267030	
  0.116544	  0.046445	  0.001308	  0.835703	
  0.822965	  0.097799	  0.078485	  0.000750	
  0.891592	  0.011056	  0.021179	  0.076173	
  0.116988	  0.045699	  0.100693	  0.736620	
  0.189372	  0.123188	  0.282510	  0.404930	
  0.430266	  0.105047	  0.303203	  0.161484	
  0.227412	  0.274998	  0.297901	  0.199689	
  0.184723	  0.307617	  0.234829	  0.272832	

URL http://cisbp.ccbr.utoronto.ca/TFreport.php?versionNumber=2.00&searchTF=T235756_2.00

MOTIF M00513_2.00 (PTRK_0000208300)_(Mus_musculus)_(DBD_0.58)

letter-probability matrix: alength= 4 w= 9 nsites= 1 E= 0
  0.266112	  0.222276	  0.229045	  0.282568	
  0.237101	  0.188385	  0.227804	  0.346709	
  0.168681	  0.122488	  0.165341	  0.543490	
  0.135910	  0.075339	  0.627657	  0.161095	
  0.670614	  0.096370	  0.100303	  0.132714	
  0.153825	  0.312879	  0.143425	  0.389871	
  0.261540	  0.143536	  0.378641	  0.216283	
  0.251042	  0.207601	  0.277444	  0.263913	
  0.263023	  0.226386	  0.344550	  0.166042	

URL http://cisbp.ccbr.utoronto.ca/TFreport.php?versionNumber=2.00&searchTF=T235711_2.00

MOTIF M00516_2.00 (PTRK_0000748000)_(Mus_musculus)_(DBD_0.90)

letter-probability matrix: alength= 4 w= 9 nsites= 1 E= 0
  0.266806	  0.229642	  0.205721	  0.297830	
  0.116229	  0.082729	  0.031676	  0.769366	
  0.886269	  0.000274	  0.097224	  0.016233	
  0.956010	  0.016164	  0.000365	  0.027461	
  0.057873	  0.196026	  0.082125	  0.663976	
  0.104695	  0.230685	  0.333971	  0.330648	
  0.326888	  0.077449	  0.441252	  0.154411	
  0.189730	  0.271946	  0.338866	  0.199458	
  0.170012	  0.319216	  0.175189	  0.335583	

URL http://cisbp.ccbr.utoronto.ca/TFreport.php?versionNumber=2.00&searchTF=T235727_2.00

MOTIF M00554_2.00 (PTRK_0000303300)_(Drosophila_melanogaster)_(DBD_0.77)

letter-probability matrix: alength= 4 w= 10 nsites= 1 E= 0
  0.251496	  0.177226	  0.199822	  0.371455	
  0.148997	  0.073254	  0.136173	  0.641576	
  0.122081	  0.052704	  0.056525	  0.768690	
  0.381649	  0.037883	  0.070422	  0.510046	
  0.882245	  0.000299	  0.060489	  0.056967	
  0.048121	  0.268735	  0.096905	  0.586239	
  0.165526	  0.087281	  0.407129	  0.340063	
  0.403411	  0.084771	  0.354234	  0.157584	
  0.125944	  0.405791	  0.231791	  0.236474	
  0.189990	  0.335953	  0.201738	  0.272318	

URL http://cisbp.ccbr.utoronto.ca/TFreport.php?versionNumber=2.00&searchTF=T235713_2.00

MOTIF M00587_2.00 (PTRK_0000487800)_(Caenorhabditis_elegans)_(DBD_0.80)

letter-probability matrix: alength= 4 w= 8 nsites= 1 E= 0
  0.074832	  0.102859	  0.037463	  0.784847	
  0.000066	  0.999803	  0.000066	  0.000066	
  0.000066	  0.026375	  0.973494	  0.000066	
  0.592015	  0.032952	  0.374967	  0.000066	
  0.000066	  0.000066	  0.999803	  0.000066	
  0.993225	  0.000066	  0.006643	  0.000066	
  0.140532	  0.280981	  0.363599	  0.214888	
  0.092027	  0.402229	  0.034582	  0.471163	

URL http://cisbp.ccbr.utoronto.ca/TFreport.php?versionNumber=2.00&searchTF=T029641_2.00

MOTIF M00615_2.00 (PTRK_0001062600)_(Caenorhabditis_elegans)_(DBD_0.90)

letter-probability matrix: alength= 4 w= 10 nsites= 1 E= 0
  0.194145	  0.371892	  0.184676	  0.249287	
  0.053905	  0.142199	  0.092502	  0.711394	
  0.999361	  0.000033	  0.000001	  0.000605	
  0.001640	  0.929810	  0.000856	  0.067693	
  0.341787	  0.499789	  0.064340	  0.094084	
  0.107662	  0.000537	  0.888023	  0.003777	
  0.051787	  0.006032	  0.010352	  0.931828	
  0.824022	  0.055935	  0.053742	  0.066300	
  0.285208	  0.226607	  0.125615	  0.362570	
  0.182831	  0.316893	  0.163787	  0.336489	

URL http://cisbp.ccbr.utoronto.ca/TFreport.php?versionNumber=2.00&searchTF=T155749_2.00

MOTIF M00620_2.00 (PTRK_0000759200)_(Caenorhabditis_elegans)_(DBD_0.89)

letter-probability matrix: alength= 4 w= 10 nsites= 1 E= 0
  0.191185	  0.299838	  0.187399	  0.321578	
  0.434373	  0.011634	  0.338290	  0.215703	
  0.072394	  0.118170	  0.556755	  0.252680	
  0.038220	  0.058169	  0.002755	  0.900857	
  0.004021	  0.003566	  0.721592	  0.270821	
  0.004412	  0.007060	  0.001776	  0.986752	
  0.942731	  0.006289	  0.023076	  0.027904	
  0.839473	  0.104875	  0.025605	  0.030047	
  0.329916	  0.186576	  0.080547	  0.402961	
  0.389696	  0.175101	  0.282977	  0.152226	

URL http://cisbp.ccbr.utoronto.ca/TFreport.php?versionNumber=2.00&searchTF=T155739_2.00

MOTIF M00622_2.00 (PTRK_0000739300)_(Caenorhabditis_elegans)_(DBD_0.88)

letter-probability matrix: alength= 4 w= 8 nsites= 1 E= 0
  0.042013	  0.915557	  0.000416	  0.042013	
  0.133489	  0.233356	  0.566245	  0.066911	
  0.000303	  0.999092	  0.000303	  0.000303	
  0.000303	  0.999092	  0.000303	  0.000303	
  0.000303	  0.968826	  0.000303	  0.030569	
  0.575363	  0.333232	  0.091102	  0.000303	
  0.000303	  0.999092	  0.000303	  0.000303	
  0.166805	  0.083611	  0.665973	  0.083611	

URL http://cisbp.ccbr.utoronto.ca/TFreport.php?versionNumber=2.00&searchTF=T155736_2.00

MOTIF M00638_2.00 (PTRK_0000514200)_(Caenorhabditis_elegans)_(DBD_0.83)

letter-probability matrix: alength= 4 w= 10 nsites= 1 E= 0
  0.210067	  0.246516	  0.190077	  0.353339	
  0.208071	  0.223158	  0.264511	  0.304260	
  0.273165	  0.099492	  0.172444	  0.454899	
  0.377830	  0.255813	  0.134888	  0.231469	
  0.223435	  0.756818	  0.000076	  0.019671	
  0.002609	  0.971445	  0.014714	  0.011232	
  0.010416	  0.002468	  0.001382	  0.985734	
  0.008187	  0.965392	  0.000305	  0.026116	
  0.575778	  0.180498	  0.152280	  0.091444	
  0.290872	  0.279467	  0.181796	  0.247865	

URL http://cisbp.ccbr.utoronto.ca/TFreport.php?versionNumber=2.00&searchTF=T155729_2.00

MOTIF M00641_2.00 (PTRK_0001160400)_(Caenorhabditis_elegans)_(DBD_0.91)

letter-probability matrix: alength= 4 w= 10 nsites= 1 E= 0
  0.423533	  0.155809	  0.281078	  0.139579	
  0.237052	  0.254240	  0.246726	  0.261983	
  0.030814	  0.031436	  0.032719	  0.905030	
  0.022675	  0.003426	  0.973874	  0.000025	
  0.814440	  0.000029	  0.035251	  0.150280	
  0.015413	  0.958364	  0.007208	  0.019015	
  0.025164	  0.968160	  0.002260	  0.004417	
  0.560196	  0.106515	  0.269963	  0.063325	
  0.199576	  0.322529	  0.241337	  0.236558	
  0.194301	  0.267577	  0.146849	  0.391273	

URL http://cisbp.ccbr.utoronto.ca/TFreport.php?versionNumber=2.00&searchTF=T155756_2.00

MOTIF M00650_2.00 (PTRK_0001788400)_(Caenorhabditis_elegans)_(DBD_0.91)

letter-probability matrix: alength= 4 w= 8 nsites= 1 E= 0
  0.491059	  0.157959	  0.263149	  0.087833	
  0.986454	  0.000132	  0.000132	  0.013282	
  0.947002	  0.000132	  0.052735	  0.000132	
  0.013282	  0.000132	  0.933851	  0.052735	
  0.000132	  0.013282	  0.000132	  0.986454	
  0.026433	  0.013282	  0.013282	  0.947002	
  0.034631	  0.155238	  0.120779	  0.689352	
  0.200050	  0.200050	  0.449800	  0.150100	

URL http://cisbp.ccbr.utoronto.ca/TFreport.php?versionNumber=2.00&searchTF=T159667_2.00

MOTIF M00652_2.00 (PTRK_0000092500)_(Caenorhabditis_elegans)_(DBD_0.80)

letter-probability matrix: alength= 4 w= 7 nsites= 1 E= 0
  0.184698	  0.237157	  0.179240	  0.398905	
  0.193622	  0.297648	  0.090551	  0.418179	
  0.105524	  0.010902	  0.533222	  0.350352	
  0.000005	  0.999851	  0.000007	  0.000138	
  0.000006	  0.075843	  0.923961	  0.000190	
  0.008049	  0.184102	  0.784849	  0.023000	
  0.452392	  0.109349	  0.222416	  0.215843	

URL http://cisbp.ccbr.utoronto.ca/TFreport.php?versionNumber=2.00&searchTF=T168828_2.00

MOTIF M00654_2.00 (PTRK_0001067200)_(Caenorhabditis_elegans)_(DBD_0.84)

letter-probability matrix: alength= 4 w= 8 nsites= 1 E= 0
  0.397132	  0.217951	  0.185725	  0.199192	
  0.397053	  0.211467	  0.117222	  0.274258	
  0.342138	  0.117356	  0.087813	  0.452693	
  0.230192	  0.118975	  0.101384	  0.549449	
  0.113255	  0.152879	  0.200266	  0.533600	
  0.076011	  0.270664	  0.050952	  0.602373	
  0.319738	  0.110775	  0.322952	  0.246535	
  0.227337	  0.261499	  0.238992	  0.272171	

URL http://cisbp.ccbr.utoronto.ca/TFreport.php?versionNumber=2.00&searchTF=T169976_2.00

MOTIF M00656_2.00 (PTRK_0000481900)_(Caenorhabditis_elegans)_(DBD_0.92)

letter-probability matrix: alength= 4 w= 10 nsites= 1 E= 0
  0.399025	  0.136869	  0.188486	  0.275620	
  0.310127	  0.107445	  0.086227	  0.496201	
  0.141909	  0.062501	  0.661946	  0.133645	
  0.088249	  0.038098	  0.002204	  0.871450	
  0.698396	  0.039204	  0.103419	  0.158981	
  0.217536	  0.066179	  0.106951	  0.609334	
  0.133729	  0.655771	  0.067075	  0.143425	
  0.388300	  0.157871	  0.198697	  0.255132	
  0.411135	  0.162215	  0.172246	  0.254404	
  0.291260	  0.149040	  0.185715	  0.373985	

URL http://cisbp.ccbr.utoronto.ca/TFreport.php?versionNumber=2.00&searchTF=T169974_2.00

MOTIF M00660_2.00 (PTRK_0000045900)_(Caenorhabditis_elegans)_(DBD_0.62)

letter-probability matrix: alength= 4 w= 10 nsites= 1 E= 0
  0.096878	  0.086787	  0.048592	  0.767743	
  0.004260	  0.001972	  0.991566	  0.002202	
  0.002889	  0.002776	  0.001140	  0.993195	
  0.120377	  0.093749	  0.020300	  0.765574	
  0.209974	  0.017584	  0.762792	  0.009650	
  0.632316	  0.357591	  0.001599	  0.008494	
  0.992452	  0.001974	  0.002117	  0.003456	
  0.865828	  0.008791	  0.004635	  0.120746	
  0.435155	  0.077922	  0.097096	  0.389827	
  0.300175	  0.171463	  0.150561	  0.377801	

URL http://cisbp.ccbr.utoronto.ca/TFreport.php?versionNumber=2.00&searchTF=T169972_2.00

MOTIF M00664_2.00 (PTRK_0001370600)_(Caenorhabditis_elegans)_(DBD_0.69)

letter-probability matrix: alength= 4 w= 8 nsites= 1 E= 0
  0.597222	  0.001984	  0.398810	  0.001984	
  0.001656	  0.001656	  0.001656	  0.995033	
  0.995033	  0.001656	  0.001656	  0.001656	
  0.995033	  0.001656	  0.001656	  0.001656	
  0.995033	  0.001656	  0.001656	  0.001656	
  0.001656	  0.995033	  0.001656	  0.001656	
  0.995033	  0.001656	  0.001656	  0.001656	
  0.745050	  0.002475	  0.002475	  0.250000	

URL http://cisbp.ccbr.utoronto.ca/TFreport.php?versionNumber=2.00&searchTF=T190951_2.00

MOTIF M00665_2.00 (PTRK_0001493600)_(Caenorhabditis_elegans)_(DBD_0.90)

letter-probability matrix: alength= 4 w= 11 nsites= 1 E= 0
  0.290290	  0.211015	  0.287681	  0.211015	
  0.243370	  0.086173	  0.086173	  0.584284	
  0.215478	  0.060026	  0.664470	  0.060026	
  0.151281	  0.076299	  0.000121	  0.772299	
  0.919668	  0.080090	  0.000121	  0.000121	
  0.922970	  0.076788	  0.000121	  0.000121	
  0.999637	  0.000121	  0.000121	  0.000121	
  0.000121	  0.668017	  0.000121	  0.331741	
  0.882680	  0.039107	  0.039107	  0.039107	
  0.508155	  0.163948	  0.163948	  0.163948	
  0.429714	  0.190095	  0.190095	  0.190095	

URL http://cisbp.ccbr.utoronto.ca/TFreport.php?versionNumber=2.00&searchTF=T190953_2.00

MOTIF M00673_2.00 (PTRK_0000465700)_(Caenorhabditis_elegans)_(DBD_0.67)

letter-probability matrix: alength= 4 w= 8 nsites= 1 E= 0
  0.211067	  0.284910	  0.176298	  0.327725	
  0.199579	  0.065773	  0.044980	  0.689668	
  0.746805	  0.027270	  0.118606	  0.107319	
  0.916821	  0.012194	  0.061002	  0.009983	
  0.030503	  0.019256	  0.201914	  0.748327	
  0.167556	  0.686303	  0.056901	  0.089239	
  0.091323	  0.552473	  0.110432	  0.245772	
  0.168631	  0.339582	  0.275260	  0.216527	

URL http://cisbp.ccbr.utoronto.ca/TFreport.php?versionNumber=2.00&searchTF=T235718_2.00

MOTIF M00674_2.00 (PTRK_0000032200)_(Caenorhabditis_elegans)_(DBD_0.77)

letter-probability matrix: alength= 4 w= 8 nsites= 1 E= 0
  0.327533	  0.155238	  0.120779	  0.396451	
  0.012942	  0.000128	  0.000128	  0.986802	
  0.999616	  0.000128	  0.000128	  0.000128	
  0.986802	  0.000128	  0.000128	  0.012942	
  0.000128	  0.012942	  0.025756	  0.961174	
  0.013110	  0.986630	  0.000130	  0.000130	
  0.000149	  0.745973	  0.000149	  0.253729	
  0.155639	  0.311057	  0.244449	  0.288854	

URL http://cisbp.ccbr.utoronto.ca/TFreport.php?versionNumber=2.00&searchTF=T235704_2.00

MOTIF M00682_2.00 (PTRK_0001079800)_(Caenorhabditis_elegans)_(DBD_0.61)

letter-probability matrix: alength= 4 w= 8 nsites= 1 E= 0
  0.004902	  0.004902	  0.004902	  0.985294	
  0.004902	  0.004902	  0.004902	  0.985294	
  0.004902	  0.985294	  0.004902	  0.004902	
  0.004902	  0.495098	  0.004902	  0.495098	
  0.985294	  0.004902	  0.004902	  0.004902	
  0.004902	  0.004902	  0.985294	  0.004902	
  0.985294	  0.004902	  0.004902	  0.004902	
  0.985294	  0.004902	  0.004902	  0.004902	

URL http://cisbp.ccbr.utoronto.ca/TFreport.php?versionNumber=2.00&searchTF=T243701_2.00

MOTIF M00686_2.00 (PTRK_0000480700)_(Caenorhabditis_elegans)_(DBD_0.87)

letter-probability matrix: alength= 4 w= 8 nsites= 1 E= 0
  0.844325	  0.000767	  0.154141	  0.000767	
  0.263130	  0.105567	  0.578256	  0.053046	
  0.083611	  0.042013	  0.042013	  0.832363	
  0.000416	  0.000416	  0.998752	  0.000416	
  0.998752	  0.000416	  0.000416	  0.000416	
  0.000416	  0.000416	  0.000416	  0.998752	
  0.000416	  0.998752	  0.000416	  0.000416	
  0.998503	  0.000499	  0.000499	  0.000499	

URL http://cisbp.ccbr.utoronto.ca/TFreport.php?versionNumber=2.00&searchTF=T310007_2.00

MOTIF M00687_2.00 (PTRK_0000775900)_(Caenorhabditis_elegans)_(DBD_0.63)

letter-probability matrix: alength= 4 w= 10 nsites= 1 E= 0
  0.424708	  0.167570	  0.181526	  0.226196	
  0.394760	  0.138142	  0.230046	  0.237052	
  0.621952	  0.129394	  0.123084	  0.125570	
  0.127104	  0.096063	  0.661826	  0.115008	
  0.473338	  0.032454	  0.247104	  0.247104	
  0.178424	  0.238451	  0.102942	  0.480182	
  0.124009	  0.620395	  0.086518	  0.169077	
  0.778907	  0.000116	  0.190165	  0.030812	
  0.331200	  0.215448	  0.235738	  0.217614	
  0.270667	  0.235307	  0.206622	  0.287404	

URL http://cisbp.ccbr.utoronto.ca/TFreport.php?versionNumber=2.00&searchTF=T310021_2.00

MOTIF M00689_2.00 (PTRK_0000497300)_(Caenorhabditis_elegans)_(DBD_0.80)

letter-probability matrix: alength= 4 w= 9 nsites= 1 E= 0
  0.597035	  0.077111	  0.077111	  0.248744	
  0.833606	  0.000140	  0.166115	  0.000140	
  0.999581	  0.000140	  0.000140	  0.000140	
  0.081900	  0.000140	  0.835503	  0.082457	
  0.917820	  0.000140	  0.000140	  0.081900	
  0.000140	  0.418083	  0.000140	  0.581638	
  0.082457	  0.835503	  0.000140	  0.081900	
  0.835503	  0.000140	  0.000140	  0.164218	
  0.399246	  0.254695	  0.173029	  0.173029	

URL http://cisbp.ccbr.utoronto.ca/TFreport.php?versionNumber=2.00&searchTF=T310008_2.00

MOTIF M00690_2.00 (PTRK_0000748600)_(Caenorhabditis_elegans)_(DBD_0.83)

letter-probability matrix: alength= 4 w= 10 nsites= 1 E= 0
  0.316056	  0.227220	  0.227220	  0.229504	
  0.308610	  0.190963	  0.293559	  0.206868	
  0.425693	  0.181948	  0.201083	  0.191276	
  0.203406	  0.147703	  0.480682	  0.168209	
  0.452722	  0.080261	  0.189668	  0.277349	
  0.176134	  0.284646	  0.114577	  0.424642	
  0.120807	  0.580678	  0.107147	  0.191368	
  0.691872	  0.002972	  0.221274	  0.083881	
  0.368959	  0.196504	  0.223785	  0.210752	
  0.304886	  0.214850	  0.228135	  0.252129	

URL http://cisbp.ccbr.utoronto.ca/TFreport.php?versionNumber=2.00&searchTF=T310018_2.00

MOTIF M00708_2.00 (PTRK_0001568700)_(Caenorhabditis_elegans)_(DBD_0.73)

letter-probability matrix: alength= 4 w= 10 nsites= 1 E= 0
  0.168663	  0.275311	  0.239344	  0.316683	
  0.176492	  0.296864	  0.205054	  0.321589	
  0.099868	  0.334905	  0.233655	  0.331572	
  0.572889	  0.124051	  0.200475	  0.102585	
  0.711682	  0.128719	  0.063284	  0.096316	
  0.139239	  0.068456	  0.676002	  0.116303	
  0.601869	  0.036600	  0.275901	  0.085630	
  0.375126	  0.319661	  0.021699	  0.283514	
  0.395081	  0.114330	  0.326716	  0.163873	
  0.242351	  0.212807	  0.230531	  0.314312	

URL http://cisbp.ccbr.utoronto.ca/TFreport.php?versionNumber=2.00&searchTF=T316783_2.00

MOTIF M00710_2.00 (PTRK_0000206000)_(Caenorhabditis_elegans)_(DBD_0.91)

letter-probability matrix: alength= 4 w= 10 nsites= 1 E= 0
  0.450923	  0.148771	  0.148771	  0.251536	
  0.298333	  0.204180	  0.289058	  0.208429	
  0.896801	  0.000144	  0.000144	  0.102910	
  0.910076	  0.089635	  0.000144	  0.000144	
  0.089635	  0.807310	  0.000144	  0.102910	
  0.999567	  0.000144	  0.000144	  0.000144	
  0.999567	  0.000144	  0.000144	  0.000144	
  0.000144	  0.000144	  0.000144	  0.999567	
  0.609680	  0.101374	  0.101374	  0.187572	
  0.240264	  0.237286	  0.371677	  0.150773	

URL http://cisbp.ccbr.utoronto.ca/TFreport.php?versionNumber=2.00&searchTF=T336817_2.00

MOTIF M00711_2.00 (PTRK_0000169700)_(Caenorhabditis_elegans)_(DBD_0.74)

letter-probability matrix: alength= 4 w= 8 nsites= 1 E= 0
  0.332931	  0.201933	  0.220950	  0.244187	
  0.230872	  0.107971	  0.064191	  0.596967	
  0.157943	  0.314893	  0.388476	  0.138689	
  0.623919	  0.073407	  0.103133	  0.199541	
  0.638735	  0.143953	  0.138309	  0.079003	
  0.199110	  0.103945	  0.061797	  0.635148	
  0.196117	  0.123805	  0.445283	  0.234795	
  0.339200	  0.127306	  0.335825	  0.197668	

URL http://cisbp.ccbr.utoronto.ca/TFreport.php?versionNumber=2.00&searchTF=T336816_2.00

MOTIF M00712_2.00 (PTRK_0001545900)_(Caenorhabditis_elegans)_(DBD_0.70)

letter-probability matrix: alength= 4 w= 10 nsites= 1 E= 0
  0.180597	  0.342500	  0.170080	  0.306823	
  0.160976	  0.372879	  0.157788	  0.308356	
  0.176732	  0.163144	  0.118467	  0.541657	
  0.186902	  0.088286	  0.157683	  0.567128	
  0.197962	  0.101299	  0.030207	  0.670533	
  0.236652	  0.225110	  0.457872	  0.080366	
  0.326313	  0.199908	  0.140873	  0.332905	
  0.262324	  0.221313	  0.223537	  0.292826	
  0.220694	  0.261589	  0.283376	  0.234341	
  0.203636	  0.220597	  0.222814	  0.352953	

URL http://cisbp.ccbr.utoronto.ca/TFreport.php?versionNumber=2.00&searchTF=T336831_2.00

MOTIF M00834_2.00 (PTRK_0001005500)_(Mus_musculus)_(DBD_0.82)

letter-probability matrix: alength= 4 w= 10 nsites= 1 E= 0
  0.218142	  0.220334	  0.215971	  0.345553	
  0.140518	  0.271874	  0.111646	  0.475962	
  0.286176	  0.289052	  0.294892	  0.129880	
  0.574102	  0.053133	  0.167806	  0.204958	
  0.084728	  0.772355	  0.001821	  0.141096	
  0.792147	  0.000176	  0.185814	  0.021862	
  0.135653	  0.720613	  0.054604	  0.089131	
  0.133956	  0.491523	  0.168597	  0.205924	
  0.172880	  0.189161	  0.102781	  0.535178	
  0.257707	  0.281977	  0.148684	  0.311632	

URL http://cisbp.ccbr.utoronto.ca/TFreport.php?versionNumber=2.00&searchTF=T341888_2.00

MOTIF M00937_2.00 (PTRK_0001632300)_(Caenorhabditis_elegans)_(DBD_0.93)

letter-probability matrix: alength= 4 w= 8 nsites= 1 E= 0
  0.333333	  0.000000	  0.000000	  0.666667	
  0.000000	  1.000000	  0.000000	  0.000000	
  1.000000	  0.000000	  0.000000	  0.000000	
  0.000000	  1.000000	  0.000000	  0.000000	
  0.000000	  0.000000	  1.000000	  0.000000	
  0.000000	  0.000000	  0.000000	  1.000000	
  0.000000	  0.000000	  1.000000	  0.000000	
  1.000000	  0.000000	  0.000000	  0.000000	

URL http://cisbp.ccbr.utoronto.ca/TFreport.php?versionNumber=2.00&searchTF=T054743_2.00

MOTIF M01105_2.00 (PTRK_0001159900)_(Fusarium_graminearum)_(DBD_0.56)

letter-probability matrix: alength= 4 w= 9 nsites= 1 E= 0
  0.374340	  0.173324	  0.185892	  0.266444	
  0.331918	  0.236250	  0.215916	  0.215916	
  0.367239	  0.211878	  0.193642	  0.227241	
  0.398201	  0.106374	  0.253904	  0.241521	
  0.306146	  0.173133	  0.150515	  0.370206	
  0.572249	  0.002137	  0.149841	  0.275772	
  0.602371	  0.092840	  0.044740	  0.260050	
  0.505970	  0.048254	  0.059530	  0.386247	
  0.331768	  0.096009	  0.106106	  0.466117	

URL http://cisbp.ccbr.utoronto.ca/TFreport.php?versionNumber=2.00&searchTF=T018209_2.00

MOTIF M01141_2.00 (PTRK_0000099300)_(Caenorhabditis_briggsae)_(DBD_0.71)

letter-probability matrix: alength= 4 w= 10 nsites= 1 E= 0
  0.396695	  0.167866	  0.144484	  0.290955	
  0.555037	  0.047420	  0.379568	  0.017976	
  0.002357	  0.007982	  0.000117	  0.989544	
  0.003280	  0.003849	  0.990076	  0.002795	
  0.956624	  0.000420	  0.009056	  0.033900	
  0.002941	  0.779543	  0.011344	  0.206172	
  0.146554	  0.034035	  0.818434	  0.000978	
  0.022269	  0.029172	  0.011059	  0.937500	
  0.135371	  0.516987	  0.272603	  0.075040	
  0.635454	  0.133532	  0.127019	  0.103995	

URL http://cisbp.ccbr.utoronto.ca/TFreport.php?versionNumber=2.00&searchTF=T075009_2.00

MOTIF M01207_2.00 (PTRK_0000206200)_(Nematostella_vectensis)_(DBD_0.73)

letter-probability matrix: alength= 4 w= 8 nsites= 1 E= 0
  0.232170	  0.212188	  0.304135	  0.251507	
  0.318185	  0.224221	  0.224221	  0.233372	
  0.298893	  0.175930	  0.235118	  0.290059	
  0.223616	  0.112160	  0.512823	  0.151401	
  0.457101	  0.032619	  0.335259	  0.175021	
  0.190205	  0.175581	  0.002713	  0.631501	
  0.460236	  0.057497	  0.380596	  0.101671	
  0.203386	  0.149173	  0.475851	  0.171590	

URL http://cisbp.ccbr.utoronto.ca/TFreport.php?versionNumber=2.00&searchTF=T165872_2.00

MOTIF M01226_2.00 (PTRK_0001396400)_(Caenorhabditis_briggsae)_(DBD_0.84)

letter-probability matrix: alength= 4 w= 8 nsites= 1 E= 0
  0.527071	  0.236374	  0.236374	  0.000182	
  0.809169	  0.016022	  0.000159	  0.174651	
  0.655996	  0.093848	  0.000156	  0.250000	
  0.983916	  0.015771	  0.000156	  0.000156	
  0.999532	  0.000156	  0.000156	  0.000156	
  0.047002	  0.780918	  0.000156	  0.171924	
  0.968301	  0.000156	  0.000156	  0.031387	
  0.574675	  0.075175	  0.075175	  0.274975	

URL http://cisbp.ccbr.utoronto.ca/TFreport.php?versionNumber=2.00&searchTF=T190952_2.00

MOTIF M01231_2.00 (PTRK_0001379700)_(Caenorhabditis_briggsae)_(DBD_0.74)

letter-probability matrix: alength= 4 w= 8 nsites= 1 E= 0
  0.170017	  0.359926	  0.338965	  0.131092	
  0.041665	  0.018535	  0.005639	  0.934162	
  0.002064	  0.000107	  0.996804	  0.001025	
  0.956878	  0.001885	  0.000233	  0.041004	
  0.001041	  0.005314	  0.000961	  0.992683	
  0.801570	  0.044548	  0.008905	  0.144977	
  0.731075	  0.036764	  0.099935	  0.132226	
  0.195054	  0.302862	  0.318390	  0.183695	

URL http://cisbp.ccbr.utoronto.ca/TFreport.php?versionNumber=2.00&searchTF=T197746_2.00

MOTIF M01240_2.00 (PTRK_0001335600)_(Caenorhabditis_briggsae)_(DBD_0.91)

letter-probability matrix: alength= 4 w= 8 nsites= 1 E= 0
  0.783207	  0.081263	  0.081263	  0.054266	
  0.078566	  0.098158	  0.039381	  0.783895	
  0.034045	  0.034045	  0.000169	  0.931741	
  0.999500	  0.000167	  0.000167	  0.000167	
  0.982845	  0.000167	  0.000167	  0.016822	
  0.035238	  0.000175	  0.017707	  0.946879	
  0.080136	  0.020184	  0.060152	  0.839528	
  0.761418	  0.000238	  0.190533	  0.047812	

URL http://cisbp.ccbr.utoronto.ca/TFreport.php?versionNumber=2.00&searchTF=T235744_2.00

MOTIF M01241_2.00 (PTRK_0000463800)_(Caenorhabditis_briggsae)_(DBD_0.93)

letter-probability matrix: alength= 4 w= 8 nsites= 1 E= 0
  0.266652	  0.200044	  0.155639	  0.377664	
  0.016280	  0.000161	  0.000161	  0.983398	
  0.999516	  0.000161	  0.000161	  0.000161	
  0.999516	  0.000161	  0.000161	  0.000161	
  0.000161	  0.000161	  0.000161	  0.999516	
  0.016547	  0.983126	  0.000164	  0.000164	
  0.055699	  0.869911	  0.000185	  0.074204	
  0.222253	  0.305494	  0.194506	  0.277747	

URL http://cisbp.ccbr.utoronto.ca/TFreport.php?versionNumber=2.00&searchTF=T235717_2.00

MOTIF M01244_2.00 (PTRK_0001611100)_(Caenorhabditis_briggsae)_(DBD_0.79)

letter-probability matrix: alength= 4 w= 9 nsites= 1 E= 0
  0.292706	  0.192321	  0.242056	  0.272917	
  0.299890	  0.114826	  0.159719	  0.425565	
  0.148850	  0.191127	  0.102816	  0.557208	
  0.538133	  0.063950	  0.179129	  0.218788	
  0.813390	  0.034165	  0.070896	  0.081549	
  0.102211	  0.025205	  0.054437	  0.818147	
  0.181848	  0.105971	  0.290955	  0.421226	
  0.528516	  0.052988	  0.281483	  0.137013	
  0.203810	  0.310192	  0.292127	  0.193870	

URL http://cisbp.ccbr.utoronto.ca/TFreport.php?versionNumber=2.00&searchTF=T235753_2.00

MOTIF M01298_2.00 (PTRK_0000716700)_(Caenorhabditis_elegans)_(DBD_0.86)

letter-probability matrix: alength= 4 w= 8 nsites= 1 E= 0
  0.990132	  0.003289	  0.003289	  0.003289	
  0.990132	  0.003289	  0.003289	  0.003289	
  0.990132	  0.003289	  0.003289	  0.003289	
  0.003289	  0.003289	  0.661184	  0.332237	
  0.003289	  0.003289	  0.990132	  0.003289	
  0.003289	  0.003289	  0.003289	  0.990132	
  0.003289	  0.990132	  0.003289	  0.003289	
  0.985294	  0.004902	  0.004902	  0.004902	

URL http://cisbp.ccbr.utoronto.ca/TFreport.php?versionNumber=2.00&searchTF=T310016_2.00

MOTIF M01320_2.00 (PTRK_0001245500)_(Nematostella_vectensis)_(DBD_0.77)

letter-probability matrix: alength= 4 w= 9 nsites= 1 E= 0
  0.290250	  0.249821	  0.257429	  0.202501	
  0.316363	  0.209954	  0.261619	  0.212064	
  0.184777	  0.163883	  0.214681	  0.436659	
  0.199513	  0.131089	  0.211850	  0.457547	
  0.078215	  0.487582	  0.126401	  0.307802	
  0.531314	  0.037915	  0.366997	  0.063774	
  0.614935	  0.062272	  0.118098	  0.204694	
  0.633081	  0.077525	  0.157685	  0.131709	
  0.256334	  0.291921	  0.153928	  0.297818	

URL http://cisbp.ccbr.utoronto.ca/TFreport.php?versionNumber=2.00&searchTF=T346321_2.00

MOTIF M01495_2.00 (PTRK_0001647100)_(Mus_musculus)_(DBD_0.89)

letter-probability matrix: alength= 4 w= 10 nsites= 1 E= 0
  0.281573	  0.232850	  0.257339	  0.228239	
  0.414866	  0.149598	  0.249125	  0.186411	
  0.179962	  0.494103	  0.211187	  0.114749	
  0.259489	  0.638239	  0.085517	  0.016755	
  0.004798	  0.001474	  0.980684	  0.013043	
  0.008733	  0.003278	  0.979598	  0.008391	
  0.916015	  0.015333	  0.027386	  0.041266	
  0.617614	  0.075631	  0.032004	  0.274751	
  0.365042	  0.122733	  0.437035	  0.075190	
  0.145434	  0.289954	  0.127705	  0.436908	

URL http://cisbp.ccbr.utoronto.ca/TFreport.php?versionNumber=2.00&searchTF=T178696_2.00

MOTIF M01667_2.00 (PTRK_0001398600)_(Caenorhabditis_elegans)_(DBD_0.96)

letter-probability matrix: alength= 4 w= 8 nsites= 1 E= 0
  0.245252	  0.271045	  0.215355	  0.268348	
  0.308320	  0.196593	  0.254968	  0.240120	
  0.941882	  0.000249	  0.000593	  0.057276	
  0.051763	  0.035046	  0.000248	  0.912942	
  0.191668	  0.309749	  0.088745	  0.409838	
  0.562171	  0.100666	  0.162683	  0.174479	
  0.502612	  0.159145	  0.175883	  0.162360	
  0.416728	  0.148775	  0.235670	  0.198827	

URL http://cisbp.ccbr.utoronto.ca/TFreport.php?versionNumber=2.00&searchTF=T016661_2.00

MOTIF M01691_2.00 (PTRK_0001025400)_(Caenorhabditis_elegans)_(DBD_0.52)

letter-probability matrix: alength= 4 w= 7 nsites= 1 E= 0
  0.272989	  0.275733	  0.247011	  0.204268	
  0.311542	  0.190859	  0.252531	  0.245068	
  0.409498	  0.106158	  0.183999	  0.300345	
  0.464798	  0.095737	  0.154718	  0.284747	
  0.582238	  0.128622	  0.014110	  0.275030	
  0.576040	  0.000723	  0.229563	  0.193674	
  0.235345	  0.212949	  0.048475	  0.503232	

URL http://cisbp.ccbr.utoronto.ca/TFreport.php?versionNumber=2.00&searchTF=T018208_2.00

MOTIF M01830_2.00 (PTRK_0001316500)_(Caenorhabditis_elegans)_(DBD_0.64)

letter-probability matrix: alength= 4 w= 9 nsites= 1 E= 0
  0.990132	  0.003289	  0.003289	  0.003289	
  0.001656	  0.001656	  0.001656	  0.995033	
  0.167219	  0.001656	  0.001656	  0.829470	
  0.995033	  0.001656	  0.001656	  0.001656	
  0.001656	  0.663907	  0.001656	  0.332781	
  0.498344	  0.001656	  0.498344	  0.001656	
  0.001656	  0.167219	  0.001656	  0.829470	
  0.995033	  0.001656	  0.001656	  0.001656	
  0.990132	  0.003289	  0.003289	  0.003289	

URL http://cisbp.ccbr.utoronto.ca/TFreport.php?versionNumber=2.00&searchTF=T075022_2.00

MOTIF M01923_2.00 (PTRK_0001597400)_(Brugia_malayi)_(DBD_0.85)

letter-probability matrix: alength= 4 w= 10 nsites= 1 E= 0
  0.343826	  0.219233	  0.206466	  0.230474	
  0.425834	  0.159820	  0.187551	  0.226796	
  0.468789	  0.145497	  0.181300	  0.204415	
  0.217236	  0.106803	  0.036270	  0.639691	
  0.040545	  0.006004	  0.918203	  0.035248	
  0.018850	  0.000405	  0.001745	  0.979000	
  0.167120	  0.027350	  0.033741	  0.771789	
  0.050915	  0.017290	  0.323809	  0.607986	
  0.215218	  0.534670	  0.116939	  0.133173	
  0.360732	  0.192123	  0.197974	  0.249170	

URL http://cisbp.ccbr.utoronto.ca/TFreport.php?versionNumber=2.00&searchTF=T169978_2.00

MOTIF M01930_2.00 (PTRK_0000979100)_(Homo_sapiens)_(DBD_0.77)

letter-probability matrix: alength= 4 w= 10 nsites= 1 E= 0
  0.391936	  0.183295	  0.148576	  0.276193	
  0.378242	  0.182278	  0.150737	  0.288742	
  0.278003	  0.143686	  0.091618	  0.486692	
  0.161592	  0.078655	  0.558398	  0.201355	
  0.131885	  0.106904	  0.107979	  0.653232	
  0.417907	  0.098029	  0.168218	  0.315847	
  0.288677	  0.108344	  0.224822	  0.378157	
  0.189159	  0.451505	  0.137357	  0.221980	
  0.330255	  0.192455	  0.235066	  0.242224	
  0.345463	  0.193424	  0.222491	  0.238623	

URL http://cisbp.ccbr.utoronto.ca/TFreport.php?versionNumber=2.00&searchTF=T169975_2.00

MOTIF M01971_2.00 (PTRK_0000479700)_(Tetraodon_nigroviridis)_(DBD_0.77)

letter-probability matrix: alength= 4 w= 8 nsites= 1 E= 0
  0.001420	  0.995739	  0.001420	  0.001420	
  0.001106	  0.996681	  0.001106	  0.001106	
  0.001106	  0.001106	  0.996681	  0.001106	
  0.001106	  0.001106	  0.996681	  0.001106	
  0.996681	  0.001106	  0.001106	  0.001106	
  0.886062	  0.001106	  0.001106	  0.111726	
  0.222345	  0.001106	  0.775442	  0.001106	
  0.001656	  0.167219	  0.001656	  0.829470	

URL http://cisbp.ccbr.utoronto.ca/TFreport.php?versionNumber=2.00&searchTF=T178687_2.00

MOTIF M01974_2.00 (PTRK_0000505000)_(Caenorhabditis_briggsae)_(DBD_0.90)

letter-probability matrix: alength= 4 w= 8 nsites= 1 E= 0
  0.416389	  0.000416	  0.541181	  0.042013	
  0.028824	  0.000285	  0.000285	  0.970605	
  0.827911	  0.171518	  0.000285	  0.000285	
  0.942066	  0.000285	  0.000285	  0.057363	
  0.999144	  0.000285	  0.000285	  0.000285	
  0.057363	  0.913527	  0.000285	  0.028824	
  0.999144	  0.000285	  0.000285	  0.000285	
  0.434462	  0.217448	  0.130642	  0.217448	

URL http://cisbp.ccbr.utoronto.ca/TFreport.php?versionNumber=2.00&searchTF=T190940_2.00

MOTIF M02062_2.00 (PTRK_0001335800)_(Caenorhabditis_briggsae)_(DBD_0.95)

letter-probability matrix: alength= 4 w= 10 nsites= 1 E= 0
  0.229831	  0.163587	  0.191971	  0.414612	
  0.145017	  0.118730	  0.111816	  0.624437	
  0.595085	  0.033405	  0.112023	  0.259487	
  0.785686	  0.060133	  0.067125	  0.087056	
  0.085373	  0.150962	  0.087098	  0.676567	
  0.132663	  0.069256	  0.418976	  0.379105	
