MEME version 5.5.8 (Fri May 2 15:43:49 2025 -0700)

ALPHABET= ACGT

strands: + -

Background letter frequencies (from uniform background):
A 0.25000 C 0.25000 G 0.25000 T 0.25000 

MOTIF M01154_2.00 (CPRF2_PETCR)_(Cannabis_sativa)_(DBD_0.86)

letter-probability matrix: alength= 4 w= 10 nsites= 1 E= 0
  0.207637	  0.374574	  0.231780	  0.186008	
  0.174524	  0.296505	  0.159503	  0.369468	
  0.179985	  0.219834	  0.344769	  0.255411	
  0.560855	  0.106640	  0.181175	  0.151330	
  0.031341	  0.648673	  0.156793	  0.163192	
  0.116412	  0.109633	  0.711331	  0.062623	
  0.093377	  0.131189	  0.042804	  0.732630	
  0.167926	  0.048595	  0.667488	  0.115992	
  0.074228	  0.124853	  0.458123	  0.342797	
  0.268273	  0.358527	  0.215294	  0.157907	

URL http://cisbp.ccbr.utoronto.ca/TFreport.php?versionNumber=2.00&searchTF=T070482_2.00

MOTIF M01156_2.00 (CPRF1_PETCR)_(Cannabis_sativa)_(DBD_0.75)

letter-probability matrix: alength= 4 w= 10 nsites= 1 E= 0
  0.185651	  0.213549	  0.285393	  0.315408	
  0.133202	  0.183436	  0.404181	  0.279182	
  0.363231	  0.495238	  0.105113	  0.036417	
  0.029585	  0.834874	  0.000269	  0.135271	
  0.937984	  0.000034	  0.061789	  0.000193	
  0.088378	  0.602820	  0.187095	  0.121707	
  0.146644	  0.194029	  0.560040	  0.099286	
  0.162411	  0.177706	  0.146956	  0.512926	
  0.246395	  0.269599	  0.286270	  0.197736	
  0.293459	  0.147192	  0.337558	  0.221791	

URL http://cisbp.ccbr.utoronto.ca/TFreport.php?versionNumber=2.00&searchTF=T070481_2.00

MOTIF M01783_2.00 (CPRF3_PETCR)_(Arabidopsis_thaliana)_(DBD_0.66)

letter-probability matrix: alength= 4 w= 10 nsites= 1 E= 0
  0.194982	  0.331261	  0.073179	  0.400578	
  0.062566	  0.319327	  0.401905	  0.216203	
  0.863019	  0.035889	  0.054078	  0.047014	
  0.016012	  0.783149	  0.111422	  0.089418	
  0.057917	  0.135505	  0.756729	  0.049849	
  0.020596	  0.026183	  0.004505	  0.948716	
  0.045651	  0.000000	  0.954344	  0.000005	
  0.000119	  0.051604	  0.610088	  0.338188	
  0.279665	  0.535709	  0.102883	  0.081744	
  0.362040	  0.293464	  0.151677	  0.192819	

URL http://cisbp.ccbr.utoronto.ca/TFreport.php?versionNumber=2.00&searchTF=T070483_2.00

MOTIF M02201_2.00 PRH_PETCR

letter-probability matrix: alength= 4 w= 8 nsites= 1 E= 0
  0.200397	  0.001984	  0.001984	  0.795635	
  0.498344	  0.001656	  0.001656	  0.498344	
  0.853693	  0.001420	  0.001420	  0.143466	
  0.001420	  0.001420	  0.001420	  0.995739	
  0.995739	  0.001420	  0.001420	  0.001420	
  0.001420	  0.001420	  0.001420	  0.995739	
  0.995739	  0.001420	  0.001420	  0.001420	
  0.002475	  0.002475	  0.002475	  0.992574	

URL http://cisbp.ccbr.utoronto.ca/TFreport.php?versionNumber=2.00&searchTF=T226934_2.00

MOTIF M07383_2.00 (Q40828_PETCR)_(Arabidopsis_thaliana)_(DBD_0.92)

letter-probability matrix: alength= 4 w= 12 nsites= 1 E= 0
  0.639866	  0.130653	  0.110553	  0.118928	
  0.852596	  0.016750	  0.065327	  0.065327	
  0.911223	  0.005025	  0.011725	  0.072027	
  0.968174	  0.000000	  0.026801	  0.005025	
  0.000000	  0.000000	  1.000000	  0.000000	
  0.000000	  0.000000	  0.000000	  1.000000	
  0.001675	  0.998325	  0.000000	  0.000000	
  1.000000	  0.000000	  0.000000	  0.000000	
  1.000000	  0.000000	  0.000000	  0.000000	
  0.100503	  0.884422	  0.000000	  0.015075	
  0.068677	  0.115578	  0.633165	  0.182580	
  0.279732	  0.306533	  0.175879	  0.237856	

URL http://cisbp.ccbr.utoronto.ca/TFreport.php?versionNumber=2.00&searchTF=T355388_2.00

