MEME version 5.5.8 (Fri May 2 15:43:49 2025 -0700)

ALPHABET= ACGT

strands: + -

Background letter frequencies (from uniform background):
A 0.25000 C 0.25000 G 0.25000 T 0.25000 

MOTIF M00125_2.00 (ENSPMAG00000006157)_(Mus_musculus)_(DBD_0.69)

letter-probability matrix: alength= 4 w= 10 nsites= 1 E= 0
  0.226159	  0.202601	  0.358252	  0.212988	
  0.460836	  0.137420	  0.369830	  0.031914	
  0.004173	  0.013179	  0.001614	  0.981035	
  0.044273	  0.036980	  0.742765	  0.175982	
  0.987799	  0.000325	  0.000224	  0.011652	
  0.041156	  0.637382	  0.123639	  0.197822	
  0.166793	  0.107421	  0.496090	  0.229696	
  0.203168	  0.294133	  0.136187	  0.366512	
  0.366588	  0.277061	  0.220135	  0.136216	
  0.350480	  0.202210	  0.214714	  0.232596	

URL http://cisbp.ccbr.utoronto.ca/TFreport.php?versionNumber=2.00&searchTF=T061100_2.00

MOTIF M00144_2.00 (ENSPMAG00000001278)_(Mus_musculus)_(DBD_0.93)

letter-probability matrix: alength= 4 w= 9 nsites= 1 E= 0
  0.239345	  0.218745	  0.246634	  0.295275	
  0.191857	  0.178887	  0.532058	  0.097198	
  0.021077	  0.835642	  0.002359	  0.140921	
  0.032784	  0.170704	  0.000247	  0.796265	
  0.546729	  0.158215	  0.044432	  0.250624	
  0.007923	  0.906640	  0.002363	  0.083075	
  0.000350	  0.507322	  0.000000	  0.492328	
  0.126341	  0.131497	  0.544020	  0.198142	
  0.176151	  0.179710	  0.240169	  0.403971	

URL http://cisbp.ccbr.utoronto.ca/TFreport.php?versionNumber=2.00&searchTF=T106606_2.00

MOTIF M00161_2.00 (ENSPMAG00000006623)_(Mus_musculus)_(DBD_0.81)

letter-probability matrix: alength= 4 w= 12 nsites= 1 E= 0
  0.394926	  0.201691	  0.201691	  0.201691	
  0.357836	  0.147163	  0.347838	  0.147163	
  0.159006	  0.172368	  0.068783	  0.599842	
  0.841382	  0.113021	  0.022798	  0.022798	
  0.999531	  0.000156	  0.000156	  0.000156	
  0.999531	  0.000156	  0.000156	  0.000156	
  0.000156	  0.999531	  0.000156	  0.000156	
  0.999531	  0.000156	  0.000156	  0.000156	
  0.854605	  0.048465	  0.048465	  0.048465	
  0.691020	  0.102993	  0.102993	  0.102993	
  0.181373	  0.360053	  0.181373	  0.277201	
  0.317926	  0.227358	  0.227358	  0.227358	

URL http://cisbp.ccbr.utoronto.ca/TFreport.php?versionNumber=2.00&searchTF=T186820_2.00

MOTIF M00163_2.00 (ENSPMAG00000004814)_(Mus_musculus)_(DBD_0.92)

letter-probability matrix: alength= 4 w= 8 nsites= 1 E= 0
  0.309467	  0.142959	  0.547336	  0.000238	
  0.295052	  0.000164	  0.000164	  0.704620	
  0.619510	  0.295749	  0.000141	  0.084600	
  0.888534	  0.069545	  0.000139	  0.041782	
  0.999584	  0.000139	  0.000139	  0.000139	
  0.000139	  0.957940	  0.000139	  0.041782	
  0.999572	  0.000143	  0.000143	  0.000143	
  0.660068	  0.132164	  0.056750	  0.151018	

URL http://cisbp.ccbr.utoronto.ca/TFreport.php?versionNumber=2.00&searchTF=T186815_2.00

MOTIF M00192_2.00 (ENSPMAG00000004234)_(Mus_musculus)_(DBD_0.89)

letter-probability matrix: alength= 4 w= 10 nsites= 1 E= 0
  0.288710	  0.216031	  0.234024	  0.261235	
  0.267885	  0.210726	  0.228276	  0.293113	
  0.254675	  0.244689	  0.210606	  0.290031	
  0.178353	  0.381367	  0.197110	  0.243170	
  0.142077	  0.390086	  0.214084	  0.253754	
  0.577609	  0.339984	  0.075861	  0.006546	
  0.069047	  0.067007	  0.858163	  0.005782	
  0.628592	  0.263350	  0.048110	  0.059948	
  0.080759	  0.917332	  0.000028	  0.001880	
  0.388991	  0.137491	  0.312172	  0.161347	

URL http://cisbp.ccbr.utoronto.ca/TFreport.php?versionNumber=2.00&searchTF=T324887_2.00

MOTIF M00194_2.00 (ENSPMAG00000002631)_(Mus_musculus)_(DBD_0.78)

letter-probability matrix: alength= 4 w= 8 nsites= 1 E= 0
  0.226419	  0.257852	  0.260443	  0.255286	
  0.256789	  0.177373	  0.194077	  0.371762	
  0.185974	  0.312814	  0.363438	  0.137773	
  0.505770	  0.103139	  0.144906	  0.246185	
  0.528531	  0.076715	  0.198364	  0.196390	
  0.225196	  0.166830	  0.131233	  0.476741	
  0.220657	  0.150899	  0.414308	  0.214136	
  0.349045	  0.129697	  0.335359	  0.185899	

URL http://cisbp.ccbr.utoronto.ca/TFreport.php?versionNumber=2.00&searchTF=T328911_2.00

MOTIF M00249_2.00 (ENSPMAG00000008950)_(Homo_sapiens)_(DBD_0.89)

letter-probability matrix: alength= 4 w= 11 nsites= 1 E= 0
  0.307654	  0.294673	  0.198837	  0.198837	
  0.097668	  0.706996	  0.097668	  0.097668	
  0.024894	  0.324730	  0.024894	  0.625481	
  0.000229	  0.999312	  0.000229	  0.000229	
  0.000229	  0.999312	  0.000229	  0.000229	
  0.000229	  0.999312	  0.000229	  0.000229	
  0.097056	  0.902485	  0.000229	  0.000229	
  0.000229	  0.999312	  0.000229	  0.000229	
  0.258716	  0.154144	  0.535748	  0.051393	
  0.152561	  0.542316	  0.152561	  0.152561	
  0.323995	  0.225335	  0.225335	  0.225335	

URL http://cisbp.ccbr.utoronto.ca/TFreport.php?versionNumber=2.00&searchTF=T106721_2.00

MOTIF M00257_2.00 (ENSPMAG00000010220)_(Homo_sapiens)_(DBD_0.94)

letter-probability matrix: alength= 4 w= 10 nsites= 1 E= 0
  0.326582	  0.181033	  0.131457	  0.360928	
  0.376628	  0.160976	  0.273488	  0.188908	
  0.247519	  0.242618	  0.230785	  0.279077	
  0.363901	  0.188083	  0.342709	  0.105307	
  0.343254	  0.200031	  0.077360	  0.379355	
  0.494185	  0.252879	  0.037446	  0.215489	
  0.759756	  0.101799	  0.035623	  0.102822	
  0.777778	  0.049722	  0.111770	  0.060730	
  0.010752	  0.547346	  0.078656	  0.363246	
  0.741580	  0.060267	  0.105508	  0.092646	

URL http://cisbp.ccbr.utoronto.ca/TFreport.php?versionNumber=2.00&searchTF=T186827_2.00

MOTIF M00325_2.00 (ENSPMAG00000010130)_(Homo_sapiens)_(DBD_1.00)

letter-probability matrix: alength= 4 w= 8 nsites= 1 E= 0
  0.292314	  0.201912	  0.249094	  0.256680	
  0.276005	  0.190646	  0.276005	  0.257345	
  0.166254	  0.211350	  0.161341	  0.461055	
  0.161543	  0.067679	  0.623139	  0.147639	
  0.908497	  0.017669	  0.072370	  0.001465	
  0.035824	  0.130139	  0.070008	  0.764029	
  0.674984	  0.282785	  0.020588	  0.021643	
  0.078931	  0.445224	  0.158948	  0.316897	

URL http://cisbp.ccbr.utoronto.ca/TFreport.php?versionNumber=2.00&searchTF=T214623_2.00

MOTIF M00330_2.00 (ENSPMAG00000010195)_(Homo_sapiens)_(DBD_0.98)

letter-probability matrix: alength= 4 w= 8 nsites= 1 E= 0
  0.050417	  0.165492	  0.143915	  0.640175	
  0.016355	  0.103293	  0.000054	  0.880298	
  0.854797	  0.119198	  0.005232	  0.020773	
  0.984304	  0.005232	  0.010412	  0.000052	
  0.010412	  0.020773	  0.005232	  0.963583	
  0.047915	  0.037279	  0.196820	  0.717986	
  0.736714	  0.000066	  0.250000	  0.013220	
  0.063130	  0.198217	  0.225234	  0.513419	

URL http://cisbp.ccbr.utoronto.ca/TFreport.php?versionNumber=2.00&searchTF=T214627_2.00

MOTIF M00382_2.00 (ENSPMAG00000010422)_(Mus_musculus)_(DBD_0.91)

letter-probability matrix: alength= 4 w= 9 nsites= 1 E= 0
  0.187731	  0.158382	  0.173298	  0.480589	
  0.167569	  0.131814	  0.115745	  0.584872	
  0.349023	  0.092309	  0.110514	  0.448155	
  0.651686	  0.088196	  0.113246	  0.146872	
  0.112866	  0.256262	  0.099107	  0.531765	
  0.157200	  0.146572	  0.349855	  0.346373	
  0.360306	  0.132549	  0.322774	  0.184371	
  0.161159	  0.348065	  0.238028	  0.252747	
  0.234266	  0.294847	  0.234266	  0.236621	

URL http://cisbp.ccbr.utoronto.ca/TFreport.php?versionNumber=2.00&searchTF=T214633_2.00

MOTIF M00385_2.00 (ENSPMAG00000000997)_(Mus_musculus)_(DBD_1.00)

letter-probability matrix: alength= 4 w= 8 nsites= 1 E= 0
  0.255055	  0.187069	  0.145689	  0.412187	
  0.156259	  0.305367	  0.217351	  0.321023	
  0.515678	  0.042755	  0.332115	  0.109452	
  0.874267	  0.000203	  0.046219	  0.079312	
  0.114396	  0.028210	  0.706034	  0.151360	
  0.240421	  0.043484	  0.196840	  0.519254	
  0.348669	  0.028336	  0.499757	  0.123239	
  0.135811	  0.293320	  0.330718	  0.240150	

URL http://cisbp.ccbr.utoronto.ca/TFreport.php?versionNumber=2.00&searchTF=T214584_2.00

MOTIF M00386_2.00 (ENSPMAG00000002391)_(Mus_musculus)_(DBD_0.96)

letter-probability matrix: alength= 4 w= 9 nsites= 1 E= 0
  0.268445	  0.240482	  0.255353	  0.235720	
  0.200643	  0.235457	  0.276312	  0.287588	
  0.315755	  0.080236	  0.258518	  0.345491	
  0.782420	  0.011733	  0.091139	  0.114708	
  0.101611	  0.743341	  0.043867	  0.111181	
  0.671433	  0.112103	  0.066647	  0.149817	
  0.308060	  0.244764	  0.116780	  0.330396	
  0.231796	  0.229489	  0.363528	  0.175187	
  0.271804	  0.243491	  0.248410	  0.236295	

URL http://cisbp.ccbr.utoronto.ca/TFreport.php?versionNumber=2.00&searchTF=T214589_2.00

MOTIF M00388_2.00 (ENSPMAG00000001023)_(Mus_musculus)_(DBD_0.81)

letter-probability matrix: alength= 4 w= 10 nsites= 1 E= 0
  0.247073	  0.284202	  0.206373	  0.262352	
  0.149870	  0.075171	  0.040036	  0.734924	
  0.706549	  0.090958	  0.126519	  0.075974	
  0.851645	  0.008910	  0.044131	  0.095313	
  0.070692	  0.091682	  0.096383	  0.741243	
  0.120799	  0.217919	  0.226813	  0.434469	
  0.367812	  0.088905	  0.402450	  0.140833	
  0.215590	  0.296895	  0.274069	  0.213445	
  0.220651	  0.269503	  0.211999	  0.297847	
  0.238452	  0.238452	  0.243269	  0.279826	

URL http://cisbp.ccbr.utoronto.ca/TFreport.php?versionNumber=2.00&searchTF=T214585_2.00

MOTIF M00389_2.00 (ENSPMAG00000000767)_(Mus_musculus)_(DBD_0.68)

letter-probability matrix: alength= 4 w= 10 nsites= 1 E= 0
  0.244352	  0.152721	  0.200059	  0.402869	
  0.112366	  0.042172	  0.086640	  0.758821	
  0.122987	  0.043907	  0.010827	  0.822278	
  0.271439	  0.066270	  0.039795	  0.622496	
  0.894248	  0.000505	  0.058908	  0.046339	
  0.067680	  0.355950	  0.023684	  0.552686	
  0.252481	  0.054127	  0.369199	  0.324192	
  0.440104	  0.070599	  0.356741	  0.132557	
  0.145106	  0.244072	  0.418829	  0.191994	
  0.238314	  0.279665	  0.253051	  0.228970	

URL http://cisbp.ccbr.utoronto.ca/TFreport.php?versionNumber=2.00&searchTF=T214581_2.00

MOTIF M00392_2.00 (ENSPMAG00000010089)_(Mus_musculus)_(DBD_0.81)

letter-probability matrix: alength= 4 w= 8 nsites= 1 E= 0
  0.143010	  0.107347	  0.036020	  0.713623	
  0.000250	  0.025225	  0.000250	  0.974276	
  0.974276	  0.000250	  0.000250	  0.025225	
  0.999251	  0.000250	  0.000250	  0.000250	
  0.000250	  0.000250	  0.000250	  0.999251	
  0.000250	  0.000250	  0.125125	  0.874376	
  0.804939	  0.000277	  0.194506	  0.000277	
  0.038786	  0.576421	  0.153994	  0.230799	

URL http://cisbp.ccbr.utoronto.ca/TFreport.php?versionNumber=2.00&searchTF=T214622_2.00

MOTIF M00399_2.00 (ENSPMAG00000000685)_(Mus_musculus)_(DBD_0.91)

letter-probability matrix: alength= 4 w= 8 nsites= 1 E= 0
  0.145807	  0.166050	  0.102749	  0.585395	
  0.047416	  0.026548	  0.887984	  0.038052	
  0.795904	  0.000436	  0.143952	  0.059709	
  0.041428	  0.910466	  0.001396	  0.046710	
  0.672067	  0.019113	  0.247239	  0.061581	
  0.160336	  0.171961	  0.418748	  0.248954	
  0.200186	  0.289816	  0.301643	  0.208355	
  0.204146	  0.262129	  0.190345	  0.343380	

URL http://cisbp.ccbr.utoronto.ca/TFreport.php?versionNumber=2.00&searchTF=T214580_2.00

MOTIF M00405_2.00 (ENSPMAG00000008904)_(Mus_musculus)_(DBD_0.95)

letter-probability matrix: alength= 4 w= 9 nsites= 1 E= 0
  0.166699	  0.079535	  0.057179	  0.696587	
  0.658460	  0.072959	  0.164006	  0.104575	
  0.860814	  0.014554	  0.044163	  0.080469	
  0.057497	  0.058075	  0.037402	  0.847026	
  0.146493	  0.115235	  0.184376	  0.553896	
  0.427710	  0.071410	  0.368133	  0.132747	
  0.333758	  0.210696	  0.276004	  0.179543	
  0.279203	  0.233210	  0.202743	  0.284843	
  0.269584	  0.207863	  0.189973	  0.332580	

URL http://cisbp.ccbr.utoronto.ca/TFreport.php?versionNumber=2.00&searchTF=T214612_2.00

MOTIF M00418_2.00 (ENSPMAG00000009746)_(Mus_musculus)_(DBD_0.98)

letter-probability matrix: alength= 4 w= 8 nsites= 1 E= 0
  0.244685	  0.262426	  0.184929	  0.307960	
  0.195722	  0.063860	  0.036477	  0.703941	
  0.712083	  0.037645	  0.106505	  0.143767	
  0.921471	  0.039884	  0.018840	  0.019806	
  0.072358	  0.024572	  0.250040	  0.653030	
  0.149500	  0.630995	  0.082872	  0.136633	
  0.112604	  0.499634	  0.129525	  0.258237	
  0.173100	  0.309164	  0.276959	  0.240777	

URL http://cisbp.ccbr.utoronto.ca/TFreport.php?versionNumber=2.00&searchTF=T214614_2.00

MOTIF M00423_2.00 (ENSPMAG00000003760)_(Mus_musculus)_(DBD_0.98)

letter-probability matrix: alength= 4 w= 9 nsites= 1 E= 0
  0.304718	  0.228009	  0.194297	  0.272977	
  0.151961	  0.073967	  0.021405	  0.752667	
  0.823630	  0.052653	  0.108172	  0.015545	
  0.943177	  0.000270	  0.024761	  0.031793	
  0.083189	  0.065438	  0.100596	  0.750777	
  0.166825	  0.139344	  0.182536	  0.511295	
  0.341885	  0.086011	  0.430296	  0.141808	
  0.195606	  0.309854	  0.288906	  0.205635	
  0.223337	  0.278296	  0.225582	  0.272785	

URL http://cisbp.ccbr.utoronto.ca/TFreport.php?versionNumber=2.00&searchTF=T214595_2.00

MOTIF M00433_2.00 (ENSPMAG00000005735)_(Mus_musculus)_(DBD_0.91)

letter-probability matrix: alength= 4 w= 9 nsites= 1 E= 0
  0.239869	  0.317378	  0.190584	  0.252168	
  0.133763	  0.050707	  0.022333	  0.793196	
  0.850989	  0.020830	  0.051749	  0.076432	
  0.959274	  0.011777	  0.004509	  0.024439	
  0.324957	  0.077765	  0.136141	  0.461136	
  0.139125	  0.306548	  0.136371	  0.417956	
  0.193728	  0.061958	  0.611831	  0.132483	
  0.201560	  0.269370	  0.319285	  0.209785	
  0.174474	  0.290550	  0.187125	  0.347851	

URL http://cisbp.ccbr.utoronto.ca/TFreport.php?versionNumber=2.00&searchTF=T214601_2.00

MOTIF M00438_2.00 (ENSPMAG00000005236)_(Mus_musculus)_(DBD_0.93)

letter-probability matrix: alength= 4 w= 9 nsites= 1 E= 0
  0.211292	  0.263287	  0.243044	  0.282377	
  0.249961	  0.185175	  0.148607	  0.416257	
  0.165668	  0.301867	  0.221404	  0.311061	
  0.494881	  0.045346	  0.355781	  0.103992	
  0.869196	  0.000051	  0.015449	  0.115304	
  0.101810	  0.062998	  0.673917	  0.161274	
  0.247088	  0.045139	  0.174120	  0.533653	
  0.334033	  0.038522	  0.503326	  0.124119	
  0.129395	  0.311957	  0.305780	  0.252868	

URL http://cisbp.ccbr.utoronto.ca/TFreport.php?versionNumber=2.00&searchTF=T214599_2.00

MOTIF M00441_2.00 (ENSPMAG00000008114)_(Mus_musculus)_(DBD_1.00)

letter-probability matrix: alength= 4 w= 9 nsites= 1 E= 0
  0.212858	  0.299055	  0.164125	  0.323962	
  0.153798	  0.038307	  0.030742	  0.777153	
  0.777780	  0.031389	  0.089698	  0.101134	
  0.945835	  0.014470	  0.014615	  0.025080	
  0.045414	  0.028101	  0.156932	  0.769554	
  0.119773	  0.689246	  0.071208	  0.119773	
  0.076693	  0.566686	  0.114412	  0.242210	
  0.157784	  0.314576	  0.287500	  0.240141	
  0.219437	  0.296208	  0.221642	  0.262713	

URL http://cisbp.ccbr.utoronto.ca/TFreport.php?versionNumber=2.00&searchTF=T214607_2.00

MOTIF M00450_2.00 (ENSPMAG00000006495)_(Mus_musculus)_(DBD_0.91)

letter-probability matrix: alength= 4 w= 9 nsites= 1 E= 0
  0.196325	  0.259764	  0.216973	  0.326938	
  0.168024	  0.144619	  0.100897	  0.586460	
  0.700378	  0.000665	  0.217374	  0.081583	
  0.964678	  0.000287	  0.006765	  0.028270	
  0.099760	  0.022937	  0.086727	  0.790576	
  0.079382	  0.133523	  0.297160	  0.489935	
  0.592997	  0.034302	  0.309572	  0.063130	
  0.209422	  0.321935	  0.297183	  0.171460	
  0.160609	  0.343427	  0.206226	  0.289737	

URL http://cisbp.ccbr.utoronto.ca/TFreport.php?versionNumber=2.00&searchTF=T214603_2.00

MOTIF M00451_2.00 (ENSPMAG00000004878)_(Mus_musculus)_(DBD_0.95)

letter-probability matrix: alength= 4 w= 8 nsites= 1 E= 0
  0.745050	  0.002475	  0.002475	  0.250000	
  0.200397	  0.001984	  0.001984	  0.795635	
  0.001984	  0.001984	  0.001984	  0.994048	
  0.795635	  0.001984	  0.001984	  0.200397	
  0.994048	  0.001984	  0.001984	  0.001984	
  0.001984	  0.001984	  0.001984	  0.994048	
  0.200397	  0.001984	  0.001984	  0.795635	
  0.992574	  0.002475	  0.002475	  0.002475	

URL http://cisbp.ccbr.utoronto.ca/TFreport.php?versionNumber=2.00&searchTF=T214598_2.00

MOTIF M00458_2.00 (ENSPMAG00000001979)_(Mus_musculus)_(DBD_0.98)

letter-probability matrix: alength= 4 w= 7 nsites= 1 E= 0
  0.207112	  0.268610	  0.252968	  0.271310	
  0.229210	  0.070431	  0.130927	  0.569432	
  0.521448	  0.073450	  0.236656	  0.168445	
  0.627941	  0.108034	  0.128053	  0.135972	
  0.172464	  0.088251	  0.270478	  0.468806	
  0.209059	  0.140136	  0.302661	  0.348144	
  0.255000	  0.139947	  0.428917	  0.176137	

URL http://cisbp.ccbr.utoronto.ca/TFreport.php?versionNumber=2.00&searchTF=T214588_2.00

MOTIF M00474_2.00 (ENSPMAG00000009919)_(Mus_musculus)_(DBD_0.93)

letter-probability matrix: alength= 4 w= 9 nsites= 1 E= 0
  0.202833	  0.130632	  0.147287	  0.519248	
  0.159348	  0.134436	  0.133099	  0.573117	
  0.294125	  0.130844	  0.113750	  0.461280	
  0.520505	  0.125813	  0.171537	  0.182144	
  0.127007	  0.331704	  0.119611	  0.421678	
  0.179782	  0.144279	  0.388288	  0.287651	
  0.381823	  0.156798	  0.271771	  0.189608	
  0.151875	  0.334641	  0.258026	  0.255458	
  0.245353	  0.285059	  0.224235	  0.245353	

URL http://cisbp.ccbr.utoronto.ca/TFreport.php?versionNumber=2.00&searchTF=T214617_2.00

MOTIF M00476_2.00 (ENSPMAG00000009993)_(Mus_musculus)_(DBD_0.95)

letter-probability matrix: alength= 4 w= 9 nsites= 1 E= 0
  0.219817	  0.202917	  0.222026	  0.355240	
  0.214850	  0.129017	  0.132946	  0.523188	
  0.513373	  0.061621	  0.131763	  0.293243	
  0.787783	  0.015788	  0.077418	  0.119012	
  0.061583	  0.194490	  0.104625	  0.639303	
  0.168088	  0.140399	  0.363030	  0.328483	
  0.320844	  0.119218	  0.380298	  0.179640	
  0.183628	  0.344782	  0.238153	  0.233437	
  0.224687	  0.297291	  0.224687	  0.253334	

URL http://cisbp.ccbr.utoronto.ca/TFreport.php?versionNumber=2.00&searchTF=T214619_2.00

MOTIF M00483_2.00 (ENSPMAG00000002608)_(Mus_musculus)_(DBD_0.98)

letter-probability matrix: alength= 4 w= 7 nsites= 1 E= 0
  0.247356	  0.242458	  0.265291	  0.244895	
  0.187686	  0.245862	  0.203318	  0.363134	
  0.206531	  0.145540	  0.437226	  0.210703	
  0.818609	  0.111900	  0.033704	  0.035788	
  0.126658	  0.170970	  0.099632	  0.602740	
  0.539508	  0.337193	  0.043409	  0.079890	
  0.146793	  0.419484	  0.179294	  0.254430	

URL http://cisbp.ccbr.utoronto.ca/TFreport.php?versionNumber=2.00&searchTF=T214591_2.00

MOTIF M00485_2.00 (ENSPMAG00000009840)_(Mus_musculus)_(DBD_0.91)

letter-probability matrix: alength= 4 w= 7 nsites= 1 E= 0
  0.187295	  0.271153	  0.247815	  0.293737	
  0.250771	  0.201249	  0.229188	  0.318793	
  0.296001	  0.169078	  0.244781	  0.290140	
  0.718437	  0.000173	  0.207904	  0.073485	
  0.249149	  0.003519	  0.152635	  0.594697	
  0.242601	  0.126649	  0.230769	  0.399981	
  0.470117	  0.042224	  0.321495	  0.166165	

URL http://cisbp.ccbr.utoronto.ca/TFreport.php?versionNumber=2.00&searchTF=T214616_2.00

MOTIF M00495_2.00 (ENSPMAG00000010239)_(Mus_musculus)_(DBD_1.00)

letter-probability matrix: alength= 4 w= 9 nsites= 1 E= 0
  0.184447	  0.364076	  0.184447	  0.267030	
  0.116544	  0.046445	  0.001308	  0.835703	
  0.822965	  0.097799	  0.078485	  0.000750	
  0.891592	  0.011056	  0.021179	  0.076173	
  0.116988	  0.045699	  0.100693	  0.736620	
  0.189372	  0.123188	  0.282510	  0.404930	
  0.430266	  0.105047	  0.303203	  0.161484	
  0.227412	  0.274998	  0.297901	  0.199689	
  0.184723	  0.307617	  0.234829	  0.272832	

URL http://cisbp.ccbr.utoronto.ca/TFreport.php?versionNumber=2.00&searchTF=T214629_2.00

MOTIF M00501_2.00 (ENSPMAG00000003709)_(Mus_musculus)_(DBD_0.95)

letter-probability matrix: alength= 4 w= 7 nsites= 1 E= 0
  0.226066	  0.281695	  0.221589	  0.270650	
  0.146677	  0.148151	  0.067238	  0.637934	
  0.618779	  0.056134	  0.149568	  0.175519	
  0.877477	  0.000256	  0.058385	  0.063883	
  0.113953	  0.010652	  0.066406	  0.808989	
  0.155387	  0.136445	  0.149295	  0.558873	
  0.312201	  0.086803	  0.417233	  0.183763	

URL http://cisbp.ccbr.utoronto.ca/TFreport.php?versionNumber=2.00&searchTF=T214594_2.00

MOTIF M00509_2.00 (ENSPMAG00000010194)_(Mus_musculus)_(DBD_0.95)

letter-probability matrix: alength= 4 w= 8 nsites= 1 E= 0
  0.232472	  0.141002	  0.172220	  0.454306	
  0.195416	  0.163225	  0.130991	  0.510367	
  0.290449	  0.153152	  0.144233	  0.412167	
  0.482720	  0.165577	  0.179368	  0.172335	
  0.150739	  0.256095	  0.144828	  0.448338	
  0.186948	  0.177830	  0.317611	  0.317611	
  0.334627	  0.169528	  0.302783	  0.193063	
  0.186800	  0.323772	  0.242267	  0.247161	

URL http://cisbp.ccbr.utoronto.ca/TFreport.php?versionNumber=2.00&searchTF=T214626_2.00

MOTIF M00517_2.00 (ENSPMAG00000004598)_(Mus_musculus)_(DBD_0.96)

letter-probability matrix: alength= 4 w= 9 nsites= 1 E= 0
  0.234785	  0.179230	  0.210329	  0.375655	
  0.189992	  0.117564	  0.127355	  0.565088	
  0.519733	  0.058167	  0.094002	  0.328099	
  0.819487	  0.015009	  0.062096	  0.103408	
  0.042139	  0.194606	  0.084013	  0.679241	
  0.161195	  0.134641	  0.369671	  0.334492	
  0.295609	  0.106595	  0.411183	  0.186613	
  0.184573	  0.364325	  0.201955	  0.249147	
  0.245355	  0.282225	  0.193003	  0.279417	

URL http://cisbp.ccbr.utoronto.ca/TFreport.php?versionNumber=2.00&searchTF=T214597_2.00

MOTIF M00519_2.00 (ENSPMAG00000010362)_(Mus_musculus)_(DBD_0.82)

letter-probability matrix: alength= 4 w= 7 nsites= 1 E= 0
  0.198153	  0.196181	  0.098400	  0.507267	
  0.407233	  0.165569	  0.264909	  0.162290	
  0.538574	  0.100376	  0.116621	  0.244429	
  0.082031	  0.128651	  0.126103	  0.663215	
  0.207305	  0.169727	  0.147553	  0.475416	
  0.361814	  0.160956	  0.324125	  0.153106	
  0.244650	  0.257194	  0.301820	  0.196336	

URL http://cisbp.ccbr.utoronto.ca/TFreport.php?versionNumber=2.00&searchTF=T214631_2.00

MOTIF M00617_2.00 (ENSPMAG00000002754)_(Caenorhabditis_elegans)_(DBD_0.75)

letter-probability matrix: alength= 4 w= 9 nsites= 1 E= 0
  0.234890	  0.383414	  0.146807	  0.234890	
  0.194417	  0.478190	  0.094633	  0.232760	
  0.522892	  0.361180	  0.059703	  0.056226	
  0.008275	  0.985594	  0.000001	  0.006130	
  0.193067	  0.000000	  0.729993	  0.076941	
  0.000000	  0.999999	  0.000000	  0.000001	
  0.002831	  0.992854	  0.004308	  0.000007	
  0.001012	  0.806139	  0.003752	  0.189096	
  0.354676	  0.233039	  0.084877	  0.327408	

URL http://cisbp.ccbr.utoronto.ca/TFreport.php?versionNumber=2.00&searchTF=T106629_2.00

MOTIF M00632_2.00 (ENSPMAG00000000389)_(Caenorhabditis_elegans)_(DBD_0.72)

letter-probability matrix: alength= 4 w= 10 nsites= 1 E= 0
  0.310430	  0.229857	  0.229857	  0.229857	
  0.141167	  0.374062	  0.141167	  0.343604	
  0.570189	  0.429360	  0.000225	  0.000225	
  0.000225	  0.999324	  0.000225	  0.000225	
  0.085811	  0.000225	  0.913738	  0.000225	
  0.000225	  0.999324	  0.000225	  0.000225	
  0.000225	  0.999324	  0.000225	  0.000225	
  0.000225	  0.999324	  0.000225	  0.000225	
  0.217940	  0.667367	  0.020369	  0.094324	
  0.109058	  0.359751	  0.109058	  0.422132	

URL http://cisbp.ccbr.utoronto.ca/TFreport.php?versionNumber=2.00&searchTF=T106585_2.00

MOTIF M00754_2.00 (ENSPMAG00000001400)_(Mus_musculus)_(DBD_0.84)

letter-probability matrix: alength= 4 w= 10 nsites= 1 E= 0
  0.490975	  0.146407	  0.261489	  0.101129	
  0.206681	  0.141341	  0.073052	  0.578926	
  0.077129	  0.841747	  0.025674	  0.055450	
  0.738939	  0.002045	  0.160007	  0.099009	
  0.069397	  0.578160	  0.139749	  0.212693	
  0.199177	  0.315512	  0.485023	  0.000288	
  0.133603	  0.466320	  0.002704	  0.397372	
  0.064264	  0.327993	  0.479620	  0.128123	
  0.694816	  0.069661	  0.118350	  0.117172	
  0.092190	  0.362799	  0.151995	  0.393016	

URL http://cisbp.ccbr.utoronto.ca/TFreport.php?versionNumber=2.00&searchTF=T036792_2.00

MOTIF M00758_2.00 (ENSPMAG00000000427)_(Mus_musculus)_(DBD_0.59)

letter-probability matrix: alength= 4 w= 9 nsites= 1 E= 0
  0.180173	  0.245653	  0.229045	  0.345129	
  0.180819	  0.146569	  0.458287	  0.214325	
  0.556878	  0.113562	  0.235650	  0.093911	
  0.020212	  0.000716	  0.000325	  0.978747	
  0.084476	  0.056062	  0.643206	  0.216256	
  0.854376	  0.000259	  0.030888	  0.114477	
  0.078044	  0.669994	  0.033357	  0.218605	
  0.230071	  0.132739	  0.463306	  0.173884	
  0.217065	  0.252194	  0.200376	  0.330365	

URL http://cisbp.ccbr.utoronto.ca/TFreport.php?versionNumber=2.00&searchTF=T061086_2.00

MOTIF M00796_2.00 (ENSPMAG00000002324)_(Mus_musculus)_(DBD_0.80)

letter-probability matrix: alength= 4 w= 10 nsites= 1 E= 0
  0.359371	  0.149061	  0.090410	  0.401158	
  0.421728	  0.136232	  0.263581	  0.178459	
  0.287711	  0.194796	  0.208921	  0.308572	
  0.387293	  0.104499	  0.432326	  0.075882	
  0.213252	  0.166081	  0.058118	  0.562548	
  0.555669	  0.284341	  0.048919	  0.111071	
  0.768444	  0.096967	  0.051130	  0.083460	
  0.771861	  0.058487	  0.089910	  0.079743	
  0.062825	  0.561351	  0.051953	  0.323871	
  0.748482	  0.072099	  0.068583	  0.110835	

URL http://cisbp.ccbr.utoronto.ca/TFreport.php?versionNumber=2.00&searchTF=T186808_2.00

MOTIF M00806_2.00 (ENSPMAG00000007809)_(Mus_musculus)_(DBD_0.71)

letter-probability matrix: alength= 4 w= 10 nsites= 1 E= 0
  0.292117	  0.216406	  0.229788	  0.261689	
  0.293434	  0.217381	  0.198671	  0.290514	
  0.254961	  0.223880	  0.244964	  0.276196	
  0.243717	  0.197553	  0.294715	  0.264015	
  0.385457	  0.191412	  0.164750	  0.258380	
  0.232024	  0.501117	  0.087956	  0.178902	
  0.780361	  0.005811	  0.152896	  0.060932	
  0.185573	  0.499420	  0.032572	  0.282435	
  0.261438	  0.266720	  0.165042	  0.306801	
  0.258108	  0.238264	  0.245520	  0.258108	

URL http://cisbp.ccbr.utoronto.ca/TFreport.php?versionNumber=2.00&searchTF=T260375_2.00

MOTIF M00817_2.00 (ENSPMAG00000010216)_(Mus_musculus)_(DBD_1.00)

letter-probability matrix: alength= 4 w= 8 nsites= 1 E= 0
  0.186667	  0.506667	  0.226667	  0.080000	
  0.796610	  0.008475	  0.135593	  0.059322	
  0.892086	  0.007194	  0.093525	  0.007194	
  0.021127	  0.007042	  0.915493	  0.056338	
  0.007042	  0.007042	  0.978873	  0.007042	
  0.140845	  0.007042	  0.105634	  0.746479	
  0.007246	  0.855072	  0.036232	  0.101449	
  0.752294	  0.009174	  0.220183	  0.018349	

URL http://cisbp.ccbr.utoronto.ca/TFreport.php?versionNumber=2.00&searchTF=T304504_2.00

MOTIF M00820_2.00 (ENSPMAG00000009286)_(Mus_musculus)_(DBD_1.00)

letter-probability matrix: alength= 4 w= 9 nsites= 1 E= 0
  0.170296	  0.143673	  0.283593	  0.402438	
  0.522054	  0.017423	  0.453852	  0.006671	
  0.001380	  0.000572	  0.964866	  0.033181	
  0.003697	  0.000059	  0.979842	  0.016402	
  0.025517	  0.045121	  0.049866	  0.879495	
  0.004749	  0.951419	  0.000105	  0.043727	
  0.896156	  0.008399	  0.093514	  0.001931	
  0.314254	  0.333687	  0.181309	  0.170750	
  0.211439	  0.352108	  0.243213	  0.193241	

URL http://cisbp.ccbr.utoronto.ca/TFreport.php?versionNumber=2.00&searchTF=T304499_2.00

MOTIF M00823_2.00 (ENSPMAG00000005066)_(Mus_musculus)_(DBD_0.85)

letter-probability matrix: alength= 4 w= 10 nsites= 1 E= 0
  0.059337	  0.000621	  0.928182	  0.011861	
  0.018760	  0.033505	  0.039319	  0.908416	
  0.149151	  0.185853	  0.022759	  0.642237	
  0.267523	  0.020475	  0.560711	  0.151291	
  0.048693	  0.717326	  0.051704	  0.182278	
  0.060788	  0.307168	  0.088890	  0.543155	
  0.623033	  0.036401	  0.279947	  0.060619	
  0.227931	  0.165512	  0.292669	  0.313889	
  0.107270	  0.169924	  0.611157	  0.111648	
  0.120378	  0.281643	  0.340577	  0.257402	

URL http://cisbp.ccbr.utoronto.ca/TFreport.php?versionNumber=2.00&searchTF=T318454_2.00

MOTIF M01010_2.00 (ENSPMAG00000004307)_(Mus_musculus)_(DBD_0.84)

letter-probability matrix: alength= 4 w= 10 nsites= 1 E= 0
  0.240020	  0.265263	  0.361667	  0.133050	
  0.654451	  0.148978	  0.085097	  0.111475	
  0.264298	  0.462699	  0.000655	  0.272347	
  0.263303	  0.001774	  0.667344	  0.067580	
  0.121265	  0.869556	  0.000611	  0.008568	
  0.226532	  0.255414	  0.282276	  0.235777	
  0.301736	  0.234992	  0.239740	  0.223532	
  0.275508	  0.246809	  0.210317	  0.267365	
  0.255566	  0.248013	  0.258134	  0.238288	
  0.255642	  0.248086	  0.243174	  0.253098	

URL http://cisbp.ccbr.utoronto.ca/TFreport.php?versionNumber=2.00&searchTF=T186811_2.00

MOTIF M01026_2.00 (ENSPMAG00000010343)_(Homo_sapiens)_(DBD_0.93)

letter-probability matrix: alength= 4 w= 8 nsites= 1 E= 0
  0.866667	  0.000000	  0.133333	  0.000000	
  1.000000	  0.000000	  0.000000	  0.000000	
  0.000000	  1.000000	  0.000000	  0.000000	
  1.000000	  0.000000	  0.000000	  0.000000	
  0.952381	  0.047619	  0.000000	  0.000000	
  0.714286	  0.000000	  0.000000	  0.285714	
  0.111111	  0.000000	  0.888889	  0.000000	
  0.250000	  0.083333	  0.583333	  0.083333	

URL http://cisbp.ccbr.utoronto.ca/TFreport.php?versionNumber=2.00&searchTF=T328921_2.00

MOTIF M01028_2.00 (ENSPMAG00000003985)_(Mus_musculus)_(DBD_0.87)

letter-probability matrix: alength= 4 w= 10 nsites= 1 E= 0
  0.263368	  0.113713	  0.214108	  0.408810	
  0.111421	  0.102865	  0.117661	  0.668054	
  0.296229	  0.380369	  0.210026	  0.113376	
  0.563231	  0.014314	  0.291289	  0.131166	
  0.045410	  0.804740	  0.004073	  0.145778	
  0.865742	  0.000575	  0.118210	  0.015473	
  0.183415	  0.580736	  0.106672	  0.129177	
  0.245743	  0.401258	  0.146969	  0.206030	
  0.115829	  0.173520	  0.049223	  0.661427	
  0.308443	  0.319416	  0.111173	  0.260968	

URL http://cisbp.ccbr.utoronto.ca/TFreport.php?versionNumber=2.00&searchTF=T340349_2.00

MOTIF M01227_2.00 (ENSPMAG00000007171)_(Homo_sapiens)_(DBD_0.81)

letter-probability matrix: alength= 4 w= 8 nsites= 1 E= 0
  0.009615	  0.009615	  0.971154	  0.009615	
  0.009615	  0.009615	  0.009615	  0.971154	
  0.971154	  0.009615	  0.009615	  0.009615	
  0.971154	  0.009615	  0.009615	  0.009615	
  0.971154	  0.009615	  0.009615	  0.009615	
  0.009615	  0.971154	  0.009615	  0.009615	
  0.971154	  0.009615	  0.009615	  0.009615	
  0.971154	  0.009615	  0.009615	  0.009615	

URL http://cisbp.ccbr.utoronto.ca/TFreport.php?versionNumber=2.00&searchTF=T186822_2.00

MOTIF M01246_2.00 (ENSPMAG00000004328)_(Homo_sapiens)_(DBD_0.57)

letter-probability matrix: alength= 4 w= 7 nsites= 1 E= 0
  0.190891	  0.196705	  0.033172	  0.579232	
  0.149035	  0.209386	  0.461360	  0.180220	
  0.441664	  0.177780	  0.149987	  0.230569	
  0.214784	  0.167274	  0.130273	  0.487668	
  0.241889	  0.210288	  0.140960	  0.406863	
  0.174500	  0.226314	  0.268251	  0.330935	
  0.182136	  0.318860	  0.189569	  0.309436	

URL http://cisbp.ccbr.utoronto.ca/TFreport.php?versionNumber=2.00&searchTF=T214596_2.00

MOTIF M01272_2.00 (ENSPMAG00000000497)_(Homo_sapiens)_(DBD_0.83)

letter-probability matrix: alength= 4 w= 11 nsites= 1 E= 0
  0.155792	  0.155792	  0.251645	  0.436772	
  0.097558	  0.279675	  0.525209	  0.097558	
  0.936201	  0.021266	  0.021266	  0.021266	
  0.999683	  0.000106	  0.000106	  0.000106	
  0.000106	  0.000106	  0.000106	  0.999683	
  0.000106	  0.999683	  0.000106	  0.000106	
  0.000106	  0.910333	  0.089455	  0.000106	
  0.910333	  0.000106	  0.000106	  0.089455	
  0.276084	  0.094314	  0.094314	  0.535288	
  0.152548	  0.274147	  0.152548	  0.420757	
  0.228839	  0.228839	  0.228839	  0.313482	

URL http://cisbp.ccbr.utoronto.ca/TFreport.php?versionNumber=2.00&searchTF=T269946_2.00

MOTIF M01485_2.00 (ENSPMAG00000005932)_(Mus_musculus)_(DBD_0.91)

letter-probability matrix: alength= 4 w= 9 nsites= 1 E= 0
  0.459522	  0.123988	  0.257286	  0.159204	
  0.115659	  0.639476	  0.181390	  0.063475	
  0.147216	  0.822129	  0.025839	  0.004816	
  0.000821	  0.001213	  0.995522	  0.002443	
  0.001119	  0.001200	  0.994484	  0.003197	
  0.964413	  0.005880	  0.009792	  0.019916	
  0.635432	  0.057645	  0.032600	  0.274323	
  0.279102	  0.122925	  0.545432	  0.052540	
  0.125096	  0.281205	  0.101401	  0.492298	

URL http://cisbp.ccbr.utoronto.ca/TFreport.php?versionNumber=2.00&searchTF=T176848_2.00

MOTIF M01487_2.00 (ENSPMAG00000002241)_(Mus_musculus)_(DBD_0.90)

letter-probability matrix: alength= 4 w= 10 nsites= 1 E= 0
  0.261603	  0.241490	  0.280572	  0.216335	
  0.446052	  0.120354	  0.267852	  0.165742	
  0.103040	  0.655313	  0.180388	  0.061259	
  0.133099	  0.838060	  0.023362	  0.005480	
  0.000937	  0.000046	  0.996869	  0.002148	
  0.001110	  0.001655	  0.996211	  0.001024	
  0.967826	  0.006720	  0.009254	  0.016201	
  0.666748	  0.047107	  0.028287	  0.257859	
  0.287380	  0.110036	  0.556021	  0.046563	
  0.109809	  0.281109	  0.091720	  0.517362	

URL http://cisbp.ccbr.utoronto.ca/TFreport.php?versionNumber=2.00&searchTF=T176845_2.00

MOTIF M01494_2.00 (ENSPMAG00000009848)_(Mus_musculus)_(DBD_0.94)

letter-probability matrix: alength= 4 w= 10 nsites= 1 E= 0
  0.372844	  0.157773	  0.219458	  0.249925	
  0.282039	  0.273704	  0.189057	  0.255200	
  0.177779	  0.464305	  0.257377	  0.100539	
  0.260304	  0.591019	  0.112376	  0.036301	
  0.048307	  0.002265	  0.941601	  0.007827	
  0.026432	  0.018441	  0.938772	  0.016356	
  0.877400	  0.019628	  0.024952	  0.078020	
  0.765799	  0.046568	  0.015043	  0.172590	
  0.281705	  0.157726	  0.488266	  0.072303	
  0.182791	  0.244287	  0.114245	  0.458676	

URL http://cisbp.ccbr.utoronto.ca/TFreport.php?versionNumber=2.00&searchTF=T176852_2.00

MOTIF M01495_2.00 (ENSPMAG00000006439)_(Mus_musculus)_(DBD_0.99)

letter-probability matrix: alength= 4 w= 10 nsites= 1 E= 0
  0.281573	  0.232850	  0.257339	  0.228239	
  0.414866	  0.149598	  0.249125	  0.186411	
  0.179962	  0.494103	  0.211187	  0.114749	
  0.259489	  0.638239	  0.085517	  0.016755	
  0.004798	  0.001474	  0.980684	  0.013043	
  0.008733	  0.003278	  0.979598	  0.008391	
  0.916015	  0.015333	  0.027386	  0.041266	
  0.617614	  0.075631	  0.032004	  0.274751	
  0.365042	  0.122733	  0.437035	  0.075190	
  0.145434	  0.289954	  0.127705	  0.436908	

URL http://cisbp.ccbr.utoronto.ca/TFreport.php?versionNumber=2.00&searchTF=T176850_2.00

MOTIF M01496_2.00 (ENSPMAG00000003248)_(Mus_musculus)_(DBD_0.85)

letter-probability matrix: alength= 4 w= 10 nsites= 1 E= 0
  0.317910	  0.196718	  0.242686	  0.242686	
  0.410724	  0.145172	  0.244184	  0.199921	
  0.176615	  0.381448	  0.240802	  0.201135	
  0.268249	  0.562233	  0.109062	  0.060456	
  0.055322	  0.002040	  0.909748	  0.032890	
  0.057867	  0.000001	  0.942131	  0.000001	
  0.950314	  0.000003	  0.014981	  0.034702	
  0.635026	  0.051607	  0.007342	  0.306025	
  0.406386	  0.099216	  0.427222	  0.067175	
  0.152880	  0.289934	  0.102479	  0.454707	

URL http://cisbp.ccbr.utoronto.ca/TFreport.php?versionNumber=2.00&searchTF=T176846_2.00

MOTIF M01661_2.00 (ENSPMAG00000002699)_(Mus_musculus)_(DBD_0.73)

letter-probability matrix: alength= 4 w= 8 nsites= 1 E= 0
  0.215558	  0.305892	  0.198985	  0.279564	
  0.497422	  0.067995	  0.230313	  0.204269	
  0.835696	  0.067240	  0.001646	  0.095418	
  0.059111	  0.062142	  0.016600	  0.862146	
  0.541038	  0.077749	  0.128187	  0.253025	
  0.188467	  0.310730	  0.085535	  0.415268	
  0.205969	  0.319810	  0.246590	  0.227631	
  0.296771	  0.189230	  0.302766	  0.211233	

URL http://cisbp.ccbr.utoronto.ca/TFreport.php?versionNumber=2.00&searchTF=T014727_2.00

MOTIF M01676_2.00 (ENSPMAG00000005519)_(Aspergillus_terreus)_(DBD_0.92)

letter-probability matrix: alength= 4 w= 10 nsites= 1 E= 0
  0.167580	  0.105791	  0.590791	  0.135838	
  0.566353	  0.167205	  0.116655	  0.149788	
  0.278495	  0.142508	  0.403187	  0.175809	
  0.198637	  0.137205	  0.396026	  0.268132	
  0.277415	  0.413854	  0.086100	  0.222631	
  0.361836	  0.296246	  0.141343	  0.200575	
  0.477449	  0.041201	  0.216688	  0.264663	
  0.560915	  0.015326	  0.076674	  0.347085	
  0.651345	  0.002158	  0.038824	  0.307673	
  0.712595	  0.029339	  0.003665	  0.254401	

URL http://cisbp.ccbr.utoronto.ca/TFreport.php?versionNumber=2.00&searchTF=T017430_2.00

MOTIF M01746_2.00 (ENSPMAG00000000379)_(Mus_musculus)_(DBD_0.96)

letter-probability matrix: alength= 4 w= 9 nsites= 1 E= 0
  0.745050	  0.002475	  0.250000	  0.002475	
  0.747512	  0.250000	  0.001244	  0.001244	
  0.001244	  0.996269	  0.001244	  0.001244	
  0.996269	  0.001244	  0.001244	  0.001244	
  0.001244	  0.001244	  0.374378	  0.623134	
  0.623134	  0.374378	  0.001244	  0.001244	
  0.001244	  0.001244	  0.001244	  0.996269	
  0.001244	  0.001244	  0.996269	  0.001244	
  0.002475	  0.002475	  0.497525	  0.497525	

URL http://cisbp.ccbr.utoronto.ca/TFreport.php?versionNumber=2.00&searchTF=T036787_2.00

MOTIF M01750_2.00 (ENSPMAG00000000958)_(Mus_musculus)_(DBD_1.00)

letter-probability matrix: alength= 4 w= 9 nsites= 1 E= 0
  0.241036	  0.335274	  0.300350	  0.123340	
  0.079879	  0.889370	  0.008763	  0.021988	
  0.848296	  0.076190	  0.045752	  0.029762	
  0.021618	  0.169617	  0.760169	  0.048596	
  0.258214	  0.173086	  0.546639	  0.022061	
  0.026426	  0.033594	  0.010744	  0.929235	
  0.027834	  0.014824	  0.903488	  0.053853	
  0.124622	  0.309601	  0.243541	  0.322236	
  0.223232	  0.241825	  0.278165	  0.256778	

URL http://cisbp.ccbr.utoronto.ca/TFreport.php?versionNumber=2.00&searchTF=T036789_2.00

MOTIF M01751_2.00 (ENSPMAG00000004171)_(Mus_musculus)_(DBD_0.91)

letter-probability matrix: alength= 4 w= 10 nsites= 1 E= 0
  0.268222	  0.145739	  0.330899	  0.255140	
  0.048139	  0.938317	  0.004113	  0.009432	
  0.836649	  0.051388	  0.057940	  0.054023	
  0.003103	  0.946167	  0.002671	  0.048059	
  0.023621	  0.009414	  0.965026	  0.001939	
  0.020690	  0.010172	  0.016113	  0.953025	
  0.000083	  0.000037	  0.997148	  0.002732	
  0.751513	  0.142892	  0.043908	  0.061688	
  0.071163	  0.558342	  0.124583	  0.245912	
  0.258571	  0.261169	  0.229332	  0.250929	

URL http://cisbp.ccbr.utoronto.ca/TFreport.php?versionNumber=2.00&searchTF=T036804_2.00

MOTIF M01815_2.00 (ENSPMAG00000004124)_(Mus_musculus)_(DBD_0.64)

letter-probability matrix: alength= 4 w= 8 nsites= 1 E= 0
  0.000222	  0.000222	  0.000222	  0.999334	
  0.112992	  0.000161	  0.193585	  0.693262	
  0.314249	  0.000143	  0.228584	  0.457025	
  0.000130	  0.597222	  0.039071	  0.363577	
  0.088689	  0.012778	  0.873102	  0.025430	
  0.050734	  0.809843	  0.000127	  0.139297	
  0.873102	  0.126645	  0.000127	  0.000127	
  0.959076	  0.013641	  0.013641	  0.013641	

URL http://cisbp.ccbr.utoronto.ca/TFreport.php?versionNumber=2.00&searchTF=T061093_2.00

MOTIF M01821_2.00 (ENSPMAG00000000425)_(Mus_musculus)_(DBD_0.95)

letter-probability matrix: alength= 4 w= 10 nsites= 1 E= 0
  0.183122	  0.183122	  0.270541	  0.363215	
  0.645397	  0.087274	  0.180054	  0.087274	
  0.000184	  0.000184	  0.000184	  0.999448	
  0.000184	  0.000184	  0.724689	  0.274944	
  0.999448	  0.000184	  0.000184	  0.000184	
  0.000184	  0.999448	  0.000184	  0.000184	
  0.000184	  0.000184	  0.999448	  0.000184	
  0.000184	  0.000184	  0.000184	  0.999448	
  0.547966	  0.317911	  0.067062	  0.067062	
  0.511272	  0.162909	  0.162909	  0.162909	

URL http://cisbp.ccbr.utoronto.ca/TFreport.php?versionNumber=2.00&searchTF=T061084_2.00

MOTIF M01823_2.00 (ENSPMAG00000005830)_(Mus_musculus)_(DBD_0.72)

letter-probability matrix: alength= 4 w= 10 nsites= 1 E= 0
  0.182621	  0.170275	  0.119991	  0.527113	
  0.084680	  0.102399	  0.440927	  0.371994	
  0.652787	  0.087466	  0.126628	  0.133120	
  0.060532	  0.694486	  0.075428	  0.169554	
  0.165189	  0.000028	  0.834717	  0.000066	
  0.000313	  0.140958	  0.005980	  0.852748	
  0.284883	  0.579449	  0.061073	  0.074595	
  0.944252	  0.000006	  0.055723	  0.000019	
  0.011459	  0.289668	  0.121357	  0.577516	
  0.247322	  0.311279	  0.181397	  0.260002	

URL http://cisbp.ccbr.utoronto.ca/TFreport.php?versionNumber=2.00&searchTF=T061098_2.00

MOTIF M01842_2.00 (ENSPMAG00000003736)_(Xenopus_tropicalis)_(DBD_0.84)

letter-probability matrix: alength= 4 w= 9 nsites= 1 E= 0
  0.449347	  0.217469	  0.202071	  0.131113	
  0.190651	  0.000109	  0.000109	  0.809132	
  0.000109	  0.190651	  0.809132	  0.000109	
  0.999674	  0.000109	  0.000109	  0.000109	
  0.000109	  0.999674	  0.000109	  0.000109	
  0.190651	  0.000109	  0.377050	  0.432191	
  0.000109	  0.825140	  0.000109	  0.174643	
  0.901880	  0.097902	  0.000109	  0.000109	
  0.216789	  0.330350	  0.118996	  0.333866	

URL http://cisbp.ccbr.utoronto.ca/TFreport.php?versionNumber=2.00&searchTF=T061091_2.00

MOTIF M01862_2.00 (ENSPMAG00000001574)_(Mus_musculus)_(DBD_0.90)

letter-probability matrix: alength= 4 w= 9 nsites= 1 E= 0
