MEME version 5.5.8 (Fri May 2 15:43:49 2025 -0700)

ALPHABET= ACGT

strands: + -

Background letter frequencies (from uniform background):
A 0.25000 C 0.25000 G 0.25000 T 0.25000 

MOTIF M00845_2.00 (Q9XHD4_PETHY)_(Arabidopsis_thaliana)_(DBD_0.95)

letter-probability matrix: alength= 4 w= 8 nsites= 1 E= 0
  0.000831	  0.000831	  0.250000	  0.748339	
  0.614264	  0.154141	  0.230828	  0.000767	
  0.000712	  0.784188	  0.214387	  0.000712	
  0.000712	  0.000712	  0.855413	  0.143162	
  0.690951	  0.000767	  0.307515	  0.000767	
  0.000767	  0.000767	  0.921012	  0.077454	
  0.000767	  0.000767	  0.997699	  0.000767	
  0.272645	  0.000906	  0.182065	  0.544384	

URL http://cisbp.ccbr.utoronto.ca/TFreport.php?versionNumber=2.00&searchTF=T006670_2.00

MOTIF M00882_2.00 (Q2TCH0_PETHY)_(Arabidopsis_thaliana)_(DBD_0.77)

letter-probability matrix: alength= 4 w= 10 nsites= 1 E= 0
  0.149434	  0.294964	  0.275023	  0.280579	
  0.225904	  0.270456	  0.273174	  0.230467	
  0.165608	  0.340230	  0.167272	  0.326890	
  0.762395	  0.089699	  0.062581	  0.085325	
  0.309605	  0.623467	  0.065059	  0.001869	
  0.050240	  0.801767	  0.142141	  0.005852	
  0.286254	  0.122349	  0.137948	  0.453448	
  0.754695	  0.053320	  0.132464	  0.059520	
  0.388169	  0.534558	  0.005649	  0.071625	
  0.118059	  0.503298	  0.107898	  0.270746	

URL http://cisbp.ccbr.utoronto.ca/TFreport.php?versionNumber=2.00&searchTF=T283695_2.00

MOTIF M02695_2.00 (AG_PETHY)_(Arabidopsis_thaliana)_(DBD_1.00)

letter-probability matrix: alength= 4 w= 18 nsites= 1 E= 0
  0.318182	  0.303030	  0.090909	  0.287879	
  0.136364	  0.045455	  0.045455	  0.772727	
  0.151515	  0.000000	  0.015152	  0.833333	
  0.439394	  0.121212	  0.121212	  0.318182	
  0.000000	  1.000000	  0.000000	  0.000000	
  0.000000	  0.984848	  0.000000	  0.015152	
  0.469697	  0.045455	  0.090909	  0.393939	
  0.712121	  0.030303	  0.000000	  0.257576	
  0.787879	  0.000000	  0.015152	  0.196970	
  0.378788	  0.000000	  0.015152	  0.606061	
  0.257576	  0.227273	  0.166667	  0.348485	
  0.287879	  0.121212	  0.303030	  0.287879	
  0.106061	  0.000000	  0.863636	  0.030303	
  0.030303	  0.000000	  0.818182	  0.151515	
  0.333333	  0.257576	  0.075758	  0.333333	
  0.681818	  0.060606	  0.075758	  0.181818	
  0.606061	  0.090909	  0.136364	  0.166667	
  0.227273	  0.151515	  0.242424	  0.378788	

URL http://cisbp.ccbr.utoronto.ca/TFreport.php?versionNumber=2.00&searchTF=T257104_2.00

MOTIF M02697_2.00 (FBP24_PETHY)_(Antirrhinum_majus)_(DBD_0.81)

letter-probability matrix: alength= 4 w= 14 nsites= 1 E= 0
  0.366667	  0.466667	  0.033333	  0.133333	
  0.000000	  0.733333	  0.000000	  0.266667	
  0.800000	  0.000000	  0.133333	  0.066667	
  0.533333	  0.066667	  0.033333	  0.366667	
  0.766667	  0.000000	  0.000000	  0.233333	
  0.566667	  0.000000	  0.000000	  0.433333	
  0.800000	  0.033333	  0.000000	  0.166667	
  0.266667	  0.000000	  0.033333	  0.700000	
  0.466667	  0.033333	  0.500000	  0.000000	
  0.033333	  0.033333	  0.933333	  0.000000	
  0.466667	  0.166667	  0.033333	  0.333333	
  0.833333	  0.166667	  0.000000	  0.000000	
  0.700000	  0.066667	  0.100000	  0.133333	
  0.233333	  0.166667	  0.266667	  0.333333	

URL http://cisbp.ccbr.utoronto.ca/TFreport.php?versionNumber=2.00&searchTF=T257108_2.00

MOTIF M02704_2.00 myb.Ph3

letter-probability matrix: alength= 4 w= 9 nsites= 1 E= 0
  0.271429	  0.042857	  0.028571	  0.657143	
  0.914286	  0.014286	  0.028571	  0.042857	
  0.900000	  0.000000	  0.028571	  0.071429	
  0.057143	  0.885714	  0.042857	  0.014286	
  0.142857	  0.385714	  0.228571	  0.242857	
  0.142857	  0.028571	  0.757143	  0.071429	
  0.185714	  0.114286	  0.000000	  0.700000	
  0.042857	  0.242857	  0.014286	  0.700000	
  0.400000	  0.014286	  0.000000	  0.585714	

URL http://cisbp.ccbr.utoronto.ca/TFreport.php?versionNumber=2.00&searchTF=T283694_2.00

MOTIF M06995_2.00 (Q9ATE7_PETHY)_(Arabidopsis_thaliana)_(DBD_0.85)

letter-probability matrix: alength= 4 w= 7 nsites= 1 E= 0
  0.273973	  0.109589	  0.500000	  0.116438	
  1.000000	  0.000000	  0.000000	  0.000000	
  0.000000	  0.000000	  0.000000	  1.000000	
  0.000000	  0.000000	  1.000000	  0.000000	
  0.917808	  0.000000	  0.082192	  0.000000	
  0.000000	  0.000000	  0.000000	  1.000000	
  0.000000	  0.000000	  1.000000	  0.000000	

URL http://cisbp.ccbr.utoronto.ca/TFreport.php?versionNumber=2.00&searchTF=T257121_2.00

MOTIF M08143_2.00 (AGL9_PETHY)_(Arabidopsis_thaliana)_(DBD_1.00)

letter-probability matrix: alength= 4 w= 11 nsites= 1 E= 0
  0.193333	  0.760000	  0.046667	  0.000000	
  0.020000	  0.920000	  0.000000	  0.060000	
  0.760000	  0.146667	  0.020000	  0.073333	
  0.780000	  0.160000	  0.000000	  0.060000	
  1.000000	  0.000000	  0.000000	  0.000000	
  0.840000	  0.033333	  0.000000	  0.126667	
  0.700000	  0.033333	  0.186667	  0.080000	
  0.486667	  0.000000	  0.000000	  0.513333	
  0.340000	  0.006667	  0.646667	  0.006667	
  0.100000	  0.033333	  0.740000	  0.126667	
  0.400000	  0.193333	  0.246667	  0.160000	

URL http://cisbp.ccbr.utoronto.ca/TFreport.php?versionNumber=2.00&searchTF=T257103_2.00

MOTIF M08144_2.00 (Q9SBQ1_PETHY)_(Arabidopsis_thaliana)_(DBD_0.92)

letter-probability matrix: alength= 4 w= 13 nsites= 1 E= 0
  0.452528	  0.492602	  0.019729	  0.035142	
  0.051788	  0.580148	  0.024044	  0.344020	
  0.815660	  0.028360	  0.021578	  0.134402	
  0.699137	  0.011714	  0.093711	  0.195438	
  0.956227	  0.006165	  0.009248	  0.028360	
  0.787300	  0.009248	  0.014797	  0.188656	
  0.734279	  0.014180	  0.155364	  0.096178	
  0.420469	  0.012947	  0.158446	  0.408138	
  0.402589	  0.007398	  0.573366	  0.016646	
  0.081998	  0.036991	  0.834772	  0.046239	
  0.706535	  0.094328	  0.104809	  0.094328	
  0.788533	  0.075216	  0.103576	  0.032676	
  0.774969	  0.013564	  0.099877	  0.111591	

URL http://cisbp.ccbr.utoronto.ca/TFreport.php?versionNumber=2.00&searchTF=T257128_2.00

MOTIF M08146_2.00 (FBP1_PETHY)_(Arabidopsis_thaliana)_(DBD_0.73)

letter-probability matrix: alength= 4 w= 15 nsites= 1 E= 0
  0.316151	  0.123711	  0.068729	  0.491409	
  0.288660	  0.113402	  0.134021	  0.463918	
  0.164948	  0.828179	  0.000000	  0.006873	
  0.000000	  0.797251	  0.003436	  0.199313	
  0.635739	  0.209622	  0.037801	  0.116838	
  0.745704	  0.075601	  0.037801	  0.140893	
  0.972509	  0.000000	  0.000000	  0.027491	
  0.824742	  0.003436	  0.000000	  0.171821	
  0.536082	  0.034364	  0.357388	  0.072165	
  0.326460	  0.000000	  0.103093	  0.570447	
  0.336770	  0.006873	  0.656357	  0.000000	
  0.024055	  0.000000	  0.975945	  0.000000	
  0.628866	  0.192440	  0.017182	  0.161512	
  0.793814	  0.061856	  0.030928	  0.113402	
  0.835052	  0.030928	  0.065292	  0.068729	

URL http://cisbp.ccbr.utoronto.ca/TFreport.php?versionNumber=2.00&searchTF=T257107_2.00

MOTIF M08148_2.00 (MADS2_PETHY)_(Arabidopsis_thaliana)_(DBD_0.75)

letter-probability matrix: alength= 4 w= 14 nsites= 1 E= 0
  0.279570	  0.600358	  0.086022	  0.034050	
  0.102151	  0.706093	  0.078853	  0.112903	
  0.639785	  0.141577	  0.120072	  0.098566	
  0.802867	  0.021505	  0.148746	  0.026882	
  0.987455	  0.001792	  0.007168	  0.003584	
  0.892473	  0.000000	  0.021505	  0.086022	
  0.539427	  0.014337	  0.437276	  0.008961	
  0.559140	  0.025090	  0.123656	  0.292115	
  0.413978	  0.000000	  0.586022	  0.000000	
  0.012545	  0.010753	  0.976703	  0.000000	
  0.799283	  0.096774	  0.012545	  0.091398	
  0.887097	  0.012545	  0.043011	  0.057348	
  0.817204	  0.046595	  0.107527	  0.028674	
  0.458781	  0.103943	  0.356631	  0.080645	

URL http://cisbp.ccbr.utoronto.ca/TFreport.php?versionNumber=2.00&searchTF=T257109_2.00

MOTIF M08425_2.00 (Q9ATE3_PETHY)_(Arabidopsis_thaliana)_(DBD_0.96)

letter-probability matrix: alength= 4 w= 15 nsites= 1 E= 0
  0.206081	  0.748874	  0.025901	  0.019144	
  0.015766	  0.769144	  0.011261	  0.203829	
  0.721847	  0.096847	  0.079955	  0.101351	
  0.862613	  0.000000	  0.027027	  0.110360	
  0.966216	  0.000000	  0.009009	  0.024775	
  0.846847	  0.000000	  0.006757	  0.146396	
  0.757883	  0.000000	  0.087838	  0.154279	
  0.378378	  0.063063	  0.041667	  0.516892	
  0.295045	  0.010135	  0.694820	  0.000000	
  0.000000	  0.014640	  0.962838	  0.022523	
  0.715090	  0.100225	  0.052928	  0.131757	
  0.872748	  0.057432	  0.000000	  0.069820	
  0.858108	  0.038288	  0.030405	  0.073198	
  0.381757	  0.127252	  0.297297	  0.193694	
  0.425676	  0.111486	  0.138514	  0.324324	

URL http://cisbp.ccbr.utoronto.ca/TFreport.php?versionNumber=2.00&searchTF=T257119_2.00

