MEME version 5.5.8 (Fri May 2 15:43:49 2025 -0700)

ALPHABET= ACGT

strands: + -

Background letter frequencies (from uniform background):
A 0.25000 C 0.25000 G 0.25000 T 0.25000 

MOTIF M00060_2.00 (Phatr3_J49594)_(Saccharomyces_cerevisiae)_(DBD_0.35)

letter-probability matrix: alength= 4 w= 9 nsites= 1 E= 0
  0.320154	  0.181055	  0.206191	  0.292599	
  0.231700	  0.238756	  0.197442	  0.332102	
  0.223589	  0.242212	  0.287095	  0.247105	
  0.161512	  0.025143	  0.029212	  0.784133	
  0.138264	  0.051376	  0.075881	  0.734480	
  0.092315	  0.709959	  0.122145	  0.075581	
  0.148989	  0.381409	  0.144586	  0.325016	
  0.473500	  0.149928	  0.202381	  0.174191	
  0.182247	  0.285820	  0.153755	  0.378177	

URL http://cisbp.ccbr.utoronto.ca/TFreport.php?versionNumber=2.00&searchTF=T241734_2.00

MOTIF M01319_2.00 (Phatr3_J37072)_(Arabidopsis_thaliana)_(DBD_0.49)

letter-probability matrix: alength= 4 w= 8 nsites= 1 E= 0
  0.158993	  0.167145	  0.151239	  0.522623	
  0.178907	  0.147949	  0.124819	  0.548325	
  0.096781	  0.412588	  0.090238	  0.400394	
  0.640051	  0.041744	  0.317840	  0.000365	
  0.843350	  0.025981	  0.034377	  0.096292	
  0.746360	  0.041067	  0.080255	  0.132318	
  0.306449	  0.236288	  0.043600	  0.413663	
  0.253512	  0.201424	  0.199420	  0.345645	

URL http://cisbp.ccbr.utoronto.ca/TFreport.php?versionNumber=2.00&searchTF=T345710_2.00

MOTIF M01960_2.00 (Phatr3_EG02017)_(Anolis_carolinensis)_(DBD_0.60)

letter-probability matrix: alength= 4 w= 10 nsites= 1 E= 0
  0.307475	  0.184036	  0.092326	  0.416163	
  0.313491	  0.136178	  0.301445	  0.248886	
  0.144688	  0.420844	  0.312444	  0.122024	
  0.000373	  0.150500	  0.849086	  0.000042	
  0.000094	  0.999849	  0.000021	  0.000036	
  0.000036	  0.000021	  0.999849	  0.000094	
  0.000042	  0.849086	  0.150500	  0.000373	
  0.122024	  0.312444	  0.420844	  0.144688	
  0.248886	  0.301445	  0.136178	  0.313491	
  0.416163	  0.092326	  0.184036	  0.307475	

URL http://cisbp.ccbr.utoronto.ca/TFreport.php?versionNumber=2.00&searchTF=T173403_2.00

MOTIF M02334_2.00 (Phatr3_EG01922)_(Thalassiosira_pseudonana)_(DBD_0.98)

letter-probability matrix: alength= 4 w= 9 nsites= 1 E= 0
  0.277740	  0.191844	  0.374910	  0.155506	
  0.209479	  0.152113	  0.271679	  0.366729	
  0.963850	  0.003710	  0.016625	  0.015815	
  0.063068	  0.150538	  0.144635	  0.641759	
  0.106127	  0.674951	  0.082652	  0.136270	
  0.175904	  0.357787	  0.119097	  0.347213	
  0.310046	  0.118714	  0.231996	  0.339244	
  0.294050	  0.213524	  0.229006	  0.263420	
  0.281718	  0.240064	  0.249861	  0.228356	

URL http://cisbp.ccbr.utoronto.ca/TFreport.php?versionNumber=2.00&searchTF=T277806_2.00

MOTIF M02490_2.00 (Phatr3_J11888)_(Neurospora_crassa)_(DBD_0.36)

letter-probability matrix: alength= 4 w= 10 nsites= 1 E= 0
  0.329130	  0.229626	  0.220622	  0.220622	
  0.346994	  0.223477	  0.251969	  0.177560	
  0.448098	  0.134965	  0.110500	  0.306437	
  0.335755	  0.153912	  0.139266	  0.371067	
  0.248453	  0.220358	  0.178619	  0.352571	
  0.233539	  0.293933	  0.209213	  0.263315	
  0.195880	  0.356917	  0.275201	  0.172001	
  0.140053	  0.396240	  0.262965	  0.200742	
  0.596865	  0.017317	  0.262878	  0.122939	
  0.143083	  0.219956	  0.147441	  0.489520	

URL http://cisbp.ccbr.utoronto.ca/TFreport.php?versionNumber=2.00&searchTF=T331904_2.00

MOTIF M02527_2.00 (Phatr3_J32462)_(Gallus_gallus)_(DBD_0.34)

letter-probability matrix: alength= 4 w= 9 nsites= 1 E= 0
  0.349676	  0.158972	  0.248680	  0.242672	
  0.685347	  0.000206	  0.210663	  0.103784	
  0.000206	  0.000206	  0.000206	  0.999383	
  0.000206	  0.000206	  0.000206	  0.999383	
  0.000206	  0.561674	  0.000206	  0.437915	
  0.787598	  0.000206	  0.211990	  0.000206	
  0.999383	  0.000206	  0.000206	  0.000206	
  0.999383	  0.000206	  0.000206	  0.000206	
  0.285406	  0.211983	  0.091233	  0.411378	

URL http://cisbp.ccbr.utoronto.ca/TFreport.php?versionNumber=2.00&searchTF=T345709_2.00

MOTIF M02535_2.00 (Phatr3_Jdraft1374)_(Ostreococcus_tauri)_(DBD_0.30)

letter-probability matrix: alength= 4 w= 10 nsites= 1 E= 0
  0.542652	  0.117995	  0.113519	  0.225834	
  0.279593	  0.143987	  0.195206	  0.381215	
  0.096535	  0.175727	  0.119694	  0.608045	
  0.202572	  0.123770	  0.085906	  0.587752	
  0.084457	  0.280504	  0.202746	  0.432293	
  0.432293	  0.202746	  0.280504	  0.084457	
  0.587752	  0.085906	  0.123770	  0.202572	
  0.608045	  0.119694	  0.175727	  0.096535	
  0.381215	  0.195206	  0.143987	  0.279593	
  0.225834	  0.113519	  0.117995	  0.542652	

URL http://cisbp.ccbr.utoronto.ca/TFreport.php?versionNumber=2.00&searchTF=T345713_2.00

MOTIF M02698_2.00 (Phatr3_J13192)_(Arabidopsis_thaliana)_(DBD_0.77)

letter-probability matrix: alength= 4 w= 11 nsites= 1 E= 0
  0.140000	  0.450000	  0.230000	  0.180000	
  0.160000	  0.270000	  0.550000	  0.020000	
  0.000000	  0.919192	  0.040404	  0.040404	
  0.000000	  0.050000	  0.930000	  0.020000	
  0.040404	  0.939394	  0.000000	  0.020202	
  0.040404	  0.020202	  0.020202	  0.919192	
  0.080808	  0.000000	  0.858586	  0.060606	
  0.960000	  0.000000	  0.020000	  0.020000	
  0.040000	  0.040000	  0.920000	  0.000000	
  0.020000	  0.550000	  0.260000	  0.170000	
  0.151515	  0.323232	  0.242424	  0.282828	

URL http://cisbp.ccbr.utoronto.ca/TFreport.php?versionNumber=2.00&searchTF=T277809_2.00

MOTIF M02960_2.00 (DEL)_(Homo_sapiens)_(DBD_0.46)

letter-probability matrix: alength= 4 w= 14 nsites= 1 E= 0
  0.323009	  0.002212	  0.002212	  0.672566	
  0.047566	  0.000000	  0.002212	  0.950221	
  0.006383	  0.003191	  0.001064	  0.989362	
  0.005453	  0.000000	  0.000000	  0.994547	
  0.001005	  0.017085	  0.981910	  0.000000	
  0.000000	  0.000000	  1.000000	  0.000000	
  0.000000	  0.996994	  0.001002	  0.002004	
  0.000000	  0.000000	  1.000000	  0.000000	
  0.000000	  0.010299	  0.989701	  0.000000	
  0.000000	  0.002079	  0.997921	  0.000000	
  0.998956	  0.000000	  0.001044	  0.000000	
  0.996894	  0.000000	  0.003106	  0.000000	
  0.933962	  0.018868	  0.007338	  0.039832	
  0.547958	  0.172840	  0.068376	  0.210826	

URL http://cisbp.ccbr.utoronto.ca/TFreport.php?versionNumber=2.00&searchTF=T173406_2.00

MOTIF M06941_2.00 (Phatr3_J45560)_(Arabidopsis_thaliana)_(DBD_0.35)

letter-probability matrix: alength= 4 w= 13 nsites= 1 E= 0
  0.618729	  0.095318	  0.239130	  0.046823	
  0.000000	  0.000000	  1.000000	  0.000000	
  0.984950	  0.000000	  0.001672	  0.013378	
  0.943144	  0.003344	  0.000000	  0.053512	
  0.088629	  0.224080	  0.556856	  0.130435	
  0.290970	  0.361204	  0.167224	  0.180602	
  0.098662	  0.046823	  0.010033	  0.844482	
  0.013378	  0.000000	  0.001672	  0.984950	
  0.000000	  0.998328	  0.001672	  0.000000	
  0.008361	  0.105351	  0.045151	  0.841137	
  0.814381	  0.026756	  0.158863	  0.000000	
  0.000000	  0.000000	  1.000000	  0.000000	
  0.981606	  0.003344	  0.000000	  0.015050	

URL http://cisbp.ccbr.utoronto.ca/TFreport.php?versionNumber=2.00&searchTF=T241717_2.00

MOTIF M07300_2.00 (Phatr3_J48955)_(Arabidopsis_thaliana)_(DBD_0.65)

letter-probability matrix: alength= 4 w= 15 nsites= 1 E= 0
  0.429048	  0.081803	  0.101836	  0.387312	
  0.225376	  0.038397	  0.046745	  0.689482	
  0.100167	  0.068447	  0.001669	  0.829717	
  0.090150	  0.288815	  0.068447	  0.552588	
  0.487479	  0.220367	  0.178631	  0.113523	
  0.933221	  0.010017	  0.043406	  0.013356	
  0.924876	  0.023372	  0.001669	  0.050083	
  0.858097	  0.000000	  0.023372	  0.118531	
  0.016694	  0.001669	  0.011686	  0.969951	
  0.000000	  0.000000	  0.000000	  1.000000	
  0.000000	  0.530885	  0.000000	  0.469115	
  0.726211	  0.001669	  0.272120	  0.000000	
  1.000000	  0.000000	  0.000000	  0.000000	
  1.000000	  0.000000	  0.000000	  0.000000	
  0.297162	  0.155259	  0.016694	  0.530885	

URL http://cisbp.ccbr.utoronto.ca/TFreport.php?versionNumber=2.00&searchTF=T345712_2.00

MOTIF M08108_2.00 (DP1)_(Homo_sapiens)_(DBD_0.69)

letter-probability matrix: alength= 4 w= 11 nsites= 1 E= 0
  0.204783	  0.244644	  0.387145	  0.163428	
  0.131041	  0.340807	  0.468361	  0.059791	
  0.023916	  0.035376	  0.927753	  0.012955	
  0.013951	  0.939711	  0.010962	  0.035376	
  0.006976	  0.026906	  0.962631	  0.003488	
  0.017937	  0.039860	  0.929248	  0.012955	
  0.013453	  0.015944	  0.956153	  0.014449	
  0.924265	  0.011958	  0.048829	  0.014948	
  0.819631	  0.084704	  0.068261	  0.027404	
  0.231689	  0.322372	  0.322870	  0.123069	
  0.189836	  0.300947	  0.322870	  0.186348	

URL http://cisbp.ccbr.utoronto.ca/TFreport.php?versionNumber=2.00&searchTF=T173404_2.00

MOTIF M08110_2.00 (E2F1)_(Caenorhabditis_elegans)_(DBD_0.58)

letter-probability matrix: alength= 4 w= 15 nsites= 1 E= 0
  0.300091	  0.334542	  0.087942	  0.277425	
  0.266999	  0.177244	  0.367634	  0.188123	
  0.262919	  0.362194	  0.075249	  0.299637	
  0.159565	  0.142339	  0.396646	  0.301451	
  0.041704	  0.521306	  0.404805	  0.032185	
  0.027652	  0.009973	  0.962375	  0.000000	
  0.004986	  0.993654	  0.001360	  0.000000	
  0.000000	  0.000000	  1.000000	  0.000000	
  0.000000	  0.561650	  0.438350	  0.000000	
  0.060290	  0.284678	  0.655032	  0.000000	
  0.950136	  0.024932	  0.008160	  0.016772	
  0.911605	  0.011786	  0.070716	  0.005893	
  0.645512	  0.062103	  0.080236	  0.212149	
  0.315503	  0.097008	  0.077516	  0.509973	
  0.144606	  0.176337	  0.159565	  0.519492	

URL http://cisbp.ccbr.utoronto.ca/TFreport.php?versionNumber=2.00&searchTF=T173405_2.00

MOTIF M08452_2.00 (Phatr3_J39335)_(Saccharomyces_cerevisiae)_(DBD_0.71)

letter-probability matrix: alength= 4 w= 5 nsites= 1 E= 0
  0.000000	  0.000000	  0.000000	  1.000000	
  0.000000	  0.000000	  0.010160	  0.989840	
  0.005578	  0.000000	  0.994422	  0.000000	
  0.000000	  0.000000	  0.998223	  0.001777	
  0.158006	  0.378979	  0.030665	  0.432350	

URL http://cisbp.ccbr.utoronto.ca/TFreport.php?versionNumber=2.00&searchTF=T160314_2.00

