MEME version 5.5.8 (Fri May 2 15:43:49 2025 -0700)

ALPHABET= ACGT

strands: + -

Background letter frequencies (from uniform background):
A 0.25000 C 0.25000 G 0.25000 T 0.25000 

MOTIF M00192_2.00 (PPAI005080)_(Mus_musculus)_(DBD_0.80)

letter-probability matrix: alength= 4 w= 10 nsites= 1 E= 0
  0.288710	  0.216031	  0.234024	  0.261235	
  0.267885	  0.210726	  0.228276	  0.293113	
  0.254675	  0.244689	  0.210606	  0.290031	
  0.178353	  0.381367	  0.197110	  0.243170	
  0.142077	  0.390086	  0.214084	  0.253754	
  0.577609	  0.339984	  0.075861	  0.006546	
  0.069047	  0.067007	  0.858163	  0.005782	
  0.628592	  0.263350	  0.048110	  0.059948	
  0.080759	  0.917332	  0.000028	  0.001880	
  0.388991	  0.137491	  0.312172	  0.161347	

URL http://cisbp.ccbr.utoronto.ca/TFreport.php?versionNumber=2.00&searchTF=T325550_2.00

MOTIF M00278_2.00 (PPAI004555)_(Homo_sapiens)_(DBD_0.49)

letter-probability matrix: alength= 4 w= 7 nsites= 1 E= 0
  0.251602	  0.272558	  0.269846	  0.205995	
  0.233750	  0.285503	  0.285503	  0.195244	
  0.206107	  0.304415	  0.259406	  0.230072	
  0.195897	  0.229888	  0.163627	  0.410588	
  0.440753	  0.198043	  0.167082	  0.194122	
  0.621313	  0.068843	  0.255146	  0.054698	
  0.040319	  0.269567	  0.013692	  0.676422	

URL http://cisbp.ccbr.utoronto.ca/TFreport.php?versionNumber=2.00&searchTF=T232644_2.00

MOTIF M00399_2.00 (PPAI009627)_(Mus_musculus)_(DBD_0.87)

letter-probability matrix: alength= 4 w= 8 nsites= 1 E= 0
  0.145807	  0.166050	  0.102749	  0.585395	
  0.047416	  0.026548	  0.887984	  0.038052	
  0.795904	  0.000436	  0.143952	  0.059709	
  0.041428	  0.910466	  0.001396	  0.046710	
  0.672067	  0.019113	  0.247239	  0.061581	
  0.160336	  0.171961	  0.418748	  0.248954	
  0.200186	  0.289816	  0.301643	  0.208355	
  0.204146	  0.262129	  0.190345	  0.343380	

URL http://cisbp.ccbr.utoronto.ca/TFreport.php?versionNumber=2.00&searchTF=T232675_2.00

MOTIF M00438_2.00 (PPAI006129)_(Mus_musculus)_(DBD_0.93)

letter-probability matrix: alength= 4 w= 9 nsites= 1 E= 0
  0.211292	  0.263287	  0.243044	  0.282377	
  0.249961	  0.185175	  0.148607	  0.416257	
  0.165668	  0.301867	  0.221404	  0.311061	
  0.494881	  0.045346	  0.355781	  0.103992	
  0.869196	  0.000051	  0.015449	  0.115304	
  0.101810	  0.062998	  0.673917	  0.161274	
  0.247088	  0.045139	  0.174120	  0.533653	
  0.334033	  0.038522	  0.503326	  0.124119	
  0.129395	  0.311957	  0.305780	  0.252868	

URL http://cisbp.ccbr.utoronto.ca/TFreport.php?versionNumber=2.00&searchTF=T232652_2.00

MOTIF M00446_2.00 (PPAI004554)_(Mus_musculus)_(DBD_0.58)

letter-probability matrix: alength= 4 w= 8 nsites= 1 E= 0
  0.207406	  0.312522	  0.197290	  0.282782	
  0.212544	  0.078190	  0.070750	  0.638516	
  0.637557	  0.086284	  0.186353	  0.089805	
  0.761956	  0.050194	  0.052767	  0.135083	
  0.078717	  0.160109	  0.131087	  0.630087	
  0.157976	  0.172853	  0.344620	  0.324551	
  0.338739	  0.140503	  0.342143	  0.178615	
  0.200480	  0.314415	  0.267927	  0.217177	

URL http://cisbp.ccbr.utoronto.ca/TFreport.php?versionNumber=2.00&searchTF=T232643_2.00

MOTIF M00458_2.00 (PPAI006546)_(Mus_musculus)_(DBD_0.98)

letter-probability matrix: alength= 4 w= 7 nsites= 1 E= 0
  0.207112	  0.268610	  0.252968	  0.271310	
  0.229210	  0.070431	  0.130927	  0.569432	
  0.521448	  0.073450	  0.236656	  0.168445	
  0.627941	  0.108034	  0.128053	  0.135972	
  0.172464	  0.088251	  0.270478	  0.468806	
  0.209059	  0.140136	  0.302661	  0.348144	
  0.255000	  0.139947	  0.428917	  0.176137	

URL http://cisbp.ccbr.utoronto.ca/TFreport.php?versionNumber=2.00&searchTF=T232653_2.00

MOTIF M00476_2.00 (PPAI002439)_(Mus_musculus)_(DBD_1.00)

letter-probability matrix: alength= 4 w= 9 nsites= 1 E= 0
  0.219817	  0.202917	  0.222026	  0.355240	
  0.214850	  0.129017	  0.132946	  0.523188	
  0.513373	  0.061621	  0.131763	  0.293243	
  0.787783	  0.015788	  0.077418	  0.119012	
  0.061583	  0.194490	  0.104625	  0.639303	
  0.168088	  0.140399	  0.363030	  0.328483	
  0.320844	  0.119218	  0.380298	  0.179640	
  0.183628	  0.344782	  0.238153	  0.233437	
  0.224687	  0.297291	  0.224687	  0.253334	

URL http://cisbp.ccbr.utoronto.ca/TFreport.php?versionNumber=2.00&searchTF=T232633_2.00

MOTIF M00554_2.00 (PPAI009128)_(Drosophila_melanogaster)_(DBD_0.98)

letter-probability matrix: alength= 4 w= 10 nsites= 1 E= 0
  0.251496	  0.177226	  0.199822	  0.371455	
  0.148997	  0.073254	  0.136173	  0.641576	
  0.122081	  0.052704	  0.056525	  0.768690	
  0.381649	  0.037883	  0.070422	  0.510046	
  0.882245	  0.000299	  0.060489	  0.056967	
  0.048121	  0.268735	  0.096905	  0.586239	
  0.165526	  0.087281	  0.407129	  0.340063	
  0.403411	  0.084771	  0.354234	  0.157584	
  0.125944	  0.405791	  0.231791	  0.236474	
  0.189990	  0.335953	  0.201738	  0.272318	

URL http://cisbp.ccbr.utoronto.ca/TFreport.php?versionNumber=2.00&searchTF=T232672_2.00

MOTIF M00555_2.00 (PPAI005193)_(Drosophila_melanogaster)_(DBD_1.00)

letter-probability matrix: alength= 4 w= 8 nsites= 1 E= 0
  0.102338	  0.069985	  0.032730	  0.794948	
  0.792313	  0.045831	  0.074066	  0.087791	
  0.951444	  0.000214	  0.021285	  0.027058	
  0.034616	  0.020995	  0.051640	  0.892749	
  0.077589	  0.068130	  0.095720	  0.758561	
  0.350452	  0.037684	  0.507361	  0.104504	
  0.214873	  0.273157	  0.327028	  0.184943	
  0.211851	  0.274755	  0.209743	  0.303652	

URL http://cisbp.ccbr.utoronto.ca/TFreport.php?versionNumber=2.00&searchTF=T232648_2.00

MOTIF M00557_2.00 (PPAI004617)_(Drosophila_melanogaster)_(DBD_1.00)

letter-probability matrix: alength= 4 w= 9 nsites= 1 E= 0
  0.243483	  0.258539	  0.306448	  0.191530	
  0.206850	  0.317982	  0.181634	  0.293534	
  0.110856	  0.033389	  0.011684	  0.844070	
  0.894610	  0.051233	  0.053860	  0.000297	
  0.947543	  0.000984	  0.023427	  0.028047	
  0.139344	  0.033346	  0.087090	  0.740219	
  0.192569	  0.124022	  0.232864	  0.450544	
  0.357775	  0.064709	  0.468673	  0.108843	
  0.187431	  0.305947	  0.291025	  0.215597	

URL http://cisbp.ccbr.utoronto.ca/TFreport.php?versionNumber=2.00&searchTF=T232646_2.00

MOTIF M00558_2.00 (PPAI006981)_(Drosophila_melanogaster)_(DBD_1.00)

letter-probability matrix: alength= 4 w= 9 nsites= 1 E= 0
  0.217791	  0.178312	  0.203067	  0.400830	
  0.182540	  0.115234	  0.102204	  0.600023	
  0.599068	  0.030126	  0.087827	  0.282979	
  0.818970	  0.020864	  0.080483	  0.079682	
  0.075605	  0.178667	  0.083557	  0.662171	
  0.132125	  0.112590	  0.370091	  0.385195	
  0.393154	  0.095986	  0.355740	  0.155120	
  0.161580	  0.381840	  0.236276	  0.220303	
  0.218514	  0.319529	  0.197719	  0.264238	

URL http://cisbp.ccbr.utoronto.ca/TFreport.php?versionNumber=2.00&searchTF=T232658_2.00

MOTIF M00560_2.00 (PPAI010327)_(Drosophila_melanogaster)_(DBD_0.98)

letter-probability matrix: alength= 4 w= 10 nsites= 1 E= 0
  0.198275	  0.249549	  0.172372	  0.379804	
  0.180440	  0.112776	  0.153761	  0.553023	
  0.712109	  0.040376	  0.163732	  0.083783	
  0.905830	  0.000221	  0.015782	  0.078167	
  0.063059	  0.018248	  0.723482	  0.195210	
  0.139726	  0.022639	  0.131589	  0.706046	
  0.351172	  0.028255	  0.567520	  0.053052	
  0.107001	  0.318251	  0.341327	  0.233420	
  0.193858	  0.292109	  0.210004	  0.304030	
  0.203231	  0.271604	  0.203231	  0.321933	

URL http://cisbp.ccbr.utoronto.ca/TFreport.php?versionNumber=2.00&searchTF=T232682_2.00

MOTIF M00708_2.00 (PPAI010076)_(Caenorhabditis_elegans)_(DBD_0.84)

letter-probability matrix: alength= 4 w= 10 nsites= 1 E= 0
  0.168663	  0.275311	  0.239344	  0.316683	
  0.176492	  0.296864	  0.205054	  0.321589	
  0.099868	  0.334905	  0.233655	  0.331572	
  0.572889	  0.124051	  0.200475	  0.102585	
  0.711682	  0.128719	  0.063284	  0.096316	
  0.139239	  0.068456	  0.676002	  0.116303	
  0.601869	  0.036600	  0.275901	  0.085630	
  0.375126	  0.319661	  0.021699	  0.283514	
  0.395081	  0.114330	  0.326716	  0.163873	
  0.242351	  0.212807	  0.230531	  0.314312	

URL http://cisbp.ccbr.utoronto.ca/TFreport.php?versionNumber=2.00&searchTF=T316701_2.00

MOTIF M01012_2.00 (PPAI007934)_(Drosophila_melanogaster)_(DBD_0.84)

letter-probability matrix: alength= 4 w= 10 nsites= 1 E= 0
  0.286397	  0.223046	  0.246504	  0.244052	
  0.304560	  0.204153	  0.244415	  0.246872	
  0.289449	  0.220959	  0.261904	  0.227688	
  0.238916	  0.251165	  0.229548	  0.280371	
  0.191173	  0.159681	  0.535489	  0.113656	
  0.970300	  0.001459	  0.001729	  0.026512	
  0.150692	  0.695922	  0.001180	  0.152206	
  0.042000	  0.000476	  0.932304	  0.025221	
  0.023255	  0.969232	  0.000648	  0.006865	
  0.186996	  0.257517	  0.287461	  0.268027	

URL http://cisbp.ccbr.utoronto.ca/TFreport.php?versionNumber=2.00&searchTF=T190210_2.00

MOTIF M01495_2.00 (PPAI006224)_(Mus_musculus)_(DBD_0.95)

letter-probability matrix: alength= 4 w= 10 nsites= 1 E= 0
  0.281573	  0.232850	  0.257339	  0.228239	
  0.414866	  0.149598	  0.249125	  0.186411	
  0.179962	  0.494103	  0.211187	  0.114749	
  0.259489	  0.638239	  0.085517	  0.016755	
  0.004798	  0.001474	  0.980684	  0.013043	
  0.008733	  0.003278	  0.979598	  0.008391	
  0.916015	  0.015333	  0.027386	  0.041266	
  0.617614	  0.075631	  0.032004	  0.274751	
  0.365042	  0.122733	  0.437035	  0.075190	
  0.145434	  0.289954	  0.127705	  0.436908	

URL http://cisbp.ccbr.utoronto.ca/TFreport.php?versionNumber=2.00&searchTF=T178298_2.00

MOTIF M01664_2.00 (PPAI000162)_(Drosophila_melanogaster)_(DBD_0.92)

letter-probability matrix: alength= 4 w= 8 nsites= 1 E= 0
  0.227052	  0.269126	  0.203401	  0.300420	
  0.364833	  0.112105	  0.244555	  0.278506	
  0.954295	  0.000150	  0.000361	  0.045194	
  0.003226	  0.022006	  0.000879	  0.973889	
  0.180785	  0.422972	  0.060178	  0.336065	
  0.601595	  0.071492	  0.188592	  0.138322	
  0.500975	  0.146431	  0.170129	  0.182465	
  0.400462	  0.148803	  0.221987	  0.228748	

URL http://cisbp.ccbr.utoronto.ca/TFreport.php?versionNumber=2.00&searchTF=T016452_2.00

MOTIF M01730_2.00 (PPAI008462)_(Mus_musculus)_(DBD_0.85)

letter-probability matrix: alength= 4 w= 10 nsites= 1 E= 0
  0.349915	  0.146774	  0.278558	  0.224752	
  0.357002	  0.417355	  0.173504	  0.052139	
  0.139509	  0.827857	  0.032001	  0.000633	
  0.724593	  0.000000	  0.227645	  0.047763	
  0.064454	  0.126184	  0.294078	  0.515285	
  0.515285	  0.294078	  0.126184	  0.064454	
  0.047763	  0.227645	  0.000000	  0.724593	
  0.000633	  0.032001	  0.827857	  0.139509	
  0.052139	  0.173504	  0.417355	  0.357002	
  0.224752	  0.278558	  0.146774	  0.349915	

URL http://cisbp.ccbr.utoronto.ca/TFreport.php?versionNumber=2.00&searchTF=T053290_2.00

MOTIF M01896_2.00 (PPAI009086)_(Bombyx_mori)_(DBD_0.83)

letter-probability matrix: alength= 4 w= 10 nsites= 1 E= 0
  0.234003	  0.269167	  0.213862	  0.282968	
  0.165030	  0.378465	  0.117463	  0.339042	
  0.161689	  0.623702	  0.107305	  0.107305	
  0.189188	  0.117066	  0.634438	  0.059308	
  0.000295	  0.880381	  0.000177	  0.119147	
  0.110357	  0.107095	  0.694866	  0.087682	
  0.291421	  0.222465	  0.300296	  0.185818	
  0.262292	  0.257099	  0.223511	  0.257099	
  0.235549	  0.255168	  0.200722	  0.308561	
  0.248131	  0.238401	  0.222284	  0.291184	

URL http://cisbp.ccbr.utoronto.ca/TFreport.php?versionNumber=2.00&searchTF=T162748_2.00

MOTIF M01904_2.00 (PPAI008545)_(Bombyx_mori)_(DBD_0.91)

letter-probability matrix: alength= 4 w= 8 nsites= 1 E= 0
  0.323441	  0.204183	  0.227925	  0.244451	
  0.124915	  0.390580	  0.177263	  0.307242	
  0.183240	  0.469092	  0.121608	  0.226060	
  0.416853	  0.062348	  0.421042	  0.099757	
  0.885618	  0.004935	  0.057185	  0.052263	
  0.095238	  0.001659	  0.017398	  0.885704	
  0.230967	  0.597213	  0.047573	  0.124247	
  0.438839	  0.136201	  0.263521	  0.161440	

URL http://cisbp.ccbr.utoronto.ca/TFreport.php?versionNumber=2.00&searchTF=T166724_2.00

MOTIF M01907_2.00 (PPAI007950)_(Bombyx_mori)_(DBD_0.85)

letter-probability matrix: alength= 4 w= 12 nsites= 1 E= 0
  0.199396	  0.199396	  0.199396	  0.401812	
  0.256959	  0.242577	  0.148560	  0.351904	
  0.057166	  0.713712	  0.057166	  0.171955	
  0.139009	  0.024219	  0.812553	  0.024219	
  0.000211	  0.999368	  0.000211	  0.000211	
  0.000211	  0.000211	  0.999368	  0.000211	
  0.131998	  0.088765	  0.094228	  0.685009	
  0.779026	  0.000211	  0.088765	  0.131998	
  0.348070	  0.273603	  0.139597	  0.238730	
  0.383478	  0.190432	  0.324439	  0.101651	
  0.193045	  0.420866	  0.193045	  0.193045	
  0.225991	  0.225991	  0.322026	  0.225991	

URL http://cisbp.ccbr.utoronto.ca/TFreport.php?versionNumber=2.00&searchTF=T168775_2.00

MOTIF M01935_2.00 (PPAI003177)_(Drosophila_melanogaster)_(DBD_1.00)

letter-probability matrix: alength= 4 w= 10 nsites= 1 E= 0
  0.264213	  0.114063	  0.073461	  0.548263	
  0.146979	  0.076730	  0.639248	  0.137043	
  0.091624	  0.122448	  0.030195	  0.755733	
  0.530776	  0.071833	  0.106096	  0.291296	
  0.340580	  0.064758	  0.186914	  0.407748	
  0.130860	  0.648156	  0.077799	  0.143184	
  0.378005	  0.205389	  0.180351	  0.236254	
  0.412383	  0.112387	  0.172768	  0.302461	
  0.281282	  0.131546	  0.159072	  0.428100	
  0.236410	  0.182284	  0.128453	  0.452853	

URL http://cisbp.ccbr.utoronto.ca/TFreport.php?versionNumber=2.00&searchTF=T169638_2.00

MOTIF M02036_2.00 (PPAI000128)_(Anopheles_gambiae)_(DBD_0.80)

letter-probability matrix: alength= 4 w= 10 nsites= 1 E= 0
  0.261771	  0.225308	  0.232170	  0.280751	
  0.223856	  0.240087	  0.181454	  0.354604	
  0.302711	  0.096813	  0.282246	  0.318231	
  0.801923	  0.050755	  0.112958	  0.034364	
  0.000105	  0.981683	  0.000051	  0.018161	
  0.641522	  0.118373	  0.136162	  0.103943	
  0.273446	  0.233015	  0.156195	  0.337344	
  0.179068	  0.227640	  0.436054	  0.157239	
  0.300476	  0.243561	  0.271882	  0.184080	
  0.249336	  0.249336	  0.244399	  0.256929	

URL http://cisbp.ccbr.utoronto.ca/TFreport.php?versionNumber=2.00&searchTF=T232624_2.00

MOTIF M02085_2.00 (PPAI001922)_(Homo_sapiens)_(DBD_0.95)

letter-probability matrix: alength= 4 w= 10 nsites= 1 E= 0
  0.220232	  0.271696	  0.222446	  0.285626	
  0.291351	  0.229185	  0.263625	  0.215838	
  0.194386	  0.333568	  0.204352	  0.267694	
  0.106702	  0.252155	  0.096548	  0.544595	
  0.708900	  0.012106	  0.207206	  0.071788	
  0.671736	  0.131613	  0.027657	  0.168994	
  0.144596	  0.205191	  0.069682	  0.580531	
  0.155780	  0.110880	  0.270007	  0.463333	
  0.512218	  0.101367	  0.192241	  0.194173	
  0.253879	  0.199708	  0.363893	  0.182520	

URL http://cisbp.ccbr.utoronto.ca/TFreport.php?versionNumber=2.00&searchTF=T232632_2.00

MOTIF M02113_2.00 (PPAI010888)_(Drosophila_melanogaster)_(DBD_0.95)

letter-probability matrix: alength= 4 w= 10 nsites= 1 E= 0
  0.209338	  0.253142	  0.321807	  0.215713	
  0.269176	  0.231682	  0.207548	  0.291594	
  0.108996	  0.124128	  0.038142	  0.728735	
  0.818862	  0.018319	  0.138091	  0.024728	
  0.925508	  0.028799	  0.000527	  0.045166	
  0.090056	  0.159244	  0.124019	  0.626680	
  0.097497	  0.244649	  0.314135	  0.343719	
  0.322285	  0.084389	  0.452794	  0.140532	
  0.204560	  0.257459	  0.351027	  0.186954	
  0.179474	  0.298877	  0.181278	  0.340370	

URL http://cisbp.ccbr.utoronto.ca/TFreport.php?versionNumber=2.00&searchTF=T232686_2.00

MOTIF M02121_2.00 (PPAI010202)_(Drosophila_melanogaster)_(DBD_1.00)

letter-probability matrix: alength= 4 w= 10 nsites= 1 E= 0
  0.292329	  0.229079	  0.288644	  0.189949	
  0.136427	  0.336877	  0.156525	  0.370171	
  0.034513	  0.118059	  0.009674	  0.837754	
  0.801571	  0.072692	  0.093201	  0.032536	
  0.970781	  0.007894	  0.008025	  0.013300	
  0.013300	  0.008025	  0.007894	  0.970781	
  0.032536	  0.093201	  0.072692	  0.801571	
  0.837754	  0.009674	  0.118059	  0.034513	
  0.370171	  0.156525	  0.336877	  0.136427	
  0.189949	  0.288644	  0.229079	  0.292329	

URL http://cisbp.ccbr.utoronto.ca/TFreport.php?versionNumber=2.00&searchTF=T232681_2.00

MOTIF M02126_2.00 (PPAI000517)_(Drosophila_melanogaster)_(DBD_0.90)

letter-probability matrix: alength= 4 w= 8 nsites= 1 E= 0
  0.172390	  0.270362	  0.216970	  0.340277	
  0.175398	  0.147977	  0.175398	  0.501227	
  0.437799	  0.142845	  0.145731	  0.273625	
  0.559761	  0.114150	  0.154086	  0.172003	
  0.276316	  0.165927	  0.137215	  0.420543	
  0.209315	  0.226748	  0.174835	  0.389102	
  0.299659	  0.080854	  0.524604	  0.094883	
  0.166927	  0.313424	  0.241666	  0.277982	

URL http://cisbp.ccbr.utoronto.ca/TFreport.php?versionNumber=2.00&searchTF=T232625_2.00

MOTIF M02147_2.00 (PPAI007516)_(Nematostella_vectensis)_(DBD_0.54)

letter-probability matrix: alength= 4 w= 10 nsites= 1 E= 0
  0.278816	  0.247673	  0.255282	  0.218229	
  0.193819	  0.291332	  0.190112	  0.324737	
  0.267659	  0.193115	  0.126695	  0.412532	
  0.419900	  0.162984	  0.208787	  0.208330	
  0.569557	  0.167110	  0.130840	  0.132493	
  0.132493	  0.130840	  0.167110	  0.569557	
  0.208330	  0.208787	  0.162984	  0.419900	
  0.412532	  0.126695	  0.193115	  0.267659	
  0.324737	  0.190112	  0.291332	  0.193819	
  0.218229	  0.255282	  0.247673	  0.278816	

URL http://cisbp.ccbr.utoronto.ca/TFreport.php?versionNumber=2.00&searchTF=T232664_2.00

MOTIF M02241_2.00 (PPAI004106)_(Drosophila_melanogaster)_(DBD_1.00)

letter-probability matrix: alength= 4 w= 8 nsites= 1 E= 0
  0.155639	  0.599689	  0.133437	  0.111234	
  0.063610	  0.000159	  0.016022	  0.920209	
  0.701064	  0.220794	  0.039071	  0.039071	
  0.937932	  0.049482	  0.012463	  0.000123	
  0.000123	  0.000123	  0.000123	  0.999630	
  0.012463	  0.000123	  0.111180	  0.876234	
  0.973988	  0.000128	  0.000128	  0.025756	
  0.882911	  0.033478	  0.033478	  0.050133	

URL http://cisbp.ccbr.utoronto.ca/TFreport.php?versionNumber=2.00&searchTF=T232642_2.00

MOTIF M02389_2.00 (PPAI002202)_(Anopheles_gambiae)_(DBD_0.96)

letter-probability matrix: alength= 4 w= 9 nsites= 1 E= 0
  0.204503	  0.287316	  0.270584	  0.237598	
  0.485878	  0.132417	  0.294700	  0.087004	
  0.078903	  0.000537	  0.726489	  0.194071	
  0.317652	  0.029694	  0.441844	  0.210810	
  0.087591	  0.124298	  0.273877	  0.514234	
  0.025269	  0.803982	  0.001803	  0.168946	
  0.686473	  0.000962	  0.255077	  0.057487	
  0.245340	  0.287910	  0.233375	  0.233375	
  0.250274	  0.250274	  0.231032	  0.268421	

URL http://cisbp.ccbr.utoronto.ca/TFreport.php?versionNumber=2.00&searchTF=T307848_2.00

MOTIF M02407_2.00 (PPAI004935)_(Drosophila_melanogaster)_(DBD_0.95)

letter-probability matrix: alength= 4 w= 8 nsites= 1 E= 0
  0.682505	  0.000244	  0.317008	  0.000244	
  0.692036	  0.000154	  0.307657	  0.000154	
  0.000143	  0.000143	  0.999572	  0.000143	
  0.000143	  0.000143	  0.999572	  0.000143	
  0.000143	  0.014420	  0.000143	  0.985294	
  0.000143	  0.999572	  0.000143	  0.000143	
  0.861162	  0.000154	  0.138530	  0.000154	
  0.229184	  0.291632	  0.104288	  0.374896	

URL http://cisbp.ccbr.utoronto.ca/TFreport.php?versionNumber=2.00&searchTF=T307853_2.00

MOTIF M02408_2.00 (PPAI002209)_(Drosophila_melanogaster)_(DBD_0.88)

letter-probability matrix: alength= 4 w= 12 nsites= 1 E= 0
  0.200832	  0.200832	  0.200832	  0.397504	
  0.198971	  0.109814	  0.581401	  0.109814	
  0.760318	  0.194141	  0.022771	  0.022771	
  0.106323	  0.329688	  0.541218	  0.022771	
  0.000202	  0.000202	  0.999393	  0.000202	
  0.000202	  0.000202	  0.000202	  0.999393	
  0.000202	  0.999393	  0.000202	  0.000202	
  0.999393	  0.000202	  0.000202	  0.000202	
  0.756390	  0.049370	  0.144869	  0.049370	
  0.226166	  0.140388	  0.230661	  0.402784	
  0.227432	  0.227432	  0.227432	  0.317705	
  0.227432	  0.227432	  0.227432	  0.317705	

URL http://cisbp.ccbr.utoronto.ca/TFreport.php?versionNumber=2.00&searchTF=T307850_2.00

MOTIF M02453_2.00 (PPAI005117)_(Apis_mellifera)_(DBD_0.87)

letter-probability matrix: alength= 4 w= 10 nsites= 1 E= 0
  0.064581	  0.002968	  0.923263	  0.009188	
  0.023968	  0.045912	  0.044112	  0.886008	
  0.223272	  0.210269	  0.028174	  0.538285	
  0.256252	  0.036458	  0.521214	  0.186077	
  0.035172	  0.706451	  0.057989	  0.200388	
  0.022564	  0.435435	  0.088796	  0.453205	
  0.725050	  0.058924	  0.103156	  0.112870	
  0.323945	  0.156112	  0.259972	  0.259972	
  0.139259	  0.160186	  0.611759	  0.088796	
  0.167826	  0.260585	  0.362465	  0.209124	

URL http://cisbp.ccbr.utoronto.ca/TFreport.php?versionNumber=2.00&searchTF=T319150_2.00

MOTIF M02490_2.00 (PPAI002522)_(Neurospora_crassa)_(DBD_0.43)

letter-probability matrix: alength= 4 w= 10 nsites= 1 E= 0
  0.329130	  0.229626	  0.220622	  0.220622	
  0.346994	  0.223477	  0.251969	  0.177560	
  0.448098	  0.134965	  0.110500	  0.306437	
  0.335755	  0.153912	  0.139266	  0.371067	
  0.248453	  0.220358	  0.178619	  0.352571	
  0.233539	  0.293933	  0.209213	  0.263315	
  0.195880	  0.356917	  0.275201	  0.172001	
  0.140053	  0.396240	  0.262965	  0.200742	
  0.596865	  0.017317	  0.262878	  0.122939	
  0.143083	  0.219956	  0.147441	  0.489520	

URL http://cisbp.ccbr.utoronto.ca/TFreport.php?versionNumber=2.00&searchTF=T335882_2.00

MOTIF M02526_2.00 (PPAI003405)_(Danio_rerio)_(DBD_0.37)

letter-probability matrix: alength= 4 w= 8 nsites= 1 E= 0
  0.362822	  0.140318	  0.236019	  0.260841	
  0.142305	  0.151105	  0.111941	  0.594649	
  0.149465	  0.110726	  0.089753	  0.650057	
  0.072123	  0.522371	  0.085488	  0.320018	
  0.726622	  0.000422	  0.230075	  0.042880	
  0.798606	  0.038585	  0.035977	  0.126833	
  0.740348	  0.060167	  0.085381	  0.114105	
  0.290887	  0.247877	  0.105946	  0.355290	

URL http://cisbp.ccbr.utoronto.ca/TFreport.php?versionNumber=2.00&searchTF=T346244_2.00

MOTIF M02712_2.00 (PPAI001149)_(Drosophila_melanogaster)_(DBD_0.77)

letter-probability matrix: alength= 4 w= 12 nsites= 1 E= 0
  0.000000	  0.384615	  0.461538	  0.153846	
  0.000000	  0.000000	  0.923077	  0.076923	
  0.000000	  0.076923	  0.846154	  0.076923	
  0.000000	  0.000000	  0.769231	  0.230769	
  0.076923	  0.076923	  0.230769	  0.615385	
  0.076923	  0.000000	  0.153846	  0.769231	
  0.076923	  0.000000	  0.000000	  0.923077	
  0.000000	  0.000000	  0.000000	  1.000000	
  0.000000	  0.230769	  0.000000	  0.769231	
  0.076923	  0.692308	  0.000000	  0.230769	
  0.076923	  0.692308	  0.076923	  0.153846	
  0.230769	  0.384615	  0.384615	  0.000000	

URL http://cisbp.ccbr.utoronto.ca/TFreport.php?versionNumber=2.00&searchTF=T317936_2.00

MOTIF M03087_2.00 (PPAI009603)_(Homo_sapiens)_(DBD_0.63)

letter-probability matrix: alength= 4 w= 8 nsites= 1 E= 0
  0.050776	  0.567735	  0.037679	  0.343811	
  0.096070	  0.163832	  0.029930	  0.710167	
  0.886769	  0.040902	  0.036132	  0.036197	
  0.970260	  0.011009	  0.012296	  0.006434	
  0.012245	  0.014168	  0.007333	  0.966254	
  0.055381	  0.046932	  0.060685	  0.837003	
  0.722030	  0.027451	  0.177528	  0.072990	
  0.193501	  0.261956	  0.269545	  0.274998	

URL http://cisbp.ccbr.utoronto.ca/TFreport.php?versionNumber=2.00&searchTF=T232674_2.00

MOTIF M03103_2.00 (PPAI000970)_(Homo_sapiens)_(DBD_0.90)

letter-probability matrix: alength= 4 w= 10 nsites= 1 E= 0
  0.213465	  0.238539	  0.300681	  0.247315	
  0.285416	  0.170748	  0.141245	  0.402591	
  0.035078	  0.139327	  0.012203	  0.813392	
  0.662973	  0.137803	  0.167308	  0.031916	
  0.988312	  0.006980	  0.001569	  0.003139	
  0.019308	  0.010674	  0.030924	  0.939094	
  0.024434	  0.081881	  0.244014	  0.649671	
  0.769552	  0.020646	  0.162561	  0.047241	
  0.091969	  0.500484	  0.298614	  0.108933	
  0.216307	  0.285553	  0.159681	  0.338460	

URL http://cisbp.ccbr.utoronto.ca/TFreport.php?versionNumber=2.00&searchTF=T232629_2.00

MOTIF M03168_2.00 (PPAI007454)_(Homo_sapiens)_(DBD_0.49)

letter-probability matrix: alength= 4 w= 8 nsites= 1 E= 0
  0.072612	  0.450780	  0.073912	  0.402697	
  0.096614	  0.141577	  0.014371	  0.747439	
  0.795066	  0.130619	  0.028606	  0.045709	
  0.940555	  0.027395	  0.008236	  0.023814	
  0.050778	  0.014703	  0.036416	  0.898102	
  0.063239	  0.039960	  0.242873	  0.653928	
  0.742999	  0.012306	  0.188402	  0.056294	
  0.185954	  0.363723	  0.177579	  0.272745	

URL http://cisbp.ccbr.utoronto.ca/TFreport.php?versionNumber=2.00&searchTF=T232663_2.00

MOTIF M03187_2.00 (PPAI007004)_(Homo_sapiens)_(DBD_0.21)

letter-probability matrix: alength= 4 w= 10 nsites= 1 E= 0
  0.204127	  0.184967	  0.428150	  0.182756	
  0.215917	  0.351756	  0.109801	  0.322525	
  0.043559	  0.000000	  0.007920	  0.948521	
  0.979788	  0.000000	  0.012753	  0.007459	
  0.996086	  0.001712	  0.002202	  0.000000	
  0.000000	  0.000000	  0.003670	  0.996330	
  0.000000	  0.003670	  0.000000	  0.996330	
  0.449727	  0.009033	  0.518184	  0.023057	
  0.305822	  0.189634	  0.412921	  0.091624	
  0.196709	  0.393173	  0.113212	  0.296906	

URL http://cisbp.ccbr.utoronto.ca/TFreport.php?versionNumber=2.00&searchTF=T232659_2.00

MOTIF M03464_2.00 (PPAI010985)_(Homo_sapiens)_(DBD_0.73)

letter-probability matrix: alength= 4 w= 16 nsites= 1 E= 0
  0.346042	  0.180102	  0.101307	  0.372549	
  0.499099	  0.111478	  0.277043	  0.112380	
  0.814229	  0.080237	  0.091700	  0.013834	
  0.010607	  0.967849	  0.013590	  0.007955	
  0.010255	  0.960966	  0.019517	  0.009262	
  0.179980	  0.014593	  0.790323	  0.015105	
  0.013518	  0.947247	  0.019782	  0.019453	
  0.879192	  0.024242	  0.027071	  0.069495	
  0.754116	  0.023417	  0.196121	  0.026345	
  0.844211	  0.058275	  0.077312	  0.020202	
  0.043840	  0.907520	  0.030080	  0.018560	
  0.026658	  0.921001	  0.027308	  0.025033	
  0.288510	  0.048611	  0.638573	  0.024306	
  0.038779	  0.891291	  0.033376	  0.036554	
  0.700671	  0.087248	  0.148322	  0.063758	
  0.435691	  0.133382	  0.278857	  0.152070	

URL http://cisbp.ccbr.utoronto.ca/TFreport.php?versionNumber=2.00&searchTF=T319783_2.00

MOTIF M03577_2.00 (PPAI001408)_(Homo_sapiens)_(DBD_1.00)

letter-probability matrix: alength= 4 w= 10 nsites= 1 E= 0
  0.324492	  0.122016	  0.305924	  0.247569	
  0.353144	  0.142364	  0.075328	  0.429164	
  0.204354	  0.000702	  0.794944	  0.000000	
  0.020219	  0.001685	  0.953665	  0.024431	
  0.744206	  0.000000	  0.028326	  0.227468	
  0.987784	  0.003490	  0.008726	  0.000000	
  0.026080	  0.000000	  0.051345	  0.922575	
  0.015371	  0.017933	  0.785653	  0.181042	
  0.039751	  0.310210	  0.077942	  0.572097	
  0.277140	  0.129744	  0.400706	  0.192410	

URL http://cisbp.ccbr.utoronto.ca/TFreport.php?versionNumber=2.00&searchTF=T347081_2.00

MOTIF M03594_2.00 (PPAI006478)_(Drosophila_melanogaster)_(DBD_1.00)

letter-probability matrix: alength= 4 w= 12 nsites= 1 E= 0
  0.113122	  0.425339	  0.072398	  0.389140	
  0.000000	  0.106007	  0.780919	  0.113074	
  0.131818	  0.436364	  0.390909	  0.040909	
  0.000000	  0.965066	  0.034934	  0.000000	
  1.000000	  0.000000	  0.000000	  0.000000	
  0.046809	  0.940426	  0.012766	  0.000000	
  0.166038	  0.000000	  0.833962	  0.000000	
  0.000000	  0.783688	  0.021277	  0.195035	
  0.018797	  0.000000	  0.830827	  0.150376	
  0.444934	  0.493392	  0.000000	  0.061674	
  0.197832	  0.598916	  0.130081	  0.073171	
  0.618834	  0.143498	  0.000000	  0.237668	

URL http://cisbp.ccbr.utoronto.ca/TFreport.php?versionNumber=2.00&searchTF=T053284_2.00

MOTIF M03607_2.00 (PPAI005557)_(Drosophila_melanogaster)_(DBD_0.77)

letter-probability matrix: alength= 4 w= 14 nsites= 1 E= 0
  0.441860	  0.125969	  0.224806	  0.207364	
  0.380309	  0.077220	  0.150579	  0.391892	
  0.661509	  0.001934	  0.166344	  0.170213	
  0.285959	  0.085616	  0.599315	  0.029110	
  0.000000	  1.000000	  0.000000	  0.000000	
  0.919929	  0.001779	  0.007117	  0.071174	
  0.000000	  0.000000	  0.819334	  0.180666	
  0.173846	  0.795385	  0.000000	  0.030769	
  0.080139	  0.017422	  0.001742	  0.900697	
  0.000000	  0.000000	  1.000000	  0.000000	
  0.015411	  0.607877	  0.099315	  0.277397	
  0.156190	  0.184762	  0.000000	  0.659048	
  0.395753	  0.162162	  0.054054	  0.388031	
  0.210832	  0.201161	  0.119923	  0.468085	

URL http://cisbp.ccbr.utoronto.ca/TFreport.php?versionNumber=2.00&searchTF=T053281_2.00

MOTIF M03609_2.00 (PPAI007861)_(Drosophila_melanogaster)_(DBD_0.96)

letter-probability matrix: alength= 4 w= 16 nsites= 1 E= 0
  0.226283	  0.051322	  0.480560	  0.241835	
  0.150078	  0.066096	  0.604199	  0.179627	
  0.346444	  0.181034	  0.314655	  0.157866	
  0.052814	  0.893676	  0.023628	  0.029882	
  0.208877	  0.088773	  0.631201	  0.071149	
  0.000000	  1.000000	  0.000000	  0.000000	
  0.995356	  0.003870	  0.000774	  0.000000	
  0.000680	  0.098639	  0.874830	  0.025850	
  0.056641	  0.837240	  0.106120	  0.000000	
  0.000000	  0.000000	  0.000000	  1.000000	
  0.000000	  0.000776	  0.998447	  0.000776	
  0.090675	  0.655949	  0.082315	  0.171061	
  0.020408	  0.017593	  0.904996	  0.057002	
  0.152569	  0.319104	  0.189460	  0.338867	
  0.185848	  0.559876	  0.097201	  0.157076	
  0.216174	  0.518663	  0.082426	  0.182737	

URL http://cisbp.ccbr.utoronto.ca/TFreport.php?versionNumber=2.00&searchTF=T053288_2.00

MOTIF M03618_2.00 (PPAI001169)_(Drosophila_melanogaster)_(DBD_1.00)

letter-probability matrix: alength= 4 w= 10 nsites= 1 E= 0
  0.777778	  0.000000	  0.212121	  0.010101	
  0.373913	  0.478261	  0.147826	  0.000000	
  0.000000	  1.000000	  0.000000	  0.000000	
  0.970297	  0.019802	  0.009901	  0.000000	
  0.039216	  0.000000	  0.000000	  0.960784	
  0.980000	  0.000000	  0.010000	  0.010000	
  0.000000	  0.020000	  0.000000	  0.980000	
  0.029703	  0.000000	  0.970297	  0.000000	
  0.000000	  0.117117	  0.459459	  0.423423	
  0.000000	  0.408163	  0.000000	  0.591837	

URL http://cisbp.ccbr.utoronto.ca/TFreport.php?versionNumber=2.00&searchTF=T053268_2.00

MOTIF M03619_2.00 (PPAI009230)_(Drosophila_melanogaster)_(DBD_0.98)

letter-probability matrix: alength= 4 w= 12 nsites= 1 E= 0
  0.209293	  0.275493	  0.107319	  0.407895	
  0.079542	  0.096405	  0.774101	  0.049952	
  0.188213	  0.125033	  0.645872	  0.040881	
  0.006478	  0.985020	  0.005263	  0.003239	
  0.800856	  0.008229	  0.186307	  0.004608	
  0.000000	  0.994685	  0.000000	  0.005315	
  0.004493	  0.001634	  0.993873	  0.000000	
  0.003918	  0.198498	  0.003265	  0.794319	
  0.004060	  0.001218	  0.987820	  0.006902	
  0.039668	  0.652104	  0.132940	  0.175288	
  0.059633	  0.744037	  0.112844	  0.083486	
  0.424168	  0.104809	  0.269215	  0.201808	

URL http://cisbp.ccbr.utoronto.ca/TFreport.php?versionNumber=2.00&searchTF=T053295_2.00

MOTIF M03620_2.00 (PPAI005132)_(Drosophila_melanogaster)_(DBD_0.96)

letter-probability matrix: alength= 4 w= 10 nsites= 1 E= 0
  0.281348	  0.142633	  0.492947	  0.083072	
  0.363636	  0.074451	  0.180251	  0.381661	
  0.000000	  1.000000	  0.000000	  0.000000	
  0.895512	  0.056802	  0.000000	  0.047686	
  0.036355	  0.251494	  0.635956	  0.076195	
  0.033258	  0.719842	  0.210259	  0.036640	
  0.046625	  0.000000	  0.064718	  0.888657	
  0.019201	  0.000000	  0.980799	  0.000000	
  0.363352	  0.223962	  0.122161	  0.290525	
  0.061864	  0.578700	  0.125294	  0.234143	

URL http://cisbp.ccbr.utoronto.ca/TFreport.php?versionNumber=2.00&searchTF=T053279_2.00

MOTIF M03623_2.00 (PPAI005891)_(Drosophila_melanogaster)_(DBD_0.94)

letter-probability matrix: alength= 4 w= 14 nsites= 1 E= 0
  0.435785	  0.102757	  0.250443	  0.211015	
  0.540192	  0.062106	  0.260957	  0.136744	
  0.253384	  0.007614	  0.735195	  0.003807	
  0.012329	  0.000810	  0.039995	  0.946866	
  0.000000	  0.999328	  0.000611	  0.000061	
  0.998962	  0.000000	  0.000550	  0.000489	
  0.000000	  0.999206	  0.000000	  0.000794	
  0.000428	  0.000183	  0.999389	  0.000000	
  0.000305	  0.000916	  0.000000	  0.998779	
  0.000000	  0.000794	  0.999145	  0.000061	
  0.949173	  0.037482	  0.001509	  0.011836	
  0.003330	  0.738572	  0.006236	  0.251862	
  0.132213	  0.265098	  0.063203	  0.539487	
  0.215980	  0.243978	  0.105086	  0.434955	

URL http://cisbp.ccbr.utoronto.ca/TFreport.php?versionNumber=2.00&searchTF=T053283_2.00

MOTIF M03626_2.00 (PPAI004928)_(Drosophila_melanogaster)_(DBD_0.72)

letter-probability matrix: alength= 4 w= 10 nsites= 1 E= 0
  0.552301	  0.056346	  0.388563	  0.002789	
  0.183278	  0.067545	  0.010708	  0.738468	
  0.002176	  0.975252	  0.021485	  0.001088	
  0.904414	  0.002018	  0.085498	  0.008071	
  0.000000	  0.858305	  0.119914	  0.021781	
  0.021338	  0.116998	  0.859746	  0.001918	
  0.006331	  0.085085	  0.000506	  0.908078	
  0.001083	  0.018955	  0.971026	  0.008936	
  0.767551	  0.003639	  0.044949	  0.183861	
  0.000837	  0.422755	  0.050195	  0.526213	

URL http://cisbp.ccbr.utoronto.ca/TFreport.php?versionNumber=2.00&searchTF=T053276_2.00

MOTIF M03637_2.00 (PPAI002071)_(Drosophila_melanogaster)_(DBD_0.61)

letter-probability matrix: alength= 4 w= 13 nsites= 1 E= 0
  0.131665	  0.261153	  0.198041	  0.409140	
  0.065943	  0.108514	  0.596828	  0.228715	
  0.750000	  0.028369	  0.216312	  0.005319	
  0.014099	  0.004028	  0.000000	  0.981873	
  0.002119	  0.001059	  0.974576	  0.022246	
  0.965235	  0.010225	  0.016360	  0.008180	
  0.094637	  0.455310	  0.343849	  0.106204	
  0.000000	  0.000000	  0.007284	  0.992716	
  0.000000	  0.960300	  0.000000	  0.039700	
  0.990760	  0.000000	  0.000000	  0.009240	
  0.000000	  0.230166	  0.031386	  0.738448	
  0.169547	  0.593416	  0.130864	  0.106173	
  0.370328	  0.193658	  0.314836	  0.121178	

URL http://cisbp.ccbr.utoronto.ca/TFreport.php?versionNumber=2.00&searchTF=T073987_2.00

MOTIF M03642_2.00 (PPAI007786)_(Drosophila_melanogaster)_(DBD_0.85)

letter-probability matrix: alength= 4 w= 12 nsites= 1 E= 0
  0.153467	  0.200174	  0.298520	  0.347839	
  0.557443	  0.096473	  0.336359	  0.009725	
  0.005035	  0.001007	  0.002445	  0.991513	
  0.002582	  0.000000	  0.008465	  0.988953	
  0.293492	  0.001995	  0.654917	  0.049596	
  0.007749	  0.920908	  0.003474	  0.067869	
  0.073966	  0.001064	  0.916988	  0.007982	
  0.052097	  0.660123	  0.000670	  0.287110	
  0.981210	  0.015943	  0.000000	  0.002847	
  0.986546	  0.004151	  0.003006	  0.006297	
  0.011071	  0.330034	  0.091170	  0.567726	
  0.339330	  0.306688	  0.214130	  0.139852	

URL http://cisbp.ccbr.utoronto.ca/TFreport.php?versionNumber=2.00&searchTF=T073998_2.00

MOTIF M03645_2.00 (PPAI002842)_(Drosophila_melanogaster)_(DBD_0.88)

letter-probability matrix: alength= 4 w= 10 nsites= 1 E= 0
  0.334155	  0.142851	  0.444673	  0.078321	
  0.035720	  0.014595	  0.013937	  0.935748	
  0.008330	  0.021638	  0.103820	  0.866213	
  0.763350	  0.005013	  0.211674	  0.019963	
  0.003576	  0.781792	  0.019483	  0.195150	
  0.191987	  0.013925	  0.788953	  0.005135	
  0.018817	  0.205586	  0.006047	  0.769550	
  0.866873	  0.102018	  0.023484	  0.007625	
  0.931811	  0.017758	  0.011474	  0.038957	
  0.077535	  0.431822	  0.147847	  0.342796	

URL http://cisbp.ccbr.utoronto.ca/TFreport.php?versionNumber=2.00&searchTF=T073989_2.00

MOTIF M03649_2.00 (PPAI006023)_(Drosophila_melanogaster)_(DBD_0.72)

letter-probability matrix: alength= 4 w= 10 nsites= 1 E= 0
  0.384668	  0.006531	  0.561361	  0.047439	
  0.001588	  0.123253	  0.000953	  0.874206	
  0.065251	  0.034252	  0.471314	  0.429183	
  0.895250	  0.016591	  0.032531	  0.055628	
  0.004306	  0.987442	  0.004665	  0.003588	
  0.023683	  0.001767	  0.972782	  0.001767	
  0.035094	  0.005792	  0.021465	  0.937649	
  0.337906	  0.580836	  0.030604	  0.050654	
  0.862696	  0.013166	  0.110345	  0.013793	
  0.052793	  0.086863	  0.015654	  0.844690	

URL http://cisbp.ccbr.utoronto.ca/TFreport.php?versionNumber=2.00&searchTF=T073994_2.00

MOTIF M03653_2.00 (PPAI008653)_(Drosophila_melanogaster)_(DBD_0.78)

letter-probability matrix: alength= 4 w= 12 nsites= 1 E= 0
  0.173556	  0.221121	  0.243205	  0.362118	
  0.464030	  0.124351	  0.409394	  0.002225	
  0.000000	  0.003925	  0.005607	  0.990468	
  0.004944	  0.001236	  0.120396	  0.873424	
  0.886575	  0.009787	  0.085571	  0.018068	
  0.004121	  0.712637	  0.025275	  0.257967	
  0.255590	  0.000000	  0.744410	  0.000000	
  0.000000	  0.114713	  0.004239	  0.881047	
  0.883029	  0.102974	  0.000500	  0.013497	
  0.971672	  0.009351	  0.013476	  0.005501	
  0.001018	  0.428753	  0.100000	  0.470229	
  0.370968	  0.276457	  0.196095	  0.156480	

URL http://cisbp.ccbr.utoronto.ca/TFreport.php?versionNumber=2.00&searchTF=T073999_2.00

MOTIF M03659_2.00 (PPAI002807)_(Drosophila_melanogaster)_(DBD_0.87)

letter-probability matrix: alength= 4 w= 10 nsites= 1 E= 0
  0.407181	  0.103479	  0.463921	  0.025418	
  0.000425	  0.002255	  0.003759	  0.993561	
  0.000851	  0.001308	  0.924431	  0.073410	
  0.992005	  0.003981	  0.002252	  0.001762	
  0.002259	  0.995057	  0.000655	  0.002029	
  0.001963	  0.000818	  0.994732	  0.002487	
  0.001437	  0.002220	  0.003820	  0.992523	
  0.073870	  0.924488	  0.001004	  0.000639	
  0.993984	  0.003956	  0.001635	  0.000425	
  0.023466	  0.457261	  0.103429	  0.415843	

URL http://cisbp.ccbr.utoronto.ca/TFreport.php?versionNumber=2.00&searchTF=T073988_2.00

MOTIF M03669_2.00 (PPAI008669)_(Drosophila_melanogaster)_(DBD_0.94)

letter-probability matrix: alength= 4 w= 9 nsites= 1 E= 0
  0.242964	  0.079121	  0.391011	  0.286904	
  0.180265	  0.151143	  0.187726	  0.480866	
  0.583358	  0.252847	  0.047883	  0.115912	
  0.007426	  0.989109	  0.000000	  0.003465	
  0.134062	  0.809235	  0.017416	  0.039287	
  0.000000	  0.000000	  1.000000	  0.000000	
  0.000000	  0.067192	  0.006951	  0.925857	
  0.034004	  0.005268	  0.003831	  0.956897	
  0.894760	  0.014778	  0.064487	  0.025974	

URL http://cisbp.ccbr.utoronto.ca/TFreport.php?versionNumber=2.00&searchTF=T151667_2.00

MOTIF M03673_2.00 (PPAI000594)_(Drosophila_melanogaster)_(DBD_0.96)

letter-probability matrix: alength= 4 w= 13 nsites= 1 E= 0
  0.369153	  0.077118	  0.495575	  0.058154	
  0.265048	  0.275164	  0.082195	  0.377592	
  0.007059	  0.011337	  0.845775	  0.135829	
  0.000503	  0.993717	  0.000000	  0.005780	
  0.982116	  0.006955	  0.003229	  0.007700	
  0.997477	  0.001514	  0.001009	  0.000000	
  0.003523	  0.994967	  0.001510	  0.000000	
  0.995719	  0.001259	  0.000000	  0.003022	
  0.047745	  0.002639	  0.948656	  0.000960	
  0.002013	  0.001258	  0.994717	  0.002013	
  0.000253	  0.001263	  0.000000	  0.998485	
  0.054025	  0.008179	  0.851055	  0.086741	
  0.050342	  0.112067	  0.622312	  0.215280	

URL http://cisbp.ccbr.utoronto.ca/TFreport.php?versionNumber=2.00&searchTF=T151468_2.00

MOTIF M03678_2.00 (PPAI010416)_(Drosophila_melanogaster)_(DBD_0.74)

letter-probability matrix: alength= 4 w= 14 nsites= 1 E= 0
  0.275402	  0.281947	  0.359619	  0.083032	
  0.143915	  0.444974	  0.200444	  0.210668	
  0.432616	  0.092091	  0.090651	  0.384642	
  0.767900	  0.067495	  0.132314	  0.032291	
  0.074757	  0.789544	  0.052353	  0.083346	
  0.771059	  0.029548	  0.038663	  0.160729	
  0.952806	  0.008777	  0.037626	  0.000791	
  0.002309	  0.970819	  0.002032	  0.024841	
  0.961108	  0.000000	  0.005630	  0.033262	
  0.950041	  0.020589	  0.025312	  0.004059	
  0.111994	  0.776837	  0.021739	  0.089430	
  0.555550	  0.004998	  0.226141	  0.213311	
  0.482839	  0.179963	  0.056019	  0.281179	
  0.247127	  0.169871	  0.216583	  0.366418	

URL http://cisbp.ccbr.utoronto.ca/TFreport.php?versionNumber=2.00&searchTF=T151717_2.00

MOTIF M03680_2.00 (PPAI001591)_(Drosophila_melanogaster)_(DBD_0.96)

letter-probability matrix: alength= 4 w= 13 nsites= 1 E= 0
  0.223974	  0.361671	  0.107304	  0.307051	
  0.095936	  0.898066	  0.005466	  0.000532	
  0.002316	  0.993287	  0.002630	  0.001767	
  0.637885	  0.003454	  0.309023	  0.049638	
  0.002514	  0.993873	  0.002435	  0.001178	
  0.001836	  0.988167	  0.008162	  0.001836	
  0.003095	  0.991341	  0.002978	  0.002586	
  0.804087	  0.191909	  0.002955	  0.001049	
  0.002389	  0.990914	  0.004308	  0.002389	
  0.000000	  0.002594	  0.994498	  0.002908	
  0.003793	  0.989481	  0.005357	  0.001369	
  0.954830	  0.028340	  0.013887	  0.002943	
  0.174650	  0.543514	  0.056596	  0.225239	

URL http://cisbp.ccbr.utoronto.ca/TFreport.php?versionNumber=2.00&searchTF=T151502_2.00

MOTIF M03682_2.00 (PPAI004544)_(Drosophila_melanogaster)_(DBD_0.99)

