MEME version 5.5.8 (Fri May 2 15:43:49 2025 -0700)

ALPHABET= ACGT

strands: + -

Background letter frequencies (from uniform background):
A 0.25000 C 0.25000 G 0.25000 T 0.25000 

MOTIF M00845_2.00 (PDK_20s1506731g001)_(Arabidopsis_thaliana)_(DBD_0.98)

letter-probability matrix: alength= 4 w= 8 nsites= 1 E= 0
  0.000831	  0.000831	  0.250000	  0.748339	
  0.614264	  0.154141	  0.230828	  0.000767	
  0.000712	  0.784188	  0.214387	  0.000712	
  0.000712	  0.000712	  0.855413	  0.143162	
  0.690951	  0.000767	  0.307515	  0.000767	
  0.000767	  0.000767	  0.921012	  0.077454	
  0.000767	  0.000767	  0.997699	  0.000767	
  0.272645	  0.000906	  0.182065	  0.544384	

URL http://cisbp.ccbr.utoronto.ca/TFreport.php?versionNumber=2.00&searchTF=T010343_2.00

MOTIF M00852_2.00 (PDK_20s1465161g002)_(Arabidopsis_thaliana)_(DBD_0.92)

letter-probability matrix: alength= 4 w= 8 nsites= 1 E= 0
  0.214109	  0.272186	  0.209869	  0.303835	
  0.028040	  0.085083	  0.334832	  0.552045	
  0.029468	  0.061149	  0.882985	  0.026399	
  0.000039	  0.183899	  0.008202	  0.807860	
  0.110608	  0.636503	  0.087882	  0.165007	
  0.091509	  0.246272	  0.418399	  0.243821	
  0.168399	  0.288973	  0.367357	  0.175271	
  0.221967	  0.293692	  0.257889	  0.226451	

URL http://cisbp.ccbr.utoronto.ca/TFreport.php?versionNumber=2.00&searchTF=T024471_2.00

MOTIF M00873_2.00 (PDK_20s1346241g001)_(Arabidopsis_thaliana)_(DBD_0.66)

letter-probability matrix: alength= 4 w= 10 nsites= 1 E= 0
  0.226420	  0.226420	  0.320739	  0.226420	
  0.528872	  0.125806	  0.125806	  0.219517	
  0.999768	  0.000077	  0.000077	  0.000077	
  0.000077	  0.000077	  0.999768	  0.000077	
  0.999768	  0.000077	  0.000077	  0.000077	
  0.000077	  0.000077	  0.000077	  0.999768	
  0.402884	  0.201777	  0.000077	  0.395261	
  0.000077	  0.798068	  0.000077	  0.201777	
  0.023657	  0.023657	  0.724305	  0.228381	
  0.124272	  0.330831	  0.420625	  0.124272	

URL http://cisbp.ccbr.utoronto.ca/TFreport.php?versionNumber=2.00&searchTF=T291104_2.00

MOTIF M00874_2.00 (PDK_20s1662851g001)_(Arabidopsis_thaliana)_(DBD_0.92)

letter-probability matrix: alength= 4 w= 7 nsites= 1 E= 0
  0.297316	  0.201300	  0.359530	  0.141854	
  0.335160	  0.176727	  0.274406	  0.213707	
  0.477536	  0.090798	  0.172197	  0.259469	
  0.915843	  0.004305	  0.044694	  0.035158	
  0.074325	  0.014857	  0.005357	  0.905461	
  0.161206	  0.568320	  0.095840	  0.174633	
  0.184011	  0.280057	  0.213790	  0.322142	

URL http://cisbp.ccbr.utoronto.ca/TFreport.php?versionNumber=2.00&searchTF=T291186_2.00

MOTIF M00877_2.00 (PDK_20s1844641g001)_(Arabidopsis_thaliana)_(DBD_0.91)

letter-probability matrix: alength= 4 w= 9 nsites= 1 E= 0
  0.185199	  0.317803	  0.194694	  0.302304	
  0.778645	  0.000277	  0.118814	  0.102264	
  0.353245	  0.462738	  0.069907	  0.114110	
  0.000060	  0.914173	  0.084607	  0.001160	
  0.269503	  0.211999	  0.220651	  0.297847	
  0.425775	  0.111487	  0.282566	  0.180172	
  0.341786	  0.389236	  0.094084	  0.174895	
  0.211015	  0.388359	  0.124204	  0.276422	
  0.252103	  0.230404	  0.270382	  0.247111	

URL http://cisbp.ccbr.utoronto.ca/TFreport.php?versionNumber=2.00&searchTF=T291207_2.00

MOTIF M00882_2.00 (PDK_20s1388491g004)_(Arabidopsis_thaliana)_(DBD_0.79)

letter-probability matrix: alength= 4 w= 10 nsites= 1 E= 0
  0.149434	  0.294964	  0.275023	  0.280579	
  0.225904	  0.270456	  0.273174	  0.230467	
  0.165608	  0.340230	  0.167272	  0.326890	
  0.762395	  0.089699	  0.062581	  0.085325	
  0.309605	  0.623467	  0.065059	  0.001869	
  0.050240	  0.801767	  0.142141	  0.005852	
  0.286254	  0.122349	  0.137948	  0.453448	
  0.754695	  0.053320	  0.132464	  0.059520	
  0.388169	  0.534558	  0.005649	  0.071625	
  0.118059	  0.503298	  0.107898	  0.270746	

URL http://cisbp.ccbr.utoronto.ca/TFreport.php?versionNumber=2.00&searchTF=T291127_2.00

MOTIF M00890_2.00 (PDK_20s1781371g001)_(Arabidopsis_thaliana)_(DBD_0.77)

letter-probability matrix: alength= 4 w= 8 nsites= 1 E= 0
  0.795635	  0.001984	  0.001984	  0.200397	
  0.996681	  0.001106	  0.001106	  0.001106	
  0.001106	  0.001106	  0.001106	  0.996681	
  0.664823	  0.111726	  0.111726	  0.111726	
  0.775442	  0.001106	  0.001106	  0.222345	
  0.111726	  0.001106	  0.001106	  0.886062	
  0.554204	  0.111726	  0.001106	  0.332965	
  0.996269	  0.001244	  0.001244	  0.001244	

URL http://cisbp.ccbr.utoronto.ca/TFreport.php?versionNumber=2.00&searchTF=T335308_2.00

MOTIF M01052_2.00 (PDK_20s1433571g001)_(Arabidopsis_thaliana)_(DBD_0.98)

letter-probability matrix: alength= 4 w= 10 nsites= 1 E= 0
  0.304312	  0.231896	  0.231896	  0.231896	
  0.299252	  0.134777	  0.359742	  0.206229	
  0.000039	  0.999882	  0.000039	  0.000039	
  0.999882	  0.000039	  0.000039	  0.000039	
  0.000039	  0.999882	  0.000039	  0.000039	
  0.000039	  0.000039	  0.999882	  0.000039	
  0.000039	  0.000039	  0.000039	  0.999882	
  0.000039	  0.000039	  0.999882	  0.000039	
  0.090411	  0.808940	  0.082505	  0.018143	
  0.212500	  0.338255	  0.237241	  0.212004	

URL http://cisbp.ccbr.utoronto.ca/TFreport.php?versionNumber=2.00&searchTF=T052244_2.00

MOTIF M01088_2.00 (PDK_20s1436981g002)_(Arabidopsis_thaliana)_(DBD_0.84)

letter-probability matrix: alength= 4 w= 10 nsites= 1 E= 0
  0.359548	  0.163179	  0.315718	  0.161555	
  0.113225	  0.159076	  0.149812	  0.577887	
  0.087229	  0.062711	  0.014133	  0.835926	
  0.294546	  0.047724	  0.587242	  0.070488	
  0.045469	  0.834674	  0.011325	  0.108532	
  0.905347	  0.024986	  0.049815	  0.019852	
  0.090793	  0.779442	  0.050835	  0.078931	
  0.098747	  0.519341	  0.073154	  0.308759	
  0.329849	  0.264710	  0.218904	  0.186538	
  0.238820	  0.294627	  0.220459	  0.246093	

URL http://cisbp.ccbr.utoronto.ca/TFreport.php?versionNumber=2.00&searchTF=T351826_2.00

MOTIF M01090_2.00 (PDK_20s1521921g002)_(Arabidopsis_thaliana)_(DBD_0.75)

letter-probability matrix: alength= 4 w= 9 nsites= 1 E= 0
  0.426335	  0.115034	  0.401507	  0.057124	
  0.007902	  0.000086	  0.979618	  0.012393	
  0.000409	  0.000393	  0.001266	  0.997932	
  0.045912	  0.950250	  0.001386	  0.002452	
  0.895975	  0.055585	  0.009659	  0.038780	
  0.895657	  0.007520	  0.075759	  0.021064	
  0.084755	  0.706102	  0.056247	  0.152896	
  0.136430	  0.193603	  0.485806	  0.184161	
  0.204341	  0.314124	  0.262378	  0.219157	

URL http://cisbp.ccbr.utoronto.ca/TFreport.php?versionNumber=2.00&searchTF=T357214_2.00

MOTIF M01095_2.00 (PDK_20s1757341g001)_(Cannabis_sativa)_(DBD_0.75)

letter-probability matrix: alength= 4 w= 10 nsites= 1 E= 0
  0.252836	  0.279427	  0.191090	  0.276647	
  0.247369	  0.296155	  0.249855	  0.206620	
  0.229735	  0.300945	  0.269597	  0.199722	
  0.130951	  0.130951	  0.668356	  0.069743	
  0.063344	  0.670877	  0.165436	  0.100342	
  0.109389	  0.784393	  0.028358	  0.077860	
  0.152323	  0.003374	  0.817299	  0.027005	
  0.108163	  0.568860	  0.167945	  0.155033	
  0.067400	  0.812932	  0.045180	  0.074489	
  0.274887	  0.283259	  0.283259	  0.158596	

URL http://cisbp.ccbr.utoronto.ca/TFreport.php?versionNumber=2.00&searchTF=T010352_2.00

MOTIF M01097_2.00 (PDK_20s1493381g003)_(Cannabis_sativa)_(DBD_0.94)

letter-probability matrix: alength= 4 w= 9 nsites= 1 E= 0
  0.138239	  0.346882	  0.272867	  0.242011	
  0.190987	  0.534968	  0.166036	  0.108008	
  0.608475	  0.002140	  0.384120	  0.005264	
  0.000376	  0.993425	  0.005059	  0.001140	
  0.000934	  0.994484	  0.000044	  0.004537	
  0.010438	  0.001546	  0.977987	  0.010029	
  0.441186	  0.411359	  0.042926	  0.104529	
  0.075346	  0.790043	  0.031883	  0.102728	
  0.367281	  0.227267	  0.086153	  0.319299	

URL http://cisbp.ccbr.utoronto.ca/TFreport.php?versionNumber=2.00&searchTF=T010342_2.00

MOTIF M01120_2.00 (PDK_20s1306831g002)_(Cannabis_sativa)_(DBD_0.96)

letter-probability matrix: alength= 4 w= 8 nsites= 1 E= 0
  0.083887	  0.582226	  0.083887	  0.250000	
  0.000525	  0.998424	  0.000525	  0.000525	
  0.998424	  0.000525	  0.000525	  0.000525	
  0.000525	  0.998424	  0.000525	  0.000525	
  0.000525	  0.000525	  0.998424	  0.000525	
  0.000525	  0.000525	  0.000525	  0.998424	
  0.000525	  0.000525	  0.998424	  0.000525	
  0.285613	  0.570513	  0.071937	  0.071937	

URL http://cisbp.ccbr.utoronto.ca/TFreport.php?versionNumber=2.00&searchTF=T052218_2.00

MOTIF M01124_2.00 (PDK_20s1464821g001)_(Cannabis_sativa)_(DBD_0.70)

letter-probability matrix: alength= 4 w= 8 nsites= 1 E= 0
  0.001244	  0.125622	  0.871891	  0.001244	
  0.000996	  0.997012	  0.000996	  0.000996	
  0.997012	  0.000996	  0.000996	  0.000996	
  0.000996	  0.997012	  0.000996	  0.000996	
  0.000996	  0.000996	  0.997012	  0.000996	
  0.000996	  0.000996	  0.000996	  0.997012	
  0.000996	  0.000996	  0.997012	  0.000996	
  0.332781	  0.167219	  0.498344	  0.001656	

URL http://cisbp.ccbr.utoronto.ca/TFreport.php?versionNumber=2.00&searchTF=T052248_2.00

MOTIF M01125_2.00 (PDK_20s1427741g002)_(Cannabis_sativa)_(DBD_0.74)

letter-probability matrix: alength= 4 w= 10 nsites= 1 E= 0
  0.290575	  0.295614	  0.173215	  0.240596	
  0.190847	  0.120486	  0.628755	  0.059912	
  0.000051	  0.999848	  0.000051	  0.000051	
  0.999848	  0.000051	  0.000051	  0.000051	
  0.000051	  0.999848	  0.000051	  0.000051	
  0.000051	  0.000051	  0.999848	  0.000051	
  0.000051	  0.000051	  0.000051	  0.999848	
  0.000051	  0.000051	  0.999848	  0.000051	
  0.076836	  0.255283	  0.137410	  0.530472	
  0.190138	  0.263835	  0.286160	  0.259866	

URL http://cisbp.ccbr.utoronto.ca/TFreport.php?versionNumber=2.00&searchTF=T052243_2.00

MOTIF M01153_2.00 (PDK_20s1367981g001)_(Cannabis_sativa)_(DBD_0.91)

letter-probability matrix: alength= 4 w= 11 nsites= 1 E= 0
  0.226355	  0.226355	  0.320934	  0.226355	
  0.186077	  0.260466	  0.186077	  0.367379	
  0.086039	  0.163171	  0.664750	  0.086039	
  0.839964	  0.159736	  0.000150	  0.000150	
  0.000150	  0.922419	  0.000150	  0.077281	
  0.917250	  0.000150	  0.082451	  0.000150	
  0.077281	  0.000150	  0.922419	  0.000150	
  0.077281	  0.840118	  0.082451	  0.000150	
  0.023794	  0.023794	  0.106096	  0.846316	
  0.317097	  0.064073	  0.477626	  0.141204	
  0.246412	  0.164110	  0.281119	  0.308359	

URL http://cisbp.ccbr.utoronto.ca/TFreport.php?versionNumber=2.00&searchTF=T073492_2.00

MOTIF M01154_2.00 (PDK_20s1482361g001)_(Cannabis_sativa)_(DBD_0.86)

letter-probability matrix: alength= 4 w= 10 nsites= 1 E= 0
  0.207637	  0.374574	  0.231780	  0.186008	
  0.174524	  0.296505	  0.159503	  0.369468	
  0.179985	  0.219834	  0.344769	  0.255411	
  0.560855	  0.106640	  0.181175	  0.151330	
  0.031341	  0.648673	  0.156793	  0.163192	
  0.116412	  0.109633	  0.711331	  0.062623	
  0.093377	  0.131189	  0.042804	  0.732630	
  0.167926	  0.048595	  0.667488	  0.115992	
  0.074228	  0.124853	  0.458123	  0.342797	
  0.268273	  0.358527	  0.215294	  0.157907	

URL http://cisbp.ccbr.utoronto.ca/TFreport.php?versionNumber=2.00&searchTF=T073509_2.00

MOTIF M01155_2.00 (PDK_20s1703151g002)_(Cannabis_sativa)_(DBD_1.00)

letter-probability matrix: alength= 4 w= 10 nsites= 1 E= 0
  0.217604	  0.253155	  0.282338	  0.246903	
  0.295478	  0.243192	  0.282871	  0.178459	
  0.000014	  0.000014	  0.000014	  0.999958	
  0.000014	  0.000014	  0.999958	  0.000014	
  0.999958	  0.000014	  0.000014	  0.000014	
  0.000014	  0.999958	  0.000014	  0.000014	
  0.000014	  0.000014	  0.999958	  0.000014	
  0.000014	  0.000014	  0.000014	  0.999958	
  0.265769	  0.669411	  0.032410	  0.032410	
  0.711390	  0.071555	  0.109812	  0.107243	

URL http://cisbp.ccbr.utoronto.ca/TFreport.php?versionNumber=2.00&searchTF=T073528_2.00

MOTIF M01159_2.00 (PDK_20s1312701g003)_(Cannabis_sativa)_(DBD_0.84)

letter-probability matrix: alength= 4 w= 13 nsites= 1 E= 0
  0.227379	  0.227379	  0.227379	  0.317864	
  0.301390	  0.202708	  0.293194	  0.202708	
  0.202708	  0.202708	  0.202708	  0.391875	
  0.202708	  0.202708	  0.202708	  0.391875	
  0.347050	  0.063248	  0.161972	  0.427730	
  0.725392	  0.100069	  0.090041	  0.084499	
  0.279049	  0.621962	  0.000154	  0.098835	
  0.815016	  0.094789	  0.000154	  0.090041	
  0.112662	  0.022775	  0.657528	  0.207035	
  0.147360	  0.663113	  0.047445	  0.142081	
  0.131790	  0.047445	  0.047445	  0.773319	
  0.321593	  0.047445	  0.488881	  0.142081	
  0.186906	  0.186906	  0.307608	  0.318580	

URL http://cisbp.ccbr.utoronto.ca/TFreport.php?versionNumber=2.00&searchTF=T073484_2.00

MOTIF M01160_2.00 (PDK_20s1368181g001)_(Cannabis_sativa)_(DBD_0.77)

letter-probability matrix: alength= 4 w= 10 nsites= 1 E= 0
  0.373896	  0.117211	  0.250630	  0.258263	
  0.132714	  0.167033	  0.272651	  0.427602	
  0.045729	  0.047596	  0.540634	  0.366040	
  0.268831	  0.716289	  0.014645	  0.000236	
  0.016751	  0.942443	  0.001614	  0.039192	
  0.960392	  0.000777	  0.037613	  0.001218	
  0.052931	  0.787600	  0.100383	  0.059086	
  0.088521	  0.064279	  0.831506	  0.015693	
  0.050501	  0.049008	  0.027440	  0.873051	
  0.277511	  0.218298	  0.452985	  0.051206	

URL http://cisbp.ccbr.utoronto.ca/TFreport.php?versionNumber=2.00&searchTF=T073493_2.00

MOTIF M01163_2.00 (PDK_20s1522421g002)_(Cannabis_sativa)_(DBD_0.91)

letter-probability matrix: alength= 4 w= 8 nsites= 1 E= 0
  0.037352	  0.037352	  0.703033	  0.222263	
  0.743084	  0.205174	  0.000256	  0.051486	
  0.000244	  0.926170	  0.024610	  0.048977	
  0.999269	  0.000244	  0.000244	  0.000244	
  0.048977	  0.000244	  0.950536	  0.000244	
  0.000244	  0.950536	  0.000244	  0.048977	
  0.000270	  0.000270	  0.000270	  0.999190	
  0.185281	  0.111317	  0.666050	  0.037352	

URL http://cisbp.ccbr.utoronto.ca/TFreport.php?versionNumber=2.00&searchTF=T073515_2.00

MOTIF M01238_2.00 (PDK_20s1907321g001)_(Arabidopsis_thaliana)_(DBD_0.94)

letter-probability matrix: alength= 4 w= 9 nsites= 1 E= 0
  0.250511	  0.219973	  0.258140	  0.271376	
  0.169952	  0.220416	  0.152249	  0.457382	
  0.117214	  0.071809	  0.667811	  0.143166	
  0.946665	  0.000679	  0.000567	  0.052089	
  0.098251	  0.711604	  0.000051	  0.190094	
  0.375280	  0.188231	  0.259219	  0.177270	
  0.147800	  0.173445	  0.356332	  0.322422	
  0.167061	  0.295409	  0.307465	  0.230065	
  0.220996	  0.241808	  0.194055	  0.343141	

URL http://cisbp.ccbr.utoronto.ca/TFreport.php?versionNumber=2.00&searchTF=T231037_2.00

MOTIF M01253_2.00 (PDK_20s1402391g002)_(Cannabis_sativa)_(DBD_0.72)

letter-probability matrix: alength= 4 w= 10 nsites= 1 E= 0
  0.212854	  0.287323	  0.276057	  0.223767	
  0.146187	  0.248361	  0.245890	  0.359561	
  0.416454	  0.049988	  0.095753	  0.437806	
  0.092513	  0.269710	  0.013031	  0.624746	
  0.205513	  0.128446	  0.569929	  0.096112	
  0.495590	  0.269279	  0.123439	  0.111692	
  0.510319	  0.074816	  0.236284	  0.178580	
  0.059291	  0.171135	  0.318128	  0.451446	
  0.292925	  0.208495	  0.317322	  0.181257	
  0.202646	  0.302312	  0.164261	  0.330782	

URL http://cisbp.ccbr.utoronto.ca/TFreport.php?versionNumber=2.00&searchTF=T231013_2.00

MOTIF M01254_2.00 (PDK_20s1302101g001)_(Cannabis_sativa)_(DBD_0.79)

letter-probability matrix: alength= 4 w= 10 nsites= 1 E= 0
  0.293897	  0.185532	  0.217724	  0.302847	
  0.223487	  0.175801	  0.310864	  0.289847	
  0.139416	  0.098245	  0.050778	  0.711561	
  0.025658	  0.028929	  0.929694	  0.015719	
  0.963786	  0.000254	  0.000055	  0.035905	
  0.020795	  0.929539	  0.001015	  0.048652	
  0.542693	  0.106330	  0.253799	  0.097178	
  0.091696	  0.094489	  0.496947	  0.316867	
  0.123305	  0.381710	  0.328541	  0.166444	
  0.222167	  0.209229	  0.159721	  0.408883	

URL http://cisbp.ccbr.utoronto.ca/TFreport.php?versionNumber=2.00&searchTF=T230992_2.00

MOTIF M01264_2.00 (PDK_20s1345831g002)_(Cannabis_sativa)_(DBD_0.79)

letter-probability matrix: alength= 4 w= 10 nsites= 1 E= 0
  0.105233	  0.253705	  0.119842	  0.521220	
  0.145543	  0.060369	  0.036251	  0.757838	
  0.803828	  0.023793	  0.107704	  0.064676	
  0.980298	  0.013983	  0.000091	  0.005629	
  0.006742	  0.961310	  0.001431	  0.030517	
  0.035342	  0.642318	  0.015880	  0.306459	
  0.332032	  0.352564	  0.180410	  0.134994	
  0.234118	  0.231789	  0.297622	  0.236471	
  0.420354	  0.141330	  0.278968	  0.159349	
  0.181155	  0.295703	  0.357578	  0.165563	

URL http://cisbp.ccbr.utoronto.ca/TFreport.php?versionNumber=2.00&searchTF=T251242_2.00

MOTIF M01267_2.00 (PDK_20s1473891g001)_(Arabidopsis_thaliana)_(DBD_0.80)

letter-probability matrix: alength= 4 w= 10 nsites= 1 E= 0
  0.324006	  0.230618	  0.221575	  0.223802	
  0.200734	  0.284855	  0.183457	  0.330954	
  0.546855	  0.266183	  0.178428	  0.008535	
  0.040197	  0.799355	  0.124438	  0.036010	
  0.036611	  0.000069	  0.963287	  0.000032	
  0.000054	  0.999922	  0.000017	  0.000006	
  0.001437	  0.000085	  0.680317	  0.318161	
  0.061961	  0.718024	  0.119881	  0.100133	
  0.080213	  0.610752	  0.159923	  0.149111	
  0.271466	  0.222257	  0.197124	  0.309153	

URL http://cisbp.ccbr.utoronto.ca/TFreport.php?versionNumber=2.00&searchTF=T291148_2.00

MOTIF M01278_2.00 (PDK_20s1379531g004)_(Cannabis_sativa)_(DBD_0.89)

letter-probability matrix: alength= 4 w= 9 nsites= 1 E= 0
  0.388551	  0.179904	  0.202841	  0.228703	
  0.081012	  0.008711	  0.816153	  0.094123	
  0.942664	  0.010899	  0.028466	  0.017970	
  0.013140	  0.011310	  0.007140	  0.968411	
  0.350195	  0.239485	  0.080519	  0.329801	
  0.110938	  0.468236	  0.077399	  0.343427	
  0.203757	  0.157107	  0.427062	  0.212073	
  0.228436	  0.270766	  0.265405	  0.235393	
  0.239389	  0.249159	  0.188310	  0.323142	

URL http://cisbp.ccbr.utoronto.ca/TFreport.php?versionNumber=2.00&searchTF=T291123_2.00

MOTIF M01279_2.00 (PDK_20s1371143g001)_(Cannabis_sativa)_(DBD_0.76)

letter-probability matrix: alength= 4 w= 10 nsites= 1 E= 0
  0.138518	  0.287436	  0.085713	  0.488334	
  0.985369	  0.000224	  0.012466	  0.001941	
  0.926257	  0.058041	  0.007108	  0.008595	
  0.003541	  0.986708	  0.000504	  0.009248	
  0.035960	  0.080834	  0.798228	  0.084978	
  0.112592	  0.024138	  0.701888	  0.161382	
  0.213897	  0.266532	  0.113920	  0.405651	
  0.288297	  0.312308	  0.108201	  0.291194	
  0.363881	  0.216335	  0.180698	  0.239087	
  0.265702	  0.228692	  0.209009	  0.296597	

URL http://cisbp.ccbr.utoronto.ca/TFreport.php?versionNumber=2.00&searchTF=T291119_2.00

MOTIF M01281_2.00 (PDK_20s1306131g002)_(Cannabis_sativa)_(DBD_0.90)

letter-probability matrix: alength= 4 w= 8 nsites= 1 E= 0
  0.150067	  0.483178	  0.050133	  0.316622	
  0.999663	  0.000112	  0.000112	  0.000112	
  0.123763	  0.845115	  0.010408	  0.020713	
  0.000101	  0.979503	  0.000101	  0.020295	
  0.282815	  0.070779	  0.000101	  0.646305	
  0.999697	  0.000101	  0.000101	  0.000101	
  0.260412	  0.739379	  0.000104	  0.000104	
  0.054901	  0.616238	  0.013828	  0.315033	

URL http://cisbp.ccbr.utoronto.ca/TFreport.php?versionNumber=2.00&searchTF=T291083_2.00

MOTIF M01283_2.00 (PDK_20s1498711g001)_(Cannabis_sativa)_(DBD_0.98)

letter-probability matrix: alength= 4 w= 10 nsites= 1 E= 0
  0.384152	  0.148567	  0.196574	  0.270707	
  0.558330	  0.069058	  0.063114	  0.309497	
  0.269366	  0.349349	  0.098108	  0.283177	
  0.960051	  0.005089	  0.020025	  0.014835	
  0.027536	  0.012623	  0.010756	  0.949085	
  0.070529	  0.028963	  0.032656	  0.867852	
  0.041568	  0.904445	  0.014840	  0.039147	
  0.032252	  0.417203	  0.137493	  0.413052	
  0.243880	  0.286196	  0.197685	  0.272238	
  0.180086	  0.274084	  0.164587	  0.381243	

URL http://cisbp.ccbr.utoronto.ca/TFreport.php?versionNumber=2.00&searchTF=T291152_2.00

MOTIF M01290_2.00 (PDK_20s1410211g002)_(Cannabis_sativa)_(DBD_0.79)

letter-probability matrix: alength= 4 w= 10 nsites= 1 E= 0
  0.299710	  0.119440	  0.222031	  0.358818	
  0.142989	  0.302708	  0.169486	  0.384817	
  0.695945	  0.087818	  0.067039	  0.149198	
  0.235935	  0.530361	  0.073962	  0.159742	
  0.237979	  0.068182	  0.513979	  0.179861	
  0.241801	  0.402669	  0.130076	  0.225454	
  0.295650	  0.234904	  0.115489	  0.353957	
  0.421721	  0.119623	  0.161474	  0.297182	
  0.221262	  0.375909	  0.148316	  0.254512	
  0.326470	  0.259391	  0.157329	  0.256810	

URL http://cisbp.ccbr.utoronto.ca/TFreport.php?versionNumber=2.00&searchTF=T299517_2.00

MOTIF M01291_2.00 (PDK_20s1433691g002)_(Cannabis_sativa)_(DBD_0.90)

letter-probability matrix: alength= 4 w= 10 nsites= 1 E= 0
  0.205338	  0.211592	  0.261036	  0.322034	
  0.253176	  0.266157	  0.195212	  0.285455	
  0.328461	  0.189505	  0.248245	  0.233789	
  0.184393	  0.342773	  0.180742	  0.292092	
  0.666049	  0.141368	  0.070907	  0.121676	
  0.328327	  0.470600	  0.106060	  0.095013	
  0.182574	  0.102223	  0.511401	  0.203803	
  0.203361	  0.342058	  0.215936	  0.238646	
  0.353096	  0.248822	  0.117535	  0.280546	
  0.585755	  0.078485	  0.115920	  0.219840	

URL http://cisbp.ccbr.utoronto.ca/TFreport.php?versionNumber=2.00&searchTF=T299519_2.00

MOTIF M01314_2.00 (PDK_20s1689851g001)_(Cannabis_sativa)_(DBD_0.38)

letter-probability matrix: alength= 4 w= 8 nsites= 1 E= 0
  0.002475	  0.002475	  0.992574	  0.002475	
  0.002475	  0.002475	  0.992574	  0.002475	
  0.002475	  0.002475	  0.992574	  0.002475	
  0.002475	  0.745050	  0.250000	  0.002475	
  0.002475	  0.992574	  0.002475	  0.002475	
  0.002475	  0.992574	  0.002475	  0.002475	
  0.250000	  0.745050	  0.002475	  0.002475	
  0.002475	  0.745050	  0.250000	  0.002475	

URL http://cisbp.ccbr.utoronto.ca/TFreport.php?versionNumber=2.00&searchTF=T345139_2.00

MOTIF M01321_2.00 (PDK_20s1367641g001)_(Ciona_intestinalis)_(DBD_0.21)

letter-probability matrix: alength= 4 w= 9 nsites= 1 E= 0
  0.376035	  0.194354	  0.212657	  0.216953	
  0.454381	  0.107656	  0.216792	  0.221171	
  0.137399	  0.086737	  0.067551	  0.708313	
  0.109833	  0.055643	  0.046944	  0.787579	
  0.012137	  0.537147	  0.052787	  0.397928	
  0.713480	  0.021119	  0.242294	  0.023107	
  0.855693	  0.015362	  0.033179	  0.095766	
  0.786029	  0.054981	  0.101189	  0.057800	
  0.279467	  0.282276	  0.129397	  0.308859	

URL http://cisbp.ccbr.utoronto.ca/TFreport.php?versionNumber=2.00&searchTF=T346215_2.00

MOTIF M01325_2.00 (PDK_20s1746561g001)_(Cannabis_sativa)_(DBD_0.85)

letter-probability matrix: alength= 4 w= 8 nsites= 1 E= 0
  0.303533	  0.196467	  0.178622	  0.321378	
  0.392333	  0.012778	  0.594762	  0.000127	
  0.000101	  0.000101	  0.969406	  0.030392	
  0.020295	  0.000101	  0.030392	  0.949212	
  0.020295	  0.949212	  0.030392	  0.000101	
  0.999697	  0.000101	  0.000101	  0.000101	
  0.999684	  0.000105	  0.000105	  0.000105	
  0.434676	  0.376738	  0.058082	  0.130504	

URL http://cisbp.ccbr.utoronto.ca/TFreport.php?versionNumber=2.00&searchTF=T357226_2.00

MOTIF M01565_2.00 (PDK_20s1437671g003)_(Saccharomyces_cerevisiae)_(DBD_0.49)

letter-probability matrix: alength= 4 w= 10 nsites= 1 E= 0
  0.275621	  0.196179	  0.184754	  0.343445	
  0.239066	  0.197698	  0.157078	  0.406158	
  0.351405	  0.065493	  0.118148	  0.464954	
  0.275882	  0.145470	  0.109944	  0.468704	
  0.465587	  0.103886	  0.064283	  0.366244	
  0.343551	  0.084719	  0.502369	  0.069362	
  0.039893	  0.339069	  0.050714	  0.570324	
  0.299986	  0.072511	  0.434301	  0.193202	
  0.212492	  0.210378	  0.364638	  0.212492	
  0.183038	  0.221338	  0.419764	  0.175861	

URL http://cisbp.ccbr.utoronto.ca/TFreport.php?versionNumber=2.00&searchTF=T335304_2.00

MOTIF M01567_2.00 (PDK_20s1715251g002)_(Saccharomyces_cerevisiae)_(DBD_0.86)

letter-probability matrix: alength= 4 w= 7 nsites= 1 E= 0
  0.315311	  0.189343	  0.207174	  0.288172	
  0.345705	  0.141966	  0.211788	  0.300541	
  0.271982	  0.110580	  0.155359	  0.462079	
  0.583542	  0.000869	  0.110954	  0.304636	
  0.219565	  0.006434	  0.188981	  0.585020	
  0.934996	  0.000354	  0.051964	  0.012687	
  0.422777	  0.000471	  0.095282	  0.481470	

URL http://cisbp.ccbr.utoronto.ca/TFreport.php?versionNumber=2.00&searchTF=T343300_2.00

MOTIF M01629_2.00 (PDK_20s1354201g001)_(Arabidopsis_thaliana)_(DBD_0.90)

letter-probability matrix: alength= 4 w= 10 nsites= 1 E= 0
  0.178678	  0.349179	  0.274674	  0.197470	
  0.255958	  0.443639	  0.173298	  0.127105	
  0.074895	  0.028677	  0.885447	  0.010980	
  0.036587	  0.764852	  0.143981	  0.054581	
  0.103240	  0.801957	  0.041974	  0.052829	
  0.112874	  0.082787	  0.747155	  0.057184	
  0.181955	  0.413129	  0.119553	  0.285363	
  0.276532	  0.455924	  0.092975	  0.174570	
  0.387096	  0.208236	  0.192226	  0.212443	
  0.286170	  0.212000	  0.191826	  0.310004	

URL http://cisbp.ccbr.utoronto.ca/TFreport.php?versionNumber=2.00&searchTF=T010337_2.00

MOTIF M01697_2.00 (PDK_20s1410001g001)_(Arabidopsis_thaliana)_(DBD_0.81)

letter-probability matrix: alength= 4 w= 9 nsites= 1 E= 0
  0.270286	  0.232638	  0.204278	  0.292798	
  0.224984	  0.258793	  0.106275	  0.409948	
  0.004011	  0.000000	  0.089936	  0.906053	
  0.038180	  0.001408	  0.899931	  0.060480	
  0.000090	  0.012865	  0.000229	  0.986816	
  0.053557	  0.863282	  0.001650	  0.081511	
  0.061072	  0.027441	  0.797958	  0.113529	
  0.121391	  0.138244	  0.651331	  0.089034	
  0.227842	  0.336519	  0.216730	  0.218909	

URL http://cisbp.ccbr.utoronto.ca/TFreport.php?versionNumber=2.00&searchTF=T024465_2.00

MOTIF M01698_2.00 (PDK_20s1668561g001)_(Arabidopsis_thaliana)_(DBD_0.76)

letter-probability matrix: alength= 4 w= 8 nsites= 1 E= 0
  0.532580	  0.266622	  0.067154	  0.133644	
  0.000416	  0.998752	  0.000416	  0.000416	
  0.998752	  0.000416	  0.000416	  0.000416	
  0.000416	  0.998752	  0.000416	  0.000416	
  0.000416	  0.000416	  0.998752	  0.000416	
  0.000416	  0.000416	  0.000416	  0.998752	
  0.000416	  0.000416	  0.998752	  0.000416	
  0.222284	  0.444013	  0.277716	  0.055987	

URL http://cisbp.ccbr.utoronto.ca/TFreport.php?versionNumber=2.00&searchTF=T052273_2.00

MOTIF M01699_2.00 (PDK_20s1377121g004)_(Arabidopsis_thaliana)_(DBD_0.62)

letter-probability matrix: alength= 4 w= 10 nsites= 1 E= 0
  0.266536	  0.276659	  0.209724	  0.247081	
  0.259609	  0.198312	  0.365220	  0.176859	
  0.115829	  0.853161	  0.003499	  0.027512	
  0.853318	  0.012182	  0.073662	  0.060837	
  0.013981	  0.855506	  0.000019	  0.130494	
  0.130494	  0.000019	  0.855506	  0.013981	
  0.060837	  0.073662	  0.012182	  0.853318	
  0.027512	  0.003499	  0.853161	  0.115829	
  0.176859	  0.365220	  0.198312	  0.259609	
  0.247081	  0.209724	  0.276659	  0.266536	

URL http://cisbp.ccbr.utoronto.ca/TFreport.php?versionNumber=2.00&searchTF=T052237_2.00

MOTIF M01713_2.00 (PDK_20s1612611g001)_(Arabidopsis_thaliana)_(DBD_0.90)

letter-probability matrix: alength= 4 w= 8 nsites= 1 E= 0
  0.009615	  0.009615	  0.971154	  0.009615	
  0.009615	  0.971154	  0.009615	  0.009615	
  0.971154	  0.009615	  0.009615	  0.009615	
  0.009615	  0.971154	  0.009615	  0.009615	
  0.009615	  0.009615	  0.971154	  0.009615	
  0.009615	  0.009615	  0.009615	  0.971154	
  0.009615	  0.009615	  0.971154	  0.009615	
  0.009615	  0.971154	  0.009615	  0.009615	

URL http://cisbp.ccbr.utoronto.ca/TFreport.php?versionNumber=2.00&searchTF=T052268_2.00

MOTIF M01755_2.00 (PDK_20s1484071g001)_(Oryza_sativa)_(DBD_0.86)

letter-probability matrix: alength= 4 w= 9 nsites= 1 E= 0
  0.221115	  0.250179	  0.306228	  0.222477	
  0.000142	  0.999574	  0.000142	  0.000142	
  0.177014	  0.822701	  0.000142	  0.000142	
  0.999574	  0.000142	  0.000142	  0.000142	
  0.000142	  0.999574	  0.000142	  0.000142	
  0.000142	  0.000142	  0.000142	  0.999574	
  0.000142	  0.000142	  0.000142	  0.999574	
  0.000142	  0.000142	  0.999574	  0.000142	
  0.217847	  0.343012	  0.216602	  0.222539	

URL http://cisbp.ccbr.utoronto.ca/TFreport.php?versionNumber=2.00&searchTF=T052253_2.00

MOTIF M01775_2.00 (PDK_20s1584971g001)_(Arabidopsis_thaliana)_(DBD_0.77)

letter-probability matrix: alength= 4 w= 10 nsites= 1 E= 0
  0.126879	  0.288079	  0.114805	  0.470236	
  0.092572	  0.000049	  0.719089	  0.188290	
  0.570751	  0.427072	  0.002175	  0.000002	
  0.007997	  0.971697	  0.000038	  0.020268	
  0.936294	  0.035943	  0.003428	  0.024335	
  0.213387	  0.009807	  0.767477	  0.009329	
  0.024153	  0.681583	  0.076281	  0.217983	
  0.014037	  0.079976	  0.033173	  0.872814	
  0.188407	  0.077370	  0.664215	  0.070008	
  0.087413	  0.060379	  0.387858	  0.464350	

URL http://cisbp.ccbr.utoronto.ca/TFreport.php?versionNumber=2.00&searchTF=T073522_2.00

MOTIF M01783_2.00 (PDK_20s1372692g002)_(Arabidopsis_thaliana)_(DBD_0.73)

letter-probability matrix: alength= 4 w= 10 nsites= 1 E= 0
  0.194982	  0.331261	  0.073179	  0.400578	
  0.062566	  0.319327	  0.401905	  0.216203	
  0.863019	  0.035889	  0.054078	  0.047014	
  0.016012	  0.783149	  0.111422	  0.089418	
  0.057917	  0.135505	  0.756729	  0.049849	
  0.020596	  0.026183	  0.004505	  0.948716	
  0.045651	  0.000000	  0.954344	  0.000005	
  0.000119	  0.051604	  0.610088	  0.338188	
  0.279665	  0.535709	  0.102883	  0.081744	
  0.362040	  0.293464	  0.151677	  0.192819	

URL http://cisbp.ccbr.utoronto.ca/TFreport.php?versionNumber=2.00&searchTF=T073496_2.00

MOTIF M01858_2.00 (PDK_20s1313421g001)_(Arabidopsis_thaliana)_(DBD_0.87)

letter-probability matrix: alength= 4 w= 7 nsites= 1 E= 0
  0.298649	  0.192341	  0.251960	  0.257050	
  0.243080	  0.268645	  0.173017	  0.315258	
  0.330003	  0.307693	  0.149770	  0.212534	
  0.793061	  0.025943	  0.129788	  0.051208	
  0.001638	  0.557486	  0.344963	  0.095913	
  0.290094	  0.002387	  0.021982	  0.685538	
  0.240664	  0.260708	  0.243083	  0.255546	

URL http://cisbp.ccbr.utoronto.ca/TFreport.php?versionNumber=2.00&searchTF=T146554_2.00

MOTIF M01941_2.00 (PDK_20s1879741g001)_(Arabidopsis_thaliana)_(DBD_0.92)

letter-probability matrix: alength= 4 w= 7 nsites= 1 E= 0
  0.450341	  0.225880	  0.111053	  0.212726	
  0.001226	  0.003435	  0.957098	  0.038241	
  0.972237	  0.001615	  0.000368	  0.025780	
  0.000335	  0.000738	  0.000485	  0.998442	
  0.090259	  0.400489	  0.271154	  0.238099	
  0.285085	  0.194959	  0.240516	  0.279440	
  0.309814	  0.170029	  0.258778	  0.261379	

URL http://cisbp.ccbr.utoronto.ca/TFreport.php?versionNumber=2.00&searchTF=T197218_2.00

MOTIF M01946_2.00 (PDK_20s1323491g001)_(Arabidopsis_thaliana)_(DBD_0.90)

letter-probability matrix: alength= 4 w= 10 nsites= 1 E= 0
  0.263734	  0.155438	  0.281901	  0.298926	
  0.200036	  0.394523	  0.077146	  0.328295	
  0.497717	  0.154396	  0.294766	  0.053121	
  0.006064	  0.969144	  0.007305	  0.017486	
  0.022276	  0.080511	  0.028990	  0.868223	
  0.008523	  0.002417	  0.010071	  0.978989	
  0.005363	  0.003782	  0.010382	  0.980472	
  0.250488	  0.040592	  0.016082	  0.692838	
  0.149815	  0.150049	  0.092419	  0.607717	
  0.147759	  0.234835	  0.283880	  0.333526	

URL http://cisbp.ccbr.utoronto.ca/TFreport.php?versionNumber=2.00&searchTF=T172201_2.00

MOTIF M01968_2.00 (PDK_20s1576491g001)_(Physcomitrella_patens)_(DBD_0.89)

letter-probability matrix: alength= 4 w= 10 nsites= 1 E= 0
  0.233790	  0.138993	  0.425993	  0.201225	
  0.151778	  0.438088	  0.392454	  0.017680	
  0.020553	  0.048571	  0.839679	  0.091197	
  0.006893	  0.992712	  0.000031	  0.000364	
  0.013922	  0.000083	  0.985791	  0.000205	
  0.013288	  0.979343	  0.002765	  0.004604	
  0.083385	  0.551953	  0.224407	  0.140255	
  0.409276	  0.238505	  0.118438	  0.233782	
  0.379447	  0.181039	  0.122574	  0.316940	
  0.306627	  0.222657	  0.201468	  0.269248	

URL http://cisbp.ccbr.utoronto.ca/TFreport.php?versionNumber=2.00&searchTF=T174120_2.00

MOTIF M01970_2.00 (PDK_20s1301801g002)_(Oryza_sativa)_(DBD_0.81)

letter-probability matrix: alength= 4 w= 11 nsites= 1 E= 0
  0.202089	  0.303751	  0.202089	  0.292071	
  0.617933	  0.186925	  0.097571	  0.097571	
  0.020795	  0.020795	  0.937614	  0.020795	
  0.519310	  0.000126	  0.480439	  0.000126	
  0.000126	  0.000126	  0.000126	  0.999623	
  0.779146	  0.000126	  0.000126	  0.220603	
  0.000126	  0.999623	  0.000126	  0.000126	
  0.999623	  0.000126	  0.000126	  0.000126	
  0.048037	  0.048037	  0.048037	  0.855889	
  0.152555	  0.235264	  0.152555	  0.459626	
  0.229330	  0.312009	  0.229330	  0.229330	

URL http://cisbp.ccbr.utoronto.ca/TFreport.php?versionNumber=2.00&searchTF=T175427_2.00

MOTIF M02037_2.00 (PDK_20s1308201g001)_(Arabidopsis_thaliana)_(DBD_0.84)

letter-probability matrix: alength= 4 w= 10 nsites= 1 E= 0
  0.268741	  0.205152	  0.240748	  0.285359	
  0.218201	  0.201425	  0.285835	  0.294540	
  0.197705	  0.139320	  0.074947	  0.588028	
  0.079458	  0.040659	  0.776832	  0.103051	
  0.916758	  0.000074	  0.000002	  0.083166	
  0.063994	  0.811419	  0.004432	  0.120155	
  0.417885	  0.131001	  0.300427	  0.150687	
  0.145466	  0.134282	  0.379913	  0.340339	
  0.152994	  0.340493	  0.308091	  0.198422	
  0.223635	  0.221410	  0.167338	  0.387617	

URL http://cisbp.ccbr.utoronto.ca/TFreport.php?versionNumber=2.00&searchTF=T230995_2.00

MOTIF M02051_2.00 (PDK_20s1461121g001)_(Arabidopsis_thaliana)_(DBD_0.96)

letter-probability matrix: alength= 4 w= 10 nsites= 1 E= 0
  0.260303	  0.217424	  0.240290	  0.281983	
  0.262660	  0.188832	  0.296148	  0.252361	
  0.133012	  0.185015	  0.131688	  0.550285	
  0.036271	  0.033483	  0.872212	  0.058034	
  0.974389	  0.000237	  0.000048	  0.025325	
  0.032101	  0.887929	  0.000221	  0.079750	
  0.463371	  0.172178	  0.241901	  0.122551	
  0.098103	  0.155403	  0.457611	  0.288883	
  0.126687	  0.334193	  0.344370	  0.194750	
  0.215303	  0.228616	  0.167678	  0.388403	

URL http://cisbp.ccbr.utoronto.ca/TFreport.php?versionNumber=2.00&searchTF=T231020_2.00

MOTIF M02137_2.00 (PDK_20s1408301g001)_(Zea_mays)_(DBD_0.91)

letter-probability matrix: alength= 4 w= 8 nsites= 1 E= 0
  0.144988	  0.202926	  0.101535	  0.550550	
  0.042193	  0.000105	  0.010627	  0.947075	
  0.299980	  0.000100	  0.699820	  0.000100	
  0.989704	  0.000100	  0.000100	  0.010096	
  0.000100	  0.020092	  0.000100	  0.979708	
  0.000100	  0.000100	  0.010096	  0.989704	
  0.170491	  0.000114	  0.772490	  0.056906	
  0.499844	  0.156309	  0.234385	  0.109463	

URL http://cisbp.ccbr.utoronto.ca/TFreport.php?versionNumber=2.00&searchTF=T231014_2.00

MOTIF M02139_2.00 (PDK_20s1334792g001)_(Zea_mays)_(DBD_0.91)

letter-probability matrix: alength= 4 w= 8 nsites= 1 E= 0
  0.261893	  0.119172	  0.333254	  0.285680	
  0.015529	  0.046279	  0.000154	  0.938038	
  0.000132	  0.013282	  0.986454	  0.000132	
  0.973304	  0.000132	  0.000132	  0.026433	
  0.000132	  0.999605	  0.000132	  0.000132	
  0.599813	  0.040112	  0.319963	  0.040112	
  0.058082	  0.029114	  0.565035	  0.347769	
  0.019408	  0.538240	  0.346080	  0.096272	

URL http://cisbp.ccbr.utoronto.ca/TFreport.php?versionNumber=2.00&searchTF=T231000_2.00

MOTIF M02156_2.00 (PDK_20s1635431g001)_(Oryza_sativa)_(DBD_0.96)

letter-probability matrix: alength= 4 w= 8 nsites= 1 E= 0
  0.239939	  0.265173	  0.237551	  0.257336	
  0.233301	  0.260428	  0.224153	  0.282119	
  0.198407	  0.225952	  0.235173	  0.340468	
  0.213117	  0.194775	  0.376849	  0.215259	
  0.470476	  0.025630	  0.288226	  0.215669	
  0.169581	  0.484603	  0.097840	  0.247976	
  0.319610	  0.182564	  0.248913	  0.248913	
  0.223098	  0.220878	  0.275232	  0.280792	

URL http://cisbp.ccbr.utoronto.ca/TFreport.php?versionNumber=2.00&searchTF=T231027_2.00

MOTIF M02227_2.00 (PDK_20s1378761g001)_(Oikopleura_dioica)_(DBD_0.67)

letter-probability matrix: alength= 4 w= 8 nsites= 1 E= 0
  0.308789	  0.191211	  0.250000	  0.250000	
  0.009525	  0.037816	  0.000094	  0.952565	
  0.000083	  0.000083	  0.999752	  0.000083	
  0.958784	  0.000082	  0.000082	  0.041052	
  0.000082	  0.999754	  0.000082	  0.000082	
  0.950590	  0.000082	  0.049246	  0.000082	
  0.074832	  0.056147	  0.635370	  0.233651	
  0.132587	  0.277095	  0.397519	  0.192799	

URL http://cisbp.ccbr.utoronto.ca/TFreport.php?versionNumber=2.00&searchTF=T231009_2.00

MOTIF M02261_2.00 (PDK_20s1728161g001)_(Arabidopsis_thaliana)_(DBD_0.76)

letter-probability matrix: alength= 4 w= 10 nsites= 1 E= 0
  0.389733	  0.203458	  0.285848	  0.120960	
  0.472670	  0.110874	  0.244300	  0.172155	
  0.254581	  0.354114	  0.131581	  0.259724	
  0.197262	  0.370381	  0.366695	  0.065663	
  0.069990	  0.763836	  0.143790	  0.022384	
  0.064963	  0.140305	  0.775743	  0.018988	
  0.092794	  0.228237	  0.639307	  0.039662	
  0.213544	  0.300019	  0.355614	  0.130823	
  0.278886	  0.176056	  0.369002	  0.176056	
  0.302500	  0.179843	  0.293560	  0.224098	

URL http://cisbp.ccbr.utoronto.ca/TFreport.php?versionNumber=2.00&searchTF=T247468_2.00

MOTIF M02262_2.00 (PDK_20s1810211g001)_(Physcomitrella_patens)_(DBD_0.77)

letter-probability matrix: alength= 4 w= 10 nsites= 1 E= 0
  0.398276	  0.182572	  0.248923	  0.170229	
  0.415037	  0.148171	  0.177393	  0.259399	
  0.348590	  0.169677	  0.166317	  0.315417	
  0.293163	  0.177812	  0.125302	  0.403723	
  0.178670	  0.283027	  0.160059	  0.378245	
  0.266023	  0.302955	  0.341581	  0.089441	
  0.134815	  0.598186	  0.130830	  0.136170	
  0.001443	  0.048266	  0.950256	  0.000035	
  0.030460	  0.256313	  0.630429	  0.082798	
  0.301469	  0.208235	  0.225578	  0.264718	

URL http://cisbp.ccbr.utoronto.ca/TFreport.php?versionNumber=2.00&searchTF=T247469_2.00

MOTIF M02296_2.00 (PDK_20s1887621g001)_(Arabidopsis_thaliana)_(DBD_0.92)

letter-probability matrix: alength= 4 w= 10 nsites= 1 E= 0
  0.371858	  0.181003	  0.190283	  0.256855	
  0.609459	  0.091156	  0.156424	  0.142961	
  0.042918	  0.004218	  0.897204	  0.055661	
  0.977189	  0.000806	  0.000790	  0.021214	
  0.034212	  0.000282	  0.000065	  0.965441	
  0.320056	  0.234744	  0.021726	  0.423475	
  0.046766	  0.564058	  0.082695	  0.306481	
  0.098809	  0.138821	  0.465533	  0.296837	
  0.192166	  0.343216	  0.292469	  0.172149	
  0.218283	  0.207637	  0.168307	  0.405772	

URL http://cisbp.ccbr.utoronto.ca/TFreport.php?versionNumber=2.00&searchTF=T291209_2.00

MOTIF M02300_2.00 (PDK_20s1585631g001)_(Arabidopsis_thaliana)_(DBD_0.87)

letter-probability matrix: alength= 4 w= 10 nsites= 1 E= 0
  0.295568	  0.184731	  0.298539	  0.221163	
  0.155278	  0.378122	  0.248444	  0.218157	
  0.270223	  0.117830	  0.528079	  0.083868	
  0.300943	  0.220726	  0.197734	  0.280597	
  0.628233	  0.045737	  0.123089	  0.202940	
  0.873296	  0.017327	  0.005597	  0.103780	
  0.107489	  0.039940	  0.000739	  0.851832	
  0.137664	  0.709683	  0.074800	  0.077853	
  0.152817	  0.278451	  0.127644	  0.441088	
  0.336878	  0.216962	  0.239780	  0.206380	

URL http://cisbp.ccbr.utoronto.ca/TFreport.php?versionNumber=2.00&searchTF=T291176_2.00

MOTIF M02326_2.00 (PDK_20s1888511g002)_(Oryza_sativa)_(DBD_0.87)

letter-probability matrix: alength= 4 w= 10 nsites= 1 E= 0
  0.415578	  0.113258	  0.059720	  0.411443	
  0.534695	  0.024330	  0.369332	  0.071643	
  0.416399	  0.562080	  0.006764	  0.014756	
  0.025510	  0.962049	  0.001093	  0.011348	
  0.041408	  0.928420	  0.026669	  0.003503	
  0.010140	  0.000849	  0.000191	  0.988819	
  0.831795	  0.031931	  0.082565	  0.053709	
  0.373424	  0.131989	  0.388664	  0.105923	
  0.265650	  0.257799	  0.226372	  0.250180	
  0.241006	  0.255909	  0.220263	  0.282823	

URL http://cisbp.ccbr.utoronto.ca/TFreport.php?versionNumber=2.00&searchTF=T291210_2.00

MOTIF M02329_2.00 (PDK_20s1462141g001)_(Oryza_sativa)_(DBD_0.87)

letter-probability matrix: alength= 4 w= 10 nsites= 1 E= 0
  0.369683	  0.162820	  0.206985	  0.260511	
  0.565000	  0.085356	  0.112937	  0.236708	
  0.085466	  0.028166	  0.532785	  0.353583	
  0.865363	  0.003831	  0.109196	  0.021610	
  0.036584	  0.000657	  0.000198	  0.962562	
  0.190902	  0.169315	  0.247587	  0.392196	
  0.000865	  0.977504	  0.002237	  0.019395	
  0.048534	  0.388493	  0.260414	  0.302558	
  0.244885	  0.260028	  0.237647	  0.257440	
  0.230697	  0.262724	  0.188879	  0.317699	

URL http://cisbp.ccbr.utoronto.ca/TFreport.php?versionNumber=2.00&searchTF=T291145_2.00

MOTIF M02330_2.00 (PDK_20s1414244g001)_(Oryza_sativa)_(DBD_0.98)

letter-probability matrix: alength= 4 w= 9 nsites= 1 E= 0
  0.454430	  0.120186	  0.204189	  0.221195	
  0.575829	  0.155370	  0.133728	  0.135072	
  0.618195	  0.085354	  0.225158	  0.071293	
  0.193102	  0.012721	  0.078509	  0.715668	
