MEME version 5.5.8 (Fri May 2 15:43:49 2025 -0700)

ALPHABET= ACGT

strands: + -

Background letter frequencies (from uniform background):
A 0.25000 C 0.25000 G 0.25000 T 0.25000 

MOTIF M00726_2.00 e_gw1.87.73.1

letter-probability matrix: alength= 4 w= 10 nsites= 1 E= 0
  0.239472	  0.270004	  0.198033	  0.292491	
  0.357704	  0.210546	  0.194359	  0.237390	
  0.230071	  0.198024	  0.419217	  0.152687	
  0.430091	  0.023196	  0.413227	  0.133486	
  0.177508	  0.014865	  0.080561	  0.727066	
  0.379546	  0.073624	  0.223402	  0.323428	
  0.157762	  0.686144	  0.060406	  0.095688	
  0.574252	  0.086753	  0.193073	  0.145921	
  0.116242	  0.222666	  0.238811	  0.422281	
  0.232475	  0.239555	  0.246850	  0.281120	

URL http://cisbp.ccbr.utoronto.ca/TFreport.php?versionNumber=2.00&searchTF=T175308_2.00

MOTIF M00728_2.00 (e_gw1.31.28.1)_(Arabidopsis_thaliana)_(DBD_0.86)

letter-probability matrix: alength= 4 w= 8 nsites= 1 E= 0
  0.397219	  0.120842	  0.156724	  0.325215	
  0.091276	  0.058200	  0.034949	  0.815574	
  0.077473	  0.056257	  0.757426	  0.108845	
  0.891926	  0.000087	  0.061768	  0.046219	
  0.054102	  0.028244	  0.062857	  0.854798	
  0.072280	  0.012943	  0.068755	  0.846022	
  0.371108	  0.027289	  0.542665	  0.058938	
  0.183409	  0.337553	  0.354859	  0.124179	

URL http://cisbp.ccbr.utoronto.ca/TFreport.php?versionNumber=2.00&searchTF=T227254_2.00

MOTIF M00848_2.00 (gw1.2.361.1)_(Arabidopsis_thaliana)_(DBD_0.92)

letter-probability matrix: alength= 4 w= 7 nsites= 1 E= 0
  0.259028	  0.227451	  0.294988	  0.218533	
  0.232050	  0.193825	  0.332605	  0.241520	
  0.249102	  0.244170	  0.292324	  0.214404	
  0.166982	  0.419006	  0.127470	  0.286542	
  0.221416	  0.016445	  0.685428	  0.076711	
  0.156124	  0.287336	  0.337192	  0.219347	
  0.173198	  0.461479	  0.168079	  0.197243	

URL http://cisbp.ccbr.utoronto.ca/TFreport.php?versionNumber=2.00&searchTF=T007278_2.00

MOTIF M00852_2.00 (gw1.341.65.1)_(Arabidopsis_thaliana)_(DBD_0.77)

letter-probability matrix: alength= 4 w= 8 nsites= 1 E= 0
  0.214109	  0.272186	  0.209869	  0.303835	
  0.028040	  0.085083	  0.334832	  0.552045	
  0.029468	  0.061149	  0.882985	  0.026399	
  0.000039	  0.183899	  0.008202	  0.807860	
  0.110608	  0.636503	  0.087882	  0.165007	
  0.091509	  0.246272	  0.418399	  0.243821	
  0.168399	  0.288973	  0.367357	  0.175271	
  0.221967	  0.293692	  0.257889	  0.226451	

URL http://cisbp.ccbr.utoronto.ca/TFreport.php?versionNumber=2.00&searchTF=T022438_2.00

MOTIF M00874_2.00 (estExt_gwp_gw1.C_310256)_(Arabidopsis_thaliana)_(DBD_0.92)

letter-probability matrix: alength= 4 w= 7 nsites= 1 E= 0
  0.297316	  0.201300	  0.359530	  0.141854	
  0.335160	  0.176727	  0.274406	  0.213707	
  0.477536	  0.090798	  0.172197	  0.259469	
  0.915843	  0.004305	  0.044694	  0.035158	
  0.074325	  0.014857	  0.005357	  0.905461	
  0.161206	  0.568320	  0.095840	  0.174633	
  0.184011	  0.280057	  0.213790	  0.322142	

URL http://cisbp.ccbr.utoronto.ca/TFreport.php?versionNumber=2.00&searchTF=T284829_2.00

MOTIF M00881_2.00 (estExt_fgenesh1_pg.C_1140095)_(Arabidopsis_thaliana)_(DBD_0.96)

letter-probability matrix: alength= 4 w= 9 nsites= 1 E= 0
  0.309277	  0.185719	  0.222346	  0.282658	
  0.413773	  0.115044	  0.115044	  0.356138	
  0.207567	  0.294551	  0.127161	  0.370722	
  0.629383	  0.086898	  0.187680	  0.096038	
  0.080274	  0.051699	  0.000674	  0.867353	
  0.124741	  0.207730	  0.209818	  0.457711	
  0.071416	  0.741385	  0.083807	  0.103391	
  0.131046	  0.342252	  0.213908	  0.312794	
  0.207115	  0.305905	  0.228898	  0.258082	

URL http://cisbp.ccbr.utoronto.ca/TFreport.php?versionNumber=2.00&searchTF=T284668_2.00

MOTIF M00898_2.00 (gw1.109.45.1)_(Arabidopsis_thaliana)_(DBD_0.74)

letter-probability matrix: alength= 4 w= 11 nsites= 1 E= 0
  0.227799	  0.316602	  0.227799	  0.227799	
  0.304548	  0.391205	  0.106861	  0.197385	
  0.200497	  0.022592	  0.754320	  0.022592	
  0.000231	  0.000231	  0.999306	  0.000231	
  0.000231	  0.000231	  0.000231	  0.999306	
  0.000231	  0.999306	  0.000231	  0.000231	
  0.999306	  0.000231	  0.000231	  0.000231	
  0.999306	  0.000231	  0.000231	  0.000231	
  0.114025	  0.841111	  0.022432	  0.022432	
  0.143370	  0.143370	  0.465072	  0.248188	
  0.317081	  0.227640	  0.227640	  0.227640	

URL http://cisbp.ccbr.utoronto.ca/TFreport.php?versionNumber=2.00&searchTF=T355670_2.00

MOTIF M00972_2.00 (e_gw1.15.275.1)_(Arabidopsis_thaliana)_(DBD_0.74)

letter-probability matrix: alength= 4 w= 10 nsites= 1 E= 0
  0.241990	  0.259536	  0.225630	  0.272843	
  0.351522	  0.147271	  0.279296	  0.221910	
  0.040683	  0.542294	  0.104147	  0.312876	
  0.984639	  0.001998	  0.001978	  0.011385	
  0.054818	  0.938251	  0.000546	  0.006385	
  0.006991	  0.003914	  0.957764	  0.031331	
  0.115697	  0.273410	  0.317658	  0.293235	
  0.516624	  0.349784	  0.034375	  0.099218	
  0.659770	  0.028273	  0.071657	  0.240301	
  0.167485	  0.347544	  0.240061	  0.244910	

URL http://cisbp.ccbr.utoronto.ca/TFreport.php?versionNumber=2.00&searchTF=T297027_2.00

MOTIF M01052_2.00 (gw1.145.145.1)_(Arabidopsis_thaliana)_(DBD_0.96)

letter-probability matrix: alength= 4 w= 10 nsites= 1 E= 0
  0.304312	  0.231896	  0.231896	  0.231896	
  0.299252	  0.134777	  0.359742	  0.206229	
  0.000039	  0.999882	  0.000039	  0.000039	
  0.999882	  0.000039	  0.000039	  0.000039	
  0.000039	  0.999882	  0.000039	  0.000039	
  0.000039	  0.000039	  0.999882	  0.000039	
  0.000039	  0.000039	  0.000039	  0.999882	
  0.000039	  0.000039	  0.999882	  0.000039	
  0.090411	  0.808940	  0.082505	  0.018143	
  0.212500	  0.338255	  0.237241	  0.212004	

URL http://cisbp.ccbr.utoronto.ca/TFreport.php?versionNumber=2.00&searchTF=T048660_2.00

MOTIF M01064_2.00 (e_gw1.77.85.1)_(Arabidopsis_thaliana)_(DBD_0.79)

letter-probability matrix: alength= 4 w= 8 nsites= 1 E= 0
  0.143466	  0.001420	  0.001420	  0.853693	
  0.001106	  0.001106	  0.996681	  0.001106	
  0.996681	  0.001106	  0.001106	  0.001106	
  0.001106	  0.996681	  0.001106	  0.001106	
  0.498756	  0.001244	  0.498756	  0.001244	
  0.001244	  0.001244	  0.374378	  0.623134	
  0.001244	  0.747512	  0.250000	  0.001244	
  0.167219	  0.001656	  0.001656	  0.829470	

URL http://cisbp.ccbr.utoronto.ca/TFreport.php?versionNumber=2.00&searchTF=T227270_2.00

MOTIF M01097_2.00 (gw1.120.55.1)_(Cannabis_sativa)_(DBD_0.84)

letter-probability matrix: alength= 4 w= 9 nsites= 1 E= 0
  0.138239	  0.346882	  0.272867	  0.242011	
  0.190987	  0.534968	  0.166036	  0.108008	
  0.608475	  0.002140	  0.384120	  0.005264	
  0.000376	  0.993425	  0.005059	  0.001140	
  0.000934	  0.994484	  0.000044	  0.004537	
  0.010438	  0.001546	  0.977987	  0.010029	
  0.441186	  0.411359	  0.042926	  0.104529	
  0.075346	  0.790043	  0.031883	  0.102728	
  0.367281	  0.227267	  0.086153	  0.319299	

URL http://cisbp.ccbr.utoronto.ca/TFreport.php?versionNumber=2.00&searchTF=T007254_2.00

MOTIF M01098_2.00 (e_gw1.162.74.1)_(Cannabis_sativa)_(DBD_0.86)

letter-probability matrix: alength= 4 w= 10 nsites= 1 E= 0
  0.200274	  0.307061	  0.292392	  0.200274	
  0.096050	  0.621178	  0.096050	  0.186722	
  0.000064	  0.999807	  0.000064	  0.000064	
  0.999807	  0.000064	  0.000064	  0.000064	
  0.000064	  0.999807	  0.000064	  0.000064	
  0.000064	  0.999807	  0.000064	  0.000064	
  0.000064	  0.000064	  0.999807	  0.000064	
  0.000064	  0.999807	  0.000064	  0.000064	
  0.134046	  0.574343	  0.049790	  0.241821	
  0.335896	  0.270801	  0.239289	  0.154014	

URL http://cisbp.ccbr.utoronto.ca/TFreport.php?versionNumber=2.00&searchTF=T007134_2.00

MOTIF M01099_2.00 (gw1.105.71.1)_(Cannabis_sativa)_(DBD_0.85)

letter-probability matrix: alength= 4 w= 8 nsites= 1 E= 0
  0.080272	  0.878994	  0.000399	  0.040335	
  0.000333	  0.000333	  0.999001	  0.000333	
  0.000333	  0.965712	  0.033622	  0.000333	
  0.000333	  0.999001	  0.000333	  0.000333	
  0.000333	  0.000333	  0.999001	  0.000333	
  0.066911	  0.632823	  0.100200	  0.200067	
  0.138085	  0.826791	  0.000344	  0.034780	
  0.649202	  0.050399	  0.250000	  0.050399	

URL http://cisbp.ccbr.utoronto.ca/TFreport.php?versionNumber=2.00&searchTF=T007251_2.00

MOTIF M01120_2.00 (e_gw1.84.236.1)_(Cannabis_sativa)_(DBD_0.92)

letter-probability matrix: alength= 4 w= 8 nsites= 1 E= 0
  0.083887	  0.582226	  0.083887	  0.250000	
  0.000525	  0.998424	  0.000525	  0.000525	
  0.998424	  0.000525	  0.000525	  0.000525	
  0.000525	  0.998424	  0.000525	  0.000525	
  0.000525	  0.000525	  0.998424	  0.000525	
  0.000525	  0.000525	  0.000525	  0.998424	
  0.000525	  0.000525	  0.998424	  0.000525	
  0.285613	  0.570513	  0.071937	  0.071937	

URL http://cisbp.ccbr.utoronto.ca/TFreport.php?versionNumber=2.00&searchTF=T048278_2.00

MOTIF M01122_2.00 (estExt_fgenesh1_pg.C_3120001)_(Cannabis_sativa)_(DBD_0.96)

letter-probability matrix: alength= 4 w= 8 nsites= 1 E= 0
  0.167219	  0.498344	  0.167219	  0.167219	
  0.000996	  0.997012	  0.000996	  0.000996	
  0.997012	  0.000996	  0.000996	  0.000996	
  0.000996	  0.997012	  0.000996	  0.000996	
  0.000996	  0.000996	  0.997012	  0.000996	
  0.000996	  0.000996	  0.000996	  0.997012	
  0.000996	  0.000996	  0.997012	  0.000996	
  0.125622	  0.747512	  0.125622	  0.001244	

URL http://cisbp.ccbr.utoronto.ca/TFreport.php?versionNumber=2.00&searchTF=T048338_2.00

MOTIF M01126_2.00 (estExt_fgenesh1_pg.C_1360017)_(Cannabis_sativa)_(DBD_0.77)

letter-probability matrix: alength= 4 w= 12 nsites= 1 E= 0
  0.300437	  0.233188	  0.233188	  0.233188	
  0.233188	  0.233188	  0.233188	  0.300437	
  0.377607	  0.180303	  0.261787	  0.180303	
  0.224631	  0.194650	  0.530892	  0.049826	
  0.000094	  0.932468	  0.000094	  0.067343	
  0.999718	  0.000094	  0.000094	  0.000094	
  0.067343	  0.932468	  0.000094	  0.000094	
  0.000094	  0.000094	  0.932468	  0.067343	
  0.016906	  0.016906	  0.016906	  0.949281	
  0.016906	  0.016906	  0.949281	  0.016906	
  0.069791	  0.147158	  0.593351	  0.189700	
  0.200268	  0.311169	  0.200268	  0.288295	

URL http://cisbp.ccbr.utoronto.ca/TFreport.php?versionNumber=2.00&searchTF=T048321_2.00

MOTIF M01154_2.00 (gw1.220.22.1)_(Cannabis_sativa)_(DBD_0.76)

letter-probability matrix: alength= 4 w= 10 nsites= 1 E= 0
  0.207637	  0.374574	  0.231780	  0.186008	
  0.174524	  0.296505	  0.159503	  0.369468	
  0.179985	  0.219834	  0.344769	  0.255411	
  0.560855	  0.106640	  0.181175	  0.151330	
  0.031341	  0.648673	  0.156793	  0.163192	
  0.116412	  0.109633	  0.711331	  0.062623	
  0.093377	  0.131189	  0.042804	  0.732630	
  0.167926	  0.048595	  0.667488	  0.115992	
  0.074228	  0.124853	  0.458123	  0.342797	
  0.268273	  0.358527	  0.215294	  0.157907	

URL http://cisbp.ccbr.utoronto.ca/TFreport.php?versionNumber=2.00&searchTF=T071162_2.00

MOTIF M01159_2.00 (estExt_gwp_gw1.C_5120003)_(Cannabis_sativa)_(DBD_0.87)

letter-probability matrix: alength= 4 w= 13 nsites= 1 E= 0
  0.227379	  0.227379	  0.227379	  0.317864	
  0.301390	  0.202708	  0.293194	  0.202708	
  0.202708	  0.202708	  0.202708	  0.391875	
  0.202708	  0.202708	  0.202708	  0.391875	
  0.347050	  0.063248	  0.161972	  0.427730	
  0.725392	  0.100069	  0.090041	  0.084499	
  0.279049	  0.621962	  0.000154	  0.098835	
  0.815016	  0.094789	  0.000154	  0.090041	
  0.112662	  0.022775	  0.657528	  0.207035	
  0.147360	  0.663113	  0.047445	  0.142081	
  0.131790	  0.047445	  0.047445	  0.773319	
  0.321593	  0.047445	  0.488881	  0.142081	
  0.186906	  0.186906	  0.307608	  0.318580	

URL http://cisbp.ccbr.utoronto.ca/TFreport.php?versionNumber=2.00&searchTF=T070955_2.00

MOTIF M01167_2.00 (gw1.254.15.1)_(Arabidopsis_thaliana)_(DBD_0.76)

letter-probability matrix: alength= 4 w= 7 nsites= 1 E= 0
  0.236806	  0.310207	  0.193880	  0.259107	
  0.202489	  0.327237	  0.090079	  0.380195	
  0.723452	  0.006917	  0.236048	  0.033583	
  0.000135	  0.778896	  0.220937	  0.000032	
  0.153842	  0.036816	  0.000241	  0.809102	
  0.258198	  0.248074	  0.243162	  0.250567	
  0.269669	  0.225247	  0.210019	  0.295065	

URL http://cisbp.ccbr.utoronto.ca/TFreport.php?versionNumber=2.00&searchTF=T140054_2.00

MOTIF M01225_2.00 estExt_gwp_gw1.C_220046

letter-probability matrix: alength= 4 w= 10 nsites= 1 E= 0
  0.190589	  0.347275	  0.407531	  0.054605	
  0.053131	  0.125558	  0.759581	  0.061730	
  0.006389	  0.948224	  0.000029	  0.045358	
  0.045581	  0.000042	  0.924726	  0.029651	
  0.016651	  0.814394	  0.092060	  0.076895	
  0.118839	  0.496592	  0.220913	  0.163656	
  0.407444	  0.259798	  0.072960	  0.259798	
  0.440817	  0.140982	  0.104442	  0.313760	
  0.395676	  0.129101	  0.157685	  0.317538	
  0.315183	  0.176470	  0.156515	  0.351832	

URL http://cisbp.ccbr.utoronto.ca/TFreport.php?versionNumber=2.00&searchTF=T173831_2.00

MOTIF M01270_2.00 (estExt_Genewise1.C_2010083)_(Arabidopsis_thaliana)_(DBD_0.89)

letter-probability matrix: alength= 4 w= 10 nsites= 1 E= 0
  0.389391	  0.161513	  0.203280	  0.245816	
  0.587979	  0.081182	  0.101159	  0.229681	
  0.048462	  0.037367	  0.518420	  0.395751	
  0.929705	  0.002085	  0.060635	  0.007575	
  0.037677	  0.000234	  0.000053	  0.962036	
  0.091380	  0.045378	  0.139076	  0.724167	
  0.000035	  0.988642	  0.000006	  0.011317	
  0.048310	  0.364177	  0.298163	  0.289351	
  0.212279	  0.310413	  0.223163	  0.254145	
  0.216516	  0.267111	  0.190122	  0.326251	

URL http://cisbp.ccbr.utoronto.ca/TFreport.php?versionNumber=2.00&searchTF=T284796_2.00

MOTIF M01277_2.00 (e_gw1.53.214.1)_(Cannabis_sativa)_(DBD_0.94)

letter-probability matrix: alength= 4 w= 9 nsites= 1 E= 0
  0.175885	  0.320484	  0.066675	  0.436956	
  0.926784	  0.029421	  0.035935	  0.007859	
  0.748924	  0.249295	  0.000886	  0.000895	
  0.001293	  0.960341	  0.012645	  0.025720	
  0.090301	  0.274005	  0.358936	  0.276758	
  0.285930	  0.071218	  0.553216	  0.089635	
  0.260789	  0.315359	  0.068286	  0.355566	
  0.246001	  0.389684	  0.086950	  0.277365	
  0.294736	  0.222757	  0.207697	  0.274810	

URL http://cisbp.ccbr.utoronto.ca/TFreport.php?versionNumber=2.00&searchTF=T284631_2.00

MOTIF M01279_2.00 (e_gw1.36.4.1)_(Cannabis_sativa)_(DBD_0.84)

letter-probability matrix: alength= 4 w= 10 nsites= 1 E= 0
  0.138518	  0.287436	  0.085713	  0.488334	
  0.985369	  0.000224	  0.012466	  0.001941	
  0.926257	  0.058041	  0.007108	  0.008595	
  0.003541	  0.986708	  0.000504	  0.009248	
  0.035960	  0.080834	  0.798228	  0.084978	
  0.112592	  0.024138	  0.701888	  0.161382	
  0.213897	  0.266532	  0.113920	  0.405651	
  0.288297	  0.312308	  0.108201	  0.291194	
  0.363881	  0.216335	  0.180698	  0.239087	
  0.265702	  0.228692	  0.209009	  0.296597	

URL http://cisbp.ccbr.utoronto.ca/TFreport.php?versionNumber=2.00&searchTF=T284619_2.00

MOTIF M01281_2.00 (gw1.433.32.1)_(Cannabis_sativa)_(DBD_0.73)

letter-probability matrix: alength= 4 w= 8 nsites= 1 E= 0
  0.150067	  0.483178	  0.050133	  0.316622	
  0.999663	  0.000112	  0.000112	  0.000112	
  0.123763	  0.845115	  0.010408	  0.020713	
  0.000101	  0.979503	  0.000101	  0.020295	
  0.282815	  0.070779	  0.000101	  0.646305	
  0.999697	  0.000101	  0.000101	  0.000101	
  0.260412	  0.739379	  0.000104	  0.000104	
  0.054901	  0.616238	  0.013828	  0.315033	

URL http://cisbp.ccbr.utoronto.ca/TFreport.php?versionNumber=2.00&searchTF=T285109_2.00

MOTIF M01282_2.00 (e_gw1.132.51.1)_(Cannabis_sativa)_(DBD_0.96)

letter-probability matrix: alength= 4 w= 9 nsites= 1 E= 0
  0.314570	  0.226152	  0.090126	  0.369152	
  0.332942	  0.044611	  0.033716	  0.588731	
  0.906771	  0.012678	  0.066679	  0.013872	
  0.916283	  0.010179	  0.018922	  0.054616	
  0.868728	  0.055536	  0.069202	  0.006534	
  0.008600	  0.881659	  0.007041	  0.102699	
  0.011249	  0.972881	  0.004954	  0.010916	
  0.056490	  0.667854	  0.027497	  0.248159	
  0.144725	  0.348918	  0.100971	  0.405385	

URL http://cisbp.ccbr.utoronto.ca/TFreport.php?versionNumber=2.00&searchTF=T284577_2.00

MOTIF M01283_2.00 (estExt_fgenesh1_pg.C_550102)_(Cannabis_sativa)_(DBD_0.92)

letter-probability matrix: alength= 4 w= 10 nsites= 1 E= 0
  0.384152	  0.148567	  0.196574	  0.270707	
  0.558330	  0.069058	  0.063114	  0.309497	
  0.269366	  0.349349	  0.098108	  0.283177	
  0.960051	  0.005089	  0.020025	  0.014835	
  0.027536	  0.012623	  0.010756	  0.949085	
  0.070529	  0.028963	  0.032656	  0.867852	
  0.041568	  0.904445	  0.014840	  0.039147	
  0.032252	  0.417203	  0.137493	  0.413052	
  0.243880	  0.286196	  0.197685	  0.272238	
  0.180086	  0.274084	  0.164587	  0.381243	

URL http://cisbp.ccbr.utoronto.ca/TFreport.php?versionNumber=2.00&searchTF=T284694_2.00

MOTIF M01286_2.00 (e_gw1.317.17.1)_(Cannabis_sativa)_(DBD_0.83)

letter-probability matrix: alength= 4 w= 8 nsites= 1 E= 0
  0.004902	  0.004902	  0.004902	  0.985294	
  0.990132	  0.003289	  0.003289	  0.003289	
  0.003289	  0.990132	  0.003289	  0.003289	
  0.003289	  0.990132	  0.003289	  0.003289	
  0.003289	  0.003289	  0.003289	  0.990132	
  0.990132	  0.003289	  0.003289	  0.003289	
  0.003289	  0.990132	  0.003289	  0.003289	
  0.004902	  0.985294	  0.004902	  0.004902	

URL http://cisbp.ccbr.utoronto.ca/TFreport.php?versionNumber=2.00&searchTF=T284614_2.00

MOTIF M01315_2.00 (estExt_fgenesh1_pg.C_670100)_(Cannabis_sativa)_(DBD_0.48)

letter-probability matrix: alength= 4 w= 14 nsites= 1 E= 0
  0.229609	  0.229609	  0.229609	  0.311174	
  0.180209	  0.109178	  0.601435	  0.109178	
  0.162727	  0.091696	  0.653881	  0.091696	
  0.126201	  0.190758	  0.629293	  0.053747	
  0.036237	  0.739495	  0.036237	  0.188031	
  0.241772	  0.579704	  0.088551	  0.089973	
  0.069618	  0.705823	  0.000153	  0.224406	
  0.928509	  0.000153	  0.000153	  0.071184	
  0.020545	  0.724838	  0.020545	  0.234072	
  0.577073	  0.140976	  0.140976	  0.140976	
  0.297965	  0.158457	  0.158457	  0.385120	
  0.266449	  0.196406	  0.196406	  0.340739	
  0.213917	  0.288785	  0.283381	  0.213917	
  0.302098	  0.232634	  0.232634	  0.232634	

URL http://cisbp.ccbr.utoronto.ca/TFreport.php?versionNumber=2.00&searchTF=T344658_2.00

MOTIF M01324_2.00 (gw1.135.38.1)_(Cannabis_sativa)_(DBD_0.85)

letter-probability matrix: alength= 4 w= 9 nsites= 1 E= 0
  0.263074	  0.231004	  0.242848	  0.263074	
  0.220573	  0.264074	  0.220573	  0.294780	
  0.384531	  0.103754	  0.451252	  0.060463	
  0.004332	  0.001181	  0.894390	  0.100097	
  0.008620	  0.002596	  0.002349	  0.986434	
  0.034161	  0.963991	  0.000060	  0.001788	
  0.725897	  0.132609	  0.035072	  0.106422	
  0.622335	  0.047157	  0.201035	  0.129474	
  0.314929	  0.408441	  0.121796	  0.154833	

URL http://cisbp.ccbr.utoronto.ca/TFreport.php?versionNumber=2.00&searchTF=T355673_2.00

MOTIF M01473_2.00 fgenesh1_pg.scaffold_191000049

letter-probability matrix: alength= 4 w= 10 nsites= 1 E= 0
  0.362602	  0.151913	  0.176497	  0.308989	
  0.222899	  0.195726	  0.422723	  0.158653	
  0.272793	  0.411049	  0.184696	  0.131461	
  0.143809	  0.283861	  0.512082	  0.060249	
  0.076267	  0.892695	  0.000029	  0.031008	
  0.057579	  0.005889	  0.882846	  0.053686	
  0.012146	  0.969677	  0.018119	  0.000058	
  0.038218	  0.848362	  0.017519	  0.095900	
  0.415099	  0.016920	  0.522444	  0.045537	
  0.506877	  0.155752	  0.145223	  0.192148	

URL http://cisbp.ccbr.utoronto.ca/TFreport.php?versionNumber=2.00&searchTF=T139045_2.00

MOTIF M01566_2.00 (gw1.199.74.1)_(Saccharomyces_cerevisiae)_(DBD_0.43)

letter-probability matrix: alength= 4 w= 8 nsites= 1 E= 0
  0.270726	  0.299198	  0.159350	  0.270726	
  0.171103	  0.404343	  0.058690	  0.365865	
  0.701225	  0.048078	  0.204963	  0.045733	
  0.053179	  0.447494	  0.090348	  0.408979	
  0.407307	  0.049381	  0.055677	  0.487635	
  0.525518	  0.097943	  0.128302	  0.248237	
  0.510778	  0.094249	  0.117441	  0.277532	
  0.343791	  0.175921	  0.275898	  0.204391	

URL http://cisbp.ccbr.utoronto.ca/TFreport.php?versionNumber=2.00&searchTF=T334233_2.00

MOTIF M01567_2.00 (e_gw1.13.259.1)_(Saccharomyces_cerevisiae)_(DBD_0.87)

letter-probability matrix: alength= 4 w= 7 nsites= 1 E= 0
  0.315311	  0.189343	  0.207174	  0.288172	
  0.345705	  0.141966	  0.211788	  0.300541	
  0.271982	  0.110580	  0.155359	  0.462079	
  0.583542	  0.000869	  0.110954	  0.304636	
  0.219565	  0.006434	  0.188981	  0.585020	
  0.934996	  0.000354	  0.051964	  0.012687	
  0.422777	  0.000471	  0.095282	  0.481470	

URL http://cisbp.ccbr.utoronto.ca/TFreport.php?versionNumber=2.00&searchTF=T343107_2.00

MOTIF M01612_2.00 (e_gw1.187.17.1)_(Arabidopsis_thaliana)_(DBD_0.96)

letter-probability matrix: alength= 4 w= 10 nsites= 1 E= 0
  0.180753	  0.553982	  0.128655	  0.136610	
  0.584029	  0.000181	  0.415695	  0.000095	
  0.000969	  0.933312	  0.065283	  0.000435	
  0.001168	  0.968011	  0.000091	  0.030730	
  0.093485	  0.006806	  0.786663	  0.113047	
  0.496772	  0.241805	  0.080490	  0.180934	
  0.098722	  0.822470	  0.000369	  0.078438	
  0.270589	  0.550376	  0.052489	  0.126546	
  0.468198	  0.141019	  0.160596	  0.230187	
  0.268544	  0.245430	  0.189239	  0.296787	

URL http://cisbp.ccbr.utoronto.ca/TFreport.php?versionNumber=2.00&searchTF=T007137_2.00

MOTIF M01622_2.00 (e_gw1.30.170.1)_(Arabidopsis_thaliana)_(DBD_0.82)

letter-probability matrix: alength= 4 w= 8 nsites= 1 E= 0
  0.043837	  0.477865	  0.347656	  0.130642	
  0.108261	  0.783207	  0.081263	  0.027268	
  0.000227	  0.000227	  0.999319	  0.000227	
  0.000227	  0.976612	  0.022934	  0.000227	
  0.000227	  0.999319	  0.000227	  0.000227	
  0.000227	  0.000227	  0.999319	  0.000227	
  0.022934	  0.931199	  0.000227	  0.045640	
  0.117803	  0.734724	  0.059048	  0.088425	

URL http://cisbp.ccbr.utoronto.ca/TFreport.php?versionNumber=2.00&searchTF=T007151_2.00

MOTIF M01634_2.00 (e_gw1.21.268.1)_(Oryza_sativa)_(DBD_0.82)

letter-probability matrix: alength= 4 w= 10 nsites= 1 E= 0
  0.228636	  0.247679	  0.252682	  0.271003	
  0.193820	  0.322766	  0.251370	  0.232044	
  0.226292	  0.344408	  0.240285	  0.189015	
  0.170262	  0.000111	  0.794205	  0.035422	
  0.020175	  0.635517	  0.309340	  0.034968	
  0.000005	  0.998696	  0.000681	  0.000617	
  0.000006	  0.000009	  0.999893	  0.000091	
  0.208791	  0.488498	  0.000437	  0.302274	
  0.304406	  0.320013	  0.158914	  0.216667	
  0.353046	  0.189919	  0.229660	  0.227375	

URL http://cisbp.ccbr.utoronto.ca/TFreport.php?versionNumber=2.00&searchTF=T007142_2.00

MOTIF M01639_2.00 estExt_fgenesh1_pg.C_4800009

letter-probability matrix: alength= 4 w= 8 nsites= 1 E= 0
  0.250000	  0.665282	  0.000831	  0.083887	
  0.848802	  0.000499	  0.150200	  0.000499	
  0.000499	  0.998503	  0.000499	  0.000499	
  0.000499	  0.998503	  0.000499	  0.000499	
  0.000499	  0.000499	  0.998503	  0.000499	
  0.948603	  0.000499	  0.000499	  0.050399	
  0.000499	  0.998503	  0.000499	  0.000499	
  0.641738	  0.285613	  0.000712	  0.071937	

URL http://cisbp.ccbr.utoronto.ca/TFreport.php?versionNumber=2.00&searchTF=T007193_2.00

MOTIF M01640_2.00 estExt_gwp_gw1.C_550163

letter-probability matrix: alength= 4 w= 10 nsites= 1 E= 0
  0.170944	  0.290510	  0.246484	  0.292063	
  0.070283	  0.789151	  0.070283	  0.070283	
  0.923681	  0.000084	  0.076152	  0.000084	
  0.000084	  0.999749	  0.000084	  0.000084	
  0.000084	  0.999749	  0.000084	  0.000084	
  0.000084	  0.000084	  0.999749	  0.000084	
  0.999749	  0.000084	  0.000084	  0.000084	
  0.000084	  0.999749	  0.000084	  0.000084	
  0.488545	  0.288488	  0.079140	  0.143827	
  0.348247	  0.179801	  0.179801	  0.292152	

URL http://cisbp.ccbr.utoronto.ca/TFreport.php?versionNumber=2.00&searchTF=T007212_2.00

MOTIF M01641_2.00 fgenesh1_pg.scaffold_1000495

letter-probability matrix: alength= 4 w= 13 nsites= 1 E= 0
  0.230282	  0.230282	  0.230282	  0.309155	
  0.230282	  0.230282	  0.230282	  0.309155	
  0.230282	  0.230282	  0.230282	  0.309155	
  0.293700	  0.209142	  0.209142	  0.288015	
  0.163778	  0.157558	  0.070388	  0.608276	
  0.999717	  0.000094	  0.000094	  0.000094	
  0.000094	  0.912438	  0.000094	  0.087374	
  0.000094	  0.912438	  0.087374	  0.000094	
  0.019812	  0.019812	  0.940563	  0.019812	
  0.747705	  0.125391	  0.019812	  0.107092	
  0.107092	  0.853283	  0.019812	  0.019812	
  0.877144	  0.040952	  0.040952	  0.040952	
  0.283296	  0.179707	  0.272554	  0.264443	

URL http://cisbp.ccbr.utoronto.ca/TFreport.php?versionNumber=2.00&searchTF=T007227_2.00

MOTIF M01642_2.00 gw1.8.141.1

letter-probability matrix: alength= 4 w= 8 nsites= 1 E= 0
  0.176643	  0.704812	  0.000587	  0.117958	
  0.781684	  0.000434	  0.217448	  0.000434	
  0.000434	  0.998698	  0.000434	  0.000434	
  0.000434	  0.998698	  0.000434	  0.000434	
  0.000434	  0.000434	  0.998698	  0.000434	
  0.998698	  0.000434	  0.000434	  0.000434	
  0.000434	  0.998698	  0.000434	  0.000434	
  0.570513	  0.285613	  0.071937	  0.071937	

URL http://cisbp.ccbr.utoronto.ca/TFreport.php?versionNumber=2.00&searchTF=T007310_2.00

MOTIF M01671_2.00 (estExt_gwp_gw1.C_3350007)_(Arabidopsis_thaliana)_(DBD_0.56)

letter-probability matrix: alength= 4 w= 9 nsites= 1 E= 0
  0.241564	  0.266970	  0.261683	  0.229783	
  0.209390	  0.306188	  0.250685	  0.233737	
  0.345181	  0.182011	  0.303102	  0.169706	
  0.329720	  0.179153	  0.251701	  0.239426	
  0.411309	  0.042920	  0.202217	  0.343554	
  0.710467	  0.047747	  0.000515	  0.241271	
  0.886835	  0.000921	  0.045045	  0.067199	
  0.454667	  0.009772	  0.038075	  0.497485	
  0.212559	  0.177544	  0.097438	  0.512458	

URL http://cisbp.ccbr.utoronto.ca/TFreport.php?versionNumber=2.00&searchTF=T017953_2.00

MOTIF M01672_2.00 (estExt_fgenesh1_pg.C_2230073)_(Arabidopsis_thaliana)_(DBD_0.77)

letter-probability matrix: alength= 4 w= 10 nsites= 1 E= 0
  0.248110	  0.152843	  0.248240	  0.350807	
  0.831954	  0.024260	  0.024260	  0.119527	
  0.292968	  0.000230	  0.000230	  0.706571	
  0.701933	  0.000230	  0.000230	  0.297606	
  0.000230	  0.000230	  0.000230	  0.999309	
  0.802506	  0.000230	  0.000230	  0.197033	
  0.686996	  0.000230	  0.000230	  0.312544	
  0.297562	  0.000230	  0.000230	  0.701978	
  0.213125	  0.097387	  0.097387	  0.592100	
  0.322088	  0.225971	  0.225971	  0.225971	

URL http://cisbp.ccbr.utoronto.ca/TFreport.php?versionNumber=2.00&searchTF=T017946_2.00

MOTIF M01697_2.00 (e_gw1.133.91.1)_(Arabidopsis_thaliana)_(DBD_0.82)

letter-probability matrix: alength= 4 w= 9 nsites= 1 E= 0
  0.270286	  0.232638	  0.204278	  0.292798	
  0.224984	  0.258793	  0.106275	  0.409948	
  0.004011	  0.000000	  0.089936	  0.906053	
  0.038180	  0.001408	  0.899931	  0.060480	
  0.000090	  0.012865	  0.000229	  0.986816	
  0.053557	  0.863282	  0.001650	  0.081511	
  0.061072	  0.027441	  0.797958	  0.113529	
  0.121391	  0.138244	  0.651331	  0.089034	
  0.227842	  0.336519	  0.216730	  0.218909	

URL http://cisbp.ccbr.utoronto.ca/TFreport.php?versionNumber=2.00&searchTF=T022386_2.00

MOTIF M01699_2.00 (estExt_fgenesh1_pg.C_740028)_(Arabidopsis_thaliana)_(DBD_0.94)

letter-probability matrix: alength= 4 w= 10 nsites= 1 E= 0
  0.266536	  0.276659	  0.209724	  0.247081	
  0.259609	  0.198312	  0.365220	  0.176859	
  0.115829	  0.853161	  0.003499	  0.027512	
  0.853318	  0.012182	  0.073662	  0.060837	
  0.013981	  0.855506	  0.000019	  0.130494	
  0.130494	  0.000019	  0.855506	  0.013981	
  0.060837	  0.073662	  0.012182	  0.853318	
  0.027512	  0.003499	  0.853161	  0.115829	
  0.176859	  0.365220	  0.198312	  0.259609	
  0.247081	  0.209724	  0.276659	  0.266536	

URL http://cisbp.ccbr.utoronto.ca/TFreport.php?versionNumber=2.00&searchTF=T048355_2.00

MOTIF M01714_2.00 (e_gw1.229.33.1)_(Arabidopsis_thaliana)_(DBD_0.78)

letter-probability matrix: alength= 4 w= 10 nsites= 1 E= 0
  0.253826	  0.204611	  0.300345	  0.241217	
  0.269239	  0.227841	  0.333994	  0.168926	
  0.129932	  0.796278	  0.018776	  0.055015	
  0.681995	  0.084955	  0.120074	  0.112976	
  0.002241	  0.864955	  0.000000	  0.132804	
  0.132804	  0.000000	  0.864955	  0.002241	
  0.112976	  0.120074	  0.084955	  0.681995	
  0.055015	  0.018776	  0.796278	  0.129932	
  0.168926	  0.333994	  0.227841	  0.269239	
  0.241217	  0.300345	  0.204611	  0.253826	

URL http://cisbp.ccbr.utoronto.ca/TFreport.php?versionNumber=2.00&searchTF=T048262_2.00

MOTIF M01756_2.00 e_gw1.209.40.1

letter-probability matrix: alength= 4 w= 10 nsites= 1 E= 0
  0.249633	  0.272331	  0.222488	  0.255548	
  0.207994	  0.230574	  0.392066	  0.169365	
  0.105898	  0.844263	  0.012262	  0.037577	
  0.923118	  0.000000	  0.010419	  0.066463	
  0.021853	  0.939508	  0.000000	  0.038640	
  0.038640	  0.000000	  0.939508	  0.021853	
  0.066463	  0.010419	  0.000000	  0.923118	
  0.037577	  0.012262	  0.844263	  0.105898	
  0.169365	  0.392066	  0.230574	  0.207994	
  0.255548	  0.222488	  0.272331	  0.249633	

URL http://cisbp.ccbr.utoronto.ca/TFreport.php?versionNumber=2.00&searchTF=T048260_2.00

MOTIF M01757_2.00 fgenesh1_pg.scaffold_37000071

letter-probability matrix: alength= 4 w= 10 nsites= 1 E= 0
  0.263722	  0.237561	  0.308283	  0.190434	
  0.209728	  0.180729	  0.272054	  0.337490	
  0.069367	  0.849324	  0.017055	  0.064254	
  0.806212	  0.000021	  0.106417	  0.087351	
  0.054587	  0.799530	  0.000012	  0.145870	
  0.145870	  0.000012	  0.799530	  0.054587	
  0.087351	  0.106417	  0.000021	  0.806212	
  0.064254	  0.017055	  0.849324	  0.069367	
  0.337490	  0.272054	  0.180729	  0.209728	
  0.190434	  0.308283	  0.237561	  0.263722	

URL http://cisbp.ccbr.utoronto.ca/TFreport.php?versionNumber=2.00&searchTF=T048530_2.00

MOTIF M01758_2.00 gw1.270.82.1

letter-probability matrix: alength= 4 w= 8 nsites= 1 E= 0
  0.154141	  0.460890	  0.154141	  0.230828	
  0.000525	  0.998424	  0.000525	  0.000525	
  0.998424	  0.000525	  0.000525	  0.000525	
  0.000525	  0.998424	  0.000525	  0.000525	
  0.053046	  0.000525	  0.945903	  0.000525	
  0.000525	  0.000525	  0.000525	  0.998424	
  0.000525	  0.000525	  0.998424	  0.000525	
  0.143162	  0.641738	  0.071937	  0.143162	

URL http://cisbp.ccbr.utoronto.ca/TFreport.php?versionNumber=2.00&searchTF=T048667_2.00

MOTIF M01778_2.00 (e_gw1.25.198.1)_(Arabidopsis_thaliana)_(DBD_0.70)

letter-probability matrix: alength= 4 w= 10 nsites= 1 E= 0
  0.256096	  0.205522	  0.322323	  0.216059	
  0.346225	  0.182562	  0.300994	  0.170220	
  0.181073	  0.223386	  0.098386	  0.497155	
  0.119246	  0.192711	  0.508360	  0.179682	
  0.783113	  0.052629	  0.081718	  0.082539	
  0.008951	  0.805786	  0.007256	  0.178006	
  0.176911	  0.000520	  0.777163	  0.045406	
  0.135250	  0.190020	  0.031098	  0.643632	
  0.236571	  0.105240	  0.537134	  0.121055	
  0.152185	  0.144763	  0.393507	  0.309544	

URL http://cisbp.ccbr.utoronto.ca/TFreport.php?versionNumber=2.00&searchTF=T070722_2.00

MOTIF M01783_2.00 (gw1.27.125.1)_(Arabidopsis_thaliana)_(DBD_0.71)

letter-probability matrix: alength= 4 w= 10 nsites= 1 E= 0
  0.194982	  0.331261	  0.073179	  0.400578	
  0.062566	  0.319327	  0.401905	  0.216203	
  0.863019	  0.035889	  0.054078	  0.047014	
  0.016012	  0.783149	  0.111422	  0.089418	
  0.057917	  0.135505	  0.756729	  0.049849	
  0.020596	  0.026183	  0.004505	  0.948716	
  0.045651	  0.000000	  0.954344	  0.000005	
  0.000119	  0.051604	  0.610088	  0.338188	
  0.279665	  0.535709	  0.102883	  0.081744	
  0.362040	  0.293464	  0.151677	  0.192819	

URL http://cisbp.ccbr.utoronto.ca/TFreport.php?versionNumber=2.00&searchTF=T071165_2.00

MOTIF M01832_2.00 estExt_Genewise1.C_2060077

letter-probability matrix: alength= 4 w= 12 nsites= 1 E= 0
  0.225796	  0.225796	  0.322612	  0.225796	
  0.278231	  0.305134	  0.208318	  0.208318	
  0.192260	  0.202200	  0.090785	  0.514756	
  0.046572	  0.360880	  0.470543	  0.122005	
  0.999801	  0.000066	  0.000066	  0.000066	
  0.000066	  0.999801	  0.000066	  0.000066	
  0.000066	  0.000066	  0.999801	  0.000066	
  0.000066	  0.000066	  0.000066	  0.999801	
  0.024270	  0.024270	  0.927189	  0.024270	
  0.041749	  0.041749	  0.529962	  0.386541	
  0.159282	  0.522155	  0.159282	  0.159282	
  0.389517	  0.203494	  0.203494	  0.203494	

URL http://cisbp.ccbr.utoronto.ca/TFreport.php?versionNumber=2.00&searchTF=T070929_2.00

MOTIF M01851_2.00 (e_gw1.34.233.1)_(Arabidopsis_thaliana)_(DBD_0.83)

letter-probability matrix: alength= 4 w= 8 nsites= 1 E= 0
  0.526320	  0.067756	  0.216136	  0.189788	
  0.011263	  0.400013	  0.534588	  0.054136	
  0.279852	  0.064992	  0.000400	  0.654756	
  0.106357	  0.088837	  0.049740	  0.755066	
  0.261504	  0.306878	  0.175292	  0.256326	
  0.270317	  0.247051	  0.254575	  0.228057	
  0.280202	  0.266537	  0.243596	  0.209665	
  0.264607	  0.244263	  0.239427	  0.251702	

URL http://cisbp.ccbr.utoronto.ca/TFreport.php?versionNumber=2.00&searchTF=T138041_2.00

MOTIF M01858_2.00 (e_gw1.1.457.1)_(Arabidopsis_thaliana)_(DBD_0.91)

letter-probability matrix: alength= 4 w= 7 nsites= 1 E= 0
  0.298649	  0.192341	  0.251960	  0.257050	
  0.243080	  0.268645	  0.173017	  0.315258	
  0.330003	  0.307693	  0.149770	  0.212534	
  0.793061	  0.025943	  0.129788	  0.051208	
  0.001638	  0.557486	  0.344963	  0.095913	
  0.290094	  0.002387	  0.021982	  0.685538	
  0.240664	  0.260708	  0.243083	  0.255546	

URL http://cisbp.ccbr.utoronto.ca/TFreport.php?versionNumber=2.00&searchTF=T138000_2.00

MOTIF M01946_2.00 (gw1.341.75.1)_(Arabidopsis_thaliana)_(DBD_0.82)

letter-probability matrix: alength= 4 w= 10 nsites= 1 E= 0
  0.263734	  0.155438	  0.281901	  0.298926	
  0.200036	  0.394523	  0.077146	  0.328295	
  0.497717	  0.154396	  0.294766	  0.053121	
  0.006064	  0.969144	  0.007305	  0.017486	
  0.022276	  0.080511	  0.028990	  0.868223	
  0.008523	  0.002417	  0.010071	  0.978989	
  0.005363	  0.003782	  0.010382	  0.980472	
  0.250488	  0.040592	  0.016082	  0.692838	
  0.149815	  0.150049	  0.092419	  0.607717	
  0.147759	  0.234835	  0.283880	  0.333526	

URL http://cisbp.ccbr.utoronto.ca/TFreport.php?versionNumber=2.00&searchTF=T171548_2.00

MOTIF M01951_2.00 e_gw1.149.93.1

letter-probability matrix: alength= 4 w= 8 nsites= 1 E= 0
  0.342683	  0.222919	  0.264227	  0.170172	
  0.078829	  0.755422	  0.083703	  0.082046	
  0.180076	  0.000729	  0.250480	  0.568715	
  0.142967	  0.054197	  0.101760	  0.701076	
  0.140453	  0.078639	  0.132273	  0.648635	
  0.299151	  0.162544	  0.138511	  0.399794	
  0.216900	  0.252002	  0.204269	  0.326829	
  0.228766	  0.257933	  0.257933	  0.255367	

URL http://cisbp.ccbr.utoronto.ca/TFreport.php?versionNumber=2.00&searchTF=T171528_2.00

MOTIF M01952_2.00 e_gw1.170.52.1

letter-probability matrix: alength= 4 w= 10 nsites= 1 E= 0
  0.229466	  0.271988	  0.218275	  0.280271	
  0.265495	  0.270858	  0.192789	  0.270858	
  0.331307	  0.228845	  0.258022	  0.181825	
  0.066831	  0.838966	  0.021806	  0.072397	
  0.051568	  0.028019	  0.204976	  0.715437	
  0.061159	  0.000615	  0.046223	  0.892004	
  0.059658	  0.009763	  0.042889	  0.887690	
  0.320710	  0.172524	  0.111112	  0.395653	
  0.221858	  0.260353	  0.215301	  0.302487	
  0.238191	  0.252920	  0.265887	  0.243003	

URL http://cisbp.ccbr.utoronto.ca/TFreport.php?versionNumber=2.00&searchTF=T171529_2.00

MOTIF M01953_2.00 e_gw1.392.16.1

letter-probability matrix: alength= 4 w= 9 nsites= 1 E= 0
  0.260448	  0.296606	  0.157970	  0.284976	
  0.377628	  0.195177	  0.288273	  0.138921	
  0.004805	  0.897572	  0.026835	  0.070788	
  0.129060	  0.051950	  0.146977	  0.672013	
  0.038497	  0.000247	  0.035537	  0.925720	
  0.064556	  0.012904	  0.062025	  0.860516	
  0.329633	  0.117681	  0.070667	  0.482018	
  0.217501	  0.255239	  0.192906	  0.334354	
  0.222339	  0.260917	  0.263539	  0.253206	

URL http://cisbp.ccbr.utoronto.ca/TFreport.php?versionNumber=2.00&searchTF=T171530_2.00

MOTIF M01954_2.00 estExt_fgenesh1_pg.C_370003

letter-probability matrix: alength= 4 w= 10 nsites= 1 E= 0
  0.314440	  0.180822	  0.245015	  0.259723	
  0.180290	  0.441124	  0.159171	  0.219415	
  0.178426	  0.191722	  0.312533	  0.317319	
  0.238058	  0.134033	  0.166082	  0.461826	
  0.302887	  0.134654	  0.103779	  0.458679	
  0.458679	  0.103779	  0.134654	  0.302887	
  0.461826	  0.166082	  0.134033	  0.238058	
  0.317319	  0.312533	  0.191722	  0.178426	
  0.219415	  0.159171	  0.441124	  0.180290	
  0.259723	  0.245015	  0.180822	  0.314440	

URL http://cisbp.ccbr.utoronto.ca/TFreport.php?versionNumber=2.00&searchTF=T171534_2.00

MOTIF M01955_2.00 gw1.12.257.1

letter-probability matrix: alength= 4 w= 7 nsites= 1 E= 0
  0.306901	  0.231951	  0.251270	  0.209878	
  0.133721	  0.542264	  0.128477	  0.195538	
  0.205695	  0.051234	  0.390097	  0.352974	
  0.183889	  0.113788	  0.182060	  0.520263	
  0.157226	  0.146596	  0.184506	  0.511672	
  0.317697	  0.208742	  0.210839	  0.262722	
  0.228175	  0.259852	  0.257266	  0.254707	

URL http://cisbp.ccbr.utoronto.ca/TFreport.php?versionNumber=2.00&searchTF=T171543_2.00

MOTIF M01956_2.00 gw1.385.26.1

letter-probability matrix: alength= 4 w= 10 nsites= 1 E= 0
  0.227461	  0.227461	  0.261643	  0.283434	
  0.259361	  0.307422	  0.173855	  0.259361	
  0.373723	  0.207165	  0.268679	  0.150433	
  0.052278	  0.859692	  0.027291	  0.060738	
  0.086225	  0.053891	  0.216363	  0.643522	
  0.081585	  0.000671	  0.062280	  0.855464	
  0.080536	  0.023777	  0.067945	  0.827742	
  0.322963	  0.128707	  0.085416	  0.462913	
  0.216530	  0.254101	  0.186369	  0.343000	
  0.227557	  0.256570	  0.264384	  0.251489	

URL http://cisbp.ccbr.utoronto.ca/TFreport.php?versionNumber=2.00&searchTF=T171550_2.00

MOTIF M01968_2.00 e_gw1.38.2.1

letter-probability matrix: alength= 4 w= 10 nsites= 1 E= 0
  0.233790	  0.138993	  0.425993	  0.201225	
  0.151778	  0.438088	  0.392454	  0.017680	
  0.020553	  0.048571	  0.839679	  0.091197	
  0.006893	  0.992712	  0.000031	  0.000364	
  0.013922	  0.000083	  0.985791	  0.000205	
  0.013288	  0.979343	  0.002765	  0.004604	
  0.083385	  0.551953	  0.224407	  0.140255	
  0.409276	  0.238505	  0.118438	  0.233782	
  0.379447	  0.181039	  0.122574	  0.316940	
  0.306627	  0.222657	  0.201468	  0.269248	

URL http://cisbp.ccbr.utoronto.ca/TFreport.php?versionNumber=2.00&searchTF=T173816_2.00

MOTIF M02001_2.00 (estExt_fgenesh1_pg.C_1220019)_(Arabidopsis_thaliana)_(DBD_0.89)

letter-probability matrix: alength= 4 w= 10 nsites= 1 E= 0
  0.231738	  0.297557	  0.201463	  0.269241	
  0.304123	  0.367760	  0.143657	  0.184460	
  0.078051	  0.048296	  0.683590	  0.190063	
  0.819313	  0.011804	  0.000125	  0.168758	
  0.079012	  0.162324	  0.066659	  0.692005	
  0.103466	  0.428051	  0.219037	  0.249446	
  0.319040	  0.173351	  0.266484	  0.241125	
  0.274622	  0.222604	  0.222604	  0.280170	
  0.278894	  0.204554	  0.237658	  0.278894	
  0.289033	  0.239018	  0.207793	  0.264156	

URL http://cisbp.ccbr.utoronto.ca/TFreport.php?versionNumber=2.00&searchTF=T196101_2.00

MOTIF M02038_2.00 (fgenesh1_pg.scaffold_15000027)_(Arabidopsis_thaliana)_(DBD_0.71)

letter-probability matrix: alength= 4 w= 8 nsites= 1 E= 0
  0.231259	  0.222191	  0.176538	  0.370012	
  0.214645	  0.107661	  0.527941	  0.149753	
  0.199975	  0.180945	  0.018324	  0.600757	
  0.043118	  0.003108	  0.185663	  0.768111	
  0.080433	  0.733206	  0.099229	  0.087132	
  0.404577	  0.085016	  0.129391	  0.381016	
  0.285665	  0.046285	  0.032292	  0.635758	
  0.299073	  0.273332	  0.276079	  0.151515	

URL http://cisbp.ccbr.utoronto.ca/TFreport.php?versionNumber=2.00&searchTF=T227478_2.00

MOTIF M02051_2.00 (fgenesh1_pm.scaffold_154000010)_(Arabidopsis_thaliana)_(DBD_0.81)

letter-probability matrix: alength= 4 w= 10 nsites= 1 E= 0
  0.260303	  0.217424	  0.240290	  0.281983	
  0.262660	  0.188832	  0.296148	  0.252361	
  0.133012	  0.185015	  0.131688	  0.550285	
  0.036271	  0.033483	  0.872212	  0.058034	
  0.974389	  0.000237	  0.000048	  0.025325	
  0.032101	  0.887929	  0.000221	  0.079750	
  0.463371	  0.172178	  0.241901	  0.122551	
  0.098103	  0.155403	  0.457611	  0.288883	
  0.126687	  0.334193	  0.344370	  0.194750	
  0.215303	  0.228616	  0.167678	  0.388403	

URL http://cisbp.ccbr.utoronto.ca/TFreport.php?versionNumber=2.00&searchTF=T227492_2.00

MOTIF M02137_2.00 (gw1.224.39.1)_(Zea_mays)_(DBD_0.79)

letter-probability matrix: alength= 4 w= 8 nsites= 1 E= 0
