MEME version 5.5.8 (Fri May 2 15:43:49 2025 -0700)

ALPHABET= ACGT

strands: + -

Background letter frequencies (from uniform background):
A 0.25000 C 0.25000 G 0.25000 T 0.25000 

MOTIF M01235_2.00 (PLICRDRAFT_701268)_(Neurospora_crassa)_(DBD_0.89)

letter-probability matrix: alength= 4 w= 11 nsites= 1 E= 0
  0.224507	  0.326478	  0.224507	  0.224507	
  0.203126	  0.299039	  0.391867	  0.105967	
  0.225223	  0.724938	  0.024920	  0.024920	
  0.000216	  0.000216	  0.999351	  0.000216	
  0.999351	  0.000216	  0.000216	  0.000216	
  0.000216	  0.000216	  0.000216	  0.999351	
  0.000216	  0.999351	  0.000216	  0.000216	
  0.000216	  0.000216	  0.897514	  0.102053	
  0.347248	  0.117812	  0.509230	  0.025709	
  0.144249	  0.144249	  0.144249	  0.567252	
  0.225297	  0.324110	  0.225297	  0.225297	

URL http://cisbp.ccbr.utoronto.ca/TFreport.php?versionNumber=2.00&searchTF=T194841_2.00

MOTIF M01419_2.00 (PLICRDRAFT_180316)_(Schizophyllum_commune)_(DBD_0.77)

letter-probability matrix: alength= 4 w= 8 nsites= 1 E= 0
  0.000554	  0.222284	  0.554878	  0.222284	
  0.832363	  0.042013	  0.000416	  0.125208	
  0.000399	  0.160144	  0.000399	  0.839058	
  0.000399	  0.998802	  0.000399	  0.000399	
  0.000399	  0.040335	  0.958866	  0.000399	
  0.000399	  0.000399	  0.998802	  0.000399	
  0.911892	  0.043837	  0.043837	  0.000434	
  0.266622	  0.200133	  0.532580	  0.000665	

URL http://cisbp.ccbr.utoronto.ca/TFreport.php?versionNumber=2.00&searchTF=T379006_2.00

MOTIF M01465_2.00 (PLICRDRAFT_57740)_(Schizophyllum_commune)_(DBD_0.94)

letter-probability matrix: alength= 4 w= 9 nsites= 1 E= 0
  0.247629	  0.065492	  0.627619	  0.059260	
  0.051927	  0.888767	  0.017634	  0.041672	
  0.049128	  0.536158	  0.089517	  0.325196	
  0.005643	  0.992645	  0.001041	  0.000671	
  0.011398	  0.985822	  0.000524	  0.002256	
  0.858853	  0.013139	  0.103090	  0.024918	
  0.135524	  0.691695	  0.051375	  0.121407	
  0.341514	  0.240661	  0.159715	  0.258111	
  0.237320	  0.275726	  0.234959	  0.251995	

URL http://cisbp.ccbr.utoronto.ca/TFreport.php?versionNumber=2.00&searchTF=T126675_2.00

MOTIF M01566_2.00 (PLICRDRAFT_46399)_(Saccharomyces_cerevisiae)_(DBD_0.58)

letter-probability matrix: alength= 4 w= 8 nsites= 1 E= 0
  0.270726	  0.299198	  0.159350	  0.270726	
  0.171103	  0.404343	  0.058690	  0.365865	
  0.701225	  0.048078	  0.204963	  0.045733	
  0.053179	  0.447494	  0.090348	  0.408979	
  0.407307	  0.049381	  0.055677	  0.487635	
  0.525518	  0.097943	  0.128302	  0.248237	
  0.510778	  0.094249	  0.117441	  0.277532	
  0.343791	  0.175921	  0.275898	  0.204391	

URL http://cisbp.ccbr.utoronto.ca/TFreport.php?versionNumber=2.00&searchTF=T332086_2.00

MOTIF M02225_2.00 (PLICRDRAFT_366051)_(Neurospora_crassa)_(DBD_0.54)

letter-probability matrix: alength= 4 w= 8 nsites= 1 E= 0
  0.209810	  0.248689	  0.243765	  0.297735	
  0.169404	  0.268348	  0.296570	  0.265678	
  0.128561	  0.266774	  0.173539	  0.431126	
  0.418284	  0.236550	  0.131126	  0.214040	
  0.620568	  0.129106	  0.226022	  0.024304	
  0.203970	  0.136725	  0.099283	  0.560021	
  0.279320	  0.235653	  0.176330	  0.308697	
  0.292088	  0.158706	  0.150966	  0.398240	

URL http://cisbp.ccbr.utoronto.ca/TFreport.php?versionNumber=2.00&searchTF=T222443_2.00

MOTIF M02228_2.00 (PLICRDRAFT_179242)_(Oikopleura_dioica)_(DBD_0.40)

letter-probability matrix: alength= 4 w= 10 nsites= 1 E= 0
  0.334982	  0.178409	  0.201155	  0.285453	
  0.210546	  0.237390	  0.194359	  0.357704	
  0.134708	  0.245455	  0.285178	  0.334659	
  0.027919	  0.202207	  0.012927	  0.756947	
  0.872504	  0.078364	  0.024566	  0.024566	
  0.977176	  0.009725	  0.004976	  0.008123	
  0.003565	  0.009036	  0.003824	  0.983575	
  0.424012	  0.070793	  0.036590	  0.468606	
  0.591052	  0.030936	  0.047083	  0.330929	
  0.345635	  0.197430	  0.218194	  0.238742	

URL http://cisbp.ccbr.utoronto.ca/TFreport.php?versionNumber=2.00&searchTF=T222442_2.00

MOTIF M02485_2.00 (PLICRDRAFT_179042)_(Arabidopsis_thaliana)_(DBD_0.38)

letter-probability matrix: alength= 4 w= 10 nsites= 1 E= 0
  0.246206	  0.214041	  0.253704	  0.286050	
  0.223218	  0.225462	  0.123736	  0.427584	
  0.374373	  0.150694	  0.125870	  0.349063	
  0.424988	  0.133228	  0.213164	  0.228620	
  0.314246	  0.138404	  0.139795	  0.407555	
  0.001214	  0.456559	  0.032581	  0.509647	
  0.524312	  0.125473	  0.318011	  0.032204	
  0.266076	  0.207220	  0.195153	  0.331551	
  0.287074	  0.181225	  0.287074	  0.244628	
  0.289992	  0.232724	  0.235063	  0.242222	

URL http://cisbp.ccbr.utoronto.ca/TFreport.php?versionNumber=2.00&searchTF=T332084_2.00

