MEME version 5.5.8 (Fri May 2 15:43:49 2025 -0700)

ALPHABET= ACGT

strands: + -

Background letter frequencies (from uniform background):
A 0.25000 C 0.25000 G 0.25000 T 0.25000 

MOTIF M01233_2.00 (EFA84076.1)_(Dictyostelium_discoideum)_(DBD_0.89)

letter-probability matrix: alength= 4 w= 10 nsites= 1 E= 0
  0.125078	  0.357429	  0.134147	  0.383346	
  0.698844	  0.106637	  0.134213	  0.060306	
  0.013828	  0.005402	  0.912962	  0.067809	
  0.959418	  0.015742	  0.000397	  0.024443	
  0.025356	  0.013916	  0.023407	  0.937321	
  0.005677	  0.876939	  0.046826	  0.070558	
  0.045150	  0.032136	  0.230439	  0.692276	
  0.341321	  0.134669	  0.404569	  0.119441	
  0.269108	  0.243499	  0.171591	  0.315801	
  0.350658	  0.175882	  0.221365	  0.252096	

URL http://cisbp.ccbr.utoronto.ca/TFreport.php?versionNumber=2.00&searchTF=T196871_2.00

MOTIF M01319_2.00 (EFA85847.1)_(Arabidopsis_thaliana)_(DBD_0.33)

letter-probability matrix: alength= 4 w= 8 nsites= 1 E= 0
  0.158993	  0.167145	  0.151239	  0.522623	
  0.178907	  0.147949	  0.124819	  0.548325	
  0.096781	  0.412588	  0.090238	  0.400394	
  0.640051	  0.041744	  0.317840	  0.000365	
  0.843350	  0.025981	  0.034377	  0.096292	
  0.746360	  0.041067	  0.080255	  0.132318	
  0.306449	  0.236288	  0.043600	  0.413663	
  0.253512	  0.201424	  0.199420	  0.345645	

URL http://cisbp.ccbr.utoronto.ca/TFreport.php?versionNumber=2.00&searchTF=T346178_2.00

MOTIF M01565_2.00 (EFA82179.1)_(Saccharomyces_cerevisiae)_(DBD_0.48)

letter-probability matrix: alength= 4 w= 10 nsites= 1 E= 0
  0.275621	  0.196179	  0.184754	  0.343445	
  0.239066	  0.197698	  0.157078	  0.406158	
  0.351405	  0.065493	  0.118148	  0.464954	
  0.275882	  0.145470	  0.109944	  0.468704	
  0.465587	  0.103886	  0.064283	  0.366244	
  0.343551	  0.084719	  0.502369	  0.069362	
  0.039893	  0.339069	  0.050714	  0.570324	
  0.299986	  0.072511	  0.434301	  0.193202	
  0.212492	  0.210378	  0.364638	  0.212492	
  0.183038	  0.221338	  0.419764	  0.175861	

URL http://cisbp.ccbr.utoronto.ca/TFreport.php?versionNumber=2.00&searchTF=T334830_2.00

MOTIF M01656_2.00 (EFA85631.1)_(Dictyostelium_discoideum)_(DBD_0.92)

letter-probability matrix: alength= 4 w= 10 nsites= 1 E= 0
  0.205322	  0.263638	  0.248285	  0.282754	
  0.351607	  0.137347	  0.245308	  0.265739	
  0.819730	  0.078963	  0.056203	  0.045104	
  0.069060	  0.004978	  0.032621	  0.893341	
  0.187905	  0.378394	  0.098095	  0.335606	
  0.597258	  0.075366	  0.169415	  0.157961	
  0.472036	  0.155564	  0.212099	  0.160301	
  0.412054	  0.160960	  0.228413	  0.198573	
  0.278116	  0.239377	  0.223193	  0.259314	
  0.257464	  0.230645	  0.221601	  0.290290	

URL http://cisbp.ccbr.utoronto.ca/TFreport.php?versionNumber=2.00&searchTF=T016203_2.00

MOTIF M01672_2.00 (EFA79895.1)_(Arabidopsis_thaliana)_(DBD_0.46)

letter-probability matrix: alength= 4 w= 10 nsites= 1 E= 0
  0.248110	  0.152843	  0.248240	  0.350807	
  0.831954	  0.024260	  0.024260	  0.119527	
  0.292968	  0.000230	  0.000230	  0.706571	
  0.701933	  0.000230	  0.000230	  0.297606	
  0.000230	  0.000230	  0.000230	  0.999309	
  0.802506	  0.000230	  0.000230	  0.197033	
  0.686996	  0.000230	  0.000230	  0.312544	
  0.297562	  0.000230	  0.000230	  0.701978	
  0.213125	  0.097387	  0.097387	  0.592100	
  0.322088	  0.225971	  0.225971	  0.225971	

URL http://cisbp.ccbr.utoronto.ca/TFreport.php?versionNumber=2.00&searchTF=T018080_2.00

MOTIF M01794_2.00 (EFA78656.1)_(Dictyostelium_discoideum)_(DBD_0.77)

letter-probability matrix: alength= 4 w= 9 nsites= 1 E= 0
  0.722353	  0.051548	  0.115875	  0.110224	
  0.011665	  0.770150	  0.105276	  0.112909	
  0.023156	  0.039341	  0.908935	  0.028568	
  0.000015	  0.000001	  0.000001	  0.999983	
  0.204441	  0.113327	  0.555728	  0.126505	
  0.030794	  0.000266	  0.763052	  0.205887	
  0.137156	  0.412039	  0.133102	  0.317703	
  0.395569	  0.232834	  0.131673	  0.239924	
  0.255564	  0.334780	  0.148929	  0.260727	

URL http://cisbp.ccbr.utoronto.ca/TFreport.php?versionNumber=2.00&searchTF=T072772_2.00

MOTIF M01796_2.00 (EFA81287.1)_(Dictyostelium_discoideum)_(DBD_0.78)

letter-probability matrix: alength= 4 w= 10 nsites= 1 E= 0
  0.313062	  0.203650	  0.332421	  0.150867	
  0.171436	  0.240859	  0.077806	  0.509899	
  0.050046	  0.238160	  0.535361	  0.176433	
  0.952059	  0.000307	  0.047400	  0.000234	
  0.001305	  0.842068	  0.048224	  0.108404	
  0.147537	  0.050607	  0.730757	  0.071100	
  0.173062	  0.231285	  0.106022	  0.489630	
  0.211470	  0.107134	  0.504761	  0.176635	
  0.149963	  0.144083	  0.368850	  0.337104	
  0.282001	  0.317956	  0.189031	  0.211011	

URL http://cisbp.ccbr.utoronto.ca/TFreport.php?versionNumber=2.00&searchTF=T072776_2.00

MOTIF M01797_2.00 (EFA78647.1)_(Dictyostelium_discoideum)_(DBD_0.89)

letter-probability matrix: alength= 4 w= 11 nsites= 1 E= 0
  0.229248	  0.312257	  0.229248	  0.229248	
  0.383818	  0.205394	  0.205394	  0.205394	
  0.601000	  0.106264	  0.186471	  0.106264	
  0.584632	  0.000198	  0.000198	  0.414973	
  0.000198	  0.077683	  0.082181	  0.839939	
  0.916399	  0.000198	  0.000198	  0.083206	
  0.000198	  0.916399	  0.000198	  0.083206	
  0.167704	  0.000198	  0.831900	  0.000198	
  0.098435	  0.110971	  0.020950	  0.769644	
  0.783606	  0.044804	  0.126787	  0.044804	
  0.244812	  0.221418	  0.143933	  0.389837	

URL http://cisbp.ccbr.utoronto.ca/TFreport.php?versionNumber=2.00&searchTF=T072771_2.00

MOTIF M01959_2.00 (EFA85884.1)_(Dictyostelium_discoideum)_(DBD_0.80)

letter-probability matrix: alength= 4 w= 11 nsites= 1 E= 0
  0.312439	  0.229187	  0.229187	  0.229187	
  0.259292	  0.346415	  0.241260	  0.153034	
  0.046301	  0.046301	  0.766317	  0.141081	
  0.000164	  0.720180	  0.279493	  0.000164	
  0.000164	  0.000164	  0.999509	  0.000164	
  0.000164	  0.999509	  0.000164	  0.000164	
  0.000164	  0.000164	  0.999509	  0.000164	
  0.000164	  0.999509	  0.000164	  0.000164	
  0.020977	  0.694240	  0.263807	  0.020977	
  0.481302	  0.229831	  0.097130	  0.191736	
  0.301611	  0.290663	  0.203863	  0.203863	

URL http://cisbp.ccbr.utoronto.ca/TFreport.php?versionNumber=2.00&searchTF=T174049_2.00

MOTIF M02007_2.00 (EFA77753.1)_(Dictyostelium_discoideum)_(DBD_0.89)

letter-probability matrix: alength= 4 w= 10 nsites= 1 E= 0
  0.180841	  0.286465	  0.234538	  0.298156	
  0.366884	  0.113869	  0.129677	  0.389571	
  0.335406	  0.187793	  0.258616	  0.218185	
  0.102789	  0.348164	  0.211172	  0.337875	
  0.841733	  0.112783	  0.031673	  0.013811	
  0.000000	  0.000053	  0.998602	  0.001345	
  0.984155	  0.012083	  0.002950	  0.000812	
  0.000099	  0.007526	  0.021294	  0.971081	
  0.111980	  0.491921	  0.194089	  0.202010	
  0.154422	  0.247074	  0.264989	  0.333515	

URL http://cisbp.ccbr.utoronto.ca/TFreport.php?versionNumber=2.00&searchTF=T196857_2.00

MOTIF M02008_2.00 (EFA80888.1)_(Dictyostelium_discoideum)_(DBD_0.92)

letter-probability matrix: alength= 4 w= 10 nsites= 1 E= 0
  0.268498	  0.226522	  0.193030	  0.311950	
  0.199450	  0.303555	  0.297545	  0.199450	
  0.074537	  0.121669	  0.030003	  0.773791	
  0.000405	  0.000096	  0.999018	  0.000480	
  0.991970	  0.001682	  0.003253	  0.003095	
  0.000086	  0.001984	  0.000752	  0.997179	
  0.033195	  0.455963	  0.282142	  0.228700	
  0.326773	  0.135540	  0.372138	  0.165549	
  0.278478	  0.244530	  0.239688	  0.237303	
  0.232649	  0.270300	  0.237349	  0.259701	

URL http://cisbp.ccbr.utoronto.ca/TFreport.php?versionNumber=2.00&searchTF=T196864_2.00

MOTIF M02009_2.00 (EFA80915.1)_(Dictyostelium_discoideum)_(DBD_0.97)

letter-probability matrix: alength= 4 w= 8 nsites= 1 E= 0
  0.210609	  0.578256	  0.053046	  0.158088	
  0.310262	  0.689050	  0.000344	  0.000344	
  0.000303	  0.000303	  0.999092	  0.000303	
  0.999092	  0.000303	  0.000303	  0.000303	
  0.000303	  0.000303	  0.000303	  0.999092	
  0.000303	  0.999092	  0.000303	  0.000303	
  0.000312	  0.000312	  0.780587	  0.218789	
  0.691628	  0.038786	  0.077189	  0.192396	

URL http://cisbp.ccbr.utoronto.ca/TFreport.php?versionNumber=2.00&searchTF=T196866_2.00

MOTIF M02010_2.00 (EFA80914.1)_(Dictyostelium_discoideum)_(DBD_0.89)

letter-probability matrix: alength= 4 w= 7 nsites= 1 E= 0
  0.151807	  0.377137	  0.119416	  0.351640	
  0.132535	  0.809849	  0.020022	  0.037594	
  0.000855	  0.009903	  0.985176	  0.004067	
  0.990153	  0.000349	  0.000218	  0.009280	
  0.016614	  0.000301	  0.000468	  0.982617	
  0.053147	  0.687494	  0.105959	  0.153401	
  0.160073	  0.197478	  0.303575	  0.338874	

URL http://cisbp.ccbr.utoronto.ca/TFreport.php?versionNumber=2.00&searchTF=T196865_2.00

MOTIF M02012_2.00 (EFA75635.1)_(Dictyostelium_discoideum)_(DBD_0.92)

letter-probability matrix: alength= 4 w= 8 nsites= 1 E= 0
  0.481139	  0.259246	  0.148299	  0.111317	
  0.315720	  0.683754	  0.000263	  0.000263	
  0.000244	  0.000244	  0.999269	  0.000244	
  0.999269	  0.000244	  0.000244	  0.000244	
  0.000244	  0.000244	  0.000244	  0.999269	
  0.000244	  0.999269	  0.000244	  0.000244	
  0.000244	  0.000244	  0.706871	  0.292641	
  0.515786	  0.225838	  0.161405	  0.096972	

URL http://cisbp.ccbr.utoronto.ca/TFreport.php?versionNumber=2.00&searchTF=T196850_2.00

MOTIF M02013_2.00 (EFA77670.1)_(Dictyostelium_discoideum)_(DBD_0.89)

letter-probability matrix: alength= 4 w= 8 nsites= 1 E= 0
  0.208124	  0.336344	  0.148137	  0.307395	
  0.193980	  0.326279	  0.175520	  0.304221	
  0.329188	  0.570565	  0.021469	  0.078778	
  0.020795	  0.000370	  0.911160	  0.067675	
  0.967400	  0.000175	  0.000140	  0.032285	
  0.006241	  0.000276	  0.000049	  0.993434	
  0.046560	  0.555982	  0.169141	  0.228317	
  0.249037	  0.109684	  0.449259	  0.192020	

URL http://cisbp.ccbr.utoronto.ca/TFreport.php?versionNumber=2.00&searchTF=T196856_2.00

MOTIF M02014_2.00 (EFA81457.1)_(Dictyostelium_discoideum)_(DBD_1.00)

letter-probability matrix: alength= 4 w= 9 nsites= 1 E= 0
  0.219716	  0.265691	  0.183522	  0.331071	
  0.250434	  0.265920	  0.243032	  0.240614	
  0.444513	  0.386441	  0.083678	  0.085369	
  0.084304	  0.006517	  0.866469	  0.042710	
  0.921264	  0.013273	  0.007735	  0.057728	
  0.016068	  0.014394	  0.000001	  0.969537	
  0.152074	  0.546954	  0.164739	  0.136233	
  0.135109	  0.205631	  0.261408	  0.397853	
  0.296179	  0.230665	  0.242491	  0.230665	

URL http://cisbp.ccbr.utoronto.ca/TFreport.php?versionNumber=2.00&searchTF=T196867_2.00

MOTIF M02071_2.00 (EFA75708.1)_(Dictyostelium_discoideum)_(DBD_0.72)

letter-probability matrix: alength= 4 w= 10 nsites= 1 E= 0
  0.298703	  0.171430	  0.171430	  0.358437	
  0.304805	  0.135193	  0.025700	  0.534302	
  0.715211	  0.093459	  0.093911	  0.097419	
  0.000182	  0.000182	  0.000182	  0.999455	
  0.999455	  0.000182	  0.000182	  0.000182	
  0.097419	  0.000182	  0.000182	  0.902218	
  0.905485	  0.000182	  0.094152	  0.000182	
  0.094152	  0.093911	  0.000182	  0.811755	
  0.175207	  0.078752	  0.575191	  0.170850	
  0.224482	  0.224482	  0.224482	  0.326554	

URL http://cisbp.ccbr.utoronto.ca/TFreport.php?versionNumber=2.00&searchTF=T229808_2.00

MOTIF M02073_2.00 (EFA75019.1)_(Dictyostelium_discoideum)_(DBD_0.82)

letter-probability matrix: alength= 4 w= 8 nsites= 1 E= 0
  0.270248	  0.108261	  0.216253	  0.405238	
  0.282994	  0.075603	  0.132164	  0.509238	
  0.000141	  0.014217	  0.000141	  0.985501	
  0.000139	  0.000139	  0.999584	  0.000139	
  0.999584	  0.000139	  0.000139	  0.000139	
  0.000139	  0.999584	  0.000139	  0.000139	
  0.971821	  0.000139	  0.027901	  0.000139	
  0.000182	  0.454397	  0.200036	  0.345385	

URL http://cisbp.ccbr.utoronto.ca/TFreport.php?versionNumber=2.00&searchTF=T229807_2.00

MOTIF M02074_2.00 (EFA78939.1)_(Dictyostelium_discoideum)_(DBD_0.98)

letter-probability matrix: alength= 4 w= 8 nsites= 1 E= 0
  0.152865	  0.204293	  0.347080	  0.295762	
  0.066890	  0.358900	  0.022489	  0.551721	
  0.775218	  0.104914	  0.046672	  0.073196	
  0.869964	  0.073586	  0.014418	  0.042033	
  0.000088	  0.022742	  0.000438	  0.976732	
  0.502328	  0.093621	  0.042916	  0.361135	
  0.329862	  0.070013	  0.034079	  0.566046	
  0.521291	  0.163417	  0.171796	  0.143496	

URL http://cisbp.ccbr.utoronto.ca/TFreport.php?versionNumber=2.00&searchTF=T229810_2.00

MOTIF M02283_2.00 (EFA85834.1)_(Dictyostelium_discoideum)_(DBD_1.00)

letter-probability matrix: alength= 4 w= 10 nsites= 1 E= 0
  0.233777	  0.598464	  0.083460	  0.084299	
  0.030948	  0.562453	  0.044359	  0.362240	
  0.506429	  0.042836	  0.155615	  0.295120	
  0.524310	  0.062308	  0.043907	  0.369475	
  0.657133	  0.044163	  0.042009	  0.256695	
  0.290800	  0.112464	  0.066862	  0.529873	
  0.281986	  0.340992	  0.131875	  0.245147	
  0.228299	  0.247314	  0.296088	  0.228299	
  0.301159	  0.033037	  0.594451	  0.071353	
  0.207356	  0.056511	  0.520315	  0.215818	

URL http://cisbp.ccbr.utoronto.ca/TFreport.php?versionNumber=2.00&searchTF=T259219_2.00

MOTIF M02315_2.00 (EFA79332.1)_(Dictyostelium_discoideum)_(DBD_0.88)

letter-probability matrix: alength= 4 w= 10 nsites= 1 E= 0
  0.244135	  0.195923	  0.236920	  0.323022	
  0.279112	  0.133168	  0.053070	  0.534650	
  0.928101	  0.005069	  0.040171	  0.026659	
  0.438291	  0.185468	  0.118260	  0.257980	
  0.035085	  0.932411	  0.016740	  0.015765	
  0.151723	  0.279236	  0.396255	  0.172787	
  0.135382	  0.162082	  0.472530	  0.230005	
  0.099323	  0.419212	  0.098335	  0.383131	
  0.186969	  0.361747	  0.130444	  0.320840	
  0.200280	  0.317258	  0.267660	  0.214802	

URL http://cisbp.ccbr.utoronto.ca/TFreport.php?versionNumber=2.00&searchTF=T290255_2.00

MOTIF M02317_2.00 (EFA84599.1)_(Dictyostelium_discoideum)_(DBD_0.86)

letter-probability matrix: alength= 4 w= 10 nsites= 1 E= 0
  0.287690	  0.213126	  0.202732	  0.296452	
  0.178686	  0.211797	  0.246073	  0.363445	
  0.123190	  0.082576	  0.002897	  0.791337	
  0.612458	  0.171997	  0.203869	  0.011675	
  0.126805	  0.282209	  0.061108	  0.529878	
  0.267416	  0.316969	  0.192251	  0.223364	
  0.245920	  0.241051	  0.111610	  0.401420	
  0.174902	  0.306196	  0.335032	  0.183870	
  0.265921	  0.215551	  0.093056	  0.425472	
  0.322335	  0.205530	  0.180475	  0.291661	

URL http://cisbp.ccbr.utoronto.ca/TFreport.php?versionNumber=2.00&searchTF=T290267_2.00

MOTIF M02318_2.00 (EFA76404.1)_(Dictyostelium_discoideum)_(DBD_0.89)

letter-probability matrix: alength= 4 w= 7 nsites= 1 E= 0
  0.213384	  0.238196	  0.285172	  0.263247	
  0.239927	  0.380062	  0.127783	  0.252228	
  0.073834	  0.881671	  0.044337	  0.000158	
  0.000070	  0.998706	  0.001146	  0.000077	
  0.029302	  0.000132	  0.970360	  0.000205	
  0.350908	  0.156104	  0.437258	  0.055730	
  0.156701	  0.335070	  0.166391	  0.341839	

URL http://cisbp.ccbr.utoronto.ca/TFreport.php?versionNumber=2.00&searchTF=T290248_2.00

MOTIF M02319_2.00 (EFA77680.1)_(Dictyostelium_discoideum)_(DBD_0.89)

letter-probability matrix: alength= 4 w= 8 nsites= 1 E= 0
  0.545186	  0.045640	  0.113760	  0.295413	
  0.690917	  0.088330	  0.132422	  0.088330	
  0.918294	  0.011739	  0.046606	  0.023361	
  0.034582	  0.000115	  0.023093	  0.942210	
  0.999655	  0.000115	  0.000115	  0.000115	
  0.000115	  0.000115	  0.011604	  0.988166	
  0.011739	  0.988029	  0.000116	  0.000116	
  0.103028	  0.132422	  0.088330	  0.676220	

URL http://cisbp.ccbr.utoronto.ca/TFreport.php?versionNumber=2.00&searchTF=T290252_2.00

MOTIF M02321_2.00 (EFA83904.1)_(Dictyostelium_discoideum)_(DBD_0.89)

letter-probability matrix: alength= 4 w= 10 nsites= 1 E= 0
  0.187435	  0.291032	  0.069646	  0.451887	
  0.867796	  0.030446	  0.034673	  0.067085	
  0.782187	  0.150219	  0.049013	  0.018580	
  0.016070	  0.931660	  0.001007	  0.051263	
  0.028881	  0.305875	  0.470209	  0.195035	
  0.131471	  0.122583	  0.522585	  0.223361	
  0.318603	  0.370164	  0.101895	  0.209337	
  0.244959	  0.337340	  0.133099	  0.284602	
  0.268426	  0.233358	  0.242882	  0.255334	
  0.244764	  0.259899	  0.232826	  0.262511	

URL http://cisbp.ccbr.utoronto.ca/TFreport.php?versionNumber=2.00&searchTF=T290265_2.00

MOTIF M02322_2.00 (EFA77311.1)_(Dictyostelium_discoideum)_(DBD_0.78)

letter-probability matrix: alength= 4 w= 10 nsites= 1 E= 0
  0.104571	  0.230410	  0.026046	  0.638973	
  0.904351	  0.017240	  0.066501	  0.011908	
  0.971122	  0.021943	  0.003813	  0.003122	
  0.013237	  0.965866	  0.000751	  0.020146	
  0.021878	  0.133682	  0.717278	  0.127162	
  0.068401	  0.020194	  0.850129	  0.061276	
  0.283720	  0.206023	  0.060824	  0.449433	
  0.216766	  0.254378	  0.160584	  0.368271	
  0.397704	  0.168293	  0.136416	  0.297587	
  0.299158	  0.212931	  0.179643	  0.308268	

URL http://cisbp.ccbr.utoronto.ca/TFreport.php?versionNumber=2.00&searchTF=T290250_2.00

MOTIF M02575_2.00 (EFA81495.1)_(Dictyostelium_discoideum)_(DBD_0.82)

letter-probability matrix: alength= 4 w= 9 nsites= 1 E= 0
  0.124879	  0.225280	  0.084550	  0.565292	
  0.009736	  0.978320	  0.010977	  0.000966	
  0.000179	  0.035854	  0.962430	  0.001536	
  0.010682	  0.022388	  0.961519	  0.005411	
  0.249434	  0.336701	  0.223452	  0.190413	
  0.409441	  0.141853	  0.195350	  0.253355	
  0.319402	  0.205706	  0.161814	  0.313077	
  0.296562	  0.181682	  0.159534	  0.362222	
  0.309179	  0.164666	  0.201124	  0.325031	

URL http://cisbp.ccbr.utoronto.ca/TFreport.php?versionNumber=2.00&searchTF=T390557_2.00

MOTIF M02652_2.00 (EFA76255.1)_(Pisum_sativum)_(DBD_0.56)

letter-probability matrix: alength= 4 w= 16 nsites= 1 E= 0
  0.214286	  0.357143	  0.285714	  0.142857	
  0.500000	  0.000000	  0.214286	  0.285714	
  0.642857	  0.071429	  0.071429	  0.214286	
  0.214286	  0.428571	  0.285714	  0.071429	
  0.785714	  0.000000	  0.214286	  0.000000	
  0.785714	  0.000000	  0.142857	  0.071429	
  0.785714	  0.000000	  0.142857	  0.071429	
  0.214286	  0.214286	  0.142857	  0.428571	
  0.285714	  0.071429	  0.571429	  0.071429	
  0.214286	  0.285714	  0.428571	  0.071429	
  0.571429	  0.357143	  0.071429	  0.000000	
  0.571429	  0.071429	  0.285714	  0.071429	
  0.642857	  0.000000	  0.142857	  0.214286	
  0.642857	  0.357143	  0.000000	  0.000000	
  0.785714	  0.000000	  0.214286	  0.000000	
  0.142857	  0.500000	  0.000000	  0.357143	

URL http://cisbp.ccbr.utoronto.ca/TFreport.php?versionNumber=2.00&searchTF=T018079_2.00

MOTIF M02698_2.00 (EFA82522.1)_(Arabidopsis_thaliana)_(DBD_0.84)

letter-probability matrix: alength= 4 w= 11 nsites= 1 E= 0
  0.140000	  0.450000	  0.230000	  0.180000	
  0.160000	  0.270000	  0.550000	  0.020000	
  0.000000	  0.919192	  0.040404	  0.040404	
  0.000000	  0.050000	  0.930000	  0.020000	
  0.040404	  0.939394	  0.000000	  0.020202	
  0.040404	  0.020202	  0.020202	  0.919192	
  0.080808	  0.000000	  0.858586	  0.060606	
  0.960000	  0.000000	  0.020000	  0.020000	
  0.040000	  0.040000	  0.920000	  0.000000	
  0.020000	  0.550000	  0.260000	  0.170000	
  0.151515	  0.323232	  0.242424	  0.282828	

URL http://cisbp.ccbr.utoronto.ca/TFreport.php?versionNumber=2.00&searchTF=T290263_2.00

MOTIF M07381_2.00 (EFA80219.1)_(Arabidopsis_thaliana)_(DBD_0.60)

letter-probability matrix: alength= 4 w= 11 nsites= 1 E= 0
  0.543478	  0.220736	  0.105351	  0.130435	
  0.675586	  0.125418	  0.056856	  0.142140	
  0.645485	  0.103679	  0.043478	  0.207358	
  0.780936	  0.000000	  0.219064	  0.000000	
  0.000000	  0.000000	  1.000000	  0.000000	
  0.000000	  0.000000	  0.000000	  1.000000	
  0.000000	  0.998328	  0.000000	  0.001672	
  1.000000	  0.000000	  0.000000	  0.000000	
  1.000000	  0.000000	  0.000000	  0.000000	
  0.301003	  0.665552	  0.001672	  0.031773	
  0.177258	  0.115385	  0.580267	  0.127090	

URL http://cisbp.ccbr.utoronto.ca/TFreport.php?versionNumber=2.00&searchTF=T357055_2.00

MOTIF M08104_2.00 (EFA79480.1)_(Homo_sapiens)_(DBD_0.74)

letter-probability matrix: alength= 4 w= 11 nsites= 1 E= 0
  0.147979	  0.183834	  0.283731	  0.384456	
  0.076684	  0.562280	  0.234404	  0.126632	
  0.007254	  0.101347	  0.044145	  0.847254	
  0.025907	  0.066114	  0.873575	  0.034404	
  0.962694	  0.002280	  0.027358	  0.007668	
  0.004767	  0.025699	  0.019482	  0.950052	
  0.019896	  0.003523	  0.006010	  0.970570	
  0.010984	  0.005803	  0.976788	  0.006425	
  0.023005	  0.007047	  0.965181	  0.004767	
  0.132435	  0.385078	  0.083731	  0.398756	
  0.073782	  0.376166	  0.156891	  0.393161	

URL http://cisbp.ccbr.utoronto.ca/TFreport.php?versionNumber=2.00&searchTF=T160773_2.00

MOTIF M08149_2.00 (EFA75762.1)_(Homo_sapiens)_(DBD_0.79)

letter-probability matrix: alength= 4 w= 15 nsites= 1 E= 0
  0.319149	  0.145315	  0.306021	  0.229516	
  0.331824	  0.068357	  0.259393	  0.340426	
  0.195111	  0.088728	  0.372114	  0.344047	
  0.172929	  0.639203	  0.035310	  0.152558	
  0.000000	  0.445903	  0.000000	  0.554097	
  0.731553	  0.115890	  0.033499	  0.119058	
  0.772295	  0.014486	  0.109099	  0.104120	
  0.953825	  0.000000	  0.039384	  0.006790	
  0.964690	  0.000000	  0.000905	  0.034405	
  0.966501	  0.000000	  0.001811	  0.031689	
  0.025351	  0.028067	  0.000000	  0.946582	
  0.985514	  0.000000	  0.014486	  0.000000	
  0.176098	  0.054323	  0.756451	  0.013128	
  0.441376	  0.378452	  0.066999	  0.113173	
  0.456768	  0.203712	  0.057039	  0.282481	

URL http://cisbp.ccbr.utoronto.ca/TFreport.php?versionNumber=2.00&searchTF=T259214_2.00

