MEME version 5.5.8 (Fri May 2 15:43:49 2025 -0700)

ALPHABET= ACGT

strands: + -

Background letter frequencies (from uniform background):
A 0.25000 C 0.25000 G 0.25000 T 0.25000 

MOTIF M00051_2.00 (PTTG_09989)_(Saccharomyces_cerevisiae)_(DBD_0.65)

letter-probability matrix: alength= 4 w= 8 nsites= 1 E= 0
  0.270248	  0.432235	  0.000270	  0.297246	
  0.000196	  0.000196	  0.999412	  0.000196	
  0.999424	  0.000192	  0.000192	  0.000192	
  0.000192	  0.000192	  0.000192	  0.999424	
  0.980208	  0.000192	  0.019408	  0.000192	
  0.940635	  0.000196	  0.000196	  0.058973	
  0.022934	  0.113760	  0.840372	  0.022934	
  0.344697	  0.241391	  0.241391	  0.172521	

URL http://cisbp.ccbr.utoronto.ca/TFreport.php?versionNumber=2.00&searchTF=T194968_2.00

MOTIF M01102_2.00 (PTTG_07047)_(PBM_CONSTRUCTS)_(DBD_0.56)

letter-probability matrix: alength= 4 w= 8 nsites= 1 E= 0
  0.520400	  0.150739	  0.150739	  0.178122	
  0.168349	  0.386085	  0.237629	  0.207937	
  0.828862	  0.000085	  0.162423	  0.008630	
  0.000085	  0.999744	  0.000085	  0.000085	
  0.000085	  0.000085	  0.982656	  0.017174	
  0.008630	  0.957023	  0.000085	  0.034262	
  0.008630	  0.017174	  0.965567	  0.008630	
  0.562344	  0.150050	  0.000125	  0.287481	

URL http://cisbp.ccbr.utoronto.ca/TFreport.php?versionNumber=2.00&searchTF=T012254_2.00

MOTIF M01105_2.00 (PTTG_10757)_(Fusarium_graminearum)_(DBD_0.61)

letter-probability matrix: alength= 4 w= 9 nsites= 1 E= 0
  0.374340	  0.173324	  0.185892	  0.266444	
  0.331918	  0.236250	  0.215916	  0.215916	
  0.367239	  0.211878	  0.193642	  0.227241	
  0.398201	  0.106374	  0.253904	  0.241521	
  0.306146	  0.173133	  0.150515	  0.370206	
  0.572249	  0.002137	  0.149841	  0.275772	
  0.602371	  0.092840	  0.044740	  0.260050	
  0.505970	  0.048254	  0.059530	  0.386247	
  0.331768	  0.096009	  0.106106	  0.466117	

URL http://cisbp.ccbr.utoronto.ca/TFreport.php?versionNumber=2.00&searchTF=T017770_2.00

MOTIF M01147_2.00 (PTTG_03490)_(Neurospora_crassa)_(DBD_0.71)

letter-probability matrix: alength= 4 w= 10 nsites= 1 E= 0
  0.256344	  0.201648	  0.261523	  0.280485	
  0.466416	  0.147685	  0.263770	  0.122129	
  0.056276	  0.045162	  0.000477	  0.898085	
  0.076513	  0.037995	  0.643848	  0.241643	
  0.796372	  0.031502	  0.085633	  0.086493	
  0.072044	  0.711432	  0.042832	  0.173691	
  0.178754	  0.047276	  0.689532	  0.084438	
  0.163925	  0.196254	  0.078997	  0.560825	
  0.373050	  0.284779	  0.165954	  0.176216	
  0.318316	  0.178225	  0.258022	  0.245438	

URL http://cisbp.ccbr.utoronto.ca/TFreport.php?versionNumber=2.00&searchTF=T067167_2.00

MOTIF M01451_2.00 (PTTG_01100)_(Puccinia_graminis)_(DBD_0.94)

letter-probability matrix: alength= 4 w= 8 nsites= 1 E= 0
  0.159473	  0.246379	  0.130504	  0.463644	
  0.038917	  0.068032	  0.873544	  0.019507	
  0.000085	  0.999746	  0.000085	  0.000085	
  0.000085	  0.000085	  0.008556	  0.991274	
  0.000085	  0.008556	  0.991274	  0.000085	
  0.000085	  0.017174	  0.282040	  0.700701	
  0.026628	  0.008935	  0.964349	  0.000088	
  0.188264	  0.305856	  0.141228	  0.364652	

URL http://cisbp.ccbr.utoronto.ca/TFreport.php?versionNumber=2.00&searchTF=T127296_2.00

MOTIF M01452_2.00 (PTTG_09215)_(Puccinia_graminis)_(DBD_1.00)

letter-probability matrix: alength= 4 w= 10 nsites= 1 E= 0
  0.204801	  0.061071	  0.679963	  0.054165	
  0.139863	  0.249802	  0.081505	  0.528830	
  0.100003	  0.753856	  0.056554	  0.089586	
  0.170587	  0.560734	  0.033759	  0.234920	
  0.170215	  0.028419	  0.725645	  0.075721	
  0.275074	  0.047325	  0.034023	  0.643577	
  0.044027	  0.056532	  0.841186	  0.058254	
  0.030259	  0.879901	  0.032454	  0.057386	
  0.270337	  0.091805	  0.512689	  0.125169	
  0.155119	  0.397101	  0.189462	  0.258318	

URL http://cisbp.ccbr.utoronto.ca/TFreport.php?versionNumber=2.00&searchTF=T127315_2.00

MOTIF M01453_2.00 (PTTG_08380)_(Puccinia_graminis)_(DBD_0.98)

letter-probability matrix: alength= 4 w= 8 nsites= 1 E= 0
  0.397050	  0.245688	  0.285449	  0.071813	
  0.091293	  0.857546	  0.008037	  0.043124	
  0.014676	  0.010137	  0.968976	  0.006210	
  0.003012	  0.994926	  0.000141	  0.001921	
  0.005105	  0.992452	  0.000172	  0.002271	
  0.918158	  0.019538	  0.032864	  0.029440	
  0.001847	  0.966308	  0.002371	  0.029473	
  0.353607	  0.208135	  0.157305	  0.280953	

URL http://cisbp.ccbr.utoronto.ca/TFreport.php?versionNumber=2.00&searchTF=T127313_2.00

MOTIF M01455_2.00 (PTTG_09814)_(Puccinia_graminis)_(DBD_0.96)

letter-probability matrix: alength= 4 w= 9 nsites= 1 E= 0
  0.254115	  0.160419	  0.210143	  0.375323	
  0.440768	  0.073591	  0.394855	  0.090787	
  0.053316	  0.859401	  0.037571	  0.049711	
  0.005407	  0.009005	  0.015146	  0.970442	
  0.057553	  0.002837	  0.937018	  0.002593	
  0.000543	  0.991726	  0.000121	  0.007610	
  0.015944	  0.003893	  0.971756	  0.008407	
  0.080613	  0.343664	  0.419752	  0.155970	
  0.449627	  0.172159	  0.225522	  0.152691	

URL http://cisbp.ccbr.utoronto.ca/TFreport.php?versionNumber=2.00&searchTF=T127317_2.00

MOTIF M01456_2.00 (PTTG_01134)_(Puccinia_graminis)_(DBD_1.00)

letter-probability matrix: alength= 4 w= 10 nsites= 1 E= 0
  0.277658	  0.207762	  0.335758	  0.178822	
  0.203780	  0.220753	  0.259056	  0.316411	
  0.007330	  0.003788	  0.984301	  0.004581	
  0.995964	  0.002168	  0.000093	  0.001775	
  0.000646	  0.004028	  0.009615	  0.985710	
  0.022009	  0.838363	  0.058059	  0.081569	
  0.170642	  0.076674	  0.468515	  0.284169	
  0.264868	  0.148299	  0.361128	  0.225706	
  0.059785	  0.854699	  0.000678	  0.084839	
  0.321168	  0.153234	  0.376894	  0.148705	

URL http://cisbp.ccbr.utoronto.ca/TFreport.php?versionNumber=2.00&searchTF=T127297_2.00

MOTIF M01565_2.00 (PTTG_09594)_(Saccharomyces_cerevisiae)_(DBD_0.58)

letter-probability matrix: alength= 4 w= 10 nsites= 1 E= 0
  0.275621	  0.196179	  0.184754	  0.343445	
  0.239066	  0.197698	  0.157078	  0.406158	
  0.351405	  0.065493	  0.118148	  0.464954	
  0.275882	  0.145470	  0.109944	  0.468704	
  0.465587	  0.103886	  0.064283	  0.366244	
  0.343551	  0.084719	  0.502369	  0.069362	
  0.039893	  0.339069	  0.050714	  0.570324	
  0.299986	  0.072511	  0.434301	  0.193202	
  0.212492	  0.210378	  0.364638	  0.212492	
  0.183038	  0.221338	  0.419764	  0.175861	

URL http://cisbp.ccbr.utoronto.ca/TFreport.php?versionNumber=2.00&searchTF=T332248_2.00

MOTIF M01567_2.00 (PTTG_01229)_(Saccharomyces_cerevisiae)_(DBD_0.90)

letter-probability matrix: alength= 4 w= 7 nsites= 1 E= 0
  0.315311	  0.189343	  0.207174	  0.288172	
  0.345705	  0.141966	  0.211788	  0.300541	
  0.271982	  0.110580	  0.155359	  0.462079	
  0.583542	  0.000869	  0.110954	  0.304636	
  0.219565	  0.006434	  0.188981	  0.585020	
  0.934996	  0.000354	  0.051964	  0.012687	
  0.422777	  0.000471	  0.095282	  0.481470	

URL http://cisbp.ccbr.utoronto.ca/TFreport.php?versionNumber=2.00&searchTF=T342848_2.00

MOTIF M02016_2.00 (PTTG_01861)_(Neurospora_crassa)_(DBD_0.77)

letter-probability matrix: alength= 4 w= 9 nsites= 1 E= 0
  0.238290	  0.282447	  0.248015	  0.231248	
  0.249185	  0.272652	  0.259355	  0.218808	
  0.236587	  0.439798	  0.109543	  0.214073	
  0.059758	  0.068055	  0.757717	  0.114470	
  0.902683	  0.000129	  0.000123	  0.097064	
  0.048477	  0.051992	  0.000705	  0.898826	
  0.141843	  0.359503	  0.271706	  0.226948	
  0.208434	  0.289925	  0.254582	  0.247058	
  0.248381	  0.255945	  0.266390	  0.229284	

URL http://cisbp.ccbr.utoronto.ca/TFreport.php?versionNumber=2.00&searchTF=T194966_2.00

MOTIF M02055_2.00 (PTTG_03012)_(Encephalitozoon_cuniculi)_(DBD_0.63)

letter-probability matrix: alength= 4 w= 9 nsites= 1 E= 0
  0.259454	  0.234764	  0.210309	  0.295473	
  0.174519	  0.228614	  0.282036	  0.314831	
  0.058202	  0.248121	  0.089471	  0.604206	
  0.740913	  0.151091	  0.033713	  0.074283	
  0.897687	  0.051926	  0.014877	  0.035510	
  0.000090	  0.021879	  0.000025	  0.978006	
  0.271104	  0.088456	  0.049033	  0.591406	
  0.383479	  0.034788	  0.026557	  0.555176	
  0.666246	  0.107949	  0.156282	  0.069523	

URL http://cisbp.ccbr.utoronto.ca/TFreport.php?versionNumber=2.00&searchTF=T222753_2.00

MOTIF M02178_2.00 (PTTG_07330)_(Ustilago_maydis)_(DBD_0.53)

letter-probability matrix: alength= 4 w= 10 nsites= 1 E= 0
  0.261928	  0.218781	  0.272617	  0.246674	
  0.246775	  0.259427	  0.272728	  0.221069	
  0.171318	  0.288161	  0.215620	  0.324901	
  0.145425	  0.262345	  0.104549	  0.487681	
  0.485812	  0.309768	  0.086993	  0.117428	
  0.848472	  0.016014	  0.133411	  0.002103	
  0.037823	  0.126837	  0.036705	  0.798636	
  0.397674	  0.133704	  0.105176	  0.363446	
  0.301370	  0.135414	  0.122528	  0.440688	
  0.293463	  0.279150	  0.240267	  0.187120	

URL http://cisbp.ccbr.utoronto.ca/TFreport.php?versionNumber=2.00&searchTF=T222756_2.00

MOTIF M02227_2.00 (PTTG_07356)_(Oikopleura_dioica)_(DBD_0.59)

letter-probability matrix: alength= 4 w= 8 nsites= 1 E= 0
  0.308789	  0.191211	  0.250000	  0.250000	
  0.009525	  0.037816	  0.000094	  0.952565	
  0.000083	  0.000083	  0.999752	  0.000083	
  0.958784	  0.000082	  0.000082	  0.041052	
  0.000082	  0.999754	  0.000082	  0.000082	
  0.950590	  0.000082	  0.049246	  0.000082	
  0.074832	  0.056147	  0.635370	  0.233651	
  0.132587	  0.277095	  0.397519	  0.192799	

URL http://cisbp.ccbr.utoronto.ca/TFreport.php?versionNumber=2.00&searchTF=T222757_2.00

MOTIF M02448_2.00 (PTTG_01668)_(Cavia_porcellus)_(DBD_0.46)

letter-probability matrix: alength= 4 w= 10 nsites= 1 E= 0
  0.146385	  0.041109	  0.801302	  0.011204	
  0.054032	  0.084740	  0.119055	  0.742173	
  0.252056	  0.259732	  0.055682	  0.432530	
  0.251560	  0.057840	  0.462979	  0.227621	
  0.061907	  0.636278	  0.083566	  0.218249	
  0.067831	  0.496222	  0.137968	  0.297979	
  0.411291	  0.175792	  0.214713	  0.198205	
  0.254958	  0.159349	  0.340732	  0.244961	
  0.122928	  0.139994	  0.653013	  0.084066	
  0.170067	  0.256260	  0.401896	  0.171776	

URL http://cisbp.ccbr.utoronto.ca/TFreport.php?versionNumber=2.00&searchTF=T318765_2.00

MOTIF M02581_2.00 (PTTG_02951)_(Puccinia_graminis)_(DBD_0.97)

letter-probability matrix: alength= 4 w= 8 nsites= 1 E= 0
  0.427557	  0.001420	  0.001420	  0.569602	
  0.000996	  0.000996	  0.000996	  0.997012	
  0.000906	  0.997283	  0.000906	  0.000906	
  0.000906	  0.091486	  0.906703	  0.000906	
  0.000906	  0.000906	  0.997283	  0.000906	
  0.363225	  0.000906	  0.634964	  0.000906	
  0.997283	  0.000906	  0.000906	  0.000906	
  0.125622	  0.125622	  0.125622	  0.623134	

URL http://cisbp.ccbr.utoronto.ca/TFreport.php?versionNumber=2.00&searchTF=T379715_2.00

MOTIF M02698_2.00 (PTTG_03666)_(Arabidopsis_thaliana)_(DBD_0.86)

letter-probability matrix: alength= 4 w= 11 nsites= 1 E= 0
  0.140000	  0.450000	  0.230000	  0.180000	
  0.160000	  0.270000	  0.550000	  0.020000	
  0.000000	  0.919192	  0.040404	  0.040404	
  0.000000	  0.050000	  0.930000	  0.020000	
  0.040404	  0.939394	  0.000000	  0.020202	
  0.040404	  0.020202	  0.020202	  0.919192	
  0.080808	  0.000000	  0.858586	  0.060606	
  0.960000	  0.000000	  0.020000	  0.020000	
  0.040000	  0.040000	  0.920000	  0.000000	
  0.020000	  0.550000	  0.260000	  0.170000	
  0.151515	  0.323232	  0.242424	  0.282828	

URL http://cisbp.ccbr.utoronto.ca/TFreport.php?versionNumber=2.00&searchTF=T278826_2.00

MOTIF M03739_2.00 (PTTG_05015)_(Drosophila_melanogaster)_(DBD_0.56)

letter-probability matrix: alength= 4 w= 13 nsites= 1 E= 0
  0.173806	  0.273330	  0.070244	  0.482619	
  0.422178	  0.016324	  0.008162	  0.553335	
  0.786655	  0.016001	  0.169768	  0.027576	
  0.489613	  0.121466	  0.119590	  0.269331	
  0.498436	  0.018433	  0.471500	  0.011631	
  0.110664	  0.086417	  0.006320	  0.796598	
  0.930470	  0.063758	  0.001611	  0.004161	
  0.962912	  0.022225	  0.000000	  0.014863	
  0.987746	  0.002707	  0.005557	  0.003990	
  0.007741	  0.813042	  0.004574	  0.174642	
  0.926243	  0.006681	  0.021513	  0.045564	
  0.479674	  0.115870	  0.088080	  0.316376	
  0.345868	  0.104689	  0.090645	  0.458798	

URL http://cisbp.ccbr.utoronto.ca/TFreport.php?versionNumber=2.00&searchTF=T188399_2.00

MOTIF M07977_2.00 (PTTG_05194)_(Homo_sapiens)_(DBD_0.56)

letter-probability matrix: alength= 4 w= 18 nsites= 1 E= 0
  0.142132	  0.055838	  0.796954	  0.005076	
  0.162437	  0.055838	  0.172589	  0.609136	
  0.010152	  0.802031	  0.005076	  0.182741	
  0.005076	  0.598985	  0.390863	  0.005076	
  0.106599	  0.538071	  0.055838	  0.299492	
  0.030457	  0.086294	  0.766498	  0.116751	
  0.106599	  0.000000	  0.873096	  0.020305	
  0.000000	  0.005076	  0.994924	  0.000000	
  0.055838	  0.000000	  0.005076	  0.939086	
  0.000000	  0.000000	  0.000000	  1.000000	
  0.000000	  0.989848	  0.000000	  0.010152	
  0.299492	  0.000000	  0.700508	  0.000000	
  1.000000	  0.000000	  0.000000	  0.000000	
  0.426396	  0.055838	  0.203046	  0.314721	
  0.091371	  0.279188	  0.010152	  0.619289	
  0.000000	  0.994924	  0.000000	  0.005076	
  0.020305	  0.868020	  0.005076	  0.106599	
  0.071066	  0.771573	  0.126904	  0.030457	

URL http://cisbp.ccbr.utoronto.ca/TFreport.php?versionNumber=2.00&searchTF=T241909_2.00

