MEME version 5.5.8 (Fri May 2 15:43:49 2025 -0700)

ALPHABET= ACGT

strands: + -

Background letter frequencies (from uniform background):
A 0.25000 C 0.25000 G 0.25000 T 0.25000 

MOTIF M02158_2.00 (PYU1_G003772)_(Phytophthora_ramorum)_(DBD_0.96)

letter-probability matrix: alength= 4 w= 10 nsites= 1 E= 0
  0.275971	  0.165719	  0.200396	  0.357915	
  0.128038	  0.113559	  0.057531	  0.700872	
  0.027895	  0.061464	  0.861314	  0.049326	
  0.879747	  0.026566	  0.052438	  0.041249	
  0.132476	  0.342545	  0.098141	  0.426838	
  0.362000	  0.122934	  0.233141	  0.281926	
  0.249547	  0.252055	  0.228068	  0.270331	
  0.211545	  0.201228	  0.452341	  0.134887	
  0.118644	  0.495776	  0.220550	  0.165030	
  0.336683	  0.175764	  0.227953	  0.259600	

URL http://cisbp.ccbr.utoronto.ca/TFreport.php?versionNumber=2.00&searchTF=T222821_2.00

MOTIF M02249_2.00 (PYU1_G006823)_(Neurospora_crassa)_(DBD_0.33)

letter-probability matrix: alength= 4 w= 10 nsites= 1 E= 0
  0.283600	  0.227595	  0.232192	  0.256612	
  0.230392	  0.212679	  0.304839	  0.252089	
  0.293438	  0.240247	  0.235489	  0.230826	
  0.116548	  0.031134	  0.065255	  0.787062	
  0.076460	  0.000184	  0.028411	  0.894946	
  0.057969	  0.862560	  0.029076	  0.050396	
  0.020561	  0.408869	  0.193136	  0.377434	
  0.547873	  0.105219	  0.207689	  0.139218	
  0.169023	  0.290044	  0.145479	  0.395454	
  0.259381	  0.227762	  0.298359	  0.214498	

URL http://cisbp.ccbr.utoronto.ca/TFreport.php?versionNumber=2.00&searchTF=T241947_2.00

MOTIF M02331_2.00 (PYU1_G004134)_(Phytophthora_ramorum)_(DBD_0.94)

letter-probability matrix: alength= 4 w= 9 nsites= 1 E= 0
  0.232598	  0.188540	  0.264889	  0.313974	
  0.179667	  0.412033	  0.064142	  0.344159	
  0.850592	  0.002046	  0.051210	  0.096152	
  0.067551	  0.530002	  0.054211	  0.348236	
  0.116387	  0.704098	  0.091553	  0.087963	
  0.096786	  0.545937	  0.063593	  0.293684	
  0.473798	  0.139879	  0.162517	  0.223806	
  0.261815	  0.244115	  0.195907	  0.298163	
  0.260078	  0.284570	  0.147081	  0.308271	

URL http://cisbp.ccbr.utoronto.ca/TFreport.php?versionNumber=2.00&searchTF=T278973_2.00

MOTIF M02332_2.00 (PYU1_G009485)_(Phytophthora_ramorum)_(DBD_0.94)

letter-probability matrix: alength= 4 w= 10 nsites= 1 E= 0
  0.387714	  0.173881	  0.264524	  0.173881	
  0.350779	  0.046076	  0.367057	  0.236088	
  0.694687	  0.000161	  0.304990	  0.000161	
  0.000161	  0.000161	  0.694687	  0.304990	
  0.000161	  0.104586	  0.000161	  0.895091	
  0.000161	  0.999516	  0.000161	  0.000161	
  0.999516	  0.000161	  0.000161	  0.000161	
  0.000161	  0.000161	  0.999516	  0.000161	
  0.076281	  0.076281	  0.076281	  0.771158	
  0.204086	  0.204086	  0.293150	  0.298679	

URL http://cisbp.ccbr.utoronto.ca/TFreport.php?versionNumber=2.00&searchTF=T279002_2.00

MOTIF M02333_2.00 (PYU1_G002849)_(Phytophthora_ramorum)_(DBD_0.72)

letter-probability matrix: alength= 4 w= 10 nsites= 1 E= 0
  0.264512	  0.197925	  0.280869	  0.256695	
  0.125183	  0.219155	  0.196327	  0.459335	
  0.109125	  0.091148	  0.700987	  0.098740	
  0.255287	  0.117025	  0.048057	  0.579630	
  0.998698	  0.000083	  0.000171	  0.001048	
  0.023216	  0.623179	  0.173267	  0.180338	
  0.052385	  0.870108	  0.042040	  0.035468	
  0.058169	  0.540964	  0.027204	  0.373663	
  0.646963	  0.035956	  0.101727	  0.215355	
  0.260903	  0.211484	  0.164704	  0.362908	

URL http://cisbp.ccbr.utoronto.ca/TFreport.php?versionNumber=2.00&searchTF=T278961_2.00

MOTIF M02525_2.00 (PYU1_G002124)_(Brachypodium_distachyon)_(DBD_0.63)

letter-probability matrix: alength= 4 w= 10 nsites= 1 E= 0
  0.293063	  0.270264	  0.198080	  0.238592	
  0.457419	  0.143313	  0.276857	  0.122411	
  0.061314	  0.124657	  0.058139	  0.755890	
  0.106775	  0.160207	  0.133014	  0.600005	
  0.056248	  0.329219	  0.105540	  0.508994	
  0.508994	  0.105540	  0.329219	  0.056248	
  0.600005	  0.133014	  0.160207	  0.106775	
  0.755890	  0.058139	  0.124657	  0.061314	
  0.122411	  0.276857	  0.143313	  0.457419	
  0.238592	  0.198080	  0.270264	  0.293063	

URL http://cisbp.ccbr.utoronto.ca/TFreport.php?versionNumber=2.00&searchTF=T345757_2.00

MOTIF M02534_2.00 (PYU1_G000126)_(Chlorella_vulgaris)_(DBD_0.68)

letter-probability matrix: alength= 4 w= 10 nsites= 1 E= 0
  0.325158	  0.217960	  0.193313	  0.263568	
  0.358359	  0.188960	  0.202661	  0.250019	
  0.376331	  0.147005	  0.219306	  0.257358	
  0.184463	  0.155625	  0.138027	  0.521885	
  0.198756	  0.111283	  0.133230	  0.556730	
  0.071722	  0.451598	  0.138766	  0.337914	
  0.700958	  0.002209	  0.240435	  0.056399	
  0.752532	  0.046221	  0.081732	  0.119515	
  0.746615	  0.060072	  0.100038	  0.093275	
  0.297928	  0.261609	  0.101175	  0.339288	

URL http://cisbp.ccbr.utoronto.ca/TFreport.php?versionNumber=2.00&searchTF=T345756_2.00

MOTIF M02698_2.00 (PYU1_G012024)_(Arabidopsis_thaliana)_(DBD_0.86)

letter-probability matrix: alength= 4 w= 11 nsites= 1 E= 0
  0.140000	  0.450000	  0.230000	  0.180000	
  0.160000	  0.270000	  0.550000	  0.020000	
  0.000000	  0.919192	  0.040404	  0.040404	
  0.000000	  0.050000	  0.930000	  0.020000	
  0.040404	  0.939394	  0.000000	  0.020202	
  0.040404	  0.020202	  0.020202	  0.919192	
  0.080808	  0.000000	  0.858586	  0.060606	
  0.960000	  0.000000	  0.020000	  0.020000	
  0.040000	  0.040000	  0.920000	  0.000000	
  0.020000	  0.550000	  0.260000	  0.170000	
  0.151515	  0.323232	  0.242424	  0.282828	

URL http://cisbp.ccbr.utoronto.ca/TFreport.php?versionNumber=2.00&searchTF=T279004_2.00

MOTIF M02960_2.00 (PYU1_G013070)_(Homo_sapiens)_(DBD_0.60)

letter-probability matrix: alength= 4 w= 14 nsites= 1 E= 0
  0.323009	  0.002212	  0.002212	  0.672566	
  0.047566	  0.000000	  0.002212	  0.950221	
  0.006383	  0.003191	  0.001064	  0.989362	
  0.005453	  0.000000	  0.000000	  0.994547	
  0.001005	  0.017085	  0.981910	  0.000000	
  0.000000	  0.000000	  1.000000	  0.000000	
  0.000000	  0.996994	  0.001002	  0.002004	
  0.000000	  0.000000	  1.000000	  0.000000	
  0.000000	  0.010299	  0.989701	  0.000000	
  0.000000	  0.002079	  0.997921	  0.000000	
  0.998956	  0.000000	  0.001044	  0.000000	
  0.996894	  0.000000	  0.003106	  0.000000	
  0.933962	  0.018868	  0.007338	  0.039832	
  0.547958	  0.172840	  0.068376	  0.210826	

URL http://cisbp.ccbr.utoronto.ca/TFreport.php?versionNumber=2.00&searchTF=T173445_2.00

MOTIF M06870_2.00 (PYU1_G011913)_(Arabidopsis_thaliana)_(DBD_0.49)

letter-probability matrix: alength= 4 w= 15 nsites= 1 E= 0
  0.913043	  0.086957	  0.000000	  0.000000	
  0.347826	  0.000000	  0.130435	  0.521739	
  0.391304	  0.000000	  0.217391	  0.391304	
  0.347826	  0.000000	  0.217391	  0.434783	
  0.260870	  0.000000	  0.217391	  0.521739	
  0.173913	  0.043478	  0.782609	  0.000000	
  0.000000	  0.043478	  0.782609	  0.173913	
  0.217391	  0.782609	  0.000000	  0.000000	
  0.000000	  0.000000	  1.000000	  0.000000	
  0.000000	  1.000000	  0.000000	  0.000000	
  0.000000	  1.000000	  0.000000	  0.000000	
  0.913043	  0.086957	  0.000000	  0.000000	
  0.826086	  0.086957	  0.000000	  0.086957	
  0.913043	  0.000000	  0.086957	  0.000000	
  0.695652	  0.000000	  0.260870	  0.043478	

URL http://cisbp.ccbr.utoronto.ca/TFreport.php?versionNumber=2.00&searchTF=T173444_2.00

MOTIF M07300_2.00 (PYU1_G012311)_(Arabidopsis_thaliana)_(DBD_0.53)

letter-probability matrix: alength= 4 w= 15 nsites= 1 E= 0
  0.429048	  0.081803	  0.101836	  0.387312	
  0.225376	  0.038397	  0.046745	  0.689482	
  0.100167	  0.068447	  0.001669	  0.829717	
  0.090150	  0.288815	  0.068447	  0.552588	
  0.487479	  0.220367	  0.178631	  0.113523	
  0.933221	  0.010017	  0.043406	  0.013356	
  0.924876	  0.023372	  0.001669	  0.050083	
  0.858097	  0.000000	  0.023372	  0.118531	
  0.016694	  0.001669	  0.011686	  0.969951	
  0.000000	  0.000000	  0.000000	  1.000000	
  0.000000	  0.530885	  0.000000	  0.469115	
  0.726211	  0.001669	  0.272120	  0.000000	
  1.000000	  0.000000	  0.000000	  0.000000	
  1.000000	  0.000000	  0.000000	  0.000000	
  0.297162	  0.155259	  0.016694	  0.530885	

URL http://cisbp.ccbr.utoronto.ca/TFreport.php?versionNumber=2.00&searchTF=T345758_2.00

MOTIF M08108_2.00 (PYU1_G008643)_(Homo_sapiens)_(DBD_0.79)

letter-probability matrix: alength= 4 w= 11 nsites= 1 E= 0
  0.204783	  0.244644	  0.387145	  0.163428	
  0.131041	  0.340807	  0.468361	  0.059791	
  0.023916	  0.035376	  0.927753	  0.012955	
  0.013951	  0.939711	  0.010962	  0.035376	
  0.006976	  0.026906	  0.962631	  0.003488	
  0.017937	  0.039860	  0.929248	  0.012955	
  0.013453	  0.015944	  0.956153	  0.014449	
  0.924265	  0.011958	  0.048829	  0.014948	
  0.819631	  0.084704	  0.068261	  0.027404	
  0.231689	  0.322372	  0.322870	  0.123069	
  0.189836	  0.300947	  0.322870	  0.186348	

URL http://cisbp.ccbr.utoronto.ca/TFreport.php?versionNumber=2.00&searchTF=T173443_2.00

MOTIF M08214_2.00 (PYU1_G010594)_(Drosophila_melanogaster)_(DBD_0.75)

letter-probability matrix: alength= 4 w= 10 nsites= 1 E= 0
  0.000000	  0.500000	  0.000000	  0.500000	
  0.000000	  0.000000	  0.000000	  1.000000	
  1.000000	  0.000000	  0.000000	  0.000000	
  0.500000	  0.000000	  0.000000	  0.500000	
  0.500000	  0.000000	  0.000000	  0.500000	
  0.500000	  0.000000	  0.000000	  0.500000	
  0.500000	  0.000000	  0.000000	  0.500000	
  0.000000	  0.000000	  0.000000	  1.000000	
  1.000000	  0.000000	  0.000000	  0.000000	
  0.500000	  0.000000	  0.500000	  0.000000	

URL http://cisbp.ccbr.utoronto.ca/TFreport.php?versionNumber=2.00&searchTF=T256005_2.00

MOTIF M08452_2.00 (PYU1_G008699)_(Saccharomyces_cerevisiae)_(DBD_0.75)

letter-probability matrix: alength= 4 w= 5 nsites= 1 E= 0
  0.000000	  0.000000	  0.000000	  1.000000	
  0.000000	  0.000000	  0.010160	  0.989840	
  0.005578	  0.000000	  0.994422	  0.000000	
  0.000000	  0.000000	  0.998223	  0.001777	
  0.158006	  0.378979	  0.030665	  0.432350	

URL http://cisbp.ccbr.utoronto.ca/TFreport.php?versionNumber=2.00&searchTF=T160368_2.00

