MEME version 5.5.8 (Fri May 2 15:43:49 2025 -0700)

ALPHABET= ACGT

strands: + -

Background letter frequencies (from uniform background):
A 0.25000 C 0.25000 G 0.25000 T 0.25000 

MOTIF M01181_2.00 (maker-pve_contig_642-snap-gene-0.15)_(Phytophthora_ramorum)_(DBD_0.96)

letter-probability matrix: alength= 4 w= 10 nsites= 1 E= 0
  0.248195	  0.105027	  0.546873	  0.099905	
  0.195378	  0.716899	  0.008289	  0.079435	
  0.087467	  0.337398	  0.498330	  0.076804	
  0.000207	  0.998918	  0.000008	  0.000866	
  0.994272	  0.000124	  0.001540	  0.004063	
  0.004168	  0.002265	  0.003734	  0.989832	
  0.004749	  0.980440	  0.003699	  0.011112	
  0.228444	  0.399931	  0.121667	  0.249958	
  0.115062	  0.452807	  0.116218	  0.315913	
  0.223830	  0.305176	  0.165818	  0.305176	

URL http://cisbp.ccbr.utoronto.ca/TFreport.php?versionNumber=2.00&searchTF=T122617_2.00

MOTIF M01183_2.00 (maker-pve_contig_99-fgenesh-gene-0.14)_(Phytophthora_ramorum)_(DBD_0.81)

letter-probability matrix: alength= 4 w= 10 nsites= 1 E= 0
  0.145340	  0.527989	  0.107670	  0.219001	
  0.172670	  0.109003	  0.652871	  0.065456	
  0.179912	  0.556946	  0.038957	  0.224184	
  0.041581	  0.923009	  0.013703	  0.021707	
  0.127040	  0.027785	  0.510049	  0.335126	
  0.049853	  0.232544	  0.059685	  0.657918	
  0.000026	  0.999837	  0.000023	  0.000114	
  0.020944	  0.002696	  0.899510	  0.076850	
  0.039898	  0.053321	  0.834082	  0.072699	
  0.682255	  0.189692	  0.076356	  0.051697	

URL http://cisbp.ccbr.utoronto.ca/TFreport.php?versionNumber=2.00&searchTF=T122621_2.00

MOTIF M02158_2.00 (maker-pve_contig_1085-snap-gene-0.4)_(Phytophthora_ramorum)_(DBD_0.93)

letter-probability matrix: alength= 4 w= 10 nsites= 1 E= 0
  0.275971	  0.165719	  0.200396	  0.357915	
  0.128038	  0.113559	  0.057531	  0.700872	
  0.027895	  0.061464	  0.861314	  0.049326	
  0.879747	  0.026566	  0.052438	  0.041249	
  0.132476	  0.342545	  0.098141	  0.426838	
  0.362000	  0.122934	  0.233141	  0.281926	
  0.249547	  0.252055	  0.228068	  0.270331	
  0.211545	  0.201228	  0.452341	  0.134887	
  0.118644	  0.495776	  0.220550	  0.165030	
  0.336683	  0.175764	  0.227953	  0.259600	

URL http://cisbp.ccbr.utoronto.ca/TFreport.php?versionNumber=2.00&searchTF=T220414_2.00

MOTIF M02331_2.00 (maker-pve_contig_182-snap-gene-0.15)_(Phytophthora_ramorum)_(DBD_0.96)

letter-probability matrix: alength= 4 w= 9 nsites= 1 E= 0
  0.232598	  0.188540	  0.264889	  0.313974	
  0.179667	  0.412033	  0.064142	  0.344159	
  0.850592	  0.002046	  0.051210	  0.096152	
  0.067551	  0.530002	  0.054211	  0.348236	
  0.116387	  0.704098	  0.091553	  0.087963	
  0.096786	  0.545937	  0.063593	  0.293684	
  0.473798	  0.139879	  0.162517	  0.223806	
  0.261815	  0.244115	  0.195907	  0.298163	
  0.260078	  0.284570	  0.147081	  0.308271	

URL http://cisbp.ccbr.utoronto.ca/TFreport.php?versionNumber=2.00&searchTF=T274230_2.00

MOTIF M02332_2.00 (snap_masked-pve_contig_1-abinit-gene-1.66)_(Phytophthora_ramorum)_(DBD_0.93)

letter-probability matrix: alength= 4 w= 10 nsites= 1 E= 0
  0.387714	  0.173881	  0.264524	  0.173881	
  0.350779	  0.046076	  0.367057	  0.236088	
  0.694687	  0.000161	  0.304990	  0.000161	
  0.000161	  0.000161	  0.694687	  0.304990	
  0.000161	  0.104586	  0.000161	  0.895091	
  0.000161	  0.999516	  0.000161	  0.000161	
  0.999516	  0.000161	  0.000161	  0.000161	
  0.000161	  0.000161	  0.999516	  0.000161	
  0.076281	  0.076281	  0.076281	  0.771158	
  0.204086	  0.204086	  0.293150	  0.298679	

URL http://cisbp.ccbr.utoronto.ca/TFreport.php?versionNumber=2.00&searchTF=T279996_2.00

MOTIF M02333_2.00 (maker-pve_contig_13-snap-gene-0.46)_(Phytophthora_ramorum)_(DBD_0.77)

letter-probability matrix: alength= 4 w= 10 nsites= 1 E= 0
  0.264512	  0.197925	  0.280869	  0.256695	
  0.125183	  0.219155	  0.196327	  0.459335	
  0.109125	  0.091148	  0.700987	  0.098740	
  0.255287	  0.117025	  0.048057	  0.579630	
  0.998698	  0.000083	  0.000171	  0.001048	
  0.023216	  0.623179	  0.173267	  0.180338	
  0.052385	  0.870108	  0.042040	  0.035468	
  0.058169	  0.540964	  0.027204	  0.373663	
  0.646963	  0.035956	  0.101727	  0.215355	
  0.260903	  0.211484	  0.164704	  0.362908	

URL http://cisbp.ccbr.utoronto.ca/TFreport.php?versionNumber=2.00&searchTF=T274225_2.00

MOTIF M02525_2.00 (maker-pve_contig_352-snap-gene-0.25)_(Brachypodium_distachyon)_(DBD_0.30)

letter-probability matrix: alength= 4 w= 10 nsites= 1 E= 0
  0.293063	  0.270264	  0.198080	  0.238592	
  0.457419	  0.143313	  0.276857	  0.122411	
  0.061314	  0.124657	  0.058139	  0.755890	
  0.106775	  0.160207	  0.133014	  0.600005	
  0.056248	  0.329219	  0.105540	  0.508994	
  0.508994	  0.105540	  0.329219	  0.056248	
  0.600005	  0.133014	  0.160207	  0.106775	
  0.755890	  0.058139	  0.124657	  0.061314	
  0.122411	  0.276857	  0.143313	  0.457419	
  0.238592	  0.198080	  0.270264	  0.293063	

URL http://cisbp.ccbr.utoronto.ca/TFreport.php?versionNumber=2.00&searchTF=T345550_2.00

MOTIF M02534_2.00 (maker-pve_contig_463-fgenesh-gene-0.1)_(Chlorella_vulgaris)_(DBD_0.67)

letter-probability matrix: alength= 4 w= 10 nsites= 1 E= 0
  0.325158	  0.217960	  0.193313	  0.263568	
  0.358359	  0.188960	  0.202661	  0.250019	
  0.376331	  0.147005	  0.219306	  0.257358	
  0.184463	  0.155625	  0.138027	  0.521885	
  0.198756	  0.111283	  0.133230	  0.556730	
  0.071722	  0.451598	  0.138766	  0.337914	
  0.700958	  0.002209	  0.240435	  0.056399	
  0.752532	  0.046221	  0.081732	  0.119515	
  0.746615	  0.060072	  0.100038	  0.093275	
  0.297928	  0.261609	  0.101175	  0.339288	

URL http://cisbp.ccbr.utoronto.ca/TFreport.php?versionNumber=2.00&searchTF=T345551_2.00

MOTIF M02698_2.00 (maker-pve_contig_89-fgenesh-gene-0.16)_(Arabidopsis_thaliana)_(DBD_0.85)

letter-probability matrix: alength= 4 w= 11 nsites= 1 E= 0
  0.140000	  0.450000	  0.230000	  0.180000	
  0.160000	  0.270000	  0.550000	  0.020000	
  0.000000	  0.919192	  0.040404	  0.040404	
  0.000000	  0.050000	  0.930000	  0.020000	
  0.040404	  0.939394	  0.000000	  0.020202	
  0.040404	  0.020202	  0.020202	  0.919192	
  0.080808	  0.000000	  0.858586	  0.060606	
  0.960000	  0.000000	  0.020000	  0.020000	
  0.040000	  0.040000	  0.920000	  0.000000	
  0.020000	  0.550000	  0.260000	  0.170000	
  0.151515	  0.323232	  0.242424	  0.282828	

URL http://cisbp.ccbr.utoronto.ca/TFreport.php?versionNumber=2.00&searchTF=T274264_2.00

MOTIF M02959_2.00 (maker-pve_contig_484-snap-gene-0.19)_(Homo_sapiens)_(DBD_0.60)

letter-probability matrix: alength= 4 w= 12 nsites= 1 E= 0
  0.046512	  0.011628	  0.023256	  0.918605	
  0.000000	  0.000000	  0.000000	  1.000000	
  0.011765	  0.035294	  0.011765	  0.941176	
  0.000000	  0.040404	  0.939394	  0.020202	
  0.010309	  0.000000	  0.989691	  0.000000	
  0.000000	  0.915385	  0.053846	  0.030769	
  0.000000	  0.010204	  0.989796	  0.000000	
  0.030303	  0.000000	  0.969697	  0.000000	
  0.010101	  0.000000	  0.989899	  0.000000	
  0.989247	  0.010753	  0.000000	  0.000000	
  0.967742	  0.000000	  0.032258	  0.000000	
  0.925532	  0.010638	  0.031915	  0.031915	

URL http://cisbp.ccbr.utoronto.ca/TFreport.php?versionNumber=2.00&searchTF=T173259_2.00

MOTIF M07295_2.00 (maker-pve_contig_319-fgenesh-gene-0.0)_(Arabidopsis_thaliana)_(DBD_0.53)

letter-probability matrix: alength= 4 w= 15 nsites= 1 E= 0
  0.262982	  0.020101	  0.031826	  0.685091	
  0.241206	  0.033501	  0.013400	  0.711893	
  0.396985	  0.187605	  0.026801	  0.388610	
  0.609715	  0.082077	  0.075377	  0.232831	
  0.775544	  0.108878	  0.030151	  0.085427	
  0.936349	  0.000000	  0.050251	  0.013400	
  0.562814	  0.021776	  0.160804	  0.254606	
  0.820770	  0.000000	  0.026801	  0.152429	
  0.000000	  0.000000	  0.000000	  1.000000	
  0.000000	  0.000000	  0.000000	  1.000000	
  0.000000	  0.324958	  0.000000	  0.675042	
  0.862647	  0.000000	  0.137353	  0.000000	
  0.857621	  0.142379	  0.000000	  0.000000	
  1.000000	  0.000000	  0.000000	  0.000000	
  0.549414	  0.055276	  0.000000	  0.395310	

URL http://cisbp.ccbr.utoronto.ca/TFreport.php?versionNumber=2.00&searchTF=T345549_2.00

MOTIF M08106_2.00 (maker-pve_contig_114-snap-gene-0.40)_(Arabidopsis_thaliana)_(DBD_0.46)

letter-probability matrix: alength= 4 w= 10 nsites= 1 E= 0
  0.271537	  0.139904	  0.126809	  0.461751	
  0.244659	  0.233632	  0.399035	  0.122674	
  0.015851	  0.042729	  0.933839	  0.007581	
  0.014473	  0.947622	  0.015162	  0.022743	
  0.024121	  0.004135	  0.958649	  0.013094	
  0.004824	  0.975190	  0.012405	  0.007581	
  0.000689	  0.948312	  0.000689	  0.050310	
  0.942798	  0.006892	  0.014473	  0.035837	
  0.395589	  0.237767	  0.083391	  0.283253	
  0.368711	  0.201930	  0.230186	  0.199173	

URL http://cisbp.ccbr.utoronto.ca/TFreport.php?versionNumber=2.00&searchTF=T173258_2.00

MOTIF M08108_2.00 (maker-pve_contig_507-snap-gene-0.12)_(Homo_sapiens)_(DBD_0.82)

letter-probability matrix: alength= 4 w= 11 nsites= 1 E= 0
  0.204783	  0.244644	  0.387145	  0.163428	
  0.131041	  0.340807	  0.468361	  0.059791	
  0.023916	  0.035376	  0.927753	  0.012955	
  0.013951	  0.939711	  0.010962	  0.035376	
  0.006976	  0.026906	  0.962631	  0.003488	
  0.017937	  0.039860	  0.929248	  0.012955	
  0.013453	  0.015944	  0.956153	  0.014449	
  0.924265	  0.011958	  0.048829	  0.014948	
  0.819631	  0.084704	  0.068261	  0.027404	
  0.231689	  0.322372	  0.322870	  0.123069	
  0.189836	  0.300947	  0.322870	  0.186348	

URL http://cisbp.ccbr.utoronto.ca/TFreport.php?versionNumber=2.00&searchTF=T173260_2.00

MOTIF M08214_2.00 (maker-pve_contig_21-fgenesh-gene-0.17)_(Drosophila_melanogaster)_(DBD_0.75)

letter-probability matrix: alength= 4 w= 10 nsites= 1 E= 0
  0.000000	  0.500000	  0.000000	  0.500000	
  0.000000	  0.000000	  0.000000	  1.000000	
  1.000000	  0.000000	  0.000000	  0.000000	
  0.500000	  0.000000	  0.000000	  0.500000	
  0.500000	  0.000000	  0.000000	  0.500000	
  0.500000	  0.000000	  0.000000	  0.500000	
  0.500000	  0.000000	  0.000000	  0.500000	
  0.000000	  0.000000	  0.000000	  1.000000	
  1.000000	  0.000000	  0.000000	  0.000000	
  0.500000	  0.000000	  0.500000	  0.000000	

URL http://cisbp.ccbr.utoronto.ca/TFreport.php?versionNumber=2.00&searchTF=T254626_2.00

MOTIF M08452_2.00 (maker-pve_contig_264-snap-gene-0.28)_(Saccharomyces_cerevisiae)_(DBD_0.71)

letter-probability matrix: alength= 4 w= 5 nsites= 1 E= 0
  0.000000	  0.000000	  0.000000	  1.000000	
  0.000000	  0.000000	  0.010160	  0.989840	
  0.005578	  0.000000	  0.994422	  0.000000	
  0.000000	  0.000000	  0.998223	  0.001777	
  0.158006	  0.378979	  0.030665	  0.432350	

URL http://cisbp.ccbr.utoronto.ca/TFreport.php?versionNumber=2.00&searchTF=T160129_2.00

