MEME version 5.5.8 (Fri May 2 15:43:49 2025 -0700)

ALPHABET= ACGT

strands: + -

Background letter frequencies (from uniform background):
A 0.25000 C 0.25000 G 0.25000 T 0.25000 

MOTIF M01181_2.00 (maker-pag1_scaffold_440-fgenesh-gene-0.3)_(Phytophthora_ramorum)_(DBD_0.93)

letter-probability matrix: alength= 4 w= 10 nsites= 1 E= 0
  0.248195	  0.105027	  0.546873	  0.099905	
  0.195378	  0.716899	  0.008289	  0.079435	
  0.087467	  0.337398	  0.498330	  0.076804	
  0.000207	  0.998918	  0.000008	  0.000866	
  0.994272	  0.000124	  0.001540	  0.004063	
  0.004168	  0.002265	  0.003734	  0.989832	
  0.004749	  0.980440	  0.003699	  0.011112	
  0.228444	  0.399931	  0.121667	  0.249958	
  0.115062	  0.452807	  0.116218	  0.315913	
  0.223830	  0.305176	  0.165818	  0.305176	

URL http://cisbp.ccbr.utoronto.ca/TFreport.php?versionNumber=2.00&searchTF=T122529_2.00

MOTIF M01674_2.00 (maker-pag1_scaffold_329-snap-gene-0.12)_(Brachypodium_distachyon)_(DBD_0.61)

letter-probability matrix: alength= 4 w= 9 nsites= 1 E= 0
  0.374501	  0.137771	  0.378264	  0.109464	
  0.226206	  0.276289	  0.249996	  0.247509	
  0.606765	  0.056721	  0.230014	  0.106500	
  0.428552	  0.111098	  0.200420	  0.259930	
  0.475920	  0.046770	  0.205460	  0.271850	
  0.400042	  0.099641	  0.159424	  0.340893	
  0.337415	  0.202616	  0.115736	  0.344232	
  0.546503	  0.072497	  0.224425	  0.156576	
  0.462607	  0.040726	  0.319538	  0.177129	

URL http://cisbp.ccbr.utoronto.ca/TFreport.php?versionNumber=2.00&searchTF=T017584_2.00

MOTIF M02158_2.00 (maker-pag1_scaffold_379-fgenesh-gene-0.5)_(Phytophthora_ramorum)_(DBD_0.93)

letter-probability matrix: alength= 4 w= 10 nsites= 1 E= 0
  0.275971	  0.165719	  0.200396	  0.357915	
  0.128038	  0.113559	  0.057531	  0.700872	
  0.027895	  0.061464	  0.861314	  0.049326	
  0.879747	  0.026566	  0.052438	  0.041249	
  0.132476	  0.342545	  0.098141	  0.426838	
  0.362000	  0.122934	  0.233141	  0.281926	
  0.249547	  0.252055	  0.228068	  0.270331	
  0.211545	  0.201228	  0.452341	  0.134887	
  0.118644	  0.495776	  0.220550	  0.165030	
  0.336683	  0.175764	  0.227953	  0.259600	

URL http://cisbp.ccbr.utoronto.ca/TFreport.php?versionNumber=2.00&searchTF=T220397_2.00

MOTIF M02331_2.00 (maker-pag1_scaffold_4-fgenesh-gene-0.4)_(Phytophthora_ramorum)_(DBD_0.85)

letter-probability matrix: alength= 4 w= 9 nsites= 1 E= 0
  0.232598	  0.188540	  0.264889	  0.313974	
  0.179667	  0.412033	  0.064142	  0.344159	
  0.850592	  0.002046	  0.051210	  0.096152	
  0.067551	  0.530002	  0.054211	  0.348236	
  0.116387	  0.704098	  0.091553	  0.087963	
  0.096786	  0.545937	  0.063593	  0.293684	
  0.473798	  0.139879	  0.162517	  0.223806	
  0.261815	  0.244115	  0.195907	  0.298163	
  0.260078	  0.284570	  0.147081	  0.308271	

URL http://cisbp.ccbr.utoronto.ca/TFreport.php?versionNumber=2.00&searchTF=T274007_2.00

MOTIF M02332_2.00 (maker-pag1_scaffold_208-fgenesh-gene-0.6)_(Phytophthora_ramorum)_(DBD_0.92)

letter-probability matrix: alength= 4 w= 10 nsites= 1 E= 0
  0.387714	  0.173881	  0.264524	  0.173881	
  0.350779	  0.046076	  0.367057	  0.236088	
  0.694687	  0.000161	  0.304990	  0.000161	
  0.000161	  0.000161	  0.694687	  0.304990	
  0.000161	  0.104586	  0.000161	  0.895091	
  0.000161	  0.999516	  0.000161	  0.000161	
  0.999516	  0.000161	  0.000161	  0.000161	
  0.000161	  0.000161	  0.999516	  0.000161	
  0.076281	  0.076281	  0.076281	  0.771158	
  0.204086	  0.204086	  0.293150	  0.298679	

URL http://cisbp.ccbr.utoronto.ca/TFreport.php?versionNumber=2.00&searchTF=T273986_2.00

MOTIF M02333_2.00 (maker-pag1_scaffold_266-snap-gene-0.11)_(Phytophthora_ramorum)_(DBD_0.79)

letter-probability matrix: alength= 4 w= 10 nsites= 1 E= 0
  0.264512	  0.197925	  0.280869	  0.256695	
  0.125183	  0.219155	  0.196327	  0.459335	
  0.109125	  0.091148	  0.700987	  0.098740	
  0.255287	  0.117025	  0.048057	  0.579630	
  0.998698	  0.000083	  0.000171	  0.001048	
  0.023216	  0.623179	  0.173267	  0.180338	
  0.052385	  0.870108	  0.042040	  0.035468	
  0.058169	  0.540964	  0.027204	  0.373663	
  0.646963	  0.035956	  0.101727	  0.215355	
  0.260903	  0.211484	  0.164704	  0.362908	

URL http://cisbp.ccbr.utoronto.ca/TFreport.php?versionNumber=2.00&searchTF=T273995_2.00

MOTIF M02521_2.00 (maker-pag1_scaffold_253-snap-gene-0.27)_(Arabidopsis_thaliana)_(DBD_0.18)

letter-probability matrix: alength= 4 w= 10 nsites= 1 E= 0
  0.522758	  0.122074	  0.176790	  0.178378	
  0.504019	  0.070068	  0.132055	  0.293858	
  0.116979	  0.090623	  0.053210	  0.739188	
  0.060392	  0.042474	  0.021930	  0.875204	
  0.020663	  0.422735	  0.044125	  0.512477	
  0.512477	  0.044125	  0.422735	  0.020663	
  0.875204	  0.021930	  0.042474	  0.060392	
  0.739188	  0.053210	  0.090623	  0.116979	
  0.293858	  0.132055	  0.070068	  0.504019	
  0.178378	  0.176790	  0.122074	  0.522758	

URL http://cisbp.ccbr.utoronto.ca/TFreport.php?versionNumber=2.00&searchTF=T345534_2.00

MOTIF M02525_2.00 (maker-pag1_scaffold_565-snap-gene-0.8)_(Brachypodium_distachyon)_(DBD_0.30)

letter-probability matrix: alength= 4 w= 10 nsites= 1 E= 0
  0.293063	  0.270264	  0.198080	  0.238592	
  0.457419	  0.143313	  0.276857	  0.122411	
  0.061314	  0.124657	  0.058139	  0.755890	
  0.106775	  0.160207	  0.133014	  0.600005	
  0.056248	  0.329219	  0.105540	  0.508994	
  0.508994	  0.105540	  0.329219	  0.056248	
  0.600005	  0.133014	  0.160207	  0.106775	
  0.755890	  0.058139	  0.124657	  0.061314	
  0.122411	  0.276857	  0.143313	  0.457419	
  0.238592	  0.198080	  0.270264	  0.293063	

URL http://cisbp.ccbr.utoronto.ca/TFreport.php?versionNumber=2.00&searchTF=T345536_2.00

MOTIF M02534_2.00 (maker-pag1_scaffold_293-snap-gene-0.9)_(Chlorella_vulgaris)_(DBD_0.68)

letter-probability matrix: alength= 4 w= 10 nsites= 1 E= 0
  0.325158	  0.217960	  0.193313	  0.263568	
  0.358359	  0.188960	  0.202661	  0.250019	
  0.376331	  0.147005	  0.219306	  0.257358	
  0.184463	  0.155625	  0.138027	  0.521885	
  0.198756	  0.111283	  0.133230	  0.556730	
  0.071722	  0.451598	  0.138766	  0.337914	
  0.700958	  0.002209	  0.240435	  0.056399	
  0.752532	  0.046221	  0.081732	  0.119515	
  0.746615	  0.060072	  0.100038	  0.093275	
  0.297928	  0.261609	  0.101175	  0.339288	

URL http://cisbp.ccbr.utoronto.ca/TFreport.php?versionNumber=2.00&searchTF=T345535_2.00

MOTIF M02698_2.00 (maker-pag1_scaffold_231-fgenesh-gene-0.11)_(Arabidopsis_thaliana)_(DBD_0.86)

letter-probability matrix: alength= 4 w= 11 nsites= 1 E= 0
  0.140000	  0.450000	  0.230000	  0.180000	
  0.160000	  0.270000	  0.550000	  0.020000	
  0.000000	  0.919192	  0.040404	  0.040404	
  0.000000	  0.050000	  0.930000	  0.020000	
  0.040404	  0.939394	  0.000000	  0.020202	
  0.040404	  0.020202	  0.020202	  0.919192	
  0.080808	  0.000000	  0.858586	  0.060606	
  0.960000	  0.000000	  0.020000	  0.020000	
  0.040000	  0.040000	  0.920000	  0.000000	
  0.020000	  0.550000	  0.260000	  0.170000	
  0.151515	  0.323232	  0.242424	  0.282828	

URL http://cisbp.ccbr.utoronto.ca/TFreport.php?versionNumber=2.00&searchTF=T273991_2.00

MOTIF M02960_2.00 (maker-pag1_scaffold_45-snap-gene-0.28)_(Homo_sapiens)_(DBD_0.60)

letter-probability matrix: alength= 4 w= 14 nsites= 1 E= 0
  0.323009	  0.002212	  0.002212	  0.672566	
  0.047566	  0.000000	  0.002212	  0.950221	
  0.006383	  0.003191	  0.001064	  0.989362	
  0.005453	  0.000000	  0.000000	  0.994547	
  0.001005	  0.017085	  0.981910	  0.000000	
  0.000000	  0.000000	  1.000000	  0.000000	
  0.000000	  0.996994	  0.001002	  0.002004	
  0.000000	  0.000000	  1.000000	  0.000000	
  0.000000	  0.010299	  0.989701	  0.000000	
  0.000000	  0.002079	  0.997921	  0.000000	
  0.998956	  0.000000	  0.001044	  0.000000	
  0.996894	  0.000000	  0.003106	  0.000000	
  0.933962	  0.018868	  0.007338	  0.039832	
  0.547958	  0.172840	  0.068376	  0.210826	

URL http://cisbp.ccbr.utoronto.ca/TFreport.php?versionNumber=2.00&searchTF=T173247_2.00

MOTIF M05519_2.00 (maker-pag1_scaffold_1127-snap-gene-0.1)_(Homo_sapiens)_(DBD_0.37)

letter-probability matrix: alength= 4 w= 16 nsites= 1 E= 0
  0.469938	  0.194076	  0.164456	  0.171530	
  0.613711	  0.077176	  0.267241	  0.041872	
  0.045143	  0.834744	  0.071745	  0.048368	
  0.441645	  0.001768	  0.556587	  0.000000	
  0.018714	  0.050854	  0.027258	  0.903173	
  0.019350	  0.021820	  0.032935	  0.925895	
  0.038260	  0.901732	  0.027789	  0.032219	
  0.003625	  0.082159	  0.068063	  0.846154	
  0.858923	  0.074357	  0.063907	  0.002814	
  0.027419	  0.035081	  0.905242	  0.032258	
  0.934221	  0.024979	  0.025396	  0.015404	
  0.924380	  0.022314	  0.027686	  0.025620	
  0.000000	  0.903564	  0.014675	  0.081761	
  0.073171	  0.037805	  0.842683	  0.046341	
  0.046658	  0.292980	  0.039092	  0.621269	
  0.216180	  0.141910	  0.213086	  0.428824	

URL http://cisbp.ccbr.utoronto.ca/TFreport.php?versionNumber=2.00&searchTF=T241127_2.00

MOTIF M06870_2.00 (maker-pag1_scaffold_107-snap-gene-0.23)_(Arabidopsis_thaliana)_(DBD_0.79)

letter-probability matrix: alength= 4 w= 15 nsites= 1 E= 0
  0.913043	  0.086957	  0.000000	  0.000000	
  0.347826	  0.000000	  0.130435	  0.521739	
  0.391304	  0.000000	  0.217391	  0.391304	
  0.347826	  0.000000	  0.217391	  0.434783	
  0.260870	  0.000000	  0.217391	  0.521739	
  0.173913	  0.043478	  0.782609	  0.000000	
  0.000000	  0.043478	  0.782609	  0.173913	
  0.217391	  0.782609	  0.000000	  0.000000	
  0.000000	  0.000000	  1.000000	  0.000000	
  0.000000	  1.000000	  0.000000	  0.000000	
  0.000000	  1.000000	  0.000000	  0.000000	
  0.913043	  0.086957	  0.000000	  0.000000	
  0.826086	  0.086957	  0.000000	  0.086957	
  0.913043	  0.000000	  0.086957	  0.000000	
  0.695652	  0.000000	  0.260870	  0.043478	

URL http://cisbp.ccbr.utoronto.ca/TFreport.php?versionNumber=2.00&searchTF=T173246_2.00

MOTIF M06947_2.00 (maker-pag1_scaffold_219-snap-gene-0.16)_(Arabidopsis_thaliana)_(DBD_0.47)

letter-probability matrix: alength= 4 w= 19 nsites= 1 E= 0
  0.227045	  0.200334	  0.140234	  0.432387	
  0.237062	  0.315526	  0.198664	  0.248748	
  0.285476	  0.203673	  0.171953	  0.338898	
  0.540902	  0.093489	  0.235392	  0.130217	
  0.153589	  0.071786	  0.689483	  0.085142	
  0.796328	  0.075125	  0.078464	  0.050083	
  0.804674	  0.028381	  0.045075	  0.121870	
  0.121870	  0.188648	  0.482471	  0.207012	
  0.106845	  0.575960	  0.185309	  0.131886	
  0.096828	  0.018364	  0.016694	  0.868114	
  0.008347	  0.005008	  0.000000	  0.986645	
  0.003339	  0.988314	  0.000000	  0.008347	
  0.005008	  0.073456	  0.028381	  0.893155	
  0.896494	  0.006678	  0.090150	  0.006678	
  0.010017	  0.008347	  0.969950	  0.011686	
  0.984975	  0.000000	  0.008347	  0.006678	
  0.853089	  0.035058	  0.028381	  0.083472	
  0.195326	  0.135225	  0.542571	  0.126878	
  0.330551	  0.375626	  0.160267	  0.133556	

URL http://cisbp.ccbr.utoronto.ca/TFreport.php?versionNumber=2.00&searchTF=T241132_2.00

MOTIF M07297_2.00 (maker-pag1_scaffold_1093-fgenesh-gene-0.1)_(Arabidopsis_thaliana)_(DBD_0.57)

letter-probability matrix: alength= 4 w= 15 nsites= 1 E= 0
  0.518334	  0.095000	  0.193333	  0.193333	
  0.581666	  0.001667	  0.100000	  0.316667	
  0.000000	  0.000000	  0.000000	  1.000000	
  0.000000	  0.000000	  0.000000	  1.000000	
  0.000000	  0.451667	  0.003333	  0.545000	
  0.650000	  0.000000	  0.350000	  0.000000	
  1.000000	  0.000000	  0.000000	  0.000000	
  0.996666	  0.000000	  0.001667	  0.001667	
  0.233333	  0.033333	  0.000000	  0.733334	
  0.055000	  0.045000	  0.016667	  0.883333	
  0.033333	  0.125000	  0.021667	  0.820000	
  0.125000	  0.298333	  0.256667	  0.320000	
  0.690000	  0.073333	  0.116667	  0.120000	
  0.801667	  0.010000	  0.033333	  0.155000	
  0.646667	  0.038333	  0.088333	  0.226667	

URL http://cisbp.ccbr.utoronto.ca/TFreport.php?versionNumber=2.00&searchTF=T345533_2.00

MOTIF M08108_2.00 (maker-pag1_scaffold_76-snap-gene-0.44)_(Homo_sapiens)_(DBD_0.79)

letter-probability matrix: alength= 4 w= 11 nsites= 1 E= 0
  0.204783	  0.244644	  0.387145	  0.163428	
  0.131041	  0.340807	  0.468361	  0.059791	
  0.023916	  0.035376	  0.927753	  0.012955	
  0.013951	  0.939711	  0.010962	  0.035376	
  0.006976	  0.026906	  0.962631	  0.003488	
  0.017937	  0.039860	  0.929248	  0.012955	
  0.013453	  0.015944	  0.956153	  0.014449	
  0.924265	  0.011958	  0.048829	  0.014948	
  0.819631	  0.084704	  0.068261	  0.027404	
  0.231689	  0.322372	  0.322870	  0.123069	
  0.189836	  0.300947	  0.322870	  0.186348	

URL http://cisbp.ccbr.utoronto.ca/TFreport.php?versionNumber=2.00&searchTF=T173248_2.00

MOTIF M08149_2.00 (snap_masked-pag1_scaffold_483-abinit-gene-0.32)_(Homo_sapiens)_(DBD_0.75)

letter-probability matrix: alength= 4 w= 15 nsites= 1 E= 0
  0.319149	  0.145315	  0.306021	  0.229516	
  0.331824	  0.068357	  0.259393	  0.340426	
  0.195111	  0.088728	  0.372114	  0.344047	
  0.172929	  0.639203	  0.035310	  0.152558	
  0.000000	  0.445903	  0.000000	  0.554097	
  0.731553	  0.115890	  0.033499	  0.119058	
  0.772295	  0.014486	  0.109099	  0.104120	
  0.953825	  0.000000	  0.039384	  0.006790	
  0.964690	  0.000000	  0.000905	  0.034405	
  0.966501	  0.000000	  0.001811	  0.031689	
  0.025351	  0.028067	  0.000000	  0.946582	
  0.985514	  0.000000	  0.014486	  0.000000	
  0.176098	  0.054323	  0.756451	  0.013128	
  0.441376	  0.378452	  0.066999	  0.113173	
  0.456768	  0.203712	  0.057039	  0.282481	

URL http://cisbp.ccbr.utoronto.ca/TFreport.php?versionNumber=2.00&searchTF=T256283_2.00

MOTIF M08452_2.00 (maker-pag1_scaffold_20-fgenesh-gene-0.2)_(Saccharomyces_cerevisiae)_(DBD_0.71)

letter-probability matrix: alength= 4 w= 5 nsites= 1 E= 0
  0.000000	  0.000000	  0.000000	  1.000000	
  0.000000	  0.000000	  0.010160	  0.989840	
  0.005578	  0.000000	  0.994422	  0.000000	
  0.000000	  0.000000	  0.998223	  0.001777	
  0.158006	  0.378979	  0.030665	  0.432350	

URL http://cisbp.ccbr.utoronto.ca/TFreport.php?versionNumber=2.00&searchTF=T160123_2.00

