MEME version 5.5.8 (Fri May 2 15:43:49 2025 -0700)

ALPHABET= ACGT

strands: + -

Background letter frequencies (from uniform background):
A 0.25000 C 0.25000 G 0.25000 T 0.25000 

MOTIF M00051_2.00 (GLOINDRAFT_43868)_(Saccharomyces_cerevisiae)_(DBD_0.69)

letter-probability matrix: alength= 4 w= 8 nsites= 1 E= 0
  0.270248	  0.432235	  0.000270	  0.297246	
  0.000196	  0.000196	  0.999412	  0.000196	
  0.999424	  0.000192	  0.000192	  0.000192	
  0.000192	  0.000192	  0.000192	  0.999424	
  0.980208	  0.000192	  0.019408	  0.000192	
  0.940635	  0.000196	  0.000196	  0.058973	
  0.022934	  0.113760	  0.840372	  0.022934	
  0.344697	  0.241391	  0.241391	  0.172521	

URL http://cisbp.ccbr.utoronto.ca/TFreport.php?versionNumber=2.00&searchTF=T193426_2.00

MOTIF M00061_2.00 (GLOINDRAFT_14063)_(Saccharomyces_cerevisiae)_(DBD_0.64)

letter-probability matrix: alength= 4 w= 8 nsites= 1 E= 0
  0.726984	  0.045578	  0.075863	  0.151575	
  0.056906	  0.193208	  0.068264	  0.681622	
  0.064288	  0.064288	  0.871332	  0.000092	
  0.000090	  0.000090	  0.999730	  0.000090	
  0.000090	  0.972713	  0.027107	  0.000090	
  0.000090	  0.963707	  0.009096	  0.027107	
  0.586810	  0.119622	  0.293459	  0.000109	
  0.142918	  0.057253	  0.742576	  0.057253	

URL http://cisbp.ccbr.utoronto.ca/TFreport.php?versionNumber=2.00&searchTF=T240662_2.00

MOTIF M00070_2.00 (GLOINDRAFT_51431)_(Saccharomyces_cerevisiae)_(DBD_0.41)

letter-probability matrix: alength= 4 w= 11 nsites= 1 E= 0
  0.268573	  0.272224	  0.178881	  0.280322	
  0.509793	  0.098806	  0.292595	  0.098806	
  0.848016	  0.050661	  0.050661	  0.050661	
  0.999893	  0.000036	  0.000036	  0.000036	
  0.000036	  0.903786	  0.000036	  0.096142	
  0.903786	  0.000036	  0.000036	  0.096142	
  0.999893	  0.000036	  0.000036	  0.000036	
  0.000036	  0.000036	  0.000036	  0.999893	
  0.591260	  0.071155	  0.071155	  0.266431	
  0.345743	  0.151230	  0.257625	  0.245401	
  0.199374	  0.199374	  0.199374	  0.401877	

URL http://cisbp.ccbr.utoronto.ca/TFreport.php?versionNumber=2.00&searchTF=T330185_2.00

MOTIF M00790_2.00 (GLOINDRAFT_82873)_(Mus_musculus)_(DBD_0.73)

letter-probability matrix: alength= 4 w= 9 nsites= 1 E= 0
  0.337606	  0.151696	  0.424910	  0.085788	
  0.214462	  0.151129	  0.074301	  0.560108	
  0.593218	  0.291652	  0.036436	  0.078694	
  0.697590	  0.152571	  0.033369	  0.116470	
  0.810620	  0.060208	  0.065878	  0.063295	
  0.020715	  0.679160	  0.040079	  0.260046	
  0.798255	  0.049523	  0.065525	  0.086698	
  0.354392	  0.210693	  0.192559	  0.242355	
  0.307967	  0.221405	  0.177681	  0.292947	

URL http://cisbp.ccbr.utoronto.ca/TFreport.php?versionNumber=2.00&searchTF=T187683_2.00

MOTIF M01039_2.00 (GLOINDRAFT_82623)_(Kluyveromyces_lactis)_(DBD_0.67)

letter-probability matrix: alength= 4 w= 7 nsites= 1 E= 0
  0.192097	  0.704860	  0.062677	  0.040366	
  0.002261	  0.724822	  0.000883	  0.272034	
  0.000462	  0.991049	  0.000084	  0.008404	
  0.003903	  0.993958	  0.002079	  0.000061	
  0.016196	  0.461628	  0.096040	  0.426136	
  0.068363	  0.100971	  0.113844	  0.716823	
  0.379896	  0.088226	  0.354213	  0.177665	

URL http://cisbp.ccbr.utoronto.ca/TFreport.php?versionNumber=2.00&searchTF=T118211_2.00

MOTIF M01102_2.00 (GLOINDRAFT_9269)_(PBM_CONSTRUCTS)_(DBD_0.70)

letter-probability matrix: alength= 4 w= 8 nsites= 1 E= 0
  0.520400	  0.150739	  0.150739	  0.178122	
  0.168349	  0.386085	  0.237629	  0.207937	
  0.828862	  0.000085	  0.162423	  0.008630	
  0.000085	  0.999744	  0.000085	  0.000085	
  0.000085	  0.000085	  0.982656	  0.017174	
  0.008630	  0.957023	  0.000085	  0.034262	
  0.008630	  0.017174	  0.965567	  0.008630	
  0.562344	  0.150050	  0.000125	  0.287481	

URL http://cisbp.ccbr.utoronto.ca/TFreport.php?versionNumber=2.00&searchTF=T011942_2.00

MOTIF M01147_2.00 (GLOINDRAFT_28660)_(Neurospora_crassa)_(DBD_0.70)

letter-probability matrix: alength= 4 w= 10 nsites= 1 E= 0
  0.256344	  0.201648	  0.261523	  0.280485	
  0.466416	  0.147685	  0.263770	  0.122129	
  0.056276	  0.045162	  0.000477	  0.898085	
  0.076513	  0.037995	  0.643848	  0.241643	
  0.796372	  0.031502	  0.085633	  0.086493	
  0.072044	  0.711432	  0.042832	  0.173691	
  0.178754	  0.047276	  0.689532	  0.084438	
  0.163925	  0.196254	  0.078997	  0.560825	
  0.373050	  0.284779	  0.165954	  0.176216	
  0.318316	  0.178225	  0.258022	  0.245438	

URL http://cisbp.ccbr.utoronto.ca/TFreport.php?versionNumber=2.00&searchTF=T062802_2.00

MOTIF M01193_2.00 (GLOINDRAFT_349090)_(Neurospora_crassa)_(DBD_0.80)

letter-probability matrix: alength= 4 w= 10 nsites= 1 E= 0
  0.171974	  0.307153	  0.259134	  0.261738	
  0.176120	  0.141339	  0.539781	  0.142760	
  0.201468	  0.325587	  0.241201	  0.231743	
  0.242179	  0.354135	  0.186733	  0.216953	
  0.187486	  0.174811	  0.494579	  0.143123	
  0.781029	  0.071565	  0.138464	  0.008941	
  0.008899	  0.010236	  0.050195	  0.930671	
  0.046751	  0.849653	  0.086906	  0.016690	
  0.257316	  0.290123	  0.290123	  0.162439	
  0.191340	  0.312327	  0.250648	  0.245685	

URL http://cisbp.ccbr.utoronto.ca/TFreport.php?versionNumber=2.00&searchTF=T118181_2.00

MOTIF M01235_2.00 (GLOINDRAFT_349729)_(Neurospora_crassa)_(DBD_0.86)

letter-probability matrix: alength= 4 w= 11 nsites= 1 E= 0
  0.224507	  0.326478	  0.224507	  0.224507	
  0.203126	  0.299039	  0.391867	  0.105967	
  0.225223	  0.724938	  0.024920	  0.024920	
  0.000216	  0.000216	  0.999351	  0.000216	
  0.999351	  0.000216	  0.000216	  0.000216	
  0.000216	  0.000216	  0.000216	  0.999351	
  0.000216	  0.999351	  0.000216	  0.000216	
  0.000216	  0.000216	  0.897514	  0.102053	
  0.347248	  0.117812	  0.509230	  0.025709	
  0.144249	  0.144249	  0.144249	  0.567252	
  0.225297	  0.324110	  0.225297	  0.225297	

URL http://cisbp.ccbr.utoronto.ca/TFreport.php?versionNumber=2.00&searchTF=T193422_2.00

MOTIF M01434_2.00 (GLOINDRAFT_24118)_(Rhizopus_oryzae)_(DBD_0.85)

letter-probability matrix: alength= 4 w= 10 nsites= 1 E= 0
  0.284183	  0.210528	  0.310946	  0.194342	
  0.216915	  0.214756	  0.287006	  0.281323	
  0.089040	  0.039610	  0.811664	  0.059685	
  0.997284	  0.000580	  0.000211	  0.001925	
  0.021064	  0.005975	  0.040754	  0.932207	
  0.109307	  0.592388	  0.105021	  0.193284	
  0.184746	  0.131497	  0.391107	  0.292651	
  0.281044	  0.181003	  0.316876	  0.221077	
  0.125394	  0.693296	  0.026615	  0.154695	
  0.332338	  0.201573	  0.297720	  0.168368	

URL http://cisbp.ccbr.utoronto.ca/TFreport.php?versionNumber=2.00&searchTF=T118153_2.00

MOTIF M01442_2.00 (GLOINDRAFT_334957)_(Rhizopus_oryzae)_(DBD_0.80)

letter-probability matrix: alength= 4 w= 10 nsites= 1 E= 0
  0.405205	  0.191405	  0.155150	  0.248239	
  0.012796	  0.971781	  0.003252	  0.012172	
  0.001748	  0.896649	  0.000244	  0.101359	
  0.003474	  0.987573	  0.007809	  0.001145	
  0.007101	  0.992574	  0.000046	  0.000278	
  0.507195	  0.000100	  0.468200	  0.024505	
  0.034159	  0.692999	  0.169191	  0.103651	
  0.533442	  0.115509	  0.198215	  0.152834	
  0.248537	  0.246064	  0.141967	  0.363432	
  0.249168	  0.197972	  0.162086	  0.390773	

URL http://cisbp.ccbr.utoronto.ca/TFreport.php?versionNumber=2.00&searchTF=T118162_2.00

MOTIF M01566_2.00 (GLOINDRAFT_339088)_(Saccharomyces_cerevisiae)_(DBD_0.56)

letter-probability matrix: alength= 4 w= 8 nsites= 1 E= 0
  0.270726	  0.299198	  0.159350	  0.270726	
  0.171103	  0.404343	  0.058690	  0.365865	
  0.701225	  0.048078	  0.204963	  0.045733	
  0.053179	  0.447494	  0.090348	  0.408979	
  0.407307	  0.049381	  0.055677	  0.487635	
  0.525518	  0.097943	  0.128302	  0.248237	
  0.510778	  0.094249	  0.117441	  0.277532	
  0.343791	  0.175921	  0.275898	  0.204391	

URL http://cisbp.ccbr.utoronto.ca/TFreport.php?versionNumber=2.00&searchTF=T330119_2.00

MOTIF M01567_2.00 (GLOINDRAFT_79885)_(Saccharomyces_cerevisiae)_(DBD_0.93)

letter-probability matrix: alength= 4 w= 7 nsites= 1 E= 0
  0.315311	  0.189343	  0.207174	  0.288172	
  0.345705	  0.141966	  0.211788	  0.300541	
  0.271982	  0.110580	  0.155359	  0.462079	
  0.583542	  0.000869	  0.110954	  0.304636	
  0.219565	  0.006434	  0.188981	  0.585020	
  0.934996	  0.000354	  0.051964	  0.012687	
  0.422777	  0.000471	  0.095282	  0.481470	

URL http://cisbp.ccbr.utoronto.ca/TFreport.php?versionNumber=2.00&searchTF=T342568_2.00

MOTIF M01691_2.00 (GLOINDRAFT_87623)_(Caenorhabditis_elegans)_(DBD_0.54)

letter-probability matrix: alength= 4 w= 7 nsites= 1 E= 0
  0.272989	  0.275733	  0.247011	  0.204268	
  0.311542	  0.190859	  0.252531	  0.245068	
  0.409498	  0.106158	  0.183999	  0.300345	
  0.464798	  0.095737	  0.154718	  0.284747	
  0.582238	  0.128622	  0.014110	  0.275030	
  0.576040	  0.000723	  0.229563	  0.193674	
  0.235345	  0.212949	  0.048475	  0.503232	

URL http://cisbp.ccbr.utoronto.ca/TFreport.php?versionNumber=2.00&searchTF=T017501_2.00

MOTIF M01829_2.00 (GLOINDRAFT_340074)_(Schizosaccharomyces_pombe)_(DBD_0.68)

letter-probability matrix: alength= 4 w= 10 nsites= 1 E= 0
  0.570600	  0.126453	  0.170367	  0.132581	
  0.195785	  0.086320	  0.008371	  0.709524	
  0.193607	  0.163160	  0.313589	  0.329644	
  0.494817	  0.042071	  0.276108	  0.187005	
  0.071217	  0.695225	  0.054727	  0.178831	
  0.178831	  0.054727	  0.695225	  0.071217	
  0.187005	  0.276108	  0.042071	  0.494817	
  0.329644	  0.313589	  0.163160	  0.193607	
  0.709524	  0.008371	  0.086320	  0.195785	
  0.132581	  0.170367	  0.126453	  0.570600	

URL http://cisbp.ccbr.utoronto.ca/TFreport.php?versionNumber=2.00&searchTF=T062811_2.00

MOTIF M01834_2.00 (GLOINDRAFT_120758)_(Neurospora_crassa)_(DBD_0.55)

letter-probability matrix: alength= 4 w= 10 nsites= 1 E= 0
  0.138972	  0.117246	  0.552400	  0.191382	
  0.407664	  0.450538	  0.049921	  0.091876	
  0.018202	  0.000228	  0.064170	  0.917399	
  0.109798	  0.113142	  0.249297	  0.527762	
  0.898816	  0.005480	  0.085719	  0.009985	
  0.003372	  0.668907	  0.109469	  0.218251	
  0.178122	  0.123035	  0.455988	  0.242856	
  0.305077	  0.126541	  0.094686	  0.473696	
  0.502827	  0.177727	  0.146973	  0.172474	
  0.496385	  0.129976	  0.163588	  0.210051	

URL http://cisbp.ccbr.utoronto.ca/TFreport.php?versionNumber=2.00&searchTF=T062794_2.00

MOTIF M02017_2.00 (GLOINDRAFT_56287)_(Neurospora_crassa)_(DBD_0.94)

letter-probability matrix: alength= 4 w= 8 nsites= 1 E= 0
  0.246114	  0.263959	  0.251086	  0.238840	
  0.289615	  0.264688	  0.175661	  0.270036	
  0.101067	  0.108395	  0.696303	  0.094234	
  0.794489	  0.034733	  0.044598	  0.126179	
  0.025614	  0.062373	  0.046671	  0.865343	
  0.449630	  0.160521	  0.097361	  0.292488	
  0.295846	  0.232721	  0.265029	  0.206405	
  0.224078	  0.276441	  0.282025	  0.217456	

URL http://cisbp.ccbr.utoronto.ca/TFreport.php?versionNumber=2.00&searchTF=T193429_2.00

MOTIF M02055_2.00 (GLOINDRAFT_43985)_(Encephalitozoon_cuniculi)_(DBD_0.62)

letter-probability matrix: alength= 4 w= 9 nsites= 1 E= 0
  0.259454	  0.234764	  0.210309	  0.295473	
  0.174519	  0.228614	  0.282036	  0.314831	
  0.058202	  0.248121	  0.089471	  0.604206	
  0.740913	  0.151091	  0.033713	  0.074283	
  0.897687	  0.051926	  0.014877	  0.035510	
  0.000090	  0.021879	  0.000025	  0.978006	
  0.271104	  0.088456	  0.049033	  0.591406	
  0.383479	  0.034788	  0.026557	  0.555176	
  0.666246	  0.107949	  0.156282	  0.069523	

URL http://cisbp.ccbr.utoronto.ca/TFreport.php?versionNumber=2.00&searchTF=T218681_2.00

MOTIF M02066_2.00 (GLOINDRAFT_346743)_(Cryptococcus_neoformans)_(DBD_0.55)

letter-probability matrix: alength= 4 w= 9 nsites= 1 E= 0
  0.369225	  0.133141	  0.242598	  0.255036	
  0.024933	  0.046349	  0.060715	  0.868003	
  0.000003	  0.003807	  0.026755	  0.969436	
  0.912917	  0.043235	  0.041540	  0.002309	
  0.982717	  0.001897	  0.013878	  0.001507	
  0.067783	  0.009741	  0.000695	  0.921781	
  0.282432	  0.143085	  0.028035	  0.546448	
  0.352017	  0.124422	  0.153497	  0.370065	
  0.373390	  0.226472	  0.221988	  0.178150	

URL http://cisbp.ccbr.utoronto.ca/TFreport.php?versionNumber=2.00&searchTF=T218677_2.00

MOTIF M02143_2.00 (GLOINDRAFT_21145)_(Nematostella_vectensis)_(DBD_0.53)

letter-probability matrix: alength= 4 w= 8 nsites= 1 E= 0
  0.197481	  0.283055	  0.203495	  0.315968	
  0.159614	  0.085009	  0.054204	  0.701174	
  0.623566	  0.079476	  0.133681	  0.163278	
  0.868297	  0.028404	  0.061346	  0.041952	
  0.031540	  0.074534	  0.072331	  0.821596	
  0.168804	  0.101366	  0.116599	  0.613230	
  0.357886	  0.081468	  0.441516	  0.119130	
  0.262360	  0.221344	  0.336877	  0.179418	

URL http://cisbp.ccbr.utoronto.ca/TFreport.php?versionNumber=2.00&searchTF=T218674_2.00

MOTIF M02178_2.00 (GLOINDRAFT_4254)_(Ustilago_maydis)_(DBD_0.58)

letter-probability matrix: alength= 4 w= 10 nsites= 1 E= 0
  0.261928	  0.218781	  0.272617	  0.246674	
  0.246775	  0.259427	  0.272728	  0.221069	
  0.171318	  0.288161	  0.215620	  0.324901	
  0.145425	  0.262345	  0.104549	  0.487681	
  0.485812	  0.309768	  0.086993	  0.117428	
  0.848472	  0.016014	  0.133411	  0.002103	
  0.037823	  0.126837	  0.036705	  0.798636	
  0.397674	  0.133704	  0.105176	  0.363446	
  0.301370	  0.135414	  0.122528	  0.440688	
  0.293463	  0.279150	  0.240267	  0.187120	

URL http://cisbp.ccbr.utoronto.ca/TFreport.php?versionNumber=2.00&searchTF=T218680_2.00

MOTIF M02233_2.00 (GLOINDRAFT_59306)_(Xenopus_laevis)_(DBD_0.50)

letter-probability matrix: alength= 4 w= 11 nsites= 1 E= 0
  0.301330	  0.289596	  0.204537	  0.204537	
  0.183972	  0.487873	  0.099791	  0.228365	
  0.020817	  0.020817	  0.020817	  0.937549	
  0.999772	  0.000076	  0.000076	  0.000076	
  0.999772	  0.000076	  0.000076	  0.000076	
  0.000076	  0.000076	  0.000076	  0.999772	
  0.000076	  0.000076	  0.000076	  0.999772	
  0.999772	  0.000076	  0.000076	  0.000076	
  0.678847	  0.045539	  0.145894	  0.129720	
  0.244307	  0.260680	  0.150285	  0.344728	
  0.229259	  0.229259	  0.229259	  0.312223	

URL http://cisbp.ccbr.utoronto.ca/TFreport.php?versionNumber=2.00&searchTF=T218682_2.00

MOTIF M02248_2.00 (GLOINDRAFT_75775)_(Danio_rerio)_(DBD_0.55)

letter-probability matrix: alength= 4 w= 13 nsites= 1 E= 0
  0.221325	  0.221325	  0.336025	  0.221325	
  0.411769	  0.196077	  0.196077	  0.196077	
  0.551781	  0.149406	  0.149406	  0.149406	
  0.251241	  0.053489	  0.053489	  0.641780	
  0.026833	  0.026833	  0.821326	  0.125007	
  0.000136	  0.000136	  0.000136	  0.999593	
  0.098310	  0.000136	  0.000136	  0.901419	
  0.000136	  0.999593	  0.000136	  0.000136	
  0.028810	  0.214764	  0.028810	  0.727615	
  0.837825	  0.054058	  0.054058	  0.054058	
  0.100729	  0.100729	  0.100729	  0.697812	
  0.410061	  0.196646	  0.196646	  0.196646	
  0.223302	  0.223302	  0.223302	  0.330093	

URL http://cisbp.ccbr.utoronto.ca/TFreport.php?versionNumber=2.00&searchTF=T240666_2.00

MOTIF M02283_2.00 (GLOINDRAFT_82941)_(Dictyostelium_discoideum)_(DBD_0.94)

letter-probability matrix: alength= 4 w= 10 nsites= 1 E= 0
  0.233777	  0.598464	  0.083460	  0.084299	
  0.030948	  0.562453	  0.044359	  0.362240	
  0.506429	  0.042836	  0.155615	  0.295120	
  0.524310	  0.062308	  0.043907	  0.369475	
  0.657133	  0.044163	  0.042009	  0.256695	
  0.290800	  0.112464	  0.066862	  0.529873	
  0.281986	  0.340992	  0.131875	  0.245147	
  0.228299	  0.247314	  0.296088	  0.228299	
  0.301159	  0.033037	  0.594451	  0.071353	
  0.207356	  0.056511	  0.520315	  0.215818	

URL http://cisbp.ccbr.utoronto.ca/TFreport.php?versionNumber=2.00&searchTF=T254075_2.00

MOTIF M02485_2.00 (GLOINDRAFT_347422)_(Arabidopsis_thaliana)_(DBD_0.51)

letter-probability matrix: alength= 4 w= 10 nsites= 1 E= 0
  0.246206	  0.214041	  0.253704	  0.286050	
  0.223218	  0.225462	  0.123736	  0.427584	
  0.374373	  0.150694	  0.125870	  0.349063	
  0.424988	  0.133228	  0.213164	  0.228620	
  0.314246	  0.138404	  0.139795	  0.407555	
  0.001214	  0.456559	  0.032581	  0.509647	
  0.524312	  0.125473	  0.318011	  0.032204	
  0.266076	  0.207220	  0.195153	  0.331551	
  0.287074	  0.181225	  0.287074	  0.244628	
  0.289992	  0.232724	  0.235063	  0.242222	

URL http://cisbp.ccbr.utoronto.ca/TFreport.php?versionNumber=2.00&searchTF=T330143_2.00

MOTIF M02486_2.00 (GLOINDRAFT_334763)_(Arabidopsis_thaliana)_(DBD_0.35)

letter-probability matrix: alength= 4 w= 7 nsites= 1 E= 0
  0.240152	  0.206700	  0.235396	  0.317752	
  0.316441	  0.197776	  0.207917	  0.277866	
  0.348064	  0.230993	  0.178107	  0.242836	
  0.281022	  0.168752	  0.167073	  0.383152	
  0.176275	  0.412420	  0.066823	  0.344482	
  0.478649	  0.076782	  0.441849	  0.002721	
  0.255694	  0.168003	  0.260859	  0.315444	

URL http://cisbp.ccbr.utoronto.ca/TFreport.php?versionNumber=2.00&searchTF=T330111_2.00

MOTIF M02489_2.00 (GLOINDRAFT_45684)_(Neurospora_crassa)_(DBD_0.31)

letter-probability matrix: alength= 4 w= 13 nsites= 1 E= 0
  0.314560	  0.228480	  0.228480	  0.228480	
  0.314560	  0.228480	  0.228480	  0.228480	
  0.228480	  0.228480	  0.228480	  0.314560	
  0.179751	  0.179751	  0.352587	  0.287911	
  0.106308	  0.106308	  0.106308	  0.681075	
  0.999343	  0.000219	  0.000219	  0.000219	
  0.000219	  0.000219	  0.000219	  0.999343	
  0.000219	  0.000219	  0.000219	  0.999343	
  0.439343	  0.021739	  0.517180	  0.021739	
  0.230293	  0.021739	  0.021739	  0.726229	
  0.230788	  0.021739	  0.021739	  0.725734	
  0.788596	  0.070468	  0.070468	  0.070468	
  0.244188	  0.143911	  0.143911	  0.467991	

URL http://cisbp.ccbr.utoronto.ca/TFreport.php?versionNumber=2.00&searchTF=T330172_2.00

MOTIF M02491_2.00 (GLOINDRAFT_44046)_(Neurospora_crassa)_(DBD_0.33)

letter-probability matrix: alength= 4 w= 8 nsites= 1 E= 0
  0.001106	  0.222345	  0.001106	  0.775442	
  0.071937	  0.926638	  0.000712	  0.000712	
  0.071937	  0.000712	  0.000712	  0.926638	
  0.000712	  0.000712	  0.000712	  0.997863	
  0.000712	  0.000712	  0.000712	  0.997863	
  0.000712	  0.000712	  0.997863	  0.000712	
  0.000712	  0.000712	  0.000712	  0.997863	
  0.001106	  0.332965	  0.001106	  0.664823	

URL http://cisbp.ccbr.utoronto.ca/TFreport.php?versionNumber=2.00&searchTF=T330169_2.00

MOTIF M02581_2.00 (GLOINDRAFT_38994)_(Puccinia_graminis)_(DBD_0.82)

letter-probability matrix: alength= 4 w= 8 nsites= 1 E= 0
  0.427557	  0.001420	  0.001420	  0.569602	
  0.000996	  0.000996	  0.000996	  0.997012	
  0.000906	  0.997283	  0.000906	  0.000906	
  0.000906	  0.091486	  0.906703	  0.000906	
  0.000906	  0.000906	  0.997283	  0.000906	
  0.363225	  0.000906	  0.634964	  0.000906	
  0.997283	  0.000906	  0.000906	  0.000906	
  0.125622	  0.125622	  0.125622	  0.623134	

URL http://cisbp.ccbr.utoronto.ca/TFreport.php?versionNumber=2.00&searchTF=T369438_2.00

MOTIF M02698_2.00 (GLOINDRAFT_187386)_(Arabidopsis_thaliana)_(DBD_0.91)

letter-probability matrix: alength= 4 w= 11 nsites= 1 E= 0
  0.140000	  0.450000	  0.230000	  0.180000	
  0.160000	  0.270000	  0.550000	  0.020000	
  0.000000	  0.919192	  0.040404	  0.040404	
  0.000000	  0.050000	  0.930000	  0.020000	
  0.040404	  0.939394	  0.000000	  0.020202	
  0.040404	  0.020202	  0.020202	  0.919192	
  0.080808	  0.000000	  0.858586	  0.060606	
  0.960000	  0.000000	  0.020000	  0.020000	
  0.040000	  0.040000	  0.920000	  0.000000	
  0.020000	  0.550000	  0.260000	  0.170000	
  0.151515	  0.323232	  0.242424	  0.282828	

URL http://cisbp.ccbr.utoronto.ca/TFreport.php?versionNumber=2.00&searchTF=T271113_2.00

MOTIF M03026_2.00 (GLOINDRAFT_41548)_(Homo_sapiens)_(DBD_0.57)

letter-probability matrix: alength= 4 w= 7 nsites= 1 E= 0
  0.105967	  0.006687	  0.887346	  0.000000	
  0.013847	  0.011228	  0.006549	  0.968376	
  0.899687	  0.093880	  0.006433	  0.000000	
  0.995575	  0.004425	  0.000000	  0.000000	
  0.977706	  0.004345	  0.005479	  0.012469	
  0.025363	  0.836026	  0.007754	  0.130856	
  0.992901	  0.002302	  0.004797	  0.000000	

URL http://cisbp.ccbr.utoronto.ca/TFreport.php?versionNumber=2.00&searchTF=T187681_2.00

MOTIF M03171_2.00 (GLOINDRAFT_34295)_(Homo_sapiens)_(DBD_0.55)

letter-probability matrix: alength= 4 w= 12 nsites= 1 E= 0
  0.000000	  0.015848	  0.004754	  0.979398	
  0.012285	  0.006143	  0.981572	  0.000000	
  0.975904	  0.008606	  0.001721	  0.013769	
  0.004724	  0.974803	  0.004724	  0.015748	
  0.963542	  0.008681	  0.019097	  0.008681	
  0.000000	  0.007177	  0.904306	  0.088517	
  0.066129	  0.540323	  0.387097	  0.006452	
  0.018519	  0.000000	  0.000000	  0.981481	
  0.013333	  0.003636	  0.983030	  0.000000	
  0.011887	  0.007429	  0.011887	  0.968796	
  0.014901	  0.973510	  0.004967	  0.006623	
  0.962329	  0.017123	  0.020548	  0.000000	

URL http://cisbp.ccbr.utoronto.ca/TFreport.php?versionNumber=2.00&searchTF=T218676_2.00

MOTIF M03525_2.00 (GLOINDRAFT_46580)_(Homo_sapiens)_(DBD_0.38)

letter-probability matrix: alength= 4 w= 15 nsites= 1 E= 0
  0.921817	  0.028878	  0.019017	  0.030287	
  0.988109	  0.004908	  0.002831	  0.004153	
  0.000381	  0.997903	  0.000381	  0.001334	
  0.986433	  0.001884	  0.000377	  0.011306	
  0.971243	  0.024675	  0.000557	  0.003525	
  0.000762	  0.001333	  0.000762	  0.997143	
  0.757159	  0.017935	  0.182384	  0.042522	
  0.372684	  0.280611	  0.153773	  0.192932	
  0.006589	  0.985505	  0.002447	  0.005459	
  0.998855	  0.000572	  0.000191	  0.000382	
  0.000572	  0.000762	  0.000762	  0.997903	
  0.000572	  0.000191	  0.001144	  0.998093	
  0.001714	  0.000381	  0.997143	  0.000762	
  0.001712	  0.001141	  0.001332	  0.995815	
  0.009660	  0.013004	  0.004830	  0.972506	

URL http://cisbp.ccbr.utoronto.ca/TFreport.php?versionNumber=2.00&searchTF=T330174_2.00

MOTIF M06870_2.00 (GLOINDRAFT_4310)_(Arabidopsis_thaliana)_(DBD_0.81)

letter-probability matrix: alength= 4 w= 15 nsites= 1 E= 0
  0.913043	  0.086957	  0.000000	  0.000000	
  0.347826	  0.000000	  0.130435	  0.521739	
  0.391304	  0.000000	  0.217391	  0.391304	
  0.347826	  0.000000	  0.217391	  0.434783	
  0.260870	  0.000000	  0.217391	  0.521739	
  0.173913	  0.043478	  0.782609	  0.000000	
  0.000000	  0.043478	  0.782609	  0.173913	
  0.217391	  0.782609	  0.000000	  0.000000	
  0.000000	  0.000000	  1.000000	  0.000000	
  0.000000	  1.000000	  0.000000	  0.000000	
  0.000000	  1.000000	  0.000000	  0.000000	
  0.913043	  0.086957	  0.000000	  0.000000	
  0.826086	  0.086957	  0.000000	  0.086957	
  0.913043	  0.000000	  0.086957	  0.000000	
  0.695652	  0.000000	  0.260870	  0.043478	

URL http://cisbp.ccbr.utoronto.ca/TFreport.php?versionNumber=2.00&searchTF=T173131_2.00

MOTIF M07266_2.00 (GLOINDRAFT_337448)_(Arabidopsis_thaliana)_(DBD_0.33)

letter-probability matrix: alength= 4 w= 8 nsites= 1 E= 0
  0.035000	  0.143333	  0.080000	  0.741667	
  0.586667	  0.048333	  0.001667	  0.363333	
  0.995000	  0.000000	  0.000000	  0.005000	
  0.028333	  0.000000	  0.000000	  0.971667	
  0.000000	  0.988333	  0.011667	  0.000000	
  1.000000	  0.000000	  0.000000	  0.000000	
  0.000000	  0.000000	  0.005000	  0.995000	
  0.598334	  0.073333	  0.060000	  0.268333	

URL http://cisbp.ccbr.utoronto.ca/TFreport.php?versionNumber=2.00&searchTF=T330115_2.00

MOTIF M07977_2.00 (GLOINDRAFT_240353)_(Homo_sapiens)_(DBD_0.53)

letter-probability matrix: alength= 4 w= 18 nsites= 1 E= 0
  0.142132	  0.055838	  0.796954	  0.005076	
  0.162437	  0.055838	  0.172589	  0.609136	
  0.010152	  0.802031	  0.005076	  0.182741	
  0.005076	  0.598985	  0.390863	  0.005076	
  0.106599	  0.538071	  0.055838	  0.299492	
  0.030457	  0.086294	  0.766498	  0.116751	
  0.106599	  0.000000	  0.873096	  0.020305	
  0.000000	  0.005076	  0.994924	  0.000000	
  0.055838	  0.000000	  0.005076	  0.939086	
  0.000000	  0.000000	  0.000000	  1.000000	
  0.000000	  0.989848	  0.000000	  0.010152	
  0.299492	  0.000000	  0.700508	  0.000000	
  1.000000	  0.000000	  0.000000	  0.000000	
  0.426396	  0.055838	  0.203046	  0.314721	
  0.091371	  0.279188	  0.010152	  0.619289	
  0.000000	  0.994924	  0.000000	  0.005076	
  0.020305	  0.868020	  0.005076	  0.106599	
  0.071066	  0.771573	  0.126904	  0.030457	

URL http://cisbp.ccbr.utoronto.ca/TFreport.php?versionNumber=2.00&searchTF=T240664_2.00

MOTIF M08104_2.00 (GLOINDRAFT_349601)_(Homo_sapiens)_(DBD_0.82)

letter-probability matrix: alength= 4 w= 11 nsites= 1 E= 0
  0.147979	  0.183834	  0.283731	  0.384456	
  0.076684	  0.562280	  0.234404	  0.126632	
  0.007254	  0.101347	  0.044145	  0.847254	
  0.025907	  0.066114	  0.873575	  0.034404	
  0.962694	  0.002280	  0.027358	  0.007668	
  0.004767	  0.025699	  0.019482	  0.950052	
  0.019896	  0.003523	  0.006010	  0.970570	
  0.010984	  0.005803	  0.976788	  0.006425	
  0.023005	  0.007047	  0.965181	  0.004767	
  0.132435	  0.385078	  0.083731	  0.398756	
  0.073782	  0.376166	  0.156891	  0.393161	

URL http://cisbp.ccbr.utoronto.ca/TFreport.php?versionNumber=2.00&searchTF=T160003_2.00

MOTIF M08108_2.00 (GLOINDRAFT_340940)_(Homo_sapiens)_(DBD_0.73)

letter-probability matrix: alength= 4 w= 11 nsites= 1 E= 0
  0.204783	  0.244644	  0.387145	  0.163428	
  0.131041	  0.340807	  0.468361	  0.059791	
  0.023916	  0.035376	  0.927753	  0.012955	
  0.013951	  0.939711	  0.010962	  0.035376	
  0.006976	  0.026906	  0.962631	  0.003488	
  0.017937	  0.039860	  0.929248	  0.012955	
  0.013453	  0.015944	  0.956153	  0.014449	
  0.924265	  0.011958	  0.048829	  0.014948	
  0.819631	  0.084704	  0.068261	  0.027404	
  0.231689	  0.322372	  0.322870	  0.123069	
  0.189836	  0.300947	  0.322870	  0.186348	

URL http://cisbp.ccbr.utoronto.ca/TFreport.php?versionNumber=2.00&searchTF=T173130_2.00

MOTIF M08118_2.00 (GLOINDRAFT_349666)_(Homo_sapiens)_(DBD_0.64)

letter-probability matrix: alength= 4 w= 11 nsites= 1 E= 0
  0.419832	  0.169613	  0.196314	  0.214241	
  0.254482	  0.164849	  0.194183	  0.386486	
  0.227529	  0.046258	  0.677824	  0.048389	
  0.014542	  0.006644	  0.017550	  0.961264	
  0.969036	  0.014918	  0.007772	  0.008274	
  0.881660	  0.050144	  0.014166	  0.054030	
  0.965024	  0.009402	  0.007146	  0.018428	
  0.011408	  0.873010	  0.009903	  0.105679	
  0.962768	  0.008399	  0.014166	  0.014667	
  0.304751	  0.235051	  0.222389	  0.237809	
  0.277924	  0.235928	  0.336467	  0.149680	

URL http://cisbp.ccbr.utoronto.ca/TFreport.php?versionNumber=2.00&searchTF=T187680_2.00

MOTIF M08149_2.00 (GLOINDRAFT_42742)_(Homo_sapiens)_(DBD_0.88)

letter-probability matrix: alength= 4 w= 15 nsites= 1 E= 0
  0.319149	  0.145315	  0.306021	  0.229516	
  0.331824	  0.068357	  0.259393	  0.340426	
  0.195111	  0.088728	  0.372114	  0.344047	
  0.172929	  0.639203	  0.035310	  0.152558	
  0.000000	  0.445903	  0.000000	  0.554097	
  0.731553	  0.115890	  0.033499	  0.119058	
  0.772295	  0.014486	  0.109099	  0.104120	
  0.953825	  0.000000	  0.039384	  0.006790	
  0.964690	  0.000000	  0.000905	  0.034405	
  0.966501	  0.000000	  0.001811	  0.031689	
  0.025351	  0.028067	  0.000000	  0.946582	
  0.985514	  0.000000	  0.014486	  0.000000	
  0.176098	  0.054323	  0.756451	  0.013128	
  0.441376	  0.378452	  0.066999	  0.113173	
  0.456768	  0.203712	  0.057039	  0.282481	

URL http://cisbp.ccbr.utoronto.ca/TFreport.php?versionNumber=2.00&searchTF=T254074_2.00

MOTIF M08168_2.00 (GLOINDRAFT_61497)_(Mus_musculus)_(DBD_0.36)

letter-probability matrix: alength= 4 w= 10 nsites= 1 E= 0
  0.000000	  0.719400	  0.159652	  0.120948	
  0.000000	  0.750847	  0.000000	  0.249153	
  0.126754	  0.000000	  0.000000	  0.873246	
  0.000000	  0.000000	  0.000000	  1.000000	
  0.000000	  0.000000	  0.000000	  1.000000	
  0.000000	  0.069666	  0.930334	  0.000000	
  0.000000	  0.000000	  0.000000	  1.000000	
  0.000000	  0.337687	  0.122883	  0.539429	
  0.009192	  0.412675	  0.010643	  0.567489	
  0.020319	  0.316401	  0.184809	  0.478471	

URL http://cisbp.ccbr.utoronto.ca/TFreport.php?versionNumber=2.00&searchTF=T330193_2.00

MOTIF M08169_2.00 (GLOINDRAFT_75094)_(Mus_musculus)_(DBD_0.38)

letter-probability matrix: alength= 4 w= 10 nsites= 1 E= 0
  0.016064	  0.558233	  0.200803	  0.224900	
  0.000000	  0.887550	  0.000000	  0.112450	
  0.646586	  0.000000	  0.000000	  0.353414	
  0.000000	  0.000000	  0.000000	  1.000000	
  0.000000	  0.000000	  0.000000	  1.000000	
  0.000000	  0.000000	  1.000000	  0.000000	
  0.000000	  0.000000	  0.000000	  1.000000	
  0.000000	  0.461847	  0.020080	  0.518072	
  0.016064	  0.449799	  0.000000	  0.534137	
  0.056225	  0.305221	  0.124498	  0.514056	

URL http://cisbp.ccbr.utoronto.ca/TFreport.php?versionNumber=2.00&searchTF=T330200_2.00

