MEME version 5.5.8 (Fri May 2 15:43:49 2025 -0700)

ALPHABET= ACGT

strands: + -

Background letter frequencies (from uniform background):
A 0.25000 C 0.25000 G 0.25000 T 0.25000 

MOTIF M00682_2.00 (O9G_004185)_(Caenorhabditis_elegans)_(DBD_0.50)

letter-probability matrix: alength= 4 w= 8 nsites= 1 E= 0
  0.004902	  0.004902	  0.004902	  0.985294	
  0.004902	  0.004902	  0.004902	  0.985294	
  0.004902	  0.985294	  0.004902	  0.004902	
  0.004902	  0.495098	  0.004902	  0.495098	
  0.985294	  0.004902	  0.004902	  0.004902	
  0.004902	  0.004902	  0.985294	  0.004902	
  0.985294	  0.004902	  0.004902	  0.004902	
  0.985294	  0.004902	  0.004902	  0.004902	

URL http://cisbp.ccbr.utoronto.ca/TFreport.php?versionNumber=2.00&searchTF=T241343_2.00

MOTIF M01566_2.00 (O9G_002262)_(Saccharomyces_cerevisiae)_(DBD_0.46)

letter-probability matrix: alength= 4 w= 8 nsites= 1 E= 0
  0.270726	  0.299198	  0.159350	  0.270726	
  0.171103	  0.404343	  0.058690	  0.365865	
  0.701225	  0.048078	  0.204963	  0.045733	
  0.053179	  0.447494	  0.090348	  0.408979	
  0.407307	  0.049381	  0.055677	  0.487635	
  0.525518	  0.097943	  0.128302	  0.248237	
  0.510778	  0.094249	  0.117441	  0.277532	
  0.343791	  0.175921	  0.275898	  0.204391	

URL http://cisbp.ccbr.utoronto.ca/TFreport.php?versionNumber=2.00&searchTF=T331542_2.00

MOTIF M01567_2.00 (O9G_006239)_(Saccharomyces_cerevisiae)_(DBD_0.87)

letter-probability matrix: alength= 4 w= 7 nsites= 1 E= 0
  0.315311	  0.189343	  0.207174	  0.288172	
  0.345705	  0.141966	  0.211788	  0.300541	
  0.271982	  0.110580	  0.155359	  0.462079	
  0.583542	  0.000869	  0.110954	  0.304636	
  0.219565	  0.006434	  0.188981	  0.585020	
  0.934996	  0.000354	  0.051964	  0.012687	
  0.422777	  0.000471	  0.095282	  0.481470	

URL http://cisbp.ccbr.utoronto.ca/TFreport.php?versionNumber=2.00&searchTF=T342749_2.00

MOTIF M01987_2.00 (O9G_002720)_(Strongylocentrotus_purpuratus)_(DBD_0.61)

letter-probability matrix: alength= 4 w= 9 nsites= 1 E= 0
  0.233668	  0.224506	  0.348592	  0.193234	
  0.280037	  0.209542	  0.191507	  0.318914	
  0.404308	  0.290666	  0.110187	  0.194839	
  0.447462	  0.238314	  0.104961	  0.209263	
  0.768976	  0.018266	  0.173306	  0.039451	
  0.016176	  0.708777	  0.031930	  0.243117	
  0.578790	  0.107871	  0.169176	  0.144162	
  0.340778	  0.228430	  0.226157	  0.204635	
  0.301280	  0.239377	  0.210196	  0.249146	

URL http://cisbp.ccbr.utoronto.ca/TFreport.php?versionNumber=2.00&searchTF=T188229_2.00

MOTIF M02186_2.00 (O9G_003621)_(Caenorhabditis_elegans)_(DBD_0.49)

letter-probability matrix: alength= 4 w= 8 nsites= 1 E= 0
  0.106743	  0.053438	  0.226679	  0.613140	
  0.008935	  0.097399	  0.000088	  0.893577	
  0.831814	  0.136036	  0.024072	  0.008077	
  0.968525	  0.007888	  0.023508	  0.000078	
  0.000078	  0.000078	  0.007888	  0.991956	
  0.015822	  0.031565	  0.165381	  0.787232	
  0.864643	  0.000090	  0.117165	  0.018102	
  0.035395	  0.152987	  0.599835	  0.211783	

URL http://cisbp.ccbr.utoronto.ca/TFreport.php?versionNumber=2.00&searchTF=T221202_2.00

MOTIF M02192_2.00 (O9G_002924)_(Saccharomyces_cerevisiae)_(DBD_0.48)

letter-probability matrix: alength= 4 w= 11 nsites= 1 E= 0
  0.309211	  0.230263	  0.230263	  0.230263	
  0.211231	  0.211231	  0.211231	  0.366308	
  0.232350	  0.153266	  0.229750	  0.384634	
  0.245065	  0.000142	  0.000142	  0.754652	
  0.000142	  0.076625	  0.642318	  0.280916	
  0.999575	  0.000142	  0.000142	  0.000142	
  0.000142	  0.923092	  0.000142	  0.076625	
  0.239040	  0.000142	  0.760677	  0.000142	
  0.019879	  0.103699	  0.096008	  0.780414	
  0.403506	  0.518672	  0.038911	  0.038911	
  0.457115	  0.096875	  0.096875	  0.349135	

URL http://cisbp.ccbr.utoronto.ca/TFreport.php?versionNumber=2.00&searchTF=T221201_2.00

MOTIF M02456_2.00 (O9G_004738)_(Hydra_magnipapillata)_(DBD_0.67)

letter-probability matrix: alength= 4 w= 10 nsites= 1 E= 0
  0.177782	  0.000066	  0.773214	  0.048938	
  0.047711	  0.070468	  0.073343	  0.808478	
  0.250864	  0.248368	  0.052716	  0.448053	
  0.254816	  0.070848	  0.450583	  0.223753	
  0.098689	  0.573623	  0.105845	  0.221844	
  0.076401	  0.439659	  0.131105	  0.352835	
  0.569272	  0.105042	  0.141792	  0.183894	
  0.279236	  0.157915	  0.260357	  0.302492	
  0.170593	  0.175788	  0.533404	  0.120215	
  0.196514	  0.247332	  0.347489	  0.208665	

URL http://cisbp.ccbr.utoronto.ca/TFreport.php?versionNumber=2.00&searchTF=T318723_2.00

MOTIF M02698_2.00 (O9G_003647)_(Arabidopsis_thaliana)_(DBD_0.87)

letter-probability matrix: alength= 4 w= 11 nsites= 1 E= 0
  0.140000	  0.450000	  0.230000	  0.180000	
  0.160000	  0.270000	  0.550000	  0.020000	
  0.000000	  0.919192	  0.040404	  0.040404	
  0.000000	  0.050000	  0.930000	  0.020000	
  0.040404	  0.939394	  0.000000	  0.020202	
  0.040404	  0.020202	  0.020202	  0.919192	
  0.080808	  0.000000	  0.858586	  0.060606	
  0.960000	  0.000000	  0.020000	  0.020000	
  0.040000	  0.040000	  0.920000	  0.000000	
  0.020000	  0.550000	  0.260000	  0.170000	
  0.151515	  0.323232	  0.242424	  0.282828	

URL http://cisbp.ccbr.utoronto.ca/TFreport.php?versionNumber=2.00&searchTF=T275171_2.00

MOTIF M03168_2.00 (O9G_004472)_(Homo_sapiens)_(DBD_0.35)

letter-probability matrix: alength= 4 w= 8 nsites= 1 E= 0
  0.072612	  0.450780	  0.073912	  0.402697	
  0.096614	  0.141577	  0.014371	  0.747439	
  0.795066	  0.130619	  0.028606	  0.045709	
  0.940555	  0.027395	  0.008236	  0.023814	
  0.050778	  0.014703	  0.036416	  0.898102	
  0.063239	  0.039960	  0.242873	  0.653928	
  0.742999	  0.012306	  0.188402	  0.056294	
  0.185954	  0.363723	  0.177579	  0.272745	

URL http://cisbp.ccbr.utoronto.ca/TFreport.php?versionNumber=2.00&searchTF=T221207_2.00

MOTIF M07981_2.00 (O9G_005180)_(Homo_sapiens)_(DBD_0.93)

letter-probability matrix: alength= 4 w= 19 nsites= 1 E= 0
  0.299342	  0.325658	  0.190789	  0.184211	
  0.171053	  0.338816	  0.154605	  0.335526	
  0.444079	  0.174342	  0.210526	  0.171053	
  0.233553	  0.131579	  0.082237	  0.552631	
  0.141447	  0.108553	  0.519737	  0.230263	
  0.233553	  0.286184	  0.302632	  0.177632	
  0.023026	  0.950659	  0.016447	  0.009868	
  0.003289	  0.934211	  0.000000	  0.062500	
  0.756579	  0.055921	  0.006579	  0.180921	
  0.483553	  0.006579	  0.026316	  0.483553	
  0.950658	  0.000000	  0.042763	  0.006579	
  0.299342	  0.078947	  0.026316	  0.595395	
  0.888158	  0.013158	  0.019737	  0.078947	
  0.644736	  0.013158	  0.052632	  0.289474	
  0.032895	  0.000000	  0.967105	  0.000000	
  0.016447	  0.003289	  0.973685	  0.006579	
  0.226974	  0.424342	  0.184211	  0.164474	
  0.450658	  0.302632	  0.154605	  0.092105	
  0.555920	  0.095395	  0.164474	  0.184211	

URL http://cisbp.ccbr.utoronto.ca/TFreport.php?versionNumber=2.00&searchTF=T254877_2.00

MOTIF M08106_2.00 (O9G_005146)_(Arabidopsis_thaliana)_(DBD_0.58)

letter-probability matrix: alength= 4 w= 10 nsites= 1 E= 0
  0.271537	  0.139904	  0.126809	  0.461751	
  0.244659	  0.233632	  0.399035	  0.122674	
  0.015851	  0.042729	  0.933839	  0.007581	
  0.014473	  0.947622	  0.015162	  0.022743	
  0.024121	  0.004135	  0.958649	  0.013094	
  0.004824	  0.975190	  0.012405	  0.007581	
  0.000689	  0.948312	  0.000689	  0.050310	
  0.942798	  0.006892	  0.014473	  0.035837	
  0.395589	  0.237767	  0.083391	  0.283253	
  0.368711	  0.201930	  0.230186	  0.199173	

URL http://cisbp.ccbr.utoronto.ca/TFreport.php?versionNumber=2.00&searchTF=T173303_2.00

MOTIF M08108_2.00 (O9G_005043)_(Homo_sapiens)_(DBD_0.71)

letter-probability matrix: alength= 4 w= 11 nsites= 1 E= 0
  0.204783	  0.244644	  0.387145	  0.163428	
  0.131041	  0.340807	  0.468361	  0.059791	
  0.023916	  0.035376	  0.927753	  0.012955	
  0.013951	  0.939711	  0.010962	  0.035376	
  0.006976	  0.026906	  0.962631	  0.003488	
  0.017937	  0.039860	  0.929248	  0.012955	
  0.013453	  0.015944	  0.956153	  0.014449	
  0.924265	  0.011958	  0.048829	  0.014948	
  0.819631	  0.084704	  0.068261	  0.027404	
  0.231689	  0.322372	  0.322870	  0.123069	
  0.189836	  0.300947	  0.322870	  0.186348	

URL http://cisbp.ccbr.utoronto.ca/TFreport.php?versionNumber=2.00&searchTF=T173302_2.00

MOTIF M08214_2.00 (O9G_001427)_(Drosophila_melanogaster)_(DBD_0.74)

letter-probability matrix: alength= 4 w= 10 nsites= 1 E= 0
  0.000000	  0.500000	  0.000000	  0.500000	
  0.000000	  0.000000	  0.000000	  1.000000	
  1.000000	  0.000000	  0.000000	  0.000000	
  0.500000	  0.000000	  0.000000	  0.500000	
  0.500000	  0.000000	  0.000000	  0.500000	
  0.500000	  0.000000	  0.000000	  0.500000	
  0.500000	  0.000000	  0.000000	  0.500000	
  0.000000	  0.000000	  0.000000	  1.000000	
  1.000000	  0.000000	  0.000000	  0.000000	
  0.500000	  0.000000	  0.500000	  0.000000	

URL http://cisbp.ccbr.utoronto.ca/TFreport.php?versionNumber=2.00&searchTF=T254876_2.00

MOTIF M08452_2.00 (O9G_001320)_(Saccharomyces_cerevisiae)_(DBD_0.75)

letter-probability matrix: alength= 4 w= 5 nsites= 1 E= 0
  0.000000	  0.000000	  0.000000	  1.000000	
  0.000000	  0.000000	  0.010160	  0.989840	
  0.005578	  0.000000	  0.994422	  0.000000	
  0.000000	  0.000000	  0.998223	  0.001777	
  0.158006	  0.378979	  0.030665	  0.432350	

URL http://cisbp.ccbr.utoronto.ca/TFreport.php?versionNumber=2.00&searchTF=T160179_2.00

