MEME version 5.5.8 (Fri May 2 15:43:49 2025 -0700)

ALPHABET= ACGT

strands: + -

Background letter frequencies (from uniform background):
A 0.25000 C 0.25000 G 0.25000 T 0.25000 

MOTIF M00002_2.00 AFT2

letter-probability matrix: alength= 4 w= 10 nsites= 1 E= 0
  0.259794	  0.221382	  0.320502	  0.198322	
  0.253449	  0.005448	  0.635977	  0.105126	
  0.040030	  0.017455	  0.788102	  0.154413	
  0.016715	  0.000466	  0.949827	  0.032992	
  0.013129	  0.090454	  0.046751	  0.849665	
  0.040501	  0.028257	  0.863795	  0.067447	
  0.145420	  0.314073	  0.160714	  0.379793	
  0.270268	  0.242116	  0.281298	  0.206317	
  0.286005	  0.201544	  0.253663	  0.258788	
  0.312355	  0.191357	  0.199166	  0.297121	

URL http://cisbp.ccbr.utoronto.ca/TFreport.php?versionNumber=2.00&searchTF=T000263_2.00

MOTIF M00004_2.00 SWI4

letter-probability matrix: alength= 4 w= 8 nsites= 1 E= 0
  0.349967	  0.100050	  0.449933	  0.100050	
  0.783819	  0.037090	  0.055604	  0.123488	
  0.000052	  0.999843	  0.000052	  0.000052	
  0.057332	  0.000052	  0.942564	  0.000052	
  0.005259	  0.994637	  0.000052	  0.000052	
  0.005259	  0.026088	  0.968600	  0.000052	
  0.651509	  0.129063	  0.045214	  0.174213	
  0.546119	  0.092490	  0.117692	  0.243700	

URL http://cisbp.ccbr.utoronto.ca/TFreport.php?versionNumber=2.00&searchTF=T012463_2.00

MOTIF M00005_2.00 XBP1

letter-probability matrix: alength= 4 w= 8 nsites= 1 E= 0
  0.139169	  0.130476	  0.278251	  0.452104	
  0.013049	  0.818034	  0.026032	  0.142885	
  0.000050	  0.000050	  0.000050	  0.999851	
  0.000050	  0.999851	  0.000050	  0.000050	
  0.000050	  0.000050	  0.999851	  0.000050	
  0.999851	  0.000050	  0.000050	  0.000050	
  0.626487	  0.057011	  0.278474	  0.038028	
  0.142891	  0.230165	  0.476119	  0.150825	

URL http://cisbp.ccbr.utoronto.ca/TFreport.php?versionNumber=2.00&searchTF=T012464_2.00

MOTIF M00007_2.00 SOK2

letter-probability matrix: alength= 4 w= 11 nsites= 1 E= 0
  0.475477	  0.174841	  0.174841	  0.174841	
  0.069272	  0.702024	  0.159432	  0.069272	
  0.328519	  0.621172	  0.025154	  0.025154	
  0.000181	  0.000181	  0.000181	  0.999457	
  0.000181	  0.000181	  0.999457	  0.000181	
  0.000181	  0.999457	  0.000181	  0.000181	
  0.999457	  0.000181	  0.000181	  0.000181	
  0.000181	  0.000181	  0.592518	  0.407120	
  0.165440	  0.075340	  0.683880	  0.075340	
  0.270669	  0.367512	  0.180909	  0.180909	
  0.324920	  0.225027	  0.225027	  0.225027	

URL http://cisbp.ccbr.utoronto.ca/TFreport.php?versionNumber=2.00&searchTF=T012466_2.00

MOTIF M00008_2.00 SUM1

letter-probability matrix: alength= 4 w= 7 nsites= 1 E= 0
  0.282959	  0.248465	  0.245993	  0.222583	
  0.316659	  0.184532	  0.236944	  0.261864	
  0.377778	  0.112652	  0.209413	  0.300157	
  0.616393	  0.068985	  0.111484	  0.203138	
  0.675764	  0.042770	  0.063171	  0.218294	
  0.326032	  0.133887	  0.082023	  0.458058	
  0.321153	  0.137266	  0.112384	  0.429198	

URL http://cisbp.ccbr.utoronto.ca/TFreport.php?versionNumber=2.00&searchTF=T017887_2.00

MOTIF M00010_2.00 CBF1

letter-probability matrix: alength= 4 w= 11 nsites= 1 E= 0
  0.226939	  0.226939	  0.226939	  0.319184	
  0.282796	  0.109239	  0.400191	  0.207773	
  0.097707	  0.786541	  0.020316	  0.095436	
  0.999390	  0.000203	  0.000203	  0.000203	
  0.000203	  0.924271	  0.000203	  0.075323	
  0.233165	  0.000203	  0.766428	  0.000203	
  0.158045	  0.000203	  0.000203	  0.841548	
  0.158045	  0.000203	  0.766428	  0.075323	
  0.834823	  0.118648	  0.023264	  0.023264	
  0.140964	  0.448177	  0.140964	  0.269895	
  0.229887	  0.229887	  0.229887	  0.310339	

URL http://cisbp.ccbr.utoronto.ca/TFreport.php?versionNumber=2.00&searchTF=T046367_2.00

MOTIF M00013_2.00 YAP3

letter-probability matrix: alength= 4 w= 10 nsites= 1 E= 0
  0.286730	  0.276761	  0.218254	  0.218254	
  0.465755	  0.158579	  0.158579	  0.217086	
  0.000052	  0.000052	  0.000052	  0.999845	
  0.000052	  0.000052	  0.121061	  0.878836	
  0.941338	  0.000052	  0.000052	  0.058559	
  0.000052	  0.999845	  0.000052	  0.000052	
  0.050927	  0.000052	  0.525333	  0.423689	
  0.365182	  0.000052	  0.000052	  0.634715	
  0.904608	  0.031797	  0.031797	  0.031797	
  0.525751	  0.091472	  0.215662	  0.167115	

URL http://cisbp.ccbr.utoronto.ca/TFreport.php?versionNumber=2.00&searchTF=T069494_2.00

MOTIF M00014_2.00 ACA1

letter-probability matrix: alength= 4 w= 8 nsites= 1 E= 0
  0.712963	  0.000712	  0.285613	  0.000712	
  0.000475	  0.000475	  0.000475	  0.998574	
  0.048004	  0.000475	  0.808460	  0.143061	
  0.998574	  0.000475	  0.000475	  0.000475	
  0.000475	  0.951046	  0.000475	  0.048004	
  0.095532	  0.000475	  0.903517	  0.000475	
  0.000475	  0.000475	  0.000475	  0.998574	
  0.499288	  0.285613	  0.000712	  0.214387	

URL http://cisbp.ccbr.utoronto.ca/TFreport.php?versionNumber=2.00&searchTF=T069492_2.00

MOTIF M00016_2.00 REI1

letter-probability matrix: alength= 4 w= 8 nsites= 1 E= 0
  0.250000	  0.201942	  0.384564	  0.163495	
  0.007767	  0.815211	  0.038527	  0.138496	
  0.070473	  0.894185	  0.021191	  0.014151	
  0.000070	  0.999789	  0.000070	  0.000070	
  0.000070	  0.943467	  0.000070	  0.056393	
  0.000070	  0.014151	  0.014151	  0.971628	
  0.027107	  0.009096	  0.711545	  0.252251	
  0.563942	  0.051384	  0.179523	  0.205151	

URL http://cisbp.ccbr.utoronto.ca/TFreport.php?versionNumber=2.00&searchTF=T131823_2.00

MOTIF M00017_2.00 RPN4

letter-probability matrix: alength= 4 w= 10 nsites= 1 E= 0
  0.225748	  0.225748	  0.225748	  0.322756	
  0.233041	  0.194398	  0.197949	  0.374611	
  0.000035	  0.797239	  0.000035	  0.202692	
  0.000035	  0.000035	  0.999896	  0.000035	
  0.000035	  0.999896	  0.000035	  0.000035	
  0.000035	  0.999896	  0.000035	  0.000035	
  0.999896	  0.000035	  0.000035	  0.000035	
  0.000035	  0.999896	  0.000035	  0.000035	
  0.024287	  0.927140	  0.024287	  0.024287	
  0.232055	  0.246285	  0.295020	  0.226640	

URL http://cisbp.ccbr.utoronto.ca/TFreport.php?versionNumber=2.00&searchTF=T131824_2.00

MOTIF M00019_2.00 GIS1

letter-probability matrix: alength= 4 w= 10 nsites= 1 E= 0
  0.389881	  0.238851	  0.146327	  0.224942	
  0.032311	  0.884847	  0.004160	  0.078682	
  0.006679	  0.981327	  0.004613	  0.007381	
  0.010411	  0.985249	  0.003264	  0.001076	
  0.000970	  0.779910	  0.004433	  0.214687	
  0.028140	  0.020434	  0.056103	  0.895324	
  0.536179	  0.045808	  0.149078	  0.268935	
  0.492370	  0.112082	  0.141066	  0.254482	
  0.307871	  0.165617	  0.172376	  0.354136	
  0.290046	  0.210617	  0.169024	  0.330313	

URL http://cisbp.ccbr.utoronto.ca/TFreport.php?versionNumber=2.00&searchTF=T131828_2.00

MOTIF M00020_2.00 SWI5

letter-probability matrix: alength= 4 w= 11 nsites= 1 E= 0
  0.319888	  0.226704	  0.226704	  0.226704	
  0.333162	  0.191218	  0.284402	  0.191218	
  0.093566	  0.093566	  0.182389	  0.630479	
  0.000184	  0.000184	  0.999448	  0.000184	
  0.000184	  0.999448	  0.000184	  0.000184	
  0.000184	  0.000184	  0.000184	  0.999448	
  0.000184	  0.000184	  0.999448	  0.000184	
  0.000184	  0.000184	  0.999448	  0.000184	
  0.023480	  0.111479	  0.120419	  0.744622	
  0.264277	  0.324611	  0.058966	  0.352146	
  0.347272	  0.339492	  0.156618	  0.156618	

URL http://cisbp.ccbr.utoronto.ca/TFreport.php?versionNumber=2.00&searchTF=T131829_2.00

MOTIF M00021_2.00 ADR1

letter-probability matrix: alength= 4 w= 10 nsites= 1 E= 0
  0.169817	  0.169817	  0.169817	  0.490550	
  0.860761	  0.046413	  0.046413	  0.046413	
  0.000028	  0.999915	  0.000028	  0.000028	
  0.000028	  0.999915	  0.000028	  0.000028	
  0.000028	  0.999915	  0.000028	  0.000028	
  0.000028	  0.999915	  0.000028	  0.000028	
  0.581637	  0.000028	  0.418307	  0.000028	
  0.200336	  0.799607	  0.000028	  0.000028	
  0.471273	  0.272399	  0.080211	  0.176117	
  0.203615	  0.304059	  0.203615	  0.288711	

URL http://cisbp.ccbr.utoronto.ca/TFreport.php?versionNumber=2.00&searchTF=T131830_2.00

MOTIF M00022_2.00 MET32

letter-probability matrix: alength= 4 w= 10 nsites= 1 E= 0
  0.208911	  0.202737	  0.420696	  0.167655	
  0.330823	  0.213062	  0.412230	  0.043885	
  0.266733	  0.669310	  0.005620	  0.058338	
  0.037457	  0.000855	  0.946909	  0.014779	
  0.000352	  0.998761	  0.000520	  0.000367	
  0.000180	  0.994952	  0.000000	  0.004868	
  0.943601	  0.016440	  0.039240	  0.000719	
  0.001543	  0.986158	  0.000312	  0.011987	
  0.755147	  0.077240	  0.093402	  0.074211	
  0.185591	  0.338169	  0.359080	  0.117161	

URL http://cisbp.ccbr.utoronto.ca/TFreport.php?versionNumber=2.00&searchTF=T131831_2.00

MOTIF M00024_2.00 COM2

letter-probability matrix: alength= 4 w= 8 nsites= 1 E= 0
  0.236115	  0.437448	  0.229172	  0.097265	
  0.017295	  0.930878	  0.005803	  0.046024	
  0.005371	  0.941342	  0.005371	  0.047915	
  0.000053	  0.962614	  0.000053	  0.037279	
  0.010689	  0.834982	  0.000053	  0.154276	
  0.037279	  0.031961	  0.026643	  0.904116	
  0.568406	  0.027458	  0.205492	  0.198644	
  0.153883	  0.028931	  0.086601	  0.730584	

URL http://cisbp.ccbr.utoronto.ca/TFreport.php?versionNumber=2.00&searchTF=T131834_2.00

MOTIF M00026_2.00 MIG1

letter-probability matrix: alength= 4 w= 8 nsites= 1 E= 0
  0.430455	  0.222238	  0.097307	  0.250000	
  0.000095	  0.971154	  0.009615	  0.019136	
  0.009015	  0.981881	  0.000089	  0.009015	
  0.000089	  0.999732	  0.000089	  0.000089	
  0.009015	  0.990807	  0.000089	  0.000089	
  0.333303	  0.081142	  0.585465	  0.000090	
  0.009898	  0.891905	  0.098099	  0.000098	
  0.466551	  0.146722	  0.226679	  0.160048	

URL http://cisbp.ccbr.utoronto.ca/TFreport.php?versionNumber=2.00&searchTF=T131836_2.00

MOTIF M00028_2.00 FZF1

letter-probability matrix: alength= 4 w= 10 nsites= 1 E= 0
  0.291080	  0.305256	  0.201832	  0.201832	
  0.235307	  0.469986	  0.047515	  0.247192	
  0.000124	  0.999627	  0.000124	  0.000124	
  0.000124	  0.000124	  0.000124	  0.999627	
  0.999627	  0.000124	  0.000124	  0.000124	
  0.000124	  0.000124	  0.000124	  0.999627	
  0.000124	  0.999627	  0.000124	  0.000124	
  0.999627	  0.000124	  0.000124	  0.000124	
  0.469607	  0.142673	  0.048293	  0.339427	
  0.202610	  0.295093	  0.202610	  0.299687	

URL http://cisbp.ccbr.utoronto.ca/TFreport.php?versionNumber=2.00&searchTF=T131838_2.00

MOTIF M00029_2.00 YGR067C

letter-probability matrix: alength= 4 w= 8 nsites= 1 E= 0
  0.142904	  0.582272	  0.109952	  0.164873	
  0.148794	  0.594927	  0.132270	  0.124009	
  0.000077	  0.992079	  0.000077	  0.007767	
  0.045864	  0.931090	  0.007708	  0.015339	
  0.045864	  0.717415	  0.152701	  0.084020	
  0.007708	  0.931090	  0.030601	  0.030601	
  0.473214	  0.145070	  0.236645	  0.145070	
  0.032328	  0.822396	  0.056514	  0.088762	

URL http://cisbp.ccbr.utoronto.ca/TFreport.php?versionNumber=2.00&searchTF=T131840_2.00

MOTIF M00030_2.00 RIM101

letter-probability matrix: alength= 4 w= 10 nsites= 1 E= 0
  0.092857	  0.204600	  0.314523	  0.388020	
  0.005035	  0.978816	  0.001762	  0.014387	
  0.025990	  0.026515	  0.015146	  0.932350	
  0.006645	  0.103952	  0.097899	  0.791503	
  0.004433	  0.009016	  0.952459	  0.034091	
  0.005992	  0.003562	  0.963323	  0.027123	
  0.005587	  0.934839	  0.000407	  0.059168	
  0.350979	  0.115668	  0.424421	  0.108932	
  0.320352	  0.278500	  0.102455	  0.298694	
  0.181145	  0.242088	  0.317126	  0.259641	

URL http://cisbp.ccbr.utoronto.ca/TFreport.php?versionNumber=2.00&searchTF=T131841_2.00

MOTIF M00031_2.00 RSF2

letter-probability matrix: alength= 4 w= 10 nsites= 1 E= 0
  0.175879	  0.175879	  0.175879	  0.472362	
  0.554311	  0.056915	  0.148276	  0.240498	
  0.000127	  0.999618	  0.000127	  0.000127	
  0.000127	  0.999618	  0.000127	  0.000127	
  0.000127	  0.999618	  0.000127	  0.000127	
  0.000127	  0.999618	  0.000127	  0.000127	
  0.090910	  0.000127	  0.619310	  0.289652	
  0.000127	  0.999618	  0.000127	  0.000127	
  0.594478	  0.074248	  0.074248	  0.257026	
  0.193212	  0.420364	  0.193212	  0.193212	

URL http://cisbp.ccbr.utoronto.ca/TFreport.php?versionNumber=2.00&searchTF=T131844_2.00

MOTIF M00032_2.00 MSN4

letter-probability matrix: alength= 4 w= 8 nsites= 1 E= 0
  0.332600	  0.207876	  0.280603	  0.178921	
  0.102119	  0.682756	  0.021459	  0.193666	
  0.019110	  0.765250	  0.000734	  0.214906	
  0.000613	  0.993588	  0.000372	  0.005427	
  0.108375	  0.885013	  0.001778	  0.004834	
  0.033853	  0.268278	  0.124216	  0.573653	
  0.196940	  0.125574	  0.247868	  0.429618	
  0.345353	  0.149092	  0.300235	  0.205319	

URL http://cisbp.ccbr.utoronto.ca/TFreport.php?versionNumber=2.00&searchTF=T131845_2.00

MOTIF M00033_2.00 ACE2

letter-probability matrix: alength= 4 w= 10 nsites= 1 E= 0
  0.267090	  0.261349	  0.291660	  0.179901	
  0.053053	  0.138982	  0.053053	  0.754912	
  0.000045	  0.000045	  0.999864	  0.000045	
  0.000045	  0.999864	  0.000045	  0.000045	
  0.000045	  0.000045	  0.000045	  0.999864	
  0.000045	  0.000045	  0.999864	  0.000045	
  0.000045	  0.124290	  0.875620	  0.000045	
  0.000045	  0.194183	  0.217694	  0.588077	
  0.070144	  0.387840	  0.070144	  0.471872	
  0.321237	  0.284779	  0.196992	  0.196992	

URL http://cisbp.ccbr.utoronto.ca/TFreport.php?versionNumber=2.00&searchTF=T131846_2.00

MOTIF M00034_2.00 STP3

letter-probability matrix: alength= 4 w= 8 nsites= 1 E= 0
  0.173575	  0.426927	  0.205740	  0.193758	
  0.057706	  0.001500	  0.056000	  0.884794	
  0.868196	  0.069160	  0.000688	  0.061956	
  0.037235	  0.043261	  0.886479	  0.033025	
  0.007781	  0.936018	  0.002058	  0.054143	
  0.146017	  0.004972	  0.815438	  0.033573	
  0.066381	  0.605109	  0.171642	  0.156869	
  0.531269	  0.120937	  0.187779	  0.160015	

URL http://cisbp.ccbr.utoronto.ca/TFreport.php?versionNumber=2.00&searchTF=T131847_2.00

MOTIF M00036_2.00 MSN2

letter-probability matrix: alength= 4 w= 8 nsites= 1 E= 0
  0.164746	  0.211783	  0.129468	  0.494003	
  0.483256	  0.241669	  0.225008	  0.050067	
  0.013049	  0.928395	  0.045508	  0.013049	
  0.000064	  0.999807	  0.000064	  0.000064	
  0.000064	  0.999807	  0.000064	  0.000064	
  0.000064	  0.993357	  0.000064	  0.006514	
  0.000067	  0.181227	  0.033615	  0.785091	
  0.128039	  0.040067	  0.287988	  0.543906	

URL http://cisbp.ccbr.utoronto.ca/TFreport.php?versionNumber=2.00&searchTF=T131850_2.00

MOTIF M00037_2.00 RGM1

letter-probability matrix: alength= 4 w= 8 nsites= 1 E= 0
  0.234576	  0.234576	  0.370311	  0.160538	
  0.009178	  0.718012	  0.100055	  0.172755	
  0.028635	  0.935518	  0.028635	  0.007212	
  0.000071	  0.999786	  0.000071	  0.000071	
  0.000071	  0.935518	  0.000071	  0.064339	
  0.000071	  0.000071	  0.035775	  0.964082	
  0.007950	  0.000079	  0.850205	  0.141766	
  0.510527	  0.032008	  0.308486	  0.148979	

URL http://cisbp.ccbr.utoronto.ca/TFreport.php?versionNumber=2.00&searchTF=T131852_2.00

MOTIF M00038_2.00 CRZ1

letter-probability matrix: alength= 4 w= 12 nsites= 1 E= 0
  0.316184	  0.227939	  0.227939	  0.227939	
  0.197751	  0.197751	  0.406748	  0.197751	
  0.209570	  0.093161	  0.503917	  0.193352	
  0.123545	  0.829749	  0.023353	  0.023353	
  0.100234	  0.000043	  0.000043	  0.899681	
  0.274188	  0.000043	  0.725727	  0.000043	
  0.274188	  0.516730	  0.000043	  0.209039	
  0.000043	  0.100234	  0.899681	  0.000043	
  0.022104	  0.933688	  0.022104	  0.022104	
  0.052292	  0.843124	  0.052292	  0.052292	
  0.250124	  0.254798	  0.156882	  0.338195	
  0.226689	  0.319932	  0.226689	  0.226689	

URL http://cisbp.ccbr.utoronto.ca/TFreport.php?versionNumber=2.00&searchTF=T131853_2.00

MOTIF M00039_2.00 AZF1

letter-probability matrix: alength= 4 w= 10 nsites= 1 E= 0
  0.117694	  0.241794	  0.015304	  0.625209	
  0.191973	  0.168571	  0.171976	  0.467480	
  0.168550	  0.342829	  0.207936	  0.280685	
  0.156636	  0.370157	  0.110380	  0.362827	
  0.222972	  0.234404	  0.209987	  0.332636	
  0.282857	  0.248376	  0.191511	  0.277256	
  0.196315	  0.230378	  0.239780	  0.333526	
  0.236137	  0.243328	  0.182074	  0.338462	
  0.233889	  0.266360	  0.205377	  0.294373	
  0.208504	  0.304893	  0.172425	  0.314178	

URL http://cisbp.ccbr.utoronto.ca/TFreport.php?versionNumber=2.00&searchTF=T131854_2.00

MOTIF M00040_2.00 MET31

letter-probability matrix: alength= 4 w= 10 nsites= 1 E= 0
  0.143100	  0.429896	  0.260745	  0.166259	
  0.220264	  0.328595	  0.125817	  0.325325	
  0.451281	  0.330991	  0.000252	  0.217476	
  0.000050	  0.999050	  0.000490	  0.000409	
  0.714364	  0.206726	  0.000544	  0.078366	
  0.004679	  0.995301	  0.000004	  0.000016	
  0.003757	  0.995905	  0.000017	  0.000321	
  0.124466	  0.185681	  0.001689	  0.688165	
  0.196226	  0.691780	  0.107691	  0.004303	
  0.200729	  0.327653	  0.147224	  0.324393	

URL http://cisbp.ccbr.utoronto.ca/TFreport.php?versionNumber=2.00&searchTF=T131855_2.00

MOTIF M00041_2.00 USV1

letter-probability matrix: alength= 4 w= 8 nsites= 1 E= 0
  0.202728	  0.243247	  0.378309	  0.175716	
  0.020092	  0.719812	  0.070072	  0.190024	
  0.070369	  0.898235	  0.023508	  0.007888	
  0.000078	  0.999766	  0.000078	  0.000078	
  0.000078	  0.960715	  0.000078	  0.039128	
  0.000078	  0.000078	  0.015698	  0.984146	
  0.000085	  0.000085	  0.837406	  0.162423	
  0.511245	  0.022831	  0.295434	  0.170491	

URL http://cisbp.ccbr.utoronto.ca/TFreport.php?versionNumber=2.00&searchTF=T131856_2.00

MOTIF M00043_2.00 YPR022C

letter-probability matrix: alength= 4 w= 9 nsites= 1 E= 0
  0.179233	  0.595073	  0.071428	  0.154267	
  0.020825	  0.850790	  0.038713	  0.089673	
  0.001053	  0.993879	  0.001393	  0.003675	
  0.021050	  0.969635	  0.008473	  0.000841	
  0.881075	  0.019514	  0.098607	  0.000803	
  0.058734	  0.814857	  0.042225	  0.084185	
  0.214813	  0.210559	  0.372325	  0.202303	
  0.215482	  0.355269	  0.158044	  0.271205	
  0.244963	  0.240112	  0.221651	  0.293274	

URL http://cisbp.ccbr.utoronto.ca/TFreport.php?versionNumber=2.00&searchTF=T131859_2.00

MOTIF M00044_2.00 HCM1

letter-probability matrix: alength= 4 w= 9 nsites= 1 E= 0
  0.242573	  0.257573	  0.299257	  0.200598	
  0.388668	  0.112474	  0.408595	  0.090263	
  0.193539	  0.116219	  0.097074	  0.593168	
  0.567331	  0.240073	  0.014746	  0.177850	
  0.726254	  0.177310	  0.022151	  0.074284	
  0.882730	  0.014629	  0.037078	  0.065563	
  0.080166	  0.688212	  0.049605	  0.182017	
  0.871825	  0.040471	  0.036255	  0.051449	
  0.497502	  0.159111	  0.141118	  0.202269	

URL http://cisbp.ccbr.utoronto.ca/TFreport.php?versionNumber=2.00&searchTF=T188837_2.00

MOTIF M00046_2.00 FHL1

letter-probability matrix: alength= 4 w= 8 nsites= 1 E= 0
  0.349800	  0.200100	  0.250000	  0.200100	
  0.000312	  0.062734	  0.936642	  0.000312	
  0.999190	  0.000270	  0.000270	  0.000270	
  0.000263	  0.999211	  0.000263	  0.000263	
  0.000263	  0.000263	  0.999211	  0.000263	
  0.000263	  0.999211	  0.000263	  0.000263	
  0.972923	  0.000263	  0.026551	  0.000263	
  0.482438	  0.310262	  0.069215	  0.138085	

URL http://cisbp.ccbr.utoronto.ca/TFreport.php?versionNumber=2.00&searchTF=T188840_2.00

MOTIF M00047_2.00 SRD1

letter-probability matrix: alength= 4 w= 8 nsites= 1 E= 0
  0.693097	  0.026786	  0.266658	  0.013459	
  0.029498	  0.000098	  0.970306	  0.000098	
  0.990640	  0.000091	  0.000091	  0.009178	
  0.109142	  0.000091	  0.018266	  0.872501	
  0.000091	  0.999727	  0.000091	  0.000091	
  0.000098	  0.117699	  0.000098	  0.882105	
  0.643497	  0.229894	  0.080538	  0.046071	
  0.093848	  0.702842	  0.093848	  0.109463	

URL http://cisbp.ccbr.utoronto.ca/TFreport.php?versionNumber=2.00&searchTF=T195736_2.00

MOTIF M00049_2.00 GAT1

letter-probability matrix: alength= 4 w= 10 nsites= 1 E= 0
  0.252983	  0.240645	  0.243064	  0.263308	
  0.269403	  0.251189	  0.220568	  0.258839	
  0.252879	  0.285121	  0.209121	  0.252879	
  0.266753	  0.280430	  0.166721	  0.286095	
  0.113406	  0.053569	  0.750675	  0.082350	
  0.849031	  0.039809	  0.035662	  0.075497	
  0.162404	  0.054603	  0.055152	  0.727842	
  0.690436	  0.055552	  0.065846	  0.188166	
  0.445770	  0.151381	  0.208471	  0.194378	
  0.236453	  0.251075	  0.335543	  0.176929	

URL http://cisbp.ccbr.utoronto.ca/TFreport.php?versionNumber=2.00&searchTF=T195738_2.00

MOTIF M00051_2.00 GZF3

letter-probability matrix: alength= 4 w= 8 nsites= 1 E= 0
  0.270248	  0.432235	  0.000270	  0.297246	
  0.000196	  0.000196	  0.999412	  0.000196	
  0.999424	  0.000192	  0.000192	  0.000192	
  0.000192	  0.000192	  0.000192	  0.999424	
  0.980208	  0.000192	  0.019408	  0.000192	
  0.940635	  0.000196	  0.000196	  0.058973	
  0.022934	  0.113760	  0.840372	  0.022934	
  0.344697	  0.241391	  0.241391	  0.172521	

URL http://cisbp.ccbr.utoronto.ca/TFreport.php?versionNumber=2.00&searchTF=T195740_2.00

MOTIF M00052_2.00 DAL80

letter-probability matrix: alength= 4 w= 10 nsites= 1 E= 0
  0.275281	  0.242608	  0.224974	  0.257137	
  0.241344	  0.282465	  0.204031	  0.272159	
  0.196189	  0.245027	  0.396334	  0.162450	
  0.410715	  0.155415	  0.184636	  0.249234	
  0.106170	  0.067699	  0.065591	  0.760540	
  0.760540	  0.065591	  0.067699	  0.106170	
  0.249234	  0.184636	  0.155415	  0.410715	
  0.162450	  0.396334	  0.245027	  0.196189	
  0.272159	  0.204031	  0.282465	  0.241344	
  0.257137	  0.224974	  0.242608	  0.275281	

URL http://cisbp.ccbr.utoronto.ca/TFreport.php?versionNumber=2.00&searchTF=T195742_2.00

MOTIF M00053_2.00 GAT3

letter-probability matrix: alength= 4 w= 10 nsites= 1 E= 0
  0.188587	  0.204294	  0.383585	  0.223533	
  0.179356	  0.110983	  0.202224	  0.507438	
  0.929359	  0.000456	  0.046270	  0.023915	
  0.072597	  0.048663	  0.832910	  0.045829	
  0.673580	  0.000290	  0.001526	  0.324604	
  0.017919	  0.009544	  0.003919	  0.968618	
  0.088745	  0.611412	  0.106247	  0.193595	
  0.131978	  0.321383	  0.158006	  0.388633	
  0.299614	  0.242863	  0.308739	  0.148784	
  0.298260	  0.199930	  0.234619	  0.267191	

URL http://cisbp.ccbr.utoronto.ca/TFreport.php?versionNumber=2.00&searchTF=T195743_2.00

MOTIF M00054_2.00 ECM23

letter-probability matrix: alength= 4 w= 8 nsites= 1 E= 0
  0.595074	  0.023917	  0.214303	  0.166706	
  0.853240	  0.034557	  0.112117	  0.000086	
  0.000071	  0.000071	  0.999786	  0.000071	
  0.999786	  0.000071	  0.000071	  0.000071	
  0.000071	  0.000071	  0.000071	  0.999786	
  0.000071	  0.985504	  0.000071	  0.014353	
  0.036441	  0.263631	  0.072792	  0.627136	
  0.279056	  0.244189	  0.441771	  0.034984	

URL http://cisbp.ccbr.utoronto.ca/TFreport.php?versionNumber=2.00&searchTF=T195745_2.00

MOTIF M00055_2.00 HMRA2

letter-probability matrix: alength= 4 w= 8 nsites= 1 E= 0
  0.019507	  0.776495	  0.009802	  0.194196	
  0.556299	  0.000075	  0.413485	  0.030141	
  0.006643	  0.039529	  0.000066	  0.953762	
  0.013134	  0.000065	  0.986735	  0.000065	
  0.000065	  0.006600	  0.000065	  0.993270	
  0.840903	  0.006687	  0.006687	  0.145723	
  0.731551	  0.056973	  0.048846	  0.162630	
  0.516734	  0.011343	  0.022574	  0.449349	

URL http://cisbp.ccbr.utoronto.ca/TFreport.php?versionNumber=2.00&searchTF=T224757_2.00

MOTIF M00056_2.00 PHO2

letter-probability matrix: alength= 4 w= 8 nsites= 1 E= 0
  0.070923	  0.070923	  0.007950	  0.850205	
  0.866502	  0.013396	  0.013396	  0.106705	
  0.873260	  0.012718	  0.019046	  0.094976	
  0.000062	  0.000062	  0.000062	  0.999814	
  0.751428	  0.031110	  0.018691	  0.198770	
  0.635123	  0.050365	  0.006351	  0.308161	
  0.669102	  0.061596	  0.030837	  0.238465	
  0.206916	  0.057560	  0.057560	  0.677964	

URL http://cisbp.ccbr.utoronto.ca/TFreport.php?versionNumber=2.00&searchTF=T224759_2.00

MOTIF M00058_2.00 YOX1

letter-probability matrix: alength= 4 w= 8 nsites= 1 E= 0
  0.565080	  0.141352	  0.108757	  0.184811	
  0.061126	  0.068758	  0.015339	  0.854777	
  0.248276	  0.096594	  0.000069	  0.655061	
  0.894567	  0.000066	  0.000066	  0.105301	
  0.966917	  0.000066	  0.000066	  0.032952	
  0.078992	  0.006643	  0.013220	  0.901144	
  0.048001	  0.000068	  0.034306	  0.917625	
  0.654724	  0.008935	  0.177017	  0.159324	

URL http://cisbp.ccbr.utoronto.ca/TFreport.php?versionNumber=2.00&searchTF=T224762_2.00

MOTIF M00060_2.00 HSF1

letter-probability matrix: alength= 4 w= 9 nsites= 1 E= 0
  0.320154	  0.181055	  0.206191	  0.292599	
  0.231700	  0.238756	  0.197442	  0.332102	
  0.223589	  0.242212	  0.287095	  0.247105	
  0.161512	  0.025143	  0.029212	  0.784133	
  0.138264	  0.051376	  0.075881	  0.734480	
  0.092315	  0.709959	  0.122145	  0.075581	
  0.148989	  0.381409	  0.144586	  0.325016	
  0.473500	  0.149928	  0.202381	  0.174191	
  0.182247	  0.285820	  0.153755	  0.378177	

URL http://cisbp.ccbr.utoronto.ca/TFreport.php?versionNumber=2.00&searchTF=T242483_2.00

MOTIF M00064_2.00 DOT6

letter-probability matrix: alength= 4 w= 8 nsites= 1 E= 0
  0.123116	  0.453783	  0.361504	  0.061596	
  0.050324	  0.145275	  0.256982	  0.547420	
  0.000045	  0.986415	  0.009012	  0.004528	
  0.995423	  0.004488	  0.000044	  0.000044	
  0.000044	  0.000044	  0.000044	  0.999867	
  0.000045	  0.986476	  0.013435	  0.000045	
  0.088575	  0.041710	  0.760310	  0.109404	
  0.190492	  0.523735	  0.238098	  0.047674	

URL http://cisbp.ccbr.utoronto.ca/TFreport.php?versionNumber=2.00&searchTF=T282181_2.00

MOTIF M00066_2.00 RFX1

letter-probability matrix: alength= 4 w= 10 nsites= 1 E= 0
  0.228304	  0.228304	  0.228304	  0.315088	
  0.119950	  0.353086	  0.407015	  0.119950	
  0.000130	  0.000130	  0.999610	  0.000130	
  0.000130	  0.000130	  0.000130	  0.999610	
  0.000130	  0.000130	  0.000130	  0.999610	
  0.086914	  0.000130	  0.912826	  0.000130	
  0.000130	  0.999610	  0.000130	  0.000130	
  0.000130	  0.437251	  0.000130	  0.562489	
  0.934522	  0.021826	  0.021826	  0.021826	
  0.130180	  0.304898	  0.261306	  0.303616	

URL http://cisbp.ccbr.utoronto.ca/TFreport.php?versionNumber=2.00&searchTF=T318857_2.00

MOTIF M00067_2.00 MOT2

letter-probability matrix: alength= 4 w= 7 nsites= 1 E= 0
  0.240877	  0.113782	  0.236107	  0.409234	
  0.388144	  0.070202	  0.330755	  0.210899	
  0.152062	  0.055384	  0.182051	  0.610504	
  0.584877	  0.133140	  0.183351	  0.098633	
  0.124409	  0.137494	  0.233592	  0.504505	
  0.397687	  0.072651	  0.332176	  0.197486	
  0.361798	  0.045654	  0.302199	  0.290350	

URL http://cisbp.ccbr.utoronto.ca/TFreport.php?versionNumber=2.00&searchTF=T319272_2.00

MOTIF M00068_2.00 NHP10

letter-probability matrix: alength= 4 w= 8 nsites= 1 E= 0
  0.009615	  0.009615	  0.009615	  0.971154	
  0.009615	  0.971154	  0.009615	  0.009615	
  0.009615	  0.971154	  0.009615	  0.009615	
  0.009615	  0.971154	  0.009615	  0.009615	
  0.009615	  0.971154	  0.009615	  0.009615	
  0.009615	  0.009615	  0.971154	  0.009615	
  0.009615	  0.009615	  0.971154	  0.009615	
  0.009615	  0.971154	  0.009615	  0.009615	

URL http://cisbp.ccbr.utoronto.ca/TFreport.php?versionNumber=2.00&searchTF=T333321_2.00

MOTIF M00069_2.00 ABF2

letter-probability matrix: alength= 4 w= 11 nsites= 1 E= 0
  0.228158	  0.315525	  0.228158	  0.228158	
  0.150577	  0.237944	  0.368683	  0.242797	
  0.022849	  0.748533	  0.118402	  0.110216	
  0.087556	  0.095743	  0.000189	  0.816512	
  0.000189	  0.803412	  0.196210	  0.000189	
  0.000189	  0.000189	  0.000189	  0.999433	
  0.999433	  0.000189	  0.000189	  0.000189	
  0.000189	  0.091072	  0.908550	  0.000189	
  0.933908	  0.022031	  0.022031	  0.022031	
  0.099612	  0.480113	  0.320662	  0.099612	
  0.227340	  0.227340	  0.227340	  0.317979	

URL http://cisbp.ccbr.utoronto.ca/TFreport.php?versionNumber=2.00&searchTF=T333324_2.00

MOTIF M00070_2.00 ROX1

letter-probability matrix: alength= 4 w= 11 nsites= 1 E= 0
  0.268573	  0.272224	  0.178881	  0.280322	
  0.509793	  0.098806	  0.292595	  0.098806	
  0.848016	  0.050661	  0.050661	  0.050661	
  0.999893	  0.000036	  0.000036	  0.000036	
  0.000036	  0.903786	  0.000036	  0.096142	
  0.903786	  0.000036	  0.000036	  0.096142	
  0.999893	  0.000036	  0.000036	  0.000036	
  0.000036	  0.000036	  0.000036	  0.999893	
  0.591260	  0.071155	  0.071155	  0.266431	
  0.345743	  0.151230	  0.257625	  0.245401	
  0.199374	  0.199374	  0.199374	  0.401877	

URL http://cisbp.ccbr.utoronto.ca/TFreport.php?versionNumber=2.00&searchTF=T333326_2.00

MOTIF M00071_2.00 STE12

letter-probability matrix: alength= 4 w= 10 nsites= 1 E= 0
  0.271591	  0.150511	  0.342199	  0.235699	
  0.052988	  0.052988	  0.129931	  0.764093	
  0.000127	  0.000127	  0.999618	  0.000127	
  0.000127	  0.000127	  0.077070	  0.922675	
  0.000127	  0.000127	  0.000127	  0.999618	
  0.077070	  0.000127	  0.000127	  0.922675	
  0.077070	  0.922675	  0.000127	  0.000127	
  0.999618	  0.000127	  0.000127	  0.000127	
  0.184606	  0.183669	  0.346968	  0.284756	
  0.408582	  0.197139	  0.197139	  0.197139	

URL http://cisbp.ccbr.utoronto.ca/TFreport.php?versionNumber=2.00&searchTF=T338136_2.00

MOTIF M00072_2.00 TEC1

letter-probability matrix: alength= 4 w= 8 nsites= 1 E= 0
  0.347656	  0.217448	  0.391059	  0.043837	
  0.342008	  0.000263	  0.631178	  0.026551	
  0.000227	  0.000227	  0.976612	  0.022934	
  0.931199	  0.000227	  0.000227	  0.068347	
  0.999319	  0.000227	  0.000227	  0.000227	
  0.022934	  0.000227	  0.000227	  0.976612	
  0.023467	  0.000232	  0.976069	  0.000232	
  0.000312	  0.374844	  0.000312	  0.624532	

URL http://cisbp.ccbr.utoronto.ca/TFreport.php?versionNumber=2.00&searchTF=T346956_2.00

MOTIF M00073_2.00 DAL82

letter-probability matrix: alength= 4 w= 10 nsites= 1 E= 0
  0.409569	  0.175056	  0.258554	  0.156821	
  0.618333	  0.105323	  0.099189	  0.177155	
  0.451885	  0.140250	  0.089427	  0.318438	
  0.327670	  0.179829	  0.174514	  0.317986	
  0.259004	  0.234356	  0.234356	  0.272283	
  0.238111	  0.164471	  0.196908	  0.400509	
  0.128751	  0.008740	  0.786726	  0.075783	
  0.063773	  0.792610	  0.000261	  0.143356	
  0.183573	  0.000113	  0.790456	  0.025858	
  0.067589	  0.425575	  0.224403	  0.282433	

URL http://cisbp.ccbr.utoronto.ca/TFreport.php?versionNumber=2.00&searchTF=T350372_2.00

MOTIF M00076_2.00 TBS1

letter-probability matrix: alength= 4 w= 9 nsites= 1 E= 0
  0.253963	  0.259094	  0.225245	  0.261698	
  0.322965	  0.140829	  0.379003	  0.157204	
  0.030808	  0.923123	  0.000109	  0.045960	
  0.000026	  0.018342	  0.981627	  0.000004	
  0.001146	  0.000010	  0.998769	  0.000074	
  0.545564	  0.164321	  0.148683	  0.141432	
  0.299055	  0.200463	  0.153029	  0.347453	
  0.235032	  0.391397	  0.219143	  0.154427	
  0.258789	  0.349329	  0.207683	  0.184199	

URL http://cisbp.ccbr.utoronto.ca/TFreport.php?versionNumber=2.00&searchTF=T388332_2.00

MOTIF M00078_2.00 RDS1

letter-probability matrix: alength= 4 w= 8 nsites= 1 E= 0
  0.122076	  0.024610	  0.706871	  0.146442	
  0.000185	  0.980940	  0.018690	  0.000185	
  0.000185	  0.037195	  0.962435	  0.000185	
  0.018690	  0.000185	  0.980940	  0.000185	
  0.000185	  0.814397	  0.185233	  0.000185	
  0.000189	  0.697775	  0.226433	  0.075603	
  0.000192	  0.057840	  0.941776	  0.000192	
  0.171518	  0.114441	  0.571062	  0.142979	

URL http://cisbp.ccbr.utoronto.ca/TFreport.php?versionNumber=2.00&searchTF=T388336_2.00

MOTIF M00079_2.00 UGA3

letter-probability matrix: alength= 4 w= 9 nsites= 1 E= 0
  0.023348	  0.002076	  0.953867	  0.020708	
  0.000667	  0.997748	  0.000007	  0.001577	
  0.007562	  0.005715	  0.985448	  0.001275	
  0.071486	  0.225766	  0.698893	  0.003855	
  0.203996	  0.275366	  0.375440	  0.145198	
  0.437995	  0.142909	  0.176304	  0.242793	
  0.311612	  0.172735	  0.164311	  0.351342	
  0.269594	  0.220725	  0.163517	  0.346165	
  0.244055	  0.239222	  0.218633	  0.298090	

URL http://cisbp.ccbr.utoronto.ca/TFreport.php?versionNumber=2.00&searchTF=T388337_2.00

MOTIF M00080_2.00 LYS14

letter-probability matrix: alength= 4 w= 10 nsites= 1 E= 0
  0.225034	  0.439771	  0.163408	  0.171787	
  0.250204	  0.265676	  0.318072	  0.166048	
  0.214050	  0.329049	  0.231877	  0.225024	
  0.166692	  0.356434	  0.329030	  0.147843	
  0.047763	  0.117477	  0.703623	  0.131137	
  0.147147	  0.183357	  0.545353	  0.124143	
  0.618210	  0.001694	  0.184349	  0.195748	
  0.608531	  0.003565	  0.085717	  0.302188	
  0.280079	  0.141893	  0.111617	  0.466412	
  0.228694	  0.171124	  0.148768	  0.451414	

URL http://cisbp.ccbr.utoronto.ca/TFreport.php?versionNumber=2.00&searchTF=T388338_2.00

MOTIF M00084_2.00 TOG1

letter-probability matrix: alength= 4 w= 9 nsites= 1 E= 0
  0.130851	  0.130851	  0.219085	  0.519212	
  0.183647	  0.317544	  0.000175	  0.498634	
  0.000175	  0.083342	  0.201750	  0.714733	
  0.000175	  0.801824	  0.197826	  0.000175	
  0.000175	  0.999476	  0.000175	  0.000175	
  0.000175	  0.114659	  0.884992	  0.000175	
  0.000175	  0.000175	  0.999476	  0.000175	
  0.912384	  0.087266	  0.000175	  0.000175	
  0.336351	  0.119323	  0.239042	  0.305283	

URL http://cisbp.ccbr.utoronto.ca/TFreport.php?versionNumber=2.00&searchTF=T388344_2.00

MOTIF M00087_2.00 STB5

letter-probability matrix: alength= 4 w= 10 nsites= 1 E= 0
  0.289667	  0.142413	  0.346794	  0.221126	
  0.056259	  0.845530	  0.038473	  0.059738	
  0.074021	  0.016682	  0.824151	  0.085145	
  0.073916	  0.030659	  0.822973	  0.072452	
  0.227689	  0.186416	  0.239362	  0.346533	
  0.182009	  0.231379	  0.447670	  0.138942	
  0.269394	  0.243757	  0.060110	  0.426739	
  0.123517	  0.119867	  0.132473	  0.624143	
  0.598950	  0.032956	  0.079454	  0.288640	
  0.277201	  0.171527	  0.195340	  0.355933	

URL http://cisbp.ccbr.utoronto.ca/TFreport.php?versionNumber=2.00&searchTF=T388350_2.00

MOTIF M00089_2.00 SIP4

letter-probability matrix: alength= 4 w= 10 nsites= 1 E= 0
  0.260307	  0.183436	  0.215264	  0.340993	
  0.329644	  0.188296	  0.165342	  0.316719	
  0.250205	  0.206909	  0.194860	  0.348027	
  0.242798	  0.257812	  0.144349	  0.355040	
  0.183079	  0.287125	  0.149892	  0.379904	
  0.132973	  0.419954	  0.126488	  0.320585	
  0.007952	  0.928391	  0.021834	  0.041823	
  0.015490	  0.428464	  0.544685	  0.011361	
  0.037321	  0.125155	  0.705953	  0.131571	
  0.451555	  0.171177	  0.200878	  0.176390	

URL http://cisbp.ccbr.utoronto.ca/TFreport.php?versionNumber=2.00&searchTF=T388353_2.00

MOTIF M00091_2.00 PUT3

letter-probability matrix: alength= 4 w= 10 nsites= 1 E= 0
  0.218368	  0.241334	  0.236555	  0.303743	
  0.005328	  0.965842	  0.027743	  0.001087	
  0.000300	  0.205766	  0.793728	  0.000205	
  0.001232	  0.036179	  0.961496	  0.001093	
  0.317866	  0.089267	  0.513695	  0.079173	
  0.323186	  0.179151	  0.289521	  0.208143	
  0.307243	  0.223104	  0.199864	  0.269789	
  0.297100	  0.205217	  0.209363	  0.288320	
  0.286340	  0.205857	  0.218586	  0.289218	
  0.288850	  0.199518	  0.213985	  0.297647	

URL http://cisbp.ccbr.utoronto.ca/TFreport.php?versionNumber=2.00&searchTF=T388356_2.00

MOTIF M00093_2.00 YKL222C

letter-probability matrix: alength= 4 w= 11 nsites= 1 E= 0
  0.225391	  0.225391	  0.225391	  0.323828	
  0.283898	  0.375413	  0.170344	  0.170344	
  0.614247	  0.194209	  0.095772	  0.095772	
  0.627767	  0.184310	  0.187811	  0.000112	
  0.000112	  0.911387	  0.088390	  0.000112	
  0.000112	  0.000112	  0.999665	  0.000112	
  0.000112	  0.000112	  0.999665	  0.000112	
  0.911387	  0.000112	  0.088390	  0.000112	
  0.648376	  0.024721	  0.302182	  0.024721	
  0.562435	  0.079767	  0.079767	  0.278030	
  0.154340	  0.154340	  0.154340	  0.536980	

URL http://cisbp.ccbr.utoronto.ca/TFreport.php?versionNumber=2.00&searchTF=T388358_2.00

MOTIF M00095_2.00 CHA4

letter-probability matrix: alength= 4 w= 10 nsites= 1 E= 0
  0.226602	  0.320195	  0.226602	  0.226602	
  0.185721	  0.101267	  0.611746	  0.101267	
  0.000150	  0.000150	  0.999550	  0.000150	
  0.000150	  0.999550	  0.000150	  0.000150	
  0.000150	  0.000150	  0.999550	  0.000150	
  0.000150	  0.000150	  0.999550	  0.000150	
  0.707660	  0.000150	  0.292040	  0.000150	
  0.187144	  0.000150	  0.812556	  0.000150	
  0.758174	  0.023548	  0.023548	  0.194729	
  0.350365	  0.148884	  0.148884	  0.351868	

URL http://cisbp.ccbr.utoronto.ca/TFreport.php?versionNumber=2.00&searchTF=T388362_2.00

MOTIF M00097_2.00 HAP1

letter-probability matrix: alength= 4 w= 9 nsites= 1 E= 0
  0.166001	  0.273690	  0.109071	  0.451238	
  0.034069	  0.942372	  0.020872	  0.002687	
  0.000000	  0.034222	  0.965706	  0.000072	
  0.000027	  0.000011	  0.999339	  0.000623	
  0.525447	  0.152056	  0.205254	  0.117243	
  0.246047	  0.263888	  0.294572	  0.195493	
  0.378727	  0.158668	  0.158668	  0.303936	
  0.229490	  0.117432	  0.094241	  0.558837	
  0.484436	  0.140188	  0.114776	  0.260600	

URL http://cisbp.ccbr.utoronto.ca/TFreport.php?versionNumber=2.00&searchTF=T388364_2.00

MOTIF M00098_2.00 PDR8

letter-probability matrix: alength= 4 w= 9 nsites= 1 E= 0
  0.269972	  0.275426	  0.313663	  0.140938	
  0.382798	  0.246536	  0.304146	  0.066520	
  0.017871	  0.946900	  0.009614	  0.025615	
  0.002781	  0.001201	  0.995045	  0.000973	
  0.021302	  0.000663	  0.961774	  0.016261	
  0.643546	  0.128637	  0.218545	  0.009272	
  0.291487	  0.224752	  0.325381	  0.158380	
  0.461890	  0.171628	  0.156856	  0.209626	
  0.350510	  0.103481	  0.100423	  0.445586	

URL http://cisbp.ccbr.utoronto.ca/TFreport.php?versionNumber=2.00&searchTF=T388365_2.00

MOTIF M00099_2.00 YLR278C

letter-probability matrix: alength= 4 w= 10 nsites= 1 E= 0
  0.249210	  0.239439	  0.246731	  0.264621	
  0.288431	  0.222395	  0.248255	  0.240918	
  0.184142	  0.306649	  0.199478	  0.309731	
  0.025279	  0.943839	  0.028218	  0.002664	
  0.005759	  0.055748	  0.935268	  0.003225	
  0.007832	  0.067233	  0.923491	  0.001445	
  0.529877	  0.176381	  0.217597	  0.076145	
  0.233578	  0.199042	  0.442977	  0.124402	
  0.329507	  0.172018	  0.175493	  0.322982	
  0.316777	  0.167034	  0.148146	  0.368043	

URL http://cisbp.ccbr.utoronto.ca/TFreport.php?versionNumber=2.00&searchTF=T388366_2.00

MOTIF M00101_2.00 CEP3

letter-probability matrix: alength= 4 w= 8 nsites= 1 E= 0
  0.037896	  0.339555	  0.320701	  0.301848	
  0.013641	  0.742977	  0.013641	  0.229741	
  0.000109	  0.010973	  0.000109	  0.988809	
  0.000107	  0.999678	  0.000107	  0.000107	
  0.000107	  0.021604	  0.978181	  0.000107	
  0.000107	  0.010856	  0.988929	  0.000107	
  0.662294	  0.075087	  0.212519	  0.050100	
  0.812149	  0.015771	  0.078232	  0.093848	

URL http://cisbp.ccbr.utoronto.ca/TFreport.php?versionNumber=2.00&searchTF=T388370_2.00

MOTIF M00102_2.00 CAT8

letter-probability matrix: alength= 4 w= 9 nsites= 1 E= 0
  0.230826	  0.235489	  0.240247	  0.293438	
  0.234897	  0.237257	  0.278424	  0.249422	
  0.263068	  0.265712	  0.202839	  0.268382	
  0.094644	  0.692371	  0.066031	  0.146954	
  0.000084	  0.999903	  0.000001	  0.000012	
  0.000730	  0.068439	  0.930712	  0.000118	
  0.001227	  0.000063	  0.986717	  0.011994	
  0.700294	  0.116921	  0.159413	  0.023371	
  0.335031	  0.152052	  0.297146	  0.215772	

URL http://cisbp.ccbr.utoronto.ca/TFreport.php?versionNumber=2.00&searchTF=T388371_2.00

MOTIF M00103_2.00 YNR063W

letter-probability matrix: alength= 4 w= 10 nsites= 1 E= 0
  0.238726	  0.253488	  0.224824	  0.282963	
  0.151412	  0.181273	  0.179469	  0.487847	
  0.059051	  0.878666	  0.014417	  0.047866	
  0.044985	  0.042792	  0.868128	  0.044095	
  0.049532	  0.034557	  0.882375	  0.033536	
  0.545173	  0.159350	  0.190777	  0.104700	
  0.288829	  0.152297	  0.378355	  0.180519	
  0.488406	  0.099598	  0.138538	  0.273458	
  0.338430	  0.090407	  0.061210	  0.509953	
  0.292598	  0.190338	  0.200097	  0.316968	

URL http://cisbp.ccbr.utoronto.ca/TFreport.php?versionNumber=2.00&searchTF=T388372_2.00

MOTIF M00105_2.00 YRR1

letter-probability matrix: alength= 4 w= 10 nsites= 1 E= 0
  0.347483	  0.154581	  0.358066	  0.139870	
  0.089483	  0.738076	  0.030693	  0.141747	
  0.029176	  0.033898	  0.919053	  0.017874	
  0.026001	  0.095405	  0.827271	  0.051323	
  0.525030	  0.133414	  0.253017	  0.088540	
  0.311895	  0.156439	  0.271149	  0.260517	
  0.460423	  0.133239	  0.161120	  0.245218	
  0.217265	  0.116876	  0.075273	  0.590586	
  0.427226	  0.131278	  0.163582	  0.277914	
  0.396777	  0.201014	  0.207136	  0.195073	

