MEME version 5.5.8 (Fri May 2 15:43:49 2025 -0700)

ALPHABET= ACGT

strands: + -

Background letter frequencies (from uniform background):
A 0.25000 C 0.25000 G 0.25000 T 0.25000 

MOTIF M00160_2.00 (A_02727)_(Mus_musculus)_(DBD_0.74)

letter-probability matrix: alength= 4 w= 10 nsites= 1 E= 0
  0.272342	  0.213287	  0.238265	  0.276106	
  0.383328	  0.071216	  0.521888	  0.023568	
  0.117428	  0.105265	  0.021002	  0.756305	
  0.834939	  0.152266	  0.000007	  0.012788	
  0.908292	  0.059096	  0.002967	  0.029645	
  0.977393	  0.014489	  0.001628	  0.006490	
  0.001282	  0.843632	  0.000001	  0.155085	
  0.965165	  0.012083	  0.006831	  0.015922	
  0.479654	  0.164189	  0.114694	  0.241463	
  0.417043	  0.185221	  0.142285	  0.255451	

URL http://cisbp.ccbr.utoronto.ca/TFreport.php?versionNumber=2.00&searchTF=T190223_2.00

MOTIF M00161_2.00 (A_01406)_(Mus_musculus)_(DBD_0.64)

letter-probability matrix: alength= 4 w= 12 nsites= 1 E= 0
  0.394926	  0.201691	  0.201691	  0.201691	
  0.357836	  0.147163	  0.347838	  0.147163	
  0.159006	  0.172368	  0.068783	  0.599842	
  0.841382	  0.113021	  0.022798	  0.022798	
  0.999531	  0.000156	  0.000156	  0.000156	
  0.999531	  0.000156	  0.000156	  0.000156	
  0.000156	  0.999531	  0.000156	  0.000156	
  0.999531	  0.000156	  0.000156	  0.000156	
  0.854605	  0.048465	  0.048465	  0.048465	
  0.691020	  0.102993	  0.102993	  0.102993	
  0.181373	  0.360053	  0.181373	  0.277201	
  0.317926	  0.227358	  0.227358	  0.227358	

URL http://cisbp.ccbr.utoronto.ca/TFreport.php?versionNumber=2.00&searchTF=T190219_2.00

MOTIF M00163_2.00 (A_00735)_(Mus_musculus)_(DBD_0.76)

letter-probability matrix: alength= 4 w= 8 nsites= 1 E= 0
  0.309467	  0.142959	  0.547336	  0.000238	
  0.295052	  0.000164	  0.000164	  0.704620	
  0.619510	  0.295749	  0.000141	  0.084600	
  0.888534	  0.069545	  0.000139	  0.041782	
  0.999584	  0.000139	  0.000139	  0.000139	
  0.000139	  0.957940	  0.000139	  0.041782	
  0.999572	  0.000143	  0.000143	  0.000143	
  0.660068	  0.132164	  0.056750	  0.151018	

URL http://cisbp.ccbr.utoronto.ca/TFreport.php?versionNumber=2.00&searchTF=T190218_2.00

MOTIF M00193_2.00 (A_05769)_(Mus_musculus)_(DBD_0.81)

letter-probability matrix: alength= 4 w= 9 nsites= 1 E= 0
  0.181253	  0.200316	  0.105625	  0.512805	
  0.193981	  0.157238	  0.162027	  0.486755	
  0.165856	  0.190780	  0.108975	  0.534388	
  0.214521	  0.234724	  0.386994	  0.163761	
  0.366461	  0.201118	  0.166316	  0.266105	
  0.245754	  0.197223	  0.159866	  0.397157	
  0.204582	  0.302164	  0.324073	  0.169181	
  0.226849	  0.220145	  0.217954	  0.335052	
  0.257350	  0.221503	  0.242363	  0.278784	

URL http://cisbp.ccbr.utoronto.ca/TFreport.php?versionNumber=2.00&searchTF=T335909_2.00

MOTIF M00282_2.00 (A_07919)_(Homo_sapiens)_(DBD_0.90)

letter-probability matrix: alength= 4 w= 8 nsites= 1 E= 0
  0.000303	  0.091102	  0.000303	  0.908293	
  0.972192	  0.000270	  0.027268	  0.000270	
  0.999190	  0.000270	  0.000270	  0.000270	
  0.000270	  0.000270	  0.000270	  0.999190	
  0.000270	  0.000270	  0.000270	  0.999190	
  0.742295	  0.000285	  0.257135	  0.000285	
  0.143010	  0.107347	  0.642297	  0.107347	
  0.105567	  0.210609	  0.105567	  0.578256	

URL http://cisbp.ccbr.utoronto.ca/TFreport.php?versionNumber=2.00&searchTF=T232744_2.00

MOTIF M00287_2.00 (A_02483)_(Homo_sapiens)_(DBD_0.84)

letter-probability matrix: alength= 4 w= 10 nsites= 1 E= 0
  0.276533	  0.274138	  0.272562	  0.176767	
  0.096569	  0.200738	  0.096569	  0.606124	
  0.000039	  0.000039	  0.000039	  0.999883	
  0.999883	  0.000039	  0.000039	  0.000039	
  0.999883	  0.000039	  0.000039	  0.000039	
  0.000039	  0.000039	  0.000039	  0.999883	
  0.000039	  0.000039	  0.000039	  0.999883	
  0.999883	  0.000039	  0.000039	  0.000039	
  0.187323	  0.073272	  0.666133	  0.073272	
  0.248701	  0.250739	  0.247869	  0.252690	

URL http://cisbp.ccbr.utoronto.ca/TFreport.php?versionNumber=2.00&searchTF=T232707_2.00

MOTIF M00290_2.00 (A_03554)_(Homo_sapiens)_(DBD_0.91)

letter-probability matrix: alength= 4 w= 8 nsites= 1 E= 0
  0.157555	  0.127712	  0.069392	  0.645340	
  0.632466	  0.076679	  0.146882	  0.143973	
  0.886949	  0.005685	  0.055025	  0.052341	
  0.068959	  0.060553	  0.110335	  0.760153	
  0.143566	  0.126064	  0.153975	  0.576395	
  0.315323	  0.085080	  0.443012	  0.156585	
  0.236009	  0.260830	  0.300026	  0.203135	
  0.240835	  0.263516	  0.226810	  0.268839	

URL http://cisbp.ccbr.utoronto.ca/TFreport.php?versionNumber=2.00&searchTF=T232714_2.00

MOTIF M00313_2.00 (A_06523)_(Homo_sapiens)_(DBD_0.79)

letter-probability matrix: alength= 4 w= 8 nsites= 1 E= 0
  0.236754	  0.264283	  0.191909	  0.307053	
  0.206447	  0.060343	  0.054601	  0.678609	
  0.695907	  0.033623	  0.143339	  0.127131	
  0.911180	  0.028638	  0.048654	  0.011528	
  0.071152	  0.047220	  0.245873	  0.635756	
  0.157348	  0.600920	  0.093547	  0.148185	
  0.119260	  0.534486	  0.103680	  0.242574	
  0.228531	  0.327560	  0.213081	  0.230828	

URL http://cisbp.ccbr.utoronto.ca/TFreport.php?versionNumber=2.00&searchTF=T232732_2.00

MOTIF M00334_2.00 (A_02101)_(Homo_sapiens)_(DBD_0.93)

letter-probability matrix: alength= 4 w= 7 nsites= 1 E= 0
  0.319925	  0.157289	  0.316742	  0.206043	
  0.036978	  0.278756	  0.210679	  0.473587	
  0.510977	  0.066442	  0.313038	  0.109544	
  0.412870	  0.109195	  0.219891	  0.258045	
  0.239885	  0.167362	  0.212759	  0.379995	
  0.237774	  0.159385	  0.265422	  0.337418	
  0.255410	  0.198913	  0.285108	  0.260569	

URL http://cisbp.ccbr.utoronto.ca/TFreport.php?versionNumber=2.00&searchTF=T232702_2.00

MOTIF M00342_2.00 (A_05170)_(Homo_sapiens)_(DBD_0.85)

letter-probability matrix: alength= 4 w= 14 nsites= 1 E= 0
  0.222869	  0.222869	  0.222869	  0.331393	
  0.301150	  0.196775	  0.305300	  0.196775	
  0.173218	  0.173218	  0.173218	  0.480345	
  0.290347	  0.101116	  0.507421	  0.101116	
  0.147808	  0.755127	  0.048533	  0.048533	
  0.226946	  0.118673	  0.128567	  0.525813	
  0.692134	  0.307374	  0.000246	  0.000246	
  0.999261	  0.000246	  0.000246	  0.000246	
  0.027377	  0.027377	  0.027377	  0.917868	
  0.053471	  0.053471	  0.053471	  0.839587	
  0.768916	  0.077028	  0.077028	  0.077028	
  0.342275	  0.149130	  0.260189	  0.248406	
  0.201714	  0.201714	  0.201714	  0.394859	
  0.226053	  0.226053	  0.321841	  0.226053	

URL http://cisbp.ccbr.utoronto.ca/TFreport.php?versionNumber=2.00&searchTF=T237824_2.00

MOTIF M00393_2.00 (A_06995)_(Mus_musculus)_(DBD_0.56)

letter-probability matrix: alength= 4 w= 8 nsites= 1 E= 0
  0.235698	  0.265748	  0.314993	  0.183561	
  0.194613	  0.361771	  0.230676	  0.212940	
  0.142042	  0.092400	  0.025949	  0.739610	
  0.699379	  0.079059	  0.175949	  0.045613	
  0.870945	  0.043362	  0.006683	  0.079010	
  0.058490	  0.192260	  0.064641	  0.684609	
  0.137513	  0.209290	  0.328232	  0.324966	
  0.380775	  0.133247	  0.314885	  0.171093	

URL http://cisbp.ccbr.utoronto.ca/TFreport.php?versionNumber=2.00&searchTF=T232736_2.00

MOTIF M00426_2.00 (A_03074)_(Mus_musculus)_(DBD_0.86)

letter-probability matrix: alength= 4 w= 9 nsites= 1 E= 0
  0.269860	  0.244180	  0.310413	  0.175547	
  0.222956	  0.322782	  0.189991	  0.264271	
  0.095770	  0.046616	  0.010402	  0.847212	
  0.799391	  0.056478	  0.097891	  0.046240	
  0.967307	  0.000597	  0.022077	  0.010019	
  0.039713	  0.048993	  0.055795	  0.855498	
  0.112128	  0.104548	  0.131584	  0.651740	
  0.377268	  0.097803	  0.400597	  0.124332	
  0.274391	  0.207380	  0.363054	  0.155175	

URL http://cisbp.ccbr.utoronto.ca/TFreport.php?versionNumber=2.00&searchTF=T232713_2.00

MOTIF M00430_2.00 (B_00324)_(Mus_musculus)_(DBD_0.84)

letter-probability matrix: alength= 4 w= 7 nsites= 1 E= 0
  0.143815	  0.343274	  0.223303	  0.289608	
  0.074562	  0.321060	  0.036658	  0.567720	
  0.673560	  0.162809	  0.098749	  0.064882	
  0.883750	  0.060593	  0.022069	  0.033588	
  0.044040	  0.070464	  0.000928	  0.884568	
  0.163964	  0.310956	  0.088204	  0.436876	
  0.481574	  0.126098	  0.155564	  0.236763	

URL http://cisbp.ccbr.utoronto.ca/TFreport.php?versionNumber=2.00&searchTF=T233202_2.00

MOTIF M00432_2.00 (A_01856)_(Mus_musculus)_(DBD_0.75)

letter-probability matrix: alength= 4 w= 8 nsites= 1 E= 0
  0.233021	  0.233021	  0.237729	  0.296228	
  0.299569	  0.128040	  0.147281	  0.425109	
  0.394212	  0.088845	  0.184360	  0.332583	
  0.791037	  0.010521	  0.120704	  0.077738	
  0.125342	  0.030909	  0.107883	  0.735866	
  0.111249	  0.116952	  0.215243	  0.556556	
  0.502249	  0.069345	  0.330001	  0.098405	
  0.304872	  0.239820	  0.275859	  0.179449	

URL http://cisbp.ccbr.utoronto.ca/TFreport.php?versionNumber=2.00&searchTF=T232700_2.00

MOTIF M00433_2.00 (A_01388)_(Mus_musculus)_(DBD_0.79)

letter-probability matrix: alength= 4 w= 9 nsites= 1 E= 0
  0.239869	  0.317378	  0.190584	  0.252168	
  0.133763	  0.050707	  0.022333	  0.793196	
  0.850989	  0.020830	  0.051749	  0.076432	
  0.959274	  0.011777	  0.004509	  0.024439	
  0.324957	  0.077765	  0.136141	  0.461136	
  0.139125	  0.306548	  0.136371	  0.417956	
  0.193728	  0.061958	  0.611831	  0.132483	
  0.201560	  0.269370	  0.319285	  0.209785	
  0.174474	  0.290550	  0.187125	  0.347851	

URL http://cisbp.ccbr.utoronto.ca/TFreport.php?versionNumber=2.00&searchTF=T232697_2.00

MOTIF M00437_2.00 (A_07608)_(Mus_musculus)_(DBD_1.00)

letter-probability matrix: alength= 4 w= 9 nsites= 1 E= 0
  0.279714	  0.187498	  0.226732	  0.306056	
  0.133384	  0.136078	  0.089410	  0.641128	
  0.028209	  0.031489	  0.906531	  0.033772	
  0.787150	  0.003969	  0.102352	  0.106529	
  0.042661	  0.891832	  0.004969	  0.060538	
  0.758156	  0.019315	  0.172585	  0.049943	
  0.174931	  0.152077	  0.461457	  0.211535	
  0.174360	  0.324123	  0.333994	  0.167523	
  0.196701	  0.255107	  0.167617	  0.380575	

URL http://cisbp.ccbr.utoronto.ca/TFreport.php?versionNumber=2.00&searchTF=T232741_2.00

MOTIF M00442_2.00 (A_00307)_(Mus_musculus)_(DBD_0.95)

letter-probability matrix: alength= 4 w= 10 nsites= 1 E= 0
  0.232947	  0.273366	  0.293187	  0.200499	
  0.212847	  0.340554	  0.181376	  0.265223	
  0.136717	  0.049300	  0.011335	  0.802648	
  0.797526	  0.087489	  0.088368	  0.026616	
  0.889584	  0.000658	  0.045639	  0.064120	
  0.150641	  0.058844	  0.122107	  0.668408	
  0.186789	  0.142591	  0.242253	  0.428367	
  0.315574	  0.091322	  0.456867	  0.136237	
  0.212950	  0.281760	  0.314523	  0.190768	
  0.193573	  0.288776	  0.231748	  0.285903	

URL http://cisbp.ccbr.utoronto.ca/TFreport.php?versionNumber=2.00&searchTF=T232691_2.00

MOTIF M00443_2.00 (A_05457)_(Mus_musculus)_(DBD_0.72)

letter-probability matrix: alength= 4 w= 8 nsites= 1 E= 0
  0.205661	  0.300734	  0.189849	  0.303757	
  0.125034	  0.075837	  0.035114	  0.764015	
  0.752473	  0.068263	  0.113678	  0.065586	
  0.947059	  0.000567	  0.020767	  0.031606	
  0.052681	  0.078591	  0.069010	  0.799717	
  0.162578	  0.134445	  0.157773	  0.545203	
  0.352715	  0.124669	  0.349206	  0.173410	
  0.314813	  0.200734	  0.311680	  0.172773	

URL http://cisbp.ccbr.utoronto.ca/TFreport.php?versionNumber=2.00&searchTF=T232722_2.00

MOTIF M00469_2.00 (A_00227)_(Mus_musculus)_(DBD_0.67)

letter-probability matrix: alength= 4 w= 9 nsites= 1 E= 0
  0.180487	  0.322358	  0.168285	  0.328870	
  0.103026	  0.115005	  0.065038	  0.716930	
  0.775551	  0.063661	  0.107080	  0.053709	
  0.897628	  0.006358	  0.000454	  0.095560	
  0.077016	  0.098890	  0.055925	  0.768169	
  0.180572	  0.058917	  0.288913	  0.471598	
  0.490098	  0.081013	  0.288474	  0.140415	
  0.197887	  0.298180	  0.280815	  0.223117	
  0.176121	  0.347641	  0.210855	  0.265382	

URL http://cisbp.ccbr.utoronto.ca/TFreport.php?versionNumber=2.00&searchTF=T232690_2.00

MOTIF M00484_2.00 (A_00805)_(Mus_musculus)_(DBD_0.70)

letter-probability matrix: alength= 4 w= 8 nsites= 1 E= 0
  0.260569	  0.255410	  0.285108	  0.198913	
  0.177845	  0.320830	  0.230652	  0.270673	
  0.114497	  0.403649	  0.048938	  0.432917	
  0.580843	  0.152091	  0.107177	  0.159889	
  0.790662	  0.111371	  0.053137	  0.044830	
  0.121087	  0.104221	  0.012262	  0.762430	
  0.136206	  0.248183	  0.120804	  0.494807	
  0.509367	  0.130735	  0.162905	  0.196993	

URL http://cisbp.ccbr.utoronto.ca/TFreport.php?versionNumber=2.00&searchTF=T232694_2.00

MOTIF M00506_2.00 (A_02450)_(Mus_musculus)_(DBD_0.79)

letter-probability matrix: alength= 4 w= 9 nsites= 1 E= 0
  0.222072	  0.252902	  0.183644	  0.341382	
  0.190880	  0.144264	  0.176205	  0.488650	
  0.671910	  0.026579	  0.219231	  0.082280	
  0.946942	  0.002124	  0.008275	  0.042659	
  0.048899	  0.017112	  0.727602	  0.206387	
  0.181881	  0.050066	  0.158119	  0.609934	
  0.334214	  0.016976	  0.579278	  0.069532	
  0.135232	  0.297969	  0.339336	  0.227464	
  0.208040	  0.278030	  0.218707	  0.295223	

URL http://cisbp.ccbr.utoronto.ca/TFreport.php?versionNumber=2.00&searchTF=T232706_2.00

MOTIF M00524_2.00 (A_01646)_(Mus_musculus)_(DBD_0.86)

letter-probability matrix: alength= 4 w= 10 nsites= 1 E= 0
  0.221818	  0.204764	  0.161073	  0.412344	
  0.207435	  0.166471	  0.084337	  0.541758	
  0.621586	  0.036682	  0.185355	  0.156378	
  0.910510	  0.013383	  0.034261	  0.041846	
  0.138801	  0.083349	  0.268550	  0.509300	
  0.088820	  0.300850	  0.045450	  0.564880	
  0.170729	  0.062808	  0.652021	  0.114443	
  0.204093	  0.304470	  0.254315	  0.237122	
  0.175698	  0.304530	  0.186563	  0.333209	
  0.196959	  0.273964	  0.238173	  0.290905	

URL http://cisbp.ccbr.utoronto.ca/TFreport.php?versionNumber=2.00&searchTF=T232699_2.00

MOTIF M00531_2.00 (A_02406)_(Mus_musculus)_(DBD_0.72)

letter-probability matrix: alength= 4 w= 8 nsites= 1 E= 0
  0.197705	  0.297905	  0.188063	  0.316327	
  0.149881	  0.075932	  0.046518	  0.727668	
  0.769845	  0.044088	  0.131130	  0.054937	
  0.865682	  0.028037	  0.030070	  0.076212	
  0.059224	  0.157799	  0.096672	  0.686305	
  0.154873	  0.134640	  0.362348	  0.348140	
  0.399402	  0.099481	  0.340348	  0.160769	
  0.198563	  0.308310	  0.260111	  0.233016	

URL http://cisbp.ccbr.utoronto.ca/TFreport.php?versionNumber=2.00&searchTF=T232704_2.00

MOTIF M00708_2.00 (A_05794)_(Caenorhabditis_elegans)_(DBD_0.79)

letter-probability matrix: alength= 4 w= 10 nsites= 1 E= 0
  0.168663	  0.275311	  0.239344	  0.316683	
  0.176492	  0.296864	  0.205054	  0.321589	
  0.099868	  0.334905	  0.233655	  0.331572	
  0.572889	  0.124051	  0.200475	  0.102585	
  0.711682	  0.128719	  0.063284	  0.096316	
  0.139239	  0.068456	  0.676002	  0.116303	
  0.601869	  0.036600	  0.275901	  0.085630	
  0.375126	  0.319661	  0.021699	  0.283514	
  0.395081	  0.114330	  0.326716	  0.163873	
  0.242351	  0.212807	  0.230531	  0.314312	

URL http://cisbp.ccbr.utoronto.ca/TFreport.php?versionNumber=2.00&searchTF=T316705_2.00

MOTIF M00711_2.00 (B_00914)_(Caenorhabditis_elegans)_(DBD_0.64)

letter-probability matrix: alength= 4 w= 8 nsites= 1 E= 0
  0.332931	  0.201933	  0.220950	  0.244187	
  0.230872	  0.107971	  0.064191	  0.596967	
  0.157943	  0.314893	  0.388476	  0.138689	
  0.623919	  0.073407	  0.103133	  0.199541	
  0.638735	  0.143953	  0.138309	  0.079003	
  0.199110	  0.103945	  0.061797	  0.635148	
  0.196117	  0.123805	  0.445283	  0.234795	
  0.339200	  0.127306	  0.335825	  0.197668	

URL http://cisbp.ccbr.utoronto.ca/TFreport.php?versionNumber=2.00&searchTF=T336080_2.00

MOTIF M00818_2.00 (A_08425)_(Mus_musculus)_(DBD_0.89)

letter-probability matrix: alength= 4 w= 8 nsites= 1 E= 0
  0.722222	  0.013889	  0.138889	  0.125000	
  0.814433	  0.010309	  0.051546	  0.123711	
  0.972727	  0.009091	  0.009091	  0.009091	
  0.009009	  0.009009	  0.747748	  0.234234	
  0.026786	  0.008929	  0.946429	  0.017857	
  0.008929	  0.098214	  0.089286	  0.803571	
  0.009615	  0.836538	  0.019231	  0.134615	
  0.790123	  0.024691	  0.160494	  0.024691	

URL http://cisbp.ccbr.utoronto.ca/TFreport.php?versionNumber=2.00&searchTF=T307882_2.00

MOTIF M01208_2.00 (A_06056)_(Schistosoma_mansoni)_(DBD_1.00)

letter-probability matrix: alength= 4 w= 8 nsites= 1 E= 0
  0.009615	  0.009615	  0.009615	  0.971154	
  0.971154	  0.009615	  0.009615	  0.009615	
  0.009615	  0.009615	  0.971154	  0.009615	
  0.971154	  0.009615	  0.009615	  0.009615	
  0.009615	  0.009615	  0.009615	  0.971154	
  0.971154	  0.009615	  0.009615	  0.009615	
  0.009615	  0.009615	  0.971154	  0.009615	
  0.971154	  0.009615	  0.009615	  0.009615	

URL http://cisbp.ccbr.utoronto.ca/TFreport.php?versionNumber=2.00&searchTF=T165710_2.00

MOTIF M01481_2.00 (A_00222)_(Mus_musculus)_(DBD_0.71)

letter-probability matrix: alength= 4 w= 10 nsites= 1 E= 0
  0.276546	  0.257850	  0.250229	  0.215374	
  0.410218	  0.140708	  0.306951	  0.142122	
  0.125944	  0.623803	  0.164982	  0.085271	
  0.111066	  0.862749	  0.019888	  0.006297	
  0.002234	  0.000095	  0.996033	  0.001638	
  0.002038	  0.001118	  0.994227	  0.002617	
  0.960448	  0.004746	  0.008563	  0.026243	
  0.757690	  0.043828	  0.015337	  0.183144	
  0.262154	  0.154305	  0.522660	  0.060882	
  0.128267	  0.297113	  0.103971	  0.470649	

URL http://cisbp.ccbr.utoronto.ca/TFreport.php?versionNumber=2.00&searchTF=T178302_2.00

MOTIF M01487_2.00 (A_03757)_(Mus_musculus)_(DBD_0.84)

letter-probability matrix: alength= 4 w= 10 nsites= 1 E= 0
  0.261603	  0.241490	  0.280572	  0.216335	
  0.446052	  0.120354	  0.267852	  0.165742	
  0.103040	  0.655313	  0.180388	  0.061259	
  0.133099	  0.838060	  0.023362	  0.005480	
  0.000937	  0.000046	  0.996869	  0.002148	
  0.001110	  0.001655	  0.996211	  0.001024	
  0.967826	  0.006720	  0.009254	  0.016201	
  0.666748	  0.047107	  0.028287	  0.257859	
  0.287380	  0.110036	  0.556021	  0.046563	
  0.109809	  0.281109	  0.091720	  0.517362	

URL http://cisbp.ccbr.utoronto.ca/TFreport.php?versionNumber=2.00&searchTF=T178304_2.00

MOTIF M01494_2.00 (A_07912)_(Mus_musculus)_(DBD_0.62)

letter-probability matrix: alength= 4 w= 10 nsites= 1 E= 0
  0.372844	  0.157773	  0.219458	  0.249925	
  0.282039	  0.273704	  0.189057	  0.255200	
  0.177779	  0.464305	  0.257377	  0.100539	
  0.260304	  0.591019	  0.112376	  0.036301	
  0.048307	  0.002265	  0.941601	  0.007827	
  0.026432	  0.018441	  0.938772	  0.016356	
  0.877400	  0.019628	  0.024952	  0.078020	
  0.765799	  0.046568	  0.015043	  0.172590	
  0.281705	  0.157726	  0.488266	  0.072303	
  0.182791	  0.244287	  0.114245	  0.458676	

URL http://cisbp.ccbr.utoronto.ca/TFreport.php?versionNumber=2.00&searchTF=T178310_2.00

MOTIF M01658_2.00 (A_05913)_(Microcebus_murinus)_(DBD_0.86)

letter-probability matrix: alength= 4 w= 9 nsites= 1 E= 0
  0.249746	  0.228250	  0.225979	  0.296025	
  0.367305	  0.115145	  0.222782	  0.294769	
  0.999306	  0.000101	  0.000207	  0.000386	
  0.011416	  0.010644	  0.010125	  0.967814	
  0.260879	  0.312329	  0.049110	  0.377683	
  0.725817	  0.056673	  0.102237	  0.115272	
  0.636466	  0.102098	  0.122233	  0.139203	
  0.489639	  0.107090	  0.176561	  0.226709	
  0.310029	  0.225127	  0.184318	  0.280526	

URL http://cisbp.ccbr.utoronto.ca/TFreport.php?versionNumber=2.00&searchTF=T016459_2.00

MOTIF M01718_2.00 (A_07561)_(Mus_musculus)_(DBD_0.86)

letter-probability matrix: alength= 4 w= 10 nsites= 1 E= 0
  0.365483	  0.272271	  0.181123	  0.181123	
  0.744728	  0.154736	  0.050268	  0.050268	
  0.000139	  0.999582	  0.000139	  0.000139	
  0.999582	  0.000139	  0.000139	  0.000139	
  0.000139	  0.210614	  0.000139	  0.789108	
  0.782721	  0.000139	  0.217001	  0.000139	
  0.000139	  0.000139	  0.000139	  0.999582	
  0.000139	  0.000139	  0.999582	  0.000139	
  0.069016	  0.069016	  0.579511	  0.282456	
  0.199871	  0.298430	  0.199871	  0.301828	

URL http://cisbp.ccbr.utoronto.ca/TFreport.php?versionNumber=2.00&searchTF=T053326_2.00

MOTIF M01719_2.00 (A_03374)_(Mus_musculus)_(DBD_0.87)

letter-probability matrix: alength= 4 w= 12 nsites= 1 E= 0
  0.308919	  0.230360	  0.230360	  0.230360	
  0.341568	  0.171125	  0.171125	  0.316182	
  0.068338	  0.068338	  0.598151	  0.265173	
  0.019051	  0.864288	  0.019051	  0.097610	
  0.999459	  0.000180	  0.000180	  0.000180	
  0.147433	  0.852206	  0.000180	  0.000180	
  0.071951	  0.000180	  0.773647	  0.154221	
  0.000180	  0.000180	  0.000180	  0.999459	
  0.091591	  0.019820	  0.793287	  0.095302	
  0.632940	  0.208948	  0.079056	  0.079056	
  0.181842	  0.294572	  0.181842	  0.341743	
  0.231130	  0.231130	  0.231130	  0.306611	

URL http://cisbp.ccbr.utoronto.ca/TFreport.php?versionNumber=2.00&searchTF=T053315_2.00

MOTIF M01730_2.00 (A_02746)_(Mus_musculus)_(DBD_0.77)

letter-probability matrix: alength= 4 w= 10 nsites= 1 E= 0
  0.349915	  0.146774	  0.278558	  0.224752	
  0.357002	  0.417355	  0.173504	  0.052139	
  0.139509	  0.827857	  0.032001	  0.000633	
  0.724593	  0.000000	  0.227645	  0.047763	
  0.064454	  0.126184	  0.294078	  0.515285	
  0.515285	  0.294078	  0.126184	  0.064454	
  0.047763	  0.227645	  0.000000	  0.724593	
  0.000633	  0.032001	  0.827857	  0.139509	
  0.052139	  0.173504	  0.417355	  0.357002	
  0.224752	  0.278558	  0.146774	  0.349915	

URL http://cisbp.ccbr.utoronto.ca/TFreport.php?versionNumber=2.00&searchTF=T053313_2.00

MOTIF M01927_2.00 (A_08259)_(Homo_sapiens)_(DBD_0.74)

letter-probability matrix: alength= 4 w= 11 nsites= 1 E= 0
  0.452849	  0.240018	  0.153566	  0.153566	
  0.538650	  0.122796	  0.122796	  0.215757	
  0.105898	  0.021764	  0.021764	  0.850573	
  0.000170	  0.000170	  0.999489	  0.000170	
  0.000170	  0.000170	  0.000170	  0.999489	
  0.999489	  0.000170	  0.000170	  0.000170	
  0.201683	  0.000170	  0.104063	  0.694083	
  0.000170	  0.999489	  0.000170	  0.000170	
  0.618481	  0.188311	  0.096604	  0.096604	
  0.509326	  0.127374	  0.127374	  0.235926	
  0.228406	  0.228406	  0.228406	  0.314782	

URL http://cisbp.ccbr.utoronto.ca/TFreport.php?versionNumber=2.00&searchTF=T169642_2.00

MOTIF M01931_2.00 (C_01053)_(Homo_sapiens)_(DBD_0.81)

letter-probability matrix: alength= 4 w= 10 nsites= 1 E= 0
  0.152291	  0.152291	  0.246263	  0.449154	
  0.765274	  0.048025	  0.048025	  0.138675	
  0.999536	  0.000155	  0.000155	  0.000155	
  0.000155	  0.000155	  0.000155	  0.999536	
  0.129788	  0.000155	  0.489012	  0.381045	
  0.000155	  0.000155	  0.000155	  0.999536	
  0.908886	  0.000155	  0.000155	  0.090805	
  0.091796	  0.000155	  0.000155	  0.907895	
  0.279387	  0.195482	  0.097864	  0.427268	
  0.393611	  0.202130	  0.202130	  0.202130	

URL http://cisbp.ccbr.utoronto.ca/TFreport.php?versionNumber=2.00&searchTF=T169739_2.00

MOTIF M01978_2.00 (A_03047)_(Homo_sapiens)_(DBD_0.87)

letter-probability matrix: alength= 4 w= 8 nsites= 1 E= 0
  0.374378	  0.001244	  0.623134	  0.001244	
  0.001106	  0.001106	  0.001106	  0.996681	
  0.996681	  0.001106	  0.001106	  0.001106	
  0.996681	  0.001106	  0.001106	  0.001106	
  0.996681	  0.001106	  0.001106	  0.001106	
  0.001106	  0.996681	  0.001106	  0.001106	
  0.996681	  0.001106	  0.001106	  0.001106	
  0.498344	  0.167219	  0.001656	  0.332781	

URL http://cisbp.ccbr.utoronto.ca/TFreport.php?versionNumber=2.00&searchTF=T190224_2.00

MOTIF M02085_2.00 (A_05631)_(Homo_sapiens)_(DBD_0.86)

letter-probability matrix: alength= 4 w= 10 nsites= 1 E= 0
  0.220232	  0.271696	  0.222446	  0.285626	
  0.291351	  0.229185	  0.263625	  0.215838	
  0.194386	  0.333568	  0.204352	  0.267694	
  0.106702	  0.252155	  0.096548	  0.544595	
  0.708900	  0.012106	  0.207206	  0.071788	
  0.671736	  0.131613	  0.027657	  0.168994	
  0.144596	  0.205191	  0.069682	  0.580531	
  0.155780	  0.110880	  0.270007	  0.463333	
  0.512218	  0.101367	  0.192241	  0.194173	
  0.253879	  0.199708	  0.363893	  0.182520	

URL http://cisbp.ccbr.utoronto.ca/TFreport.php?versionNumber=2.00&searchTF=T232724_2.00

MOTIF M02088_2.00 (A_02929)_(Homo_sapiens)_(DBD_0.82)

letter-probability matrix: alength= 4 w= 10 nsites= 1 E= 0
  0.278360	  0.307636	  0.270133	  0.143871	
  0.130958	  0.409474	  0.130958	  0.328611	
  0.077310	  0.078087	  0.009280	  0.835324	
  0.925286	  0.017995	  0.039256	  0.017463	
  0.972774	  0.002586	  0.004350	  0.020290	
  0.033715	  0.021284	  0.021714	  0.923288	
  0.073569	  0.045070	  0.298338	  0.583023	
  0.719299	  0.017607	  0.216649	  0.046445	
  0.170597	  0.357560	  0.323534	  0.148310	
  0.162911	  0.348349	  0.209182	  0.279557	

URL http://cisbp.ccbr.utoronto.ca/TFreport.php?versionNumber=2.00&searchTF=T232712_2.00

MOTIF M02102_2.00 (A_06158)_(Oryzias_latipes)_(DBD_0.95)

letter-probability matrix: alength= 4 w= 10 nsites= 1 E= 0
  0.271348	  0.260708	  0.219950	  0.247993	
  0.181667	  0.240369	  0.144341	  0.433623	
  0.141519	  0.097752	  0.484168	  0.276561	
  0.850398	  0.068423	  0.043628	  0.037551	
  0.040083	  0.188852	  0.098589	  0.672475	
  0.481568	  0.382622	  0.042396	  0.093415	
  0.084410	  0.476125	  0.144847	  0.294618	
  0.166073	  0.369602	  0.233324	  0.231002	
  0.195836	  0.371399	  0.186285	  0.246479	
  0.214275	  0.307127	  0.232122	  0.246475	

URL http://cisbp.ccbr.utoronto.ca/TFreport.php?versionNumber=2.00&searchTF=T232726_2.00

MOTIF M02112_2.00 (A_06319)_(Drosophila_melanogaster)_(DBD_0.88)

letter-probability matrix: alength= 4 w= 10 nsites= 1 E= 0
  0.248652	  0.156039	  0.439269	  0.156039	
  0.235559	  0.409426	  0.243856	  0.111159	
  0.000140	  0.000140	  0.000140	  0.999581	
  0.999581	  0.000140	  0.000140	  0.000140	
  0.999581	  0.000140	  0.000140	  0.000140	
  0.000140	  0.000140	  0.000140	  0.999581	
  0.000140	  0.000140	  0.000140	  0.999581	
  0.999581	  0.000140	  0.000140	  0.000140	
  0.270161	  0.309740	  0.212726	  0.207374	
  0.227694	  0.227694	  0.227694	  0.316917	

URL http://cisbp.ccbr.utoronto.ca/TFreport.php?versionNumber=2.00&searchTF=T232730_2.00

MOTIF M02121_2.00 (A_02430)_(Drosophila_melanogaster)_(DBD_0.70)

letter-probability matrix: alength= 4 w= 10 nsites= 1 E= 0
  0.292329	  0.229079	  0.288644	  0.189949	
  0.136427	  0.336877	  0.156525	  0.370171	
  0.034513	  0.118059	  0.009674	  0.837754	
  0.801571	  0.072692	  0.093201	  0.032536	
  0.970781	  0.007894	  0.008025	  0.013300	
  0.013300	  0.008025	  0.007894	  0.970781	
  0.032536	  0.093201	  0.072692	  0.801571	
  0.837754	  0.009674	  0.118059	  0.034513	
  0.370171	  0.156525	  0.336877	  0.136427	
  0.189949	  0.288644	  0.229079	  0.292329	

URL http://cisbp.ccbr.utoronto.ca/TFreport.php?versionNumber=2.00&searchTF=T232705_2.00

MOTIF M02125_2.00 (A_06265)_(Drosophila_melanogaster)_(DBD_0.60)

letter-probability matrix: alength= 4 w= 9 nsites= 1 E= 0
  0.263676	  0.236210	  0.288508	  0.211605	
  0.166180	  0.344836	  0.200953	  0.288031	
  0.099773	  0.489263	  0.095861	  0.315103	
  0.603177	  0.129310	  0.092964	  0.174550	
  0.795539	  0.078966	  0.083015	  0.042479	
  0.075531	  0.099937	  0.055955	  0.768577	
  0.259932	  0.281581	  0.100526	  0.357960	
  0.467314	  0.147969	  0.147969	  0.236749	
  0.319988	  0.210247	  0.244272	  0.225492	

URL http://cisbp.ccbr.utoronto.ca/TFreport.php?versionNumber=2.00&searchTF=T232728_2.00

MOTIF M02132_2.00 (A_07284)_(Fusarium_graminearum)_(DBD_0.39)

letter-probability matrix: alength= 4 w= 11 nsites= 1 E= 0
  0.227301	  0.227301	  0.227301	  0.318098	
  0.166123	  0.244123	  0.423631	  0.166123	
  0.134747	  0.044275	  0.215150	  0.605828	
  0.999540	  0.000153	  0.000153	  0.000153	
  0.000153	  0.999540	  0.000153	  0.000153	
  0.999540	  0.000153	  0.000153	  0.000153	
  0.000153	  0.000153	  0.000153	  0.999540	
  0.000153	  0.000153	  0.999540	  0.000153	
  0.022853	  0.097620	  0.022853	  0.856675	
  0.233342	  0.508125	  0.084030	  0.174502	
  0.295782	  0.205878	  0.292461	  0.205878	

URL http://cisbp.ccbr.utoronto.ca/TFreport.php?versionNumber=2.00&searchTF=T232738_2.00

MOTIF M02147_2.00 (A_06809)_(Nematostella_vectensis)_(DBD_0.54)

letter-probability matrix: alength= 4 w= 10 nsites= 1 E= 0
  0.278816	  0.247673	  0.255282	  0.218229	
  0.193819	  0.291332	  0.190112	  0.324737	
  0.267659	  0.193115	  0.126695	  0.412532	
  0.419900	  0.162984	  0.208787	  0.208330	
  0.569557	  0.167110	  0.130840	  0.132493	
  0.132493	  0.130840	  0.167110	  0.569557	
  0.208330	  0.208787	  0.162984	  0.419900	
  0.412532	  0.126695	  0.193115	  0.267659	
  0.324737	  0.190112	  0.291332	  0.193819	
  0.218229	  0.255282	  0.247673	  0.278816	

URL http://cisbp.ccbr.utoronto.ca/TFreport.php?versionNumber=2.00&searchTF=T232734_2.00

MOTIF M02170_2.00 (A_07474)_(Schistosoma_mansoni)_(DBD_1.00)

letter-probability matrix: alength= 4 w= 8 nsites= 1 E= 0
  0.176643	  0.117958	  0.000587	  0.704812	
  0.000357	  0.036020	  0.000357	  0.963267	
  0.998930	  0.000357	  0.000357	  0.000357	
  0.998930	  0.000357	  0.000357	  0.000357	
  0.000357	  0.143010	  0.000357	  0.856277	
  0.143010	  0.000357	  0.000357	  0.856277	
  0.592086	  0.000370	  0.407175	  0.000370	
  0.095532	  0.000475	  0.855989	  0.048004	

URL http://cisbp.ccbr.utoronto.ca/TFreport.php?versionNumber=2.00&searchTF=T232740_2.00

MOTIF M02180_2.00 (A_07224)_(Caenorhabditis_elegans)_(DBD_0.77)

letter-probability matrix: alength= 4 w= 9 nsites= 1 E= 0
  0.141463	  0.262970	  0.153245	  0.442322	
  0.140870	  0.062667	  0.055581	  0.740881	
  0.653699	  0.052596	  0.071711	  0.221993	
  0.923705	  0.035460	  0.039189	  0.001646	
  0.158548	  0.118636	  0.073410	  0.649406	
  0.341859	  0.096005	  0.176690	  0.385445	
  0.185952	  0.067053	  0.623587	  0.123407	
  0.170282	  0.272449	  0.298107	  0.259162	
  0.152968	  0.314262	  0.202396	  0.330374	

URL http://cisbp.ccbr.utoronto.ca/TFreport.php?versionNumber=2.00&searchTF=T232737_2.00

MOTIF M02227_2.00 (A_02308)_(Oikopleura_dioica)_(DBD_0.67)

letter-probability matrix: alength= 4 w= 8 nsites= 1 E= 0
  0.308789	  0.191211	  0.250000	  0.250000	
  0.009525	  0.037816	  0.000094	  0.952565	
  0.000083	  0.000083	  0.999752	  0.000083	
  0.958784	  0.000082	  0.000082	  0.041052	
  0.000082	  0.999754	  0.000082	  0.000082	
  0.950590	  0.000082	  0.049246	  0.000082	
  0.074832	  0.056147	  0.635370	  0.233651	
  0.132587	  0.277095	  0.397519	  0.192799	

URL http://cisbp.ccbr.utoronto.ca/TFreport.php?versionNumber=2.00&searchTF=T232703_2.00

MOTIF M02228_2.00 (A_04097)_(Oikopleura_dioica)_(DBD_0.54)

letter-probability matrix: alength= 4 w= 10 nsites= 1 E= 0
  0.334982	  0.178409	  0.201155	  0.285453	
  0.210546	  0.237390	  0.194359	  0.357704	
  0.134708	  0.245455	  0.285178	  0.334659	
  0.027919	  0.202207	  0.012927	  0.756947	
  0.872504	  0.078364	  0.024566	  0.024566	
  0.977176	  0.009725	  0.004976	  0.008123	
  0.003565	  0.009036	  0.003824	  0.983575	
  0.424012	  0.070793	  0.036590	  0.468606	
  0.591052	  0.030936	  0.047083	  0.330929	
  0.345635	  0.197430	  0.218194	  0.238742	

URL http://cisbp.ccbr.utoronto.ca/TFreport.php?versionNumber=2.00&searchTF=T232717_2.00

MOTIF M02412_2.00 (A_05498)_(Schistosoma_mansoni)_(DBD_1.00)

letter-probability matrix: alength= 4 w= 8 nsites= 1 E= 0
  0.537718	  0.000084	  0.462114	  0.000084	
  0.000056	  0.000056	  0.999831	  0.000056	
  0.000056	  0.000056	  0.994182	  0.005705	
  0.000056	  0.005705	  0.005705	  0.988534	
  0.000056	  0.988534	  0.005705	  0.005705	
  0.933168	  0.006120	  0.060652	  0.000061	
  0.265620	  0.281240	  0.218760	  0.234380	
  0.247313	  0.258061	  0.268809	  0.225817	

URL http://cisbp.ccbr.utoronto.ca/TFreport.php?versionNumber=2.00&searchTF=T307880_2.00

MOTIF M02425_2.00 (A_03128)_(Danio_rerio)_(DBD_0.75)

letter-probability matrix: alength= 4 w= 10 nsites= 1 E= 0
  0.160399	  0.501531	  0.057264	  0.280806	
  0.488862	  0.167684	  0.242761	  0.100693	
  0.231052	  0.247805	  0.305712	  0.215431	
  0.015981	  0.317798	  0.063524	  0.602697	
  0.084598	  0.458476	  0.406631	  0.050295	
  0.622700	  0.008620	  0.258285	  0.110395	
  0.394790	  0.162123	  0.126261	  0.316826	
  0.085544	  0.336647	  0.522715	  0.055094	
  0.064856	  0.751575	  0.036313	  0.147256	
  0.306352	  0.055965	  0.575210	  0.062473	

URL http://cisbp.ccbr.utoronto.ca/TFreport.php?versionNumber=2.00&searchTF=T312463_2.00

MOTIF M02452_2.00 (A_06999)_(Schistosoma_mansoni)_(DBD_0.97)

letter-probability matrix: alength= 4 w= 8 nsites= 1 E= 0
  0.001420	  0.001420	  0.995739	  0.001420	
  0.001420	  0.001420	  0.001420	  0.995739	
  0.001420	  0.001420	  0.001420	  0.995739	
  0.001420	  0.001420	  0.995739	  0.001420	
  0.001420	  0.995739	  0.001420	  0.001420	
  0.001420	  0.143466	  0.001420	  0.853693	
  0.995739	  0.001420	  0.001420	  0.001420	
  0.250000	  0.002475	  0.250000	  0.497525	

URL http://cisbp.ccbr.utoronto.ca/TFreport.php?versionNumber=2.00&searchTF=T319153_2.00

MOTIF M02457_2.00 (A_06411)_(Schistosoma_mansoni)_(DBD_0.98)

letter-probability matrix: alength= 4 w= 11 nsites= 1 E= 0
  0.303907	  0.232031	  0.232031	  0.232031	
  0.314070	  0.127384	  0.127384	  0.431163	
  0.795729	  0.038813	  0.126645	  0.038813	
  0.999493	  0.000169	  0.000169	  0.000169	
  0.000169	  0.999493	  0.000169	  0.000169	
  0.000169	  0.999493	  0.000169	  0.000169	
  0.158657	  0.000169	  0.841005	  0.000169	
  0.000169	  0.999493	  0.000169	  0.000169	
  0.945586	  0.018138	  0.018138	  0.018138	
  0.510000	  0.122785	  0.244430	  0.122785	
  0.211356	  0.288116	  0.211356	  0.289173	

URL http://cisbp.ccbr.utoronto.ca/TFreport.php?versionNumber=2.00&searchTF=T319785_2.00

MOTIF M02490_2.00 (A_02303)_(Neurospora_crassa)_(DBD_0.34)

letter-probability matrix: alength= 4 w= 10 nsites= 1 E= 0
  0.329130	  0.229626	  0.220622	  0.220622	
  0.346994	  0.223477	  0.251969	  0.177560	
  0.448098	  0.134965	  0.110500	  0.306437	
  0.335755	  0.153912	  0.139266	  0.371067	
  0.248453	  0.220358	  0.178619	  0.352571	
  0.233539	  0.293933	  0.209213	  0.263315	
  0.195880	  0.356917	  0.275201	  0.172001	
  0.140053	  0.396240	  0.262965	  0.200742	
  0.596865	  0.017317	  0.262878	  0.122939	
  0.143083	  0.219956	  0.147441	  0.489520	

URL http://cisbp.ccbr.utoronto.ca/TFreport.php?versionNumber=2.00&searchTF=T335903_2.00

MOTIF M02531_2.00 (A_04909)_(Strongylocentrotus_purpuratus)_(DBD_0.80)

letter-probability matrix: alength= 4 w= 10 nsites= 1 E= 0
  0.329088	  0.211945	  0.207748	  0.251219	
  0.341064	  0.190961	  0.215308	  0.252666	
  0.380265	  0.141297	  0.226075	  0.252363	
  0.182256	  0.140529	  0.140529	  0.536686	
  0.184768	  0.106602	  0.125098	  0.583532	
  0.070854	  0.464339	  0.099546	  0.365262	
  0.678507	  0.007463	  0.257210	  0.056820	
  0.773469	  0.036266	  0.079114	  0.111151	
  0.727567	  0.064053	  0.109915	  0.098465	
  0.299483	  0.260358	  0.105854	  0.334306	

URL http://cisbp.ccbr.utoronto.ca/TFreport.php?versionNumber=2.00&searchTF=T346245_2.00

MOTIF M02680_2.00 (A_04922)_(Homo_sapiens)_(DBD_0.84)

letter-probability matrix: alength= 4 w= 14 nsites= 1 E= 0
  0.037037	  0.370370	  0.259259	  0.333333	
  0.370370	  0.259259	  0.185185	  0.185185	
  0.629630	  0.148148	  0.074074	  0.148148	
  0.464286	  0.178571	  0.178571	  0.178571	
  0.136364	  0.500000	  0.363636	  0.000000	
  0.259259	  0.000000	  0.740741	  0.000000	
  0.000000	  0.000000	  0.000000	  1.000000	
  1.000000	  0.000000	  0.000000	  0.000000	
  1.000000	  0.000000	  0.000000	  0.000000	
  1.000000	  0.000000	  0.000000	  0.000000	
  0.000000	  0.925926	  0.000000	  0.074074	
  1.000000	  0.000000	  0.000000	  0.000000	
  0.592593	  0.148148	  0.074074	  0.185185	
  0.259259	  0.148148	  0.222222	  0.370370	

URL http://cisbp.ccbr.utoronto.ca/TFreport.php?versionNumber=2.00&searchTF=T190226_2.00

MOTIF M02698_2.00 (A_00920)_(Arabidopsis_thaliana)_(DBD_0.90)

letter-probability matrix: alength= 4 w= 11 nsites= 1 E= 0
  0.140000	  0.450000	  0.230000	  0.180000	
  0.160000	  0.270000	  0.550000	  0.020000	
  0.000000	  0.919192	  0.040404	  0.040404	
  0.000000	  0.050000	  0.930000	  0.020000	
  0.040404	  0.939394	  0.000000	  0.020202	
  0.040404	  0.020202	  0.020202	  0.919192	
  0.080808	  0.000000	  0.858586	  0.060606	
  0.960000	  0.000000	  0.020000	  0.020000	
  0.040000	  0.040000	  0.920000	  0.000000	
  0.020000	  0.550000	  0.260000	  0.170000	
  0.151515	  0.323232	  0.242424	  0.282828	

URL http://cisbp.ccbr.utoronto.ca/TFreport.php?versionNumber=2.00&searchTF=T291406_2.00

MOTIF M02784_2.00 (A_00716)_(Homo_sapiens)_(DBD_0.94)

letter-probability matrix: alength= 4 w= 10 nsites= 1 E= 0
  0.703654	  0.035183	  0.232747	  0.028417	
  0.362764	  0.439539	  0.190019	  0.007678	
  0.011407	  0.988593	  0.000000	  0.000000	
  0.931900	  0.010753	  0.043011	  0.014337	
  0.000000	  0.003831	  0.000000	  0.996169	
  0.984848	  0.007576	  0.003788	  0.003788	
  0.018998	  0.082902	  0.000000	  0.898100	
  0.000000	  0.003802	  0.988593	  0.007605	
  0.007678	  0.370441	  0.236084	  0.385797	
  0.043321	  0.305656	  0.025271	  0.625752	

URL http://cisbp.ccbr.utoronto.ca/TFreport.php?versionNumber=2.00&searchTF=T053307_2.00

MOTIF M02898_2.00 (A_07213)_(Homo_sapiens)_(DBD_0.78)

letter-probability matrix: alength= 4 w= 12 nsites= 1 E= 0
  0.311377	  0.161677	  0.467066	  0.059880	
  0.315789	  0.660819	  0.000000	  0.023392	
  0.121951	  0.814634	  0.000000	  0.063415	
  0.786982	  0.195266	  0.005917	  0.011834	
  0.038889	  0.927778	  0.005556	  0.027778	
  0.093284	  0.138060	  0.623134	  0.145522	
  0.027778	  0.927778	  0.033333	  0.011111	
  0.011628	  0.970930	  0.017442	  0.000000	
  0.000000	  0.897849	  0.021505	  0.080645	
  0.511364	  0.437500	  0.034091	  0.017045	
  0.054167	  0.695833	  0.087500	  0.162500	
  0.186747	  0.313253	  0.006024	  0.493976	

URL http://cisbp.ccbr.utoronto.ca/TFreport.php?versionNumber=2.00&searchTF=T151825_2.00

MOTIF M03044_2.00 (A_00149)_(Homo_sapiens)_(DBD_0.86)

letter-probability matrix: alength= 4 w= 14 nsites= 1 E= 0
  0.363023	  0.149142	  0.132145	  0.355691	
  0.286254	  0.083768	  0.600659	  0.029319	
  0.118021	  0.164811	  0.023917	  0.693251	
  0.569976	  0.366280	  0.012749	  0.050996	
  0.947880	  0.020771	  0.014902	  0.016447	
  0.948261	  0.026216	  0.006246	  0.019277	
  0.002036	  0.286817	  0.012470	  0.698677	
  0.663727	  0.009345	  0.326927	  0.000000	
  0.044282	  0.013598	  0.021095	  0.921025	
  0.027374	  0.022676	  0.010209	  0.939742	
  0.568213	  0.010216	  0.031462	  0.390109	
  0.377689	  0.018540	  0.240241	  0.363530	
  0.020509	  0.471055	  0.143636	  0.364800	
  0.301729	  0.190370	  0.154133	  0.353769	

URL http://cisbp.ccbr.utoronto.ca/TFreport.php?versionNumber=2.00&searchTF=T190216_2.00

MOTIF M03087_2.00 (A_02749)_(Homo_sapiens)_(DBD_0.56)

letter-probability matrix: alength= 4 w= 8 nsites= 1 E= 0
  0.050776	  0.567735	  0.037679	  0.343811	
  0.096070	  0.163832	  0.029930	  0.710167	
  0.886769	  0.040902	  0.036132	  0.036197	
  0.970260	  0.011009	  0.012296	  0.006434	
  0.012245	  0.014168	  0.007333	  0.966254	
  0.055381	  0.046932	  0.060685	  0.837003	
  0.722030	  0.027451	  0.177528	  0.072990	
  0.193501	  0.261956	  0.269545	  0.274998	

URL http://cisbp.ccbr.utoronto.ca/TFreport.php?versionNumber=2.00&searchTF=T232709_2.00

MOTIF M03093_2.00 (A_04094)_(Homo_sapiens)_(DBD_0.60)

letter-probability matrix: alength= 4 w= 8 nsites= 1 E= 0
  0.260433	  0.008374	  0.249546	  0.481647	
  0.056207	  0.046295	  0.031428	  0.866070	
  0.000000	  0.000837	  0.999163	  0.000000	
  0.931366	  0.002600	  0.059145	  0.006889	
  0.007176	  0.970079	  0.001083	  0.021663	
  0.920241	  0.001027	  0.060108	  0.018623	
  0.131640	  0.147141	  0.558109	  0.163110	
  0.133985	  0.326867	  0.403070	  0.136078	

URL http://cisbp.ccbr.utoronto.ca/TFreport.php?versionNumber=2.00&searchTF=T232716_2.00

MOTIF M03379_2.00 (A_01252)_(Homo_sapiens)_(DBD_0.67)

letter-probability matrix: alength= 4 w= 18 nsites= 1 E= 0
  0.304978	  0.118025	  0.389497	  0.187500	
  0.002117	  0.037165	  0.000627	  0.960091	
  0.024157	  0.085087	  0.865648	  0.025108	
  0.741742	  0.025419	  0.031259	  0.201580	
  0.001361	  0.998015	  0.000284	  0.000340	
  0.000287	  0.998796	  0.000287	  0.000630	
  0.000520	  0.169043	  0.001783	  0.828654	
  0.026729	  0.331426	  0.189825	  0.452020	
  0.874831	  0.019162	  0.104348	  0.001658	
