MEME version 5.5.8 (Fri May 2 15:43:49 2025 -0700)

ALPHABET= ACGT

strands: + -

Background letter frequencies (from uniform background):
A 0.25000 C 0.25000 G 0.25000 T 0.25000 

MOTIF M00208_2.00 (SSLN_0000679601)_(Mus_musculus)_(DBD_0.84)

letter-probability matrix: alength= 4 w= 9 nsites= 1 E= 0
  0.610507	  0.080181	  0.080181	  0.229130	
  0.027959	  0.087421	  0.055188	  0.829432	
  0.077434	  0.030859	  0.020893	  0.870814	
  0.237747	  0.206688	  0.478765	  0.076800	
  0.240465	  0.078459	  0.077678	  0.603397	
  0.222149	  0.224382	  0.205070	  0.348399	
  0.230661	  0.273404	  0.181445	  0.314490	
  0.236240	  0.248352	  0.218077	  0.297331	
  0.240132	  0.254981	  0.252444	  0.252444	

URL http://cisbp.ccbr.utoronto.ca/TFreport.php?versionNumber=2.00&searchTF=T337028_2.00

MOTIF M00416_2.00 (SSLN_0000725901)_(Mus_musculus)_(DBD_0.82)

letter-probability matrix: alength= 4 w= 8 nsites= 1 E= 0
  0.262564	  0.254804	  0.249759	  0.232873	
  0.275648	  0.244478	  0.251924	  0.227950	
  0.207360	  0.229168	  0.266256	  0.297216	
  0.311690	  0.111276	  0.242744	  0.334290	
  0.708550	  0.043957	  0.124365	  0.123128	
  0.169491	  0.597527	  0.115908	  0.117073	
  0.675885	  0.093319	  0.088768	  0.142028	
  0.337236	  0.221580	  0.120396	  0.320789	

URL http://cisbp.ccbr.utoronto.ca/TFreport.php?versionNumber=2.00&searchTF=T236448_2.00

MOTIF M00442_2.00 (SSLN_0000238601)_(Mus_musculus)_(DBD_0.91)

letter-probability matrix: alength= 4 w= 10 nsites= 1 E= 0
  0.232947	  0.273366	  0.293187	  0.200499	
  0.212847	  0.340554	  0.181376	  0.265223	
  0.136717	  0.049300	  0.011335	  0.802648	
  0.797526	  0.087489	  0.088368	  0.026616	
  0.889584	  0.000658	  0.045639	  0.064120	
  0.150641	  0.058844	  0.122107	  0.668408	
  0.186789	  0.142591	  0.242253	  0.428367	
  0.315574	  0.091322	  0.456867	  0.136237	
  0.212950	  0.281760	  0.314523	  0.190768	
  0.193573	  0.288776	  0.231748	  0.285903	

URL http://cisbp.ccbr.utoronto.ca/TFreport.php?versionNumber=2.00&searchTF=T236438_2.00

MOTIF M00450_2.00 (SSLN_0000307401)_(Mus_musculus)_(DBD_0.75)

letter-probability matrix: alength= 4 w= 9 nsites= 1 E= 0
  0.196325	  0.259764	  0.216973	  0.326938	
  0.168024	  0.144619	  0.100897	  0.586460	
  0.700378	  0.000665	  0.217374	  0.081583	
  0.964678	  0.000287	  0.006765	  0.028270	
  0.099760	  0.022937	  0.086727	  0.790576	
  0.079382	  0.133523	  0.297160	  0.489935	
  0.592997	  0.034302	  0.309572	  0.063130	
  0.209422	  0.321935	  0.297183	  0.171460	
  0.160609	  0.343427	  0.206226	  0.289737	

URL http://cisbp.ccbr.utoronto.ca/TFreport.php?versionNumber=2.00&searchTF=T236440_2.00

MOTIF M00456_2.00 (SSLN_0000317701)_(Mus_musculus)_(DBD_0.96)

letter-probability matrix: alength= 4 w= 7 nsites= 1 E= 0
  0.269032	  0.253365	  0.248348	  0.229254	
  0.209966	  0.234381	  0.275048	  0.280605	
  0.313154	  0.102176	  0.248811	  0.335860	
  0.666829	  0.048064	  0.125529	  0.159578	
  0.143545	  0.599832	  0.118706	  0.137917	
  0.632454	  0.122683	  0.099445	  0.145417	
  0.306208	  0.255767	  0.134864	  0.303161	

URL http://cisbp.ccbr.utoronto.ca/TFreport.php?versionNumber=2.00&searchTF=T236441_2.00

MOTIF M00460_2.00 (SSLN_0000991001)_(Mus_musculus)_(DBD_0.80)

letter-probability matrix: alength= 4 w= 9 nsites= 1 E= 0
  0.245921	  0.297380	  0.182183	  0.274516	
  0.148145	  0.057294	  0.053420	  0.741141	
  0.826195	  0.029278	  0.049246	  0.095281	
  0.911651	  0.016367	  0.020806	  0.051175	
  0.341059	  0.073851	  0.129290	  0.455800	
  0.145727	  0.296408	  0.137241	  0.420623	
  0.217704	  0.062373	  0.591781	  0.128142	
  0.218605	  0.261718	  0.292150	  0.227527	
  0.175236	  0.274825	  0.175236	  0.374703	

URL http://cisbp.ccbr.utoronto.ca/TFreport.php?versionNumber=2.00&searchTF=T236453_2.00

MOTIF M00476_2.00 (SSLN_0001327301)_(Mus_musculus)_(DBD_0.93)

letter-probability matrix: alength= 4 w= 9 nsites= 1 E= 0
  0.219817	  0.202917	  0.222026	  0.355240	
  0.214850	  0.129017	  0.132946	  0.523188	
  0.513373	  0.061621	  0.131763	  0.293243	
  0.787783	  0.015788	  0.077418	  0.119012	
  0.061583	  0.194490	  0.104625	  0.639303	
  0.168088	  0.140399	  0.363030	  0.328483	
  0.320844	  0.119218	  0.380298	  0.179640	
  0.183628	  0.344782	  0.238153	  0.233437	
  0.224687	  0.297291	  0.224687	  0.253334	

URL http://cisbp.ccbr.utoronto.ca/TFreport.php?versionNumber=2.00&searchTF=T236457_2.00

MOTIF M00483_2.00 (SSLN_0000985401)_(Mus_musculus)_(DBD_0.96)

letter-probability matrix: alength= 4 w= 7 nsites= 1 E= 0
  0.247356	  0.242458	  0.265291	  0.244895	
  0.187686	  0.245862	  0.203318	  0.363134	
  0.206531	  0.145540	  0.437226	  0.210703	
  0.818609	  0.111900	  0.033704	  0.035788	
  0.126658	  0.170970	  0.099632	  0.602740	
  0.539508	  0.337193	  0.043409	  0.079890	
  0.146793	  0.419484	  0.179294	  0.254430	

URL http://cisbp.ccbr.utoronto.ca/TFreport.php?versionNumber=2.00&searchTF=T236452_2.00

MOTIF M00504_2.00 (SSLN_0001304301)_(Mus_musculus)_(DBD_0.72)

letter-probability matrix: alength= 4 w= 9 nsites= 1 E= 0
  0.187953	  0.312996	  0.166699	  0.332351	
  0.123462	  0.059498	  0.023949	  0.793091	
  0.836264	  0.023546	  0.099379	  0.040811	
  0.958798	  0.008548	  0.007734	  0.024920	
  0.020845	  0.118761	  0.058388	  0.802005	
  0.122114	  0.113858	  0.421979	  0.342049	
  0.445655	  0.068686	  0.354088	  0.131571	
  0.186220	  0.326010	  0.277808	  0.209962	
  0.215548	  0.296837	  0.224345	  0.263271	

URL http://cisbp.ccbr.utoronto.ca/TFreport.php?versionNumber=2.00&searchTF=T236456_2.00

MOTIF M00558_2.00 (SSLN_0000423301)_(Drosophila_melanogaster)_(DBD_0.88)

letter-probability matrix: alength= 4 w= 9 nsites= 1 E= 0
  0.217791	  0.178312	  0.203067	  0.400830	
  0.182540	  0.115234	  0.102204	  0.600023	
  0.599068	  0.030126	  0.087827	  0.282979	
  0.818970	  0.020864	  0.080483	  0.079682	
  0.075605	  0.178667	  0.083557	  0.662171	
  0.132125	  0.112590	  0.370091	  0.385195	
  0.393154	  0.095986	  0.355740	  0.155120	
  0.161580	  0.381840	  0.236276	  0.220303	
  0.218514	  0.319529	  0.197719	  0.264238	

URL http://cisbp.ccbr.utoronto.ca/TFreport.php?versionNumber=2.00&searchTF=T236444_2.00

MOTIF M00656_2.00 (SSLN_0000844401)_(Caenorhabditis_elegans)_(DBD_0.74)

letter-probability matrix: alength= 4 w= 10 nsites= 1 E= 0
  0.399025	  0.136869	  0.188486	  0.275620	
  0.310127	  0.107445	  0.086227	  0.496201	
  0.141909	  0.062501	  0.661946	  0.133645	
  0.088249	  0.038098	  0.002204	  0.871450	
  0.698396	  0.039204	  0.103419	  0.158981	
  0.217536	  0.066179	  0.106951	  0.609334	
  0.133729	  0.655771	  0.067075	  0.143425	
  0.388300	  0.157871	  0.198697	  0.255132	
  0.411135	  0.162215	  0.172246	  0.254404	
  0.291260	  0.149040	  0.185715	  0.373985	

URL http://cisbp.ccbr.utoronto.ca/TFreport.php?versionNumber=2.00&searchTF=T170046_2.00

MOTIF M01655_2.00 (SSLN_0000405401)_(Acyrthosiphon_pisum)_(DBD_0.45)

letter-probability matrix: alength= 4 w= 9 nsites= 1 E= 0
  0.196725	  0.270916	  0.204754	  0.327605	
  0.403679	  0.081501	  0.259984	  0.254836	
  0.999299	  0.000095	  0.000188	  0.000418	
  0.000504	  0.001241	  0.000417	  0.997838	
  0.165827	  0.376511	  0.033147	  0.424515	
  0.732498	  0.053328	  0.119876	  0.094298	
  0.661030	  0.093112	  0.113727	  0.132132	
  0.510165	  0.098962	  0.174991	  0.215882	
  0.335782	  0.227343	  0.144960	  0.291915	

URL http://cisbp.ccbr.utoronto.ca/TFreport.php?versionNumber=2.00&searchTF=T016709_2.00

MOTIF M01667_2.00 (SSLN_0000532101)_(Caenorhabditis_elegans)_(DBD_0.90)

letter-probability matrix: alength= 4 w= 8 nsites= 1 E= 0
  0.245252	  0.271045	  0.215355	  0.268348	
  0.308320	  0.196593	  0.254968	  0.240120	
  0.941882	  0.000249	  0.000593	  0.057276	
  0.051763	  0.035046	  0.000248	  0.912942	
  0.191668	  0.309749	  0.088745	  0.409838	
  0.562171	  0.100666	  0.162683	  0.174479	
  0.502612	  0.159145	  0.175883	  0.162360	
  0.416728	  0.148775	  0.235670	  0.198827	

URL http://cisbp.ccbr.utoronto.ca/TFreport.php?versionNumber=2.00&searchTF=T016710_2.00

MOTIF M01718_2.00 (SSLN_0000059301)_(Mus_musculus)_(DBD_0.89)

letter-probability matrix: alength= 4 w= 10 nsites= 1 E= 0
  0.365483	  0.272271	  0.181123	  0.181123	
  0.744728	  0.154736	  0.050268	  0.050268	
  0.000139	  0.999582	  0.000139	  0.000139	
  0.999582	  0.000139	  0.000139	  0.000139	
  0.000139	  0.210614	  0.000139	  0.789108	
  0.782721	  0.000139	  0.217001	  0.000139	
  0.000139	  0.000139	  0.000139	  0.999582	
  0.000139	  0.000139	  0.999582	  0.000139	
  0.069016	  0.069016	  0.579511	  0.282456	
  0.199871	  0.298430	  0.199871	  0.301828	

URL http://cisbp.ccbr.utoronto.ca/TFreport.php?versionNumber=2.00&searchTF=T055048_2.00

MOTIF M01729_2.00 (SSLN_0001887701)_(Mus_musculus)_(DBD_0.85)

letter-probability matrix: alength= 4 w= 10 nsites= 1 E= 0
  0.412746	  0.175491	  0.236272	  0.175491	
  0.413869	  0.220536	  0.298563	  0.067033	
  0.000046	  0.999862	  0.000046	  0.000046	
  0.999862	  0.000046	  0.000046	  0.000046	
  0.000046	  0.000046	  0.000046	  0.999862	
  0.999862	  0.000046	  0.000046	  0.000046	
  0.000046	  0.000046	  0.000046	  0.999862	
  0.000046	  0.000046	  0.999862	  0.000046	
  0.074555	  0.134874	  0.651658	  0.138914	
  0.183013	  0.272775	  0.183013	  0.361199	

URL http://cisbp.ccbr.utoronto.ca/TFreport.php?versionNumber=2.00&searchTF=T055066_2.00

MOTIF M01971_2.00 (SSLN_0001413501)_(Tetraodon_nigroviridis)_(DBD_0.75)

letter-probability matrix: alength= 4 w= 8 nsites= 1 E= 0
  0.001420	  0.995739	  0.001420	  0.001420	
  0.001106	  0.996681	  0.001106	  0.001106	
  0.001106	  0.001106	  0.996681	  0.001106	
  0.001106	  0.001106	  0.996681	  0.001106	
  0.996681	  0.001106	  0.001106	  0.001106	
  0.886062	  0.001106	  0.001106	  0.111726	
  0.222345	  0.001106	  0.775442	  0.001106	
  0.001656	  0.167219	  0.001656	  0.829470	

URL http://cisbp.ccbr.utoronto.ca/TFreport.php?versionNumber=2.00&searchTF=T178801_2.00

MOTIF M01972_2.00 (SSLN_0000564101)_(Drosophila_melanogaster)_(DBD_0.38)

letter-probability matrix: alength= 4 w= 8 nsites= 1 E= 0
  0.001244	  0.996269	  0.001244	  0.001244	
  0.000996	  0.997012	  0.000996	  0.000996	
  0.000996	  0.000996	  0.997012	  0.000996	
  0.000996	  0.000996	  0.997012	  0.000996	
  0.997012	  0.000996	  0.000996	  0.000996	
  0.897410	  0.000996	  0.000996	  0.100598	
  0.332965	  0.001106	  0.664823	  0.001106	
  0.001420	  0.285511	  0.001420	  0.711648	

URL http://cisbp.ccbr.utoronto.ca/TFreport.php?versionNumber=2.00&searchTF=T178798_2.00

MOTIF M01987_2.00 (SSLN_0001825801)_(Strongylocentrotus_purpuratus)_(DBD_0.63)

letter-probability matrix: alength= 4 w= 9 nsites= 1 E= 0
  0.233668	  0.224506	  0.348592	  0.193234	
  0.280037	  0.209542	  0.191507	  0.318914	
  0.404308	  0.290666	  0.110187	  0.194839	
  0.447462	  0.238314	  0.104961	  0.209263	
  0.768976	  0.018266	  0.173306	  0.039451	
  0.016176	  0.708777	  0.031930	  0.243117	
  0.578790	  0.107871	  0.169176	  0.144162	
  0.340778	  0.228430	  0.226157	  0.204635	
  0.301280	  0.239377	  0.210196	  0.249146	

URL http://cisbp.ccbr.utoronto.ca/TFreport.php?versionNumber=2.00&searchTF=T191159_2.00

MOTIF M02017_2.00 (SSLN_0000370801)_(Neurospora_crassa)_(DBD_0.69)

letter-probability matrix: alength= 4 w= 8 nsites= 1 E= 0
  0.246114	  0.263959	  0.251086	  0.238840	
  0.289615	  0.264688	  0.175661	  0.270036	
  0.101067	  0.108395	  0.696303	  0.094234	
  0.794489	  0.034733	  0.044598	  0.126179	
  0.025614	  0.062373	  0.046671	  0.865343	
  0.449630	  0.160521	  0.097361	  0.292488	
  0.295846	  0.232721	  0.265029	  0.206405	
  0.224078	  0.276441	  0.282025	  0.217456	

URL http://cisbp.ccbr.utoronto.ca/TFreport.php?versionNumber=2.00&searchTF=T197833_2.00

MOTIF M02085_2.00 (SSLN_0001842901)_(Homo_sapiens)_(DBD_0.79)

letter-probability matrix: alength= 4 w= 10 nsites= 1 E= 0
  0.220232	  0.271696	  0.222446	  0.285626	
  0.291351	  0.229185	  0.263625	  0.215838	
  0.194386	  0.333568	  0.204352	  0.267694	
  0.106702	  0.252155	  0.096548	  0.544595	
  0.708900	  0.012106	  0.207206	  0.071788	
  0.671736	  0.131613	  0.027657	  0.168994	
  0.144596	  0.205191	  0.069682	  0.580531	
  0.155780	  0.110880	  0.270007	  0.463333	
  0.512218	  0.101367	  0.192241	  0.194173	
  0.253879	  0.199708	  0.363893	  0.182520	

URL http://cisbp.ccbr.utoronto.ca/TFreport.php?versionNumber=2.00&searchTF=T236462_2.00

MOTIF M02108_2.00 (SSLN_0000213101)_(Tetraodon_nigroviridis)_(DBD_0.49)

letter-probability matrix: alength= 4 w= 9 nsites= 1 E= 0
  0.268350	  0.290700	  0.290700	  0.150249	
  0.154974	  0.385006	  0.141636	  0.318384	
  0.122643	  0.028482	  0.076652	  0.772224	
  0.707222	  0.111202	  0.101631	  0.079945	
  0.830706	  0.066838	  0.040136	  0.062320	
  0.081072	  0.074095	  0.052214	  0.792619	
  0.104874	  0.048075	  0.145876	  0.701175	
  0.559054	  0.044981	  0.300740	  0.095225	
  0.224447	  0.255606	  0.352002	  0.167945	

URL http://cisbp.ccbr.utoronto.ca/TFreport.php?versionNumber=2.00&searchTF=T236434_2.00

MOTIF M02117_2.00 (SSLN_0000162601)_(Drosophila_melanogaster)_(DBD_0.66)

letter-probability matrix: alength= 4 w= 9 nsites= 1 E= 0
  0.144762	  0.222536	  0.161594	  0.471108	
  0.154684	  0.080752	  0.561934	  0.202630	
  0.881466	  0.062903	  0.033838	  0.021793	
  0.038868	  0.179502	  0.060958	  0.720672	
  0.692055	  0.307866	  0.000069	  0.000010	
  0.074677	  0.546305	  0.076186	  0.302832	
  0.143399	  0.405708	  0.241202	  0.209691	
  0.216642	  0.316792	  0.182773	  0.283793	
  0.200709	  0.305472	  0.185278	  0.308542	

URL http://cisbp.ccbr.utoronto.ca/TFreport.php?versionNumber=2.00&searchTF=T236433_2.00

MOTIF M02130_2.00 (SSLN_0000214801)_(Drosophila_melanogaster)_(DBD_0.64)

letter-probability matrix: alength= 4 w= 8 nsites= 1 E= 0
  0.143061	  0.048004	  0.048004	  0.760932	
  0.000322	  0.064755	  0.000322	  0.934601	
  0.999092	  0.000303	  0.000303	  0.000303	
  0.999092	  0.000303	  0.000303	  0.000303	
  0.000303	  0.000303	  0.000303	  0.999092	
  0.000303	  0.000303	  0.000303	  0.999092	
  0.895661	  0.000344	  0.103650	  0.000344	
  0.091198	  0.181942	  0.499546	  0.227314	

URL http://cisbp.ccbr.utoronto.ca/TFreport.php?versionNumber=2.00&searchTF=T236435_2.00

MOTIF M02132_2.00 (SSLN_0000846501)_(Fusarium_graminearum)_(DBD_0.46)

letter-probability matrix: alength= 4 w= 11 nsites= 1 E= 0
  0.227301	  0.227301	  0.227301	  0.318098	
  0.166123	  0.244123	  0.423631	  0.166123	
  0.134747	  0.044275	  0.215150	  0.605828	
  0.999540	  0.000153	  0.000153	  0.000153	
  0.000153	  0.999540	  0.000153	  0.000153	
  0.999540	  0.000153	  0.000153	  0.000153	
  0.000153	  0.000153	  0.000153	  0.999540	
  0.000153	  0.000153	  0.999540	  0.000153	
  0.022853	  0.097620	  0.022853	  0.856675	
  0.233342	  0.508125	  0.084030	  0.174502	
  0.295782	  0.205878	  0.292461	  0.205878	

URL http://cisbp.ccbr.utoronto.ca/TFreport.php?versionNumber=2.00&searchTF=T236450_2.00

MOTIF M02227_2.00 (SSLN_0000616201)_(Oikopleura_dioica)_(DBD_0.61)

letter-probability matrix: alength= 4 w= 8 nsites= 1 E= 0
  0.308789	  0.191211	  0.250000	  0.250000	
  0.009525	  0.037816	  0.000094	  0.952565	
  0.000083	  0.000083	  0.999752	  0.000083	
  0.958784	  0.000082	  0.000082	  0.041052	
  0.000082	  0.999754	  0.000082	  0.000082	
  0.950590	  0.000082	  0.049246	  0.000082	
  0.074832	  0.056147	  0.635370	  0.233651	
  0.132587	  0.277095	  0.397519	  0.192799	

URL http://cisbp.ccbr.utoronto.ca/TFreport.php?versionNumber=2.00&searchTF=T236446_2.00

MOTIF M02408_2.00 (SSLN_0001329801)_(Drosophila_melanogaster)_(DBD_0.74)

letter-probability matrix: alength= 4 w= 12 nsites= 1 E= 0
  0.200832	  0.200832	  0.200832	  0.397504	
  0.198971	  0.109814	  0.581401	  0.109814	
  0.760318	  0.194141	  0.022771	  0.022771	
  0.106323	  0.329688	  0.541218	  0.022771	
  0.000202	  0.000202	  0.999393	  0.000202	
  0.000202	  0.000202	  0.000202	  0.999393	
  0.000202	  0.999393	  0.000202	  0.000202	
  0.999393	  0.000202	  0.000202	  0.000202	
  0.756390	  0.049370	  0.144869	  0.049370	
  0.226166	  0.140388	  0.230661	  0.402784	
  0.227432	  0.227432	  0.227432	  0.317705	
  0.227432	  0.227432	  0.227432	  0.317705	

URL http://cisbp.ccbr.utoronto.ca/TFreport.php?versionNumber=2.00&searchTF=T310568_2.00

MOTIF M02412_2.00 (SSLN_0000807901)_(Schistosoma_mansoni)_(DBD_0.82)

letter-probability matrix: alength= 4 w= 8 nsites= 1 E= 0
  0.537718	  0.000084	  0.462114	  0.000084	
  0.000056	  0.000056	  0.999831	  0.000056	
  0.000056	  0.000056	  0.994182	  0.005705	
  0.000056	  0.005705	  0.005705	  0.988534	
  0.000056	  0.988534	  0.005705	  0.005705	
  0.933168	  0.006120	  0.060652	  0.000061	
  0.265620	  0.281240	  0.218760	  0.234380	
  0.247313	  0.258061	  0.268809	  0.225817	

URL http://cisbp.ccbr.utoronto.ca/TFreport.php?versionNumber=2.00&searchTF=T310562_2.00

MOTIF M02422_2.00 (SSLN_0000523401)_(Brugia_pahangi)_(DBD_0.57)

letter-probability matrix: alength= 4 w= 8 nsites= 1 E= 0
  0.277757	  0.222243	  0.259252	  0.240748	
  0.587331	  0.000125	  0.412419	  0.000125	
  0.000107	  0.000107	  0.999678	  0.000107	
  0.000107	  0.000107	  0.999678	  0.000107	
  0.000107	  0.000107	  0.000107	  0.999678	
  0.000107	  0.999678	  0.000107	  0.000107	
  0.988929	  0.000107	  0.010856	  0.000107	
  0.338407	  0.276907	  0.138530	  0.246156	

URL http://cisbp.ccbr.utoronto.ca/TFreport.php?versionNumber=2.00&searchTF=T310559_2.00

MOTIF M02425_2.00 (SSLN_0001596201)_(Danio_rerio)_(DBD_0.74)

letter-probability matrix: alength= 4 w= 10 nsites= 1 E= 0
  0.160399	  0.501531	  0.057264	  0.280806	
  0.488862	  0.167684	  0.242761	  0.100693	
  0.231052	  0.247805	  0.305712	  0.215431	
  0.015981	  0.317798	  0.063524	  0.602697	
  0.084598	  0.458476	  0.406631	  0.050295	
  0.622700	  0.008620	  0.258285	  0.110395	
  0.394790	  0.162123	  0.126261	  0.316826	
  0.085544	  0.336647	  0.522715	  0.055094	
  0.064856	  0.751575	  0.036313	  0.147256	
  0.306352	  0.055965	  0.575210	  0.062473	

URL http://cisbp.ccbr.utoronto.ca/TFreport.php?versionNumber=2.00&searchTF=T312943_2.00

MOTIF M02457_2.00 (SSLN_0000508301)_(Schistosoma_mansoni)_(DBD_0.75)

letter-probability matrix: alength= 4 w= 11 nsites= 1 E= 0
  0.303907	  0.232031	  0.232031	  0.232031	
  0.314070	  0.127384	  0.127384	  0.431163	
  0.795729	  0.038813	  0.126645	  0.038813	
  0.999493	  0.000169	  0.000169	  0.000169	
  0.000169	  0.999493	  0.000169	  0.000169	
  0.000169	  0.999493	  0.000169	  0.000169	
  0.158657	  0.000169	  0.841005	  0.000169	
  0.000169	  0.999493	  0.000169	  0.000169	
  0.945586	  0.018138	  0.018138	  0.018138	
  0.510000	  0.122785	  0.244430	  0.122785	
  0.211356	  0.288116	  0.211356	  0.289173	

URL http://cisbp.ccbr.utoronto.ca/TFreport.php?versionNumber=2.00&searchTF=T319851_2.00

MOTIF M02524_2.00 (SSLN_0000954801)_(Bombyx_mori)_(DBD_0.68)

letter-probability matrix: alength= 4 w= 9 nsites= 1 E= 0
  0.990132	  0.003289	  0.003289	  0.003289	
  0.829470	  0.001656	  0.001656	  0.167219	
  0.001656	  0.001656	  0.001656	  0.995033	
  0.001656	  0.001656	  0.001656	  0.995033	
  0.001656	  0.167219	  0.001656	  0.829470	
  0.829470	  0.001656	  0.167219	  0.001656	
  0.994048	  0.001984	  0.001984	  0.001984	
  0.992574	  0.002475	  0.002475	  0.002475	
  0.661184	  0.003289	  0.003289	  0.332237	

URL http://cisbp.ccbr.utoronto.ca/TFreport.php?versionNumber=2.00&searchTF=T346336_2.00

MOTIF M02531_2.00 (SSLN_0001355201)_(Strongylocentrotus_purpuratus)_(DBD_0.80)

letter-probability matrix: alength= 4 w= 10 nsites= 1 E= 0
  0.329088	  0.211945	  0.207748	  0.251219	
  0.341064	  0.190961	  0.215308	  0.252666	
  0.380265	  0.141297	  0.226075	  0.252363	
  0.182256	  0.140529	  0.140529	  0.536686	
  0.184768	  0.106602	  0.125098	  0.583532	
  0.070854	  0.464339	  0.099546	  0.365262	
  0.678507	  0.007463	  0.257210	  0.056820	
  0.773469	  0.036266	  0.079114	  0.111151	
  0.727567	  0.064053	  0.109915	  0.098465	
  0.299483	  0.260358	  0.105854	  0.334306	

URL http://cisbp.ccbr.utoronto.ca/TFreport.php?versionNumber=2.00&searchTF=T346337_2.00

MOTIF M02698_2.00 (SSLN_0001549301)_(Arabidopsis_thaliana)_(DBD_0.92)

letter-probability matrix: alength= 4 w= 11 nsites= 1 E= 0
  0.140000	  0.450000	  0.230000	  0.180000	
  0.160000	  0.270000	  0.550000	  0.020000	
  0.000000	  0.919192	  0.040404	  0.040404	
  0.000000	  0.050000	  0.930000	  0.020000	
  0.040404	  0.939394	  0.000000	  0.020202	
  0.040404	  0.020202	  0.020202	  0.919192	
  0.080808	  0.000000	  0.858586	  0.060606	
  0.960000	  0.000000	  0.020000	  0.020000	
  0.040000	  0.040000	  0.920000	  0.000000	
  0.020000	  0.550000	  0.260000	  0.170000	
  0.151515	  0.323232	  0.242424	  0.282828	

URL http://cisbp.ccbr.utoronto.ca/TFreport.php?versionNumber=2.00&searchTF=T291801_2.00

MOTIF M02898_2.00 (SSLN_0000264201)_(Homo_sapiens)_(DBD_0.88)

letter-probability matrix: alength= 4 w= 12 nsites= 1 E= 0
  0.311377	  0.161677	  0.467066	  0.059880	
  0.315789	  0.660819	  0.000000	  0.023392	
  0.121951	  0.814634	  0.000000	  0.063415	
  0.786982	  0.195266	  0.005917	  0.011834	
  0.038889	  0.927778	  0.005556	  0.027778	
  0.093284	  0.138060	  0.623134	  0.145522	
  0.027778	  0.927778	  0.033333	  0.011111	
  0.011628	  0.970930	  0.017442	  0.000000	
  0.000000	  0.897849	  0.021505	  0.080645	
  0.511364	  0.437500	  0.034091	  0.017045	
  0.054167	  0.695833	  0.087500	  0.162500	
  0.186747	  0.313253	  0.006024	  0.493976	

URL http://cisbp.ccbr.utoronto.ca/TFreport.php?versionNumber=2.00&searchTF=T157028_2.00

MOTIF M03042_2.00 (SSLN_0001574801)_(Homo_sapiens)_(DBD_0.80)

letter-probability matrix: alength= 4 w= 14 nsites= 1 E= 0
  0.352201	  0.150314	  0.179874	  0.317610	
  0.393060	  0.076223	  0.511377	  0.019340	
  0.134047	  0.141598	  0.040277	  0.684078	
  0.594837	  0.297419	  0.000000	  0.107744	
  0.914796	  0.039724	  0.008636	  0.036845	
  0.951497	  0.009581	  0.000000	  0.038922	
  0.000000	  0.262264	  0.000000	  0.737736	
  0.683718	  0.000000	  0.307548	  0.008734	
  0.095106	  0.007230	  0.013904	  0.883760	
  0.053819	  0.009838	  0.016782	  0.919560	
  0.453172	  0.008459	  0.031420	  0.506949	
  0.359119	  0.030818	  0.228931	  0.381132	
  0.014827	  0.366831	  0.112576	  0.505766	
  0.244025	  0.160377	  0.198742	  0.396855	

URL http://cisbp.ccbr.utoronto.ca/TFreport.php?versionNumber=2.00&searchTF=T191157_2.00

MOTIF M03087_2.00 (SSLN_0000421001)_(Homo_sapiens)_(DBD_0.54)

letter-probability matrix: alength= 4 w= 8 nsites= 1 E= 0
  0.050776	  0.567735	  0.037679	  0.343811	
  0.096070	  0.163832	  0.029930	  0.710167	
  0.886769	  0.040902	  0.036132	  0.036197	
  0.970260	  0.011009	  0.012296	  0.006434	
  0.012245	  0.014168	  0.007333	  0.966254	
  0.055381	  0.046932	  0.060685	  0.837003	
  0.722030	  0.027451	  0.177528	  0.072990	
  0.193501	  0.261956	  0.269545	  0.274998	

URL http://cisbp.ccbr.utoronto.ca/TFreport.php?versionNumber=2.00&searchTF=T236443_2.00

MOTIF M03168_2.00 (SSLN_0001021301)_(Homo_sapiens)_(DBD_0.56)

letter-probability matrix: alength= 4 w= 8 nsites= 1 E= 0
  0.072612	  0.450780	  0.073912	  0.402697	
  0.096614	  0.141577	  0.014371	  0.747439	
  0.795066	  0.130619	  0.028606	  0.045709	
  0.940555	  0.027395	  0.008236	  0.023814	
  0.050778	  0.014703	  0.036416	  0.898102	
  0.063239	  0.039960	  0.242873	  0.653928	
  0.742999	  0.012306	  0.188402	  0.056294	
  0.185954	  0.363723	  0.177579	  0.272745	

URL http://cisbp.ccbr.utoronto.ca/TFreport.php?versionNumber=2.00&searchTF=T236454_2.00

MOTIF M03187_2.00 (SSLN_0001460801)_(Homo_sapiens)_(DBD_0.23)

letter-probability matrix: alength= 4 w= 10 nsites= 1 E= 0
  0.204127	  0.184967	  0.428150	  0.182756	
  0.215917	  0.351756	  0.109801	  0.322525	
  0.043559	  0.000000	  0.007920	  0.948521	
  0.979788	  0.000000	  0.012753	  0.007459	
  0.996086	  0.001712	  0.002202	  0.000000	
  0.000000	  0.000000	  0.003670	  0.996330	
  0.000000	  0.003670	  0.000000	  0.996330	
  0.449727	  0.009033	  0.518184	  0.023057	
  0.305822	  0.189634	  0.412921	  0.091624	
  0.196709	  0.393173	  0.113212	  0.296906	

URL http://cisbp.ccbr.utoronto.ca/TFreport.php?versionNumber=2.00&searchTF=T236459_2.00

MOTIF M03379_2.00 (SSLN_0001246401)_(Homo_sapiens)_(DBD_0.66)

letter-probability matrix: alength= 4 w= 18 nsites= 1 E= 0
  0.304978	  0.118025	  0.389497	  0.187500	
  0.002117	  0.037165	  0.000627	  0.960091	
  0.024157	  0.085087	  0.865648	  0.025108	
  0.741742	  0.025419	  0.031259	  0.201580	
  0.001361	  0.998015	  0.000284	  0.000340	
  0.000287	  0.998796	  0.000287	  0.000630	
  0.000520	  0.169043	  0.001783	  0.828654	
  0.026729	  0.331426	  0.189825	  0.452020	
  0.874831	  0.019162	  0.104348	  0.001658	
  0.001264	  0.127408	  0.017925	  0.853403	
  0.392329	  0.334357	  0.253823	  0.019491	
  0.777784	  0.004550	  0.216907	  0.000758	
  0.000601	  0.004137	  0.994529	  0.000734	
  0.000800	  0.004601	  0.992332	  0.002267	
  0.191967	  0.015968	  0.009567	  0.782499	
  0.004421	  0.966368	  0.012211	  0.017000	
  0.945331	  0.002315	  0.048752	  0.003602	
  0.256156	  0.423102	  0.136135	  0.184607	

URL http://cisbp.ccbr.utoronto.ca/TFreport.php?versionNumber=2.00&searchTF=T310566_2.00

MOTIF M03508_2.00 (SSLN_0000363001)_(Homo_sapiens)_(DBD_0.78)

letter-probability matrix: alength= 4 w= 15 nsites= 1 E= 0
  0.887588	  0.105386	  0.007026	  0.000000	
  1.000000	  0.000000	  0.000000	  0.000000	
  0.000000	  0.992147	  0.007853	  0.000000	
  0.992147	  0.000000	  0.000000	  0.007853	
  0.853604	  0.146396	  0.000000	  0.000000	
  0.000000	  0.000000	  0.000000	  1.000000	
  0.954660	  0.000000	  0.030227	  0.015113	
  0.550000	  0.352381	  0.066667	  0.030952	
  0.000000	  1.000000	  0.000000	  0.000000	
  1.000000	  0.000000	  0.000000	  0.000000	
  0.000000	  0.000000	  0.000000	  1.000000	
  0.000000	  0.000000	  0.000000	  1.000000	
  0.000000	  0.000000	  1.000000	  0.000000	
  0.000000	  0.023018	  0.007673	  0.969309	
  0.005249	  0.000000	  0.000000	  0.994751	

URL http://cisbp.ccbr.utoronto.ca/TFreport.php?versionNumber=2.00&searchTF=T337024_2.00

MOTIF M03600_2.00 (SSLN_0000613901)_(Drosophila_melanogaster)_(DBD_0.89)

letter-probability matrix: alength= 4 w= 14 nsites= 1 E= 0
  0.339925	  0.095104	  0.385122	  0.179849	
  0.116732	  0.334630	  0.242542	  0.306096	
  0.741097	  0.017324	  0.240616	  0.000962	
  0.969773	  0.002519	  0.018892	  0.008816	
  0.000000	  0.998703	  0.001297	  0.000000	
  1.000000	  0.000000	  0.000000	  0.000000	
  0.080000	  0.064444	  0.855556	  0.000000	
  0.001092	  0.840611	  0.061135	  0.097162	
  0.000000	  0.001297	  0.000000	  0.998703	
  0.000000	  0.000000	  1.000000	  0.000000	
  0.003783	  0.025221	  0.000000	  0.970996	
  0.000000	  0.241843	  0.019194	  0.738964	
  0.306892	  0.241873	  0.331599	  0.119636	
  0.191882	  0.363469	  0.097786	  0.346863	

URL http://cisbp.ccbr.utoronto.ca/TFreport.php?versionNumber=2.00&searchTF=T055057_2.00

MOTIF M03666_2.00 (SSLN_0000272801)_(Drosophila_melanogaster)_(DBD_0.78)

letter-probability matrix: alength= 4 w= 14 nsites= 1 E= 0
  0.095106	  0.015641	  0.039102	  0.850151	
  0.000593	  0.000000	  0.999407	  0.000000	
  0.000000	  1.000000	  0.000000	  0.000000	
  0.604376	  0.152618	  0.000538	  0.242468	
  0.000000	  0.326965	  0.670647	  0.002388	
  0.001481	  0.000000	  0.000000	  0.998519	
  0.000000	  0.000889	  0.999111	  0.000000	
  0.999703	  0.000297	  0.000000	  0.000000	
  0.000000	  0.000000	  0.000000	  1.000000	
  0.000297	  0.000000	  0.000000	  0.999703	
  0.000296	  0.002368	  0.000000	  0.997336	
  0.896277	  0.016223	  0.054255	  0.033245	
  0.064089	  0.026483	  0.016949	  0.892479	
  0.088359	  0.168286	  0.125573	  0.617782	

URL http://cisbp.ccbr.utoronto.ca/TFreport.php?versionNumber=2.00&searchTF=T157032_2.00

MOTIF M03726_2.00 (SSLN_0000707201)_(Drosophila_melanogaster)_(DBD_0.72)

letter-probability matrix: alength= 4 w= 11 nsites= 1 E= 0
  0.239657	  0.129977	  0.550351	  0.080016	
  0.651665	  0.017290	  0.139080	  0.191965	
  0.006142	  0.983877	  0.008061	  0.001919	
  0.000000	  0.994182	  0.000000	  0.005818	
  0.001936	  0.001549	  0.992641	  0.003873	
  0.003673	  0.005008	  0.855760	  0.135559	
  0.916995	  0.079070	  0.003936	  0.000000	
  0.932678	  0.003639	  0.000000	  0.063683	
  0.178628	  0.003828	  0.817544	  0.000000	
  0.002717	  0.211893	  0.011772	  0.773619	
  0.212559	  0.245710	  0.385725	  0.156006	

URL http://cisbp.ccbr.utoronto.ca/TFreport.php?versionNumber=2.00&searchTF=T178799_2.00

MOTIF M03764_2.00 (SSLN_0001903801)_(Drosophila_melanogaster)_(DBD_0.61)

letter-probability matrix: alength= 4 w= 21 nsites= 1 E= 0
  0.141935	  0.245161	  0.124194	  0.488710	
  0.942817	  0.034868	  0.018131	  0.004184	
  0.005658	  0.004243	  0.002829	  0.987270	
  0.174174	  0.012012	  0.807808	  0.006006	
  0.027961	  0.924342	  0.032895	  0.014803	
  0.067588	  0.006144	  0.788018	  0.138249	
  0.001712	  0.005137	  0.988014	  0.005137	
  0.006897	  0.000000	  0.984483	  0.008621	
  0.042296	  0.244713	  0.058912	  0.654079	
  0.405239	  0.155624	  0.334361	  0.104777	
  0.141880	  0.420513	  0.329915	  0.107692	
  0.098009	  0.349158	  0.174579	  0.378254	
  0.667185	  0.038880	  0.241058	  0.052877	
  0.011824	  0.974662	  0.010135	  0.003378	
  0.000000	  0.993255	  0.005059	  0.001686	
  0.127358	  0.828616	  0.006289	  0.037736	
  0.005059	  0.042159	  0.934233	  0.018550	
  0.015291	  0.831804	  0.009174	  0.143731	
  0.997151	  0.001425	  0.001425	  0.000000	
  0.006906	  0.006906	  0.027624	  0.958564	
  0.538341	  0.162754	  0.206573	  0.092332	

URL http://cisbp.ccbr.utoronto.ca/TFreport.php?versionNumber=2.00&searchTF=T198273_2.00

MOTIF M03784_2.00 (SSLN_0000775101)_(Drosophila_melanogaster)_(DBD_0.90)

letter-probability matrix: alength= 4 w= 10 nsites= 1 E= 0
  0.146262	  0.379283	  0.368536	  0.105919	
  0.153738	  0.323053	  0.300935	  0.222274	
  0.030549	  0.058972	  0.057777	  0.852703	
  0.801899	  0.040220	  0.146890	  0.010992	
  0.949985	  0.000296	  0.049719	  0.000000	
  0.000000	  0.298437	  0.000000	  0.701563	
  0.000000	  0.072663	  0.652439	  0.274898	
  0.595934	  0.021999	  0.338160	  0.043906	
  0.099271	  0.351498	  0.157931	  0.391299	
  0.202492	  0.236293	  0.419003	  0.142212	

URL http://cisbp.ccbr.utoronto.ca/TFreport.php?versionNumber=2.00&searchTF=T236449_2.00

MOTIF M03882_2.00 (SSLN_0000910701)_(Drosophila_melanogaster)_(DBD_0.86)

letter-probability matrix: alength= 4 w= 8 nsites= 1 E= 0
  0.154208	  0.217775	  0.307946	  0.320071	
  0.060417	  0.189025	  0.096667	  0.653891	
  0.657382	  0.030950	  0.257660	  0.054008	
  0.993452	  0.006548	  0.000000	  0.000000	
  0.069987	  0.012309	  0.320110	  0.597594	
  0.000000	  0.224802	  0.060407	  0.714791	
  0.041841	  0.000000	  0.958159	  0.000000	
  0.168432	  0.362524	  0.240702	  0.228343	

URL http://cisbp.ccbr.utoronto.ca/TFreport.php?versionNumber=2.00&searchTF=T236451_2.00

MOTIF M03981_2.00 (SSLN_0001520501)_(Drosophila_melanogaster)_(DBD_0.85)

letter-probability matrix: alength= 4 w= 13 nsites= 1 E= 0
  0.754255	  0.009574	  0.074468	  0.161702	
  0.021299	  0.160809	  0.105431	  0.712460	
  0.000000	  0.049164	  0.027532	  0.923304	
  0.000000	  0.000000	  1.000000	  0.000000	
  0.007150	  0.000000	  0.033708	  0.959142	
  0.000000	  0.016032	  0.043086	  0.940882	
  0.029263	  0.947528	  0.023209	  0.000000	
  0.009221	  0.026639	  0.962090	  0.002049	
  0.036929	  0.006803	  0.912536	  0.043732	
  0.062009	  0.020961	  0.096943	  0.820087	
  0.058573	  0.042599	  0.816826	  0.082002	
  0.091587	  0.056443	  0.637913	  0.214058	
  0.126731	  0.139510	  0.253461	  0.480298	

URL http://cisbp.ccbr.utoronto.ca/TFreport.php?versionNumber=2.00&searchTF=T337031_2.00

MOTIF M05613_2.00 (SSLN_0001277501)_(Homo_sapiens)_(DBD_0.74)

letter-probability matrix: alength= 4 w= 11 nsites= 1 E= 0
  0.186210	  0.240592	  0.307842	  0.265356	
  0.152886	  0.285184	  0.152211	  0.409720	
  0.016624	  0.814961	  0.141698	  0.026717	
  0.933999	  0.000000	  0.065094	  0.000907	
  0.909854	  0.028281	  0.030270	  0.031595	
  0.000000	  0.000000	  0.979543	  0.020457	
  0.000000	  0.000000	  1.000000	  0.000000	
  0.127292	  0.270513	  0.050997	  0.551198	
  0.013842	  0.814317	  0.043109	  0.128732	
  0.650450	  0.038225	  0.265993	  0.045332	
  0.206168	  0.321272	  0.199126	  0.273434	

URL http://cisbp.ccbr.utoronto.ca/TFreport.php?versionNumber=2.00&searchTF=T310567_2.00

MOTIF M05621_2.00 (SSLN_0000693201)_(Homo_sapiens)_(DBD_0.54)

letter-probability matrix: alength= 4 w= 14 nsites= 1 E= 0
  0.086270	  0.131227	  0.179830	  0.602673	
  0.670103	  0.038946	  0.273769	  0.017182	
  0.001087	  0.022826	  0.895652	  0.080435	
  0.024221	  0.010381	  0.950404	  0.014994	
  0.037823	  0.092251	  0.109779	  0.760148	
  0.000000	  0.944954	  0.006881	  0.048165	
  0.973995	  0.003546	  0.022459	  0.000000	
  0.004819	  0.333735	  0.002410	  0.659036	
  0.030100	  0.025641	  0.918618	  0.025641	
  0.604106	  0.199413	  0.118035	  0.078446	
  0.055914	  0.886022	  0.040860	  0.017204	
  0.159962	  0.789272	  0.037356	  0.013410	
  0.027586	  0.255172	  0.024138	  0.693103	
  0.601942	  0.167476	  0.117718	  0.112864	

URL http://cisbp.ccbr.utoronto.ca/TFreport.php?versionNumber=2.00&searchTF=T310560_2.00

MOTIF M06169_2.00 (SSLN_0001917701)_(Drosophila_melanogaster)_(DBD_0.71)

letter-probability matrix: alength= 4 w= 12 nsites= 1 E= 0
  0.458333	  0.000000	  0.541667	  0.000000	
  0.125000	  0.833333	  0.041667	  0.000000	
  0.083333	  0.875000	  0.000000	  0.041667	
  0.833333	  0.166667	  0.000000	  0.000000	
  0.041667	  0.958333	  0.000000	  0.000000	
  0.416667	  0.000000	  0.583333	  0.000000	
  0.041667	  0.916667	  0.000000	  0.041667	
  0.000000	  0.916667	  0.083333	  0.000000	
  0.000000	  0.916667	  0.000000	  0.083333	
  0.583333	  0.083333	  0.083333	  0.250000	
  0.291667	  0.291667	  0.125000	  0.291667	
  0.043478	  0.434783	  0.086957	  0.434783	

URL http://cisbp.ccbr.utoronto.ca/TFreport.php?versionNumber=2.00&searchTF=T157294_2.00

MOTIF M06427_2.00 (SSLN_0000812601)_(Drosophila_melanogaster)_(DBD_0.87)

letter-probability matrix: alength= 4 w= 6 nsites= 1 E= 0
  0.727273	  0.000000	  0.272727	  0.000000	
  0.000000	  0.045455	  0.954545	  0.000000	
  0.000000	  0.000000	  1.000000	  0.000000	
  0.000000	  0.000000	  0.045455	  0.954545	
  0.000000	  1.000000	  0.000000	  0.000000	
  0.909091	  0.000000	  0.090909	  0.000000	

URL http://cisbp.ccbr.utoronto.ca/TFreport.php?versionNumber=2.00&searchTF=T310563_2.00

MOTIF M06451_2.00 (SSLN_0001416001)_(Drosophila_melanogaster)_(DBD_0.78)

letter-probability matrix: alength= 4 w= 8 nsites= 1 E= 0
  0.160000	  0.120000	  0.440000	  0.280000	
  0.680000	  0.000000	  0.000000	  0.320000	
  0.120000	  0.200000	  0.000000	  0.680000	
  0.120000	  0.800000	  0.080000	  0.000000	
  0.920000	  0.000000	  0.000000	  0.080000	
  0.880000	  0.040000	  0.000000	  0.080000	
  0.800000	  0.000000	  0.120000	  0.080000	
  0.320000	  0.120000	  0.400000	  0.160000	

URL http://cisbp.ccbr.utoronto.ca/TFreport.php?versionNumber=2.00&searchTF=T337030_2.00

MOTIF M07784_2.00 (SSLN_0000471801)_(Homo_sapiens)_(DBD_0.96)

letter-probability matrix: alength= 4 w= 15 nsites= 1 E= 0
  0.360248	  0.209110	  0.254658	  0.175983	
  0.120083	  0.341615	  0.198758	  0.339545	
  0.281573	  0.171843	  0.229814	  0.316770	
  0.008282	  0.296066	  0.691511	  0.004141	
  0.000000	  1.000000	  0.000000	  0.000000	
  0.000000	  0.962733	  0.000000	  0.037267	
  0.010352	  0.314700	  0.024845	  0.650103	
  0.068323	  0.503106	  0.358178	  0.070393	
  0.587991	  0.078675	  0.308489	  0.024845	
  0.086957	  0.000000	  0.913043	  0.000000	
  0.000000	  0.000000	  1.000000	  0.000000	
  0.028986	  0.318841	  0.631469	  0.020704	
  0.070393	  0.695652	  0.144928	  0.089027	
  0.612836	  0.105590	  0.024845	  0.256729	
  0.151139	  0.285714	  0.277433	  0.285714	

URL http://cisbp.ccbr.utoronto.ca/TFreport.php?versionNumber=2.00&searchTF=T011556_2.00

MOTIF M07950_2.00 (SSLN_0000547401)_(Homo_sapiens)_(DBD_0.75)

letter-probability matrix: alength= 4 w= 21 nsites= 1 E= 0
  0.019481	  0.032468	  0.922077	  0.025974	
  0.038961	  0.681818	  0.188312	  0.090909	
  0.389610	  0.487013	  0.045455	  0.077922	
  0.000000	  0.266234	  0.019481	  0.714285	
  0.019481	  0.220779	  0.363636	  0.396104	
  0.090909	  0.720779	  0.103896	  0.084416	
  0.000000	  0.194805	  0.012987	  0.792208	
  0.006494	  0.000000	  0.993506	  0.000000	
  0.000000	  0.000000	  1.000000	  0.000000	
  0.051948	  0.000000	  0.941558	  0.006494	
  0.876622	  0.032468	  0.071429	  0.019481	
  0.474026	  0.149351	  0.279221	  0.097403	
  0.285714	  0.116883	  0.110390	  0.487013	
  0.012987	  0.064935	  0.038961	  0.883117	
  0.006494	  0.012987	  0.980519	  0.000000	
  0.006494	  0.051948	  0.058442	  0.883116	
  0.967532	  0.000000	  0.025974	  0.006494	
  0.000000	  0.000000	  0.993506	  0.006494	
  0.000000	  0.000000	  0.019481	  0.980519	
  0.006494	  0.409091	  0.019481	  0.564934	
  0.019481	  0.636363	  0.032468	  0.311688	

URL http://cisbp.ccbr.utoronto.ca/TFreport.php?versionNumber=2.00&searchTF=T178797_2.00

MOTIF M07979_2.00 (SSLN_0000376801)_(Homo_sapiens)_(DBD_0.92)

letter-probability matrix: alength= 4 w= 15 nsites= 1 E= 0
  0.310573	  0.154185	  0.306167	  0.229075	
  0.310573	  0.105727	  0.270925	  0.312775	
  0.160793	  0.101322	  0.385463	  0.352423	
  0.149780	  0.640969	  0.057269	  0.151982	
  0.000000	  0.506608	  0.000000	  0.493392	
  0.711454	  0.129956	  0.024229	  0.134361	
  0.704846	  0.019824	  0.114537	  0.160793	
  0.938326	  0.000000	  0.044053	  0.017621	
  0.905286	  0.004405	  0.002203	  0.088106	
  0.925110	  0.000000	  0.000000	  0.074890	
  0.033040	  0.000000	  0.000000	  0.966960	
  0.958150	  0.000000	  0.041850	  0.000000	
  0.209251	  0.052863	  0.702644	  0.035242	
  0.416300	  0.354626	  0.090308	  0.138767	
  0.387665	  0.262115	  0.070485	  0.279736	

URL http://cisbp.ccbr.utoronto.ca/TFreport.php?versionNumber=2.00&searchTF=T259650_2.00

MOTIF M08096_2.00 (SSLN_0000320501)_(Homo_sapiens)_(DBD_0.78)

letter-probability matrix: alength= 4 w= 11 nsites= 1 E= 0
  0.098122	  0.204488	  0.489008	  0.208381	
  0.000000	  0.711587	  0.073506	  0.214907	
  0.011335	  0.767460	  0.000000	  0.221204	
  0.000000	  1.000000	  0.000000	  0.000000	
  0.000000	  0.991642	  0.000000	  0.008358	
  0.155599	  0.000000	  0.529425	  0.314976	
  0.000000	  1.000000	  0.000000	  0.000000	
  0.000000	  1.000000	  0.000000	  0.000000	
  0.000000	  0.764713	  0.000000	  0.235287	
  0.120678	  0.727845	  0.000000	  0.151477	
  0.074651	  0.568926	  0.084039	  0.272384	

URL http://cisbp.ccbr.utoronto.ca/TFreport.php?versionNumber=2.00&searchTF=T157042_2.00

MOTIF M08104_2.00 (SSLN_0000312901)_(Homo_sapiens)_(DBD_0.84)

letter-probability matrix: alength= 4 w= 11 nsites= 1 E= 0
  0.147979	  0.183834	  0.283731	  0.384456	
  0.076684	  0.562280	  0.234404	  0.126632	
  0.007254	  0.101347	  0.044145	  0.847254	
  0.025907	  0.066114	  0.873575	  0.034404	
  0.962694	  0.002280	  0.027358	  0.007668	
  0.004767	  0.025699	  0.019482	  0.950052	
  0.019896	  0.003523	  0.006010	  0.970570	
  0.010984	  0.005803	  0.976788	  0.006425	
  0.023005	  0.007047	  0.965181	  0.004767	
  0.132435	  0.385078	  0.083731	  0.398756	
  0.073782	  0.376166	  0.156891	  0.393161	

URL http://cisbp.ccbr.utoronto.ca/TFreport.php?versionNumber=2.00&searchTF=T160914_2.00

MOTIF M08109_2.00 (SSLN_0001335001)_(Homo_sapiens)_(DBD_0.88)

letter-probability matrix: alength= 4 w= 11 nsites= 1 E= 0
  0.144835	  0.197018	  0.451544	  0.206603	
  0.082535	  0.271565	  0.645900	  0.000000	
  0.000000	  0.005857	  0.994143	  0.000000	
  0.000000	  1.000000	  0.000000	  0.000000	
  0.000000	  0.000000	  1.000000	  0.000000	
  0.014377	  0.116081	  0.869542	  0.000000	
  0.007987	  0.021832	  0.970181	  0.000000	
