MEME version 5.5.8 (Fri May 2 15:43:49 2025 -0700)

ALPHABET= ACGT

strands: + -

Background letter frequencies (from uniform background):
A 0.25000 C 0.25000 G 0.25000 T 0.25000 

MOTIF M00061_2.00 (prr1)_(Saccharomyces_cerevisiae)_(DBD_0.62)

letter-probability matrix: alength= 4 w= 8 nsites= 1 E= 0
  0.726984	  0.045578	  0.075863	  0.151575	
  0.056906	  0.193208	  0.068264	  0.681622	
  0.064288	  0.064288	  0.871332	  0.000092	
  0.000090	  0.000090	  0.999730	  0.000090	
  0.000090	  0.972713	  0.027107	  0.000090	
  0.000090	  0.963707	  0.009096	  0.027107	
  0.586810	  0.119622	  0.293459	  0.000109	
  0.142918	  0.057253	  0.742576	  0.057253	

URL http://cisbp.ccbr.utoronto.ca/TFreport.php?versionNumber=2.00&searchTF=T242133_2.00

MOTIF M00066_2.00 (sak1)_(Saccharomyces_cerevisiae)_(DBD_0.53)

letter-probability matrix: alength= 4 w= 10 nsites= 1 E= 0
  0.228304	  0.228304	  0.228304	  0.315088	
  0.119950	  0.353086	  0.407015	  0.119950	
  0.000130	  0.000130	  0.999610	  0.000130	
  0.000130	  0.000130	  0.000130	  0.999610	
  0.000130	  0.000130	  0.000130	  0.999610	
  0.086914	  0.000130	  0.912826	  0.000130	
  0.000130	  0.999610	  0.000130	  0.000130	
  0.000130	  0.437251	  0.000130	  0.562489	
  0.934522	  0.021826	  0.021826	  0.021826	
  0.130180	  0.304898	  0.261306	  0.303616	

URL http://cisbp.ccbr.utoronto.ca/TFreport.php?versionNumber=2.00&searchTF=T318802_2.00

MOTIF M00070_2.00 (mat3-Mc)_(Saccharomyces_cerevisiae)_(DBD_0.36)

letter-probability matrix: alength= 4 w= 11 nsites= 1 E= 0
  0.268573	  0.272224	  0.178881	  0.280322	
  0.509793	  0.098806	  0.292595	  0.098806	
  0.848016	  0.050661	  0.050661	  0.050661	
  0.999893	  0.000036	  0.000036	  0.000036	
  0.000036	  0.903786	  0.000036	  0.096142	
  0.903786	  0.000036	  0.000036	  0.096142	
  0.999893	  0.000036	  0.000036	  0.000036	
  0.000036	  0.000036	  0.000036	  0.999893	
  0.591260	  0.071155	  0.071155	  0.266431	
  0.345743	  0.151230	  0.257625	  0.245401	
  0.199374	  0.199374	  0.199374	  0.401877	

URL http://cisbp.ccbr.utoronto.ca/TFreport.php?versionNumber=2.00&searchTF=T332707_2.00

MOTIF M01102_2.00 (res2)_(PBM_CONSTRUCTS)_(DBD_0.76)

letter-probability matrix: alength= 4 w= 8 nsites= 1 E= 0
  0.520400	  0.150739	  0.150739	  0.178122	
  0.168349	  0.386085	  0.237629	  0.207937	
  0.828862	  0.000085	  0.162423	  0.008630	
  0.000085	  0.999744	  0.000085	  0.000085	
  0.000085	  0.000085	  0.982656	  0.017174	
  0.008630	  0.957023	  0.000085	  0.034262	
  0.008630	  0.017174	  0.965567	  0.008630	
  0.562344	  0.150050	  0.000125	  0.287481	

URL http://cisbp.ccbr.utoronto.ca/TFreport.php?versionNumber=2.00&searchTF=T012342_2.00

MOTIF M01116_2.00 (SPAC3F10.12c)_(Neurospora_crassa)_(DBD_0.73)

letter-probability matrix: alength= 4 w= 9 nsites= 1 E= 0
  0.205969	  0.329549	  0.234563	  0.229919	
  0.099121	  0.747209	  0.074914	  0.078755	
  0.515605	  0.238732	  0.140519	  0.105145	
  0.048574	  0.775174	  0.033218	  0.143035	
  0.095708	  0.119260	  0.781571	  0.003460	
  0.013930	  0.001606	  0.036747	  0.947716	
  0.000984	  0.004545	  0.976584	  0.017887	
  0.493454	  0.273535	  0.122907	  0.110104	
  0.129898	  0.406160	  0.186186	  0.277757	

URL http://cisbp.ccbr.utoronto.ca/TFreport.php?versionNumber=2.00&searchTF=T045156_2.00

MOTIF M01147_2.00 (atf1)_(Neurospora_crassa)_(DBD_0.71)

letter-probability matrix: alength= 4 w= 10 nsites= 1 E= 0
  0.256344	  0.201648	  0.261523	  0.280485	
  0.466416	  0.147685	  0.263770	  0.122129	
  0.056276	  0.045162	  0.000477	  0.898085	
  0.076513	  0.037995	  0.643848	  0.241643	
  0.796372	  0.031502	  0.085633	  0.086493	
  0.072044	  0.711432	  0.042832	  0.173691	
  0.178754	  0.047276	  0.689532	  0.084438	
  0.163925	  0.196254	  0.078997	  0.560825	
  0.373050	  0.284779	  0.165954	  0.176216	
  0.318316	  0.178225	  0.258022	  0.245438	

URL http://cisbp.ccbr.utoronto.ca/TFreport.php?versionNumber=2.00&searchTF=T068267_2.00

MOTIF M01149_2.00 (pap1)_(Neurospora_crassa)_(DBD_0.59)

letter-probability matrix: alength= 4 w= 9 nsites= 1 E= 0
  0.149485	  0.147997	  0.521753	  0.180764	
  0.379282	  0.477364	  0.085480	  0.057875	
  0.061907	  0.008050	  0.062529	  0.867514	
  0.009615	  0.034581	  0.392797	  0.563008	
  0.874632	  0.003267	  0.078555	  0.043545	
  0.057918	  0.566249	  0.216813	  0.159021	
  0.259677	  0.177583	  0.232627	  0.330114	
  0.459187	  0.184834	  0.101439	  0.254540	
  0.635165	  0.119568	  0.125698	  0.119568	

URL http://cisbp.ccbr.utoronto.ca/TFreport.php?versionNumber=2.00&searchTF=T068253_2.00

MOTIF M01185_2.00 prz1

letter-probability matrix: alength= 4 w= 10 nsites= 1 E= 0
  0.194856	  0.524404	  0.114693	  0.166046	
  0.161745	  0.209771	  0.102107	  0.526377	
  0.345892	  0.207707	  0.363626	  0.082775	
  0.446751	  0.503711	  0.001978	  0.047560	
  0.000179	  0.000086	  0.999119	  0.000617	
  0.002571	  0.996665	  0.000129	  0.000634	
  0.037392	  0.926550	  0.019915	  0.016143	
  0.372419	  0.237465	  0.079045	  0.311071	
  0.075796	  0.697874	  0.079682	  0.146649	
  0.292458	  0.278194	  0.206092	  0.223256	

URL http://cisbp.ccbr.utoronto.ca/TFreport.php?versionNumber=2.00&searchTF=T129407_2.00

MOTIF M01186_2.00 rst2

letter-probability matrix: alength= 4 w= 10 nsites= 1 E= 0
  0.256395	  0.163485	  0.193779	  0.386341	
  0.391732	  0.188779	  0.204502	  0.214987	
  0.022499	  0.937723	  0.013111	  0.026668	
  0.007099	  0.880037	  0.004015	  0.108849	
  0.000048	  0.996330	  0.002545	  0.001077	
  0.006410	  0.990227	  0.000453	  0.002909	
  0.208754	  0.040494	  0.529089	  0.221663	
  0.056743	  0.896529	  0.002093	  0.044636	
  0.382669	  0.216409	  0.131259	  0.269663	
  0.165510	  0.379566	  0.141038	  0.313886	

URL http://cisbp.ccbr.utoronto.ca/TFreport.php?versionNumber=2.00&searchTF=T129409_2.00

MOTIF M01187_2.00 rsv2

letter-probability matrix: alength= 4 w= 10 nsites= 1 E= 0
  0.222223	  0.120745	  0.465764	  0.191269	
  0.117722	  0.091682	  0.733865	  0.056731	
  0.160122	  0.100077	  0.258769	  0.481033	
  0.000198	  0.002439	  0.993832	  0.003531	
  0.003831	  0.000031	  0.995309	  0.000829	
  0.011028	  0.925583	  0.019114	  0.044275	
  0.207890	  0.071308	  0.643555	  0.077247	
  0.407555	  0.198378	  0.181304	  0.212762	
  0.287098	  0.230401	  0.230401	  0.252099	
  0.275291	  0.214397	  0.232254	  0.278058	

URL http://cisbp.ccbr.utoronto.ca/TFreport.php?versionNumber=2.00&searchTF=T129445_2.00

MOTIF M01442_2.00 (scr1)_(Rhizopus_oryzae)_(DBD_0.87)

letter-probability matrix: alength= 4 w= 10 nsites= 1 E= 0
  0.405205	  0.191405	  0.155150	  0.248239	
  0.012796	  0.971781	  0.003252	  0.012172	
  0.001748	  0.896649	  0.000244	  0.101359	
  0.003474	  0.987573	  0.007809	  0.001145	
  0.007101	  0.992574	  0.000046	  0.000278	
  0.507195	  0.000100	  0.468200	  0.024505	
  0.034159	  0.692999	  0.169191	  0.103651	
  0.533442	  0.115509	  0.198215	  0.152834	
  0.248537	  0.246064	  0.141967	  0.363432	
  0.249168	  0.197972	  0.162086	  0.390773	

URL http://cisbp.ccbr.utoronto.ca/TFreport.php?versionNumber=2.00&searchTF=T129447_2.00

MOTIF M01467_2.00 SPAC11D3.17

letter-probability matrix: alength= 4 w= 10 nsites= 1 E= 0
  0.061866	  0.071163	  0.866942	  0.000029	
  0.640422	  0.090209	  0.174535	  0.094834	
  0.064164	  0.000000	  0.935836	  0.000000	
  0.000000	  1.000000	  0.000000	  0.000000	
  0.025828	  0.154696	  0.005879	  0.813596	
  0.000000	  0.999999	  0.000000	  0.000000	
  0.128833	  0.734004	  0.035820	  0.101343	
  0.150857	  0.431097	  0.246246	  0.171800	
  0.253177	  0.417418	  0.163055	  0.166349	
  0.199062	  0.385144	  0.155030	  0.260764	

URL http://cisbp.ccbr.utoronto.ca/TFreport.php?versionNumber=2.00&searchTF=T129400_2.00

MOTIF M01468_2.00 hsr1

letter-probability matrix: alength= 4 w= 10 nsites= 1 E= 0
  0.230318	  0.259683	  0.239718	  0.270281	
  0.249494	  0.249494	  0.228021	  0.272990	
  0.294336	  0.224690	  0.285637	  0.195336	
  0.145783	  0.597120	  0.064207	  0.192890	
  0.044587	  0.778557	  0.009949	  0.166908	
  0.031981	  0.967904	  0.000074	  0.000041	
  0.083766	  0.835494	  0.080481	  0.000259	
  0.030303	  0.273483	  0.043434	  0.652780	
  0.201269	  0.139023	  0.401273	  0.258434	
  0.289364	  0.195916	  0.289364	  0.225357	

URL http://cisbp.ccbr.utoronto.ca/TFreport.php?versionNumber=2.00&searchTF=T129406_2.00

MOTIF M01469_2.00 ace2

letter-probability matrix: alength= 4 w= 9 nsites= 1 E= 0
  0.134994	  0.547428	  0.116190	  0.201387	
  0.179787	  0.540110	  0.164313	  0.115789	
  0.494561	  0.334846	  0.039792	  0.130800	
  0.167530	  0.042147	  0.789312	  0.001011	
  0.001162	  0.982500	  0.001897	  0.014441	
  0.115370	  0.763674	  0.103352	  0.017604	
  0.413306	  0.263535	  0.113771	  0.209388	
  0.122250	  0.521167	  0.112851	  0.243732	
  0.182077	  0.413407	  0.199224	  0.205292	

URL http://cisbp.ccbr.utoronto.ca/TFreport.php?versionNumber=2.00&searchTF=T129410_2.00

MOTIF M01470_2.00 rsv1

letter-probability matrix: alength= 4 w= 8 nsites= 1 E= 0
  0.133385	  0.544314	  0.111173	  0.211128	
  0.215529	  0.517149	  0.146587	  0.120734	
  0.008077	  0.983765	  0.000080	  0.008077	
  0.039436	  0.936792	  0.023693	  0.000079	
  0.133895	  0.795104	  0.070923	  0.000079	
  0.055179	  0.921048	  0.023693	  0.000079	
  0.253967	  0.103221	  0.603063	  0.039749	
  0.067378	  0.797866	  0.057766	  0.076990	

URL http://cisbp.ccbr.utoronto.ca/TFreport.php?versionNumber=2.00&searchTF=T129448_2.00

MOTIF M01536_2.00 (sfp1)_(Saccharomyces_cerevisiae)_(DBD_0.85)

letter-probability matrix: alength= 4 w= 8 nsites= 1 E= 0
  0.582226	  0.083887	  0.083887	  0.250000	
  0.187656	  0.000623	  0.000623	  0.811097	
  0.117958	  0.000587	  0.000587	  0.880869	
  0.000587	  0.000587	  0.000587	  0.998239	
  0.000587	  0.000587	  0.000587	  0.998239	
  0.000587	  0.000587	  0.000587	  0.998239	
  0.000587	  0.000587	  0.000587	  0.998239	
  0.000767	  0.690951	  0.077454	  0.230828	

URL http://cisbp.ccbr.utoronto.ca/TFreport.php?versionNumber=2.00&searchTF=T129403_2.00

MOTIF M01565_2.00 (nhp6)_(Saccharomyces_cerevisiae)_(DBD_0.56)

letter-probability matrix: alength= 4 w= 10 nsites= 1 E= 0
  0.275621	  0.196179	  0.184754	  0.343445	
  0.239066	  0.197698	  0.157078	  0.406158	
  0.351405	  0.065493	  0.118148	  0.464954	
  0.275882	  0.145470	  0.109944	  0.468704	
  0.465587	  0.103886	  0.064283	  0.366244	
  0.343551	  0.084719	  0.502369	  0.069362	
  0.039893	  0.339069	  0.050714	  0.570324	
  0.299986	  0.072511	  0.434301	  0.193202	
  0.212492	  0.210378	  0.364638	  0.212492	
  0.183038	  0.221338	  0.419764	  0.175861	

URL http://cisbp.ccbr.utoronto.ca/TFreport.php?versionNumber=2.00&searchTF=T332701_2.00

MOTIF M01567_2.00 (tbp1)_(Saccharomyces_cerevisiae)_(DBD_0.94)

letter-probability matrix: alength= 4 w= 7 nsites= 1 E= 0
  0.315311	  0.189343	  0.207174	  0.288172	
  0.345705	  0.141966	  0.211788	  0.300541	
  0.271982	  0.110580	  0.155359	  0.462079	
  0.583542	  0.000869	  0.110954	  0.304636	
  0.219565	  0.006434	  0.188981	  0.585020	
  0.934996	  0.000354	  0.051964	  0.012687	
  0.422777	  0.000471	  0.095282	  0.481470	

URL http://cisbp.ccbr.utoronto.ca/TFreport.php?versionNumber=2.00&searchTF=T342909_2.00

MOTIF M01654_2.00 (res1)_(Neurospora_crassa)_(DBD_0.55)

letter-probability matrix: alength= 4 w= 9 nsites= 1 E= 0
  0.267934	  0.217183	  0.260016	  0.254867	
  0.253271	  0.236148	  0.207361	  0.303220	
  0.244019	  0.201794	  0.295080	  0.259108	
  0.555310	  0.001732	  0.212624	  0.230333	
  0.031649	  0.841093	  0.000193	  0.127065	
  0.319537	  0.007220	  0.669729	  0.003514	
  0.097180	  0.809624	  0.007005	  0.086191	
  0.054095	  0.015344	  0.871960	  0.058601	
  0.292764	  0.177570	  0.157491	  0.372176	

URL http://cisbp.ccbr.utoronto.ca/TFreport.php?versionNumber=2.00&searchTF=T012349_2.00

MOTIF M01690_2.00 (orc4)_(Caenorhabditis_elegans)_(DBD_0.46)

letter-probability matrix: alength= 4 w= 12 nsites= 1 E= 0
  0.321078	  0.226307	  0.226307	  0.226307	
  0.226307	  0.226307	  0.226307	  0.321078	
  0.761759	  0.046465	  0.145311	  0.046465	
  0.632674	  0.116336	  0.023174	  0.227815	
  0.669170	  0.000176	  0.000176	  0.330479	
  0.195762	  0.000176	  0.000176	  0.803887	
  0.804397	  0.000176	  0.000176	  0.195252	
  0.517902	  0.000176	  0.000176	  0.481747	
  0.321162	  0.023868	  0.023868	  0.631102	
  0.023868	  0.122715	  0.023868	  0.829549	
  0.295706	  0.203711	  0.296873	  0.203711	
  0.318996	  0.227001	  0.227001	  0.227001	

URL http://cisbp.ccbr.utoronto.ca/TFreport.php?versionNumber=2.00&searchTF=T017816_2.00

MOTIF M01823_2.00 (atf21)_(Mus_musculus)_(DBD_0.55)

letter-probability matrix: alength= 4 w= 10 nsites= 1 E= 0
  0.182621	  0.170275	  0.119991	  0.527113	
  0.084680	  0.102399	  0.440927	  0.371994	
  0.652787	  0.087466	  0.126628	  0.133120	
  0.060532	  0.694486	  0.075428	  0.169554	
  0.165189	  0.000028	  0.834717	  0.000066	
  0.000313	  0.140958	  0.005980	  0.852748	
  0.284883	  0.579449	  0.061073	  0.074595	
  0.944252	  0.000006	  0.055723	  0.000019	
  0.011459	  0.289668	  0.121357	  0.577516	
  0.247322	  0.311279	  0.181397	  0.260002	

URL http://cisbp.ccbr.utoronto.ca/TFreport.php?versionNumber=2.00&searchTF=T068268_2.00

MOTIF M01829_2.00 zip1

letter-probability matrix: alength= 4 w= 10 nsites= 1 E= 0
  0.570600	  0.126453	  0.170367	  0.132581	
  0.195785	  0.086320	  0.008371	  0.709524	
  0.193607	  0.163160	  0.313589	  0.329644	
  0.494817	  0.042071	  0.276108	  0.187005	
  0.071217	  0.695225	  0.054727	  0.178831	
  0.178831	  0.054727	  0.695225	  0.071217	
  0.187005	  0.276108	  0.042071	  0.494817	
  0.329644	  0.313589	  0.163160	  0.193607	
  0.709524	  0.008371	  0.086320	  0.195785	
  0.132581	  0.170367	  0.126453	  0.570600	

URL http://cisbp.ccbr.utoronto.ca/TFreport.php?versionNumber=2.00&searchTF=T068256_2.00

MOTIF M02173_2.00 phx1

letter-probability matrix: alength= 4 w= 11 nsites= 1 E= 0
  0.291911	  0.205044	  0.205044	  0.298001	
  0.423607	  0.123593	  0.123593	  0.329207	
  0.119949	  0.021510	  0.021510	  0.837032	
  0.098473	  0.000034	  0.000034	  0.901459	
  0.901459	  0.000034	  0.000034	  0.098473	
  0.999898	  0.000034	  0.000034	  0.000034	
  0.000034	  0.000034	  0.000034	  0.999898	
  0.183341	  0.000034	  0.000034	  0.816591	
  0.774680	  0.044990	  0.044990	  0.135340	
  0.240103	  0.306771	  0.236335	  0.216791	
  0.314427	  0.228524	  0.228524	  0.228524	

URL http://cisbp.ccbr.utoronto.ca/TFreport.php?versionNumber=2.00&searchTF=T223640_2.00

MOTIF M02174_2.00 yox1

letter-probability matrix: alength= 4 w= 10 nsites= 1 E= 0
  0.314868	  0.207136	  0.183010	  0.294986	
  0.198798	  0.224880	  0.206807	  0.369515	
  0.325666	  0.166437	  0.104042	  0.403855	
  0.515300	  0.168946	  0.092735	  0.223019	
  0.697716	  0.158556	  0.116498	  0.027230	
  0.027230	  0.116498	  0.158556	  0.697716	
  0.223019	  0.092735	  0.168946	  0.515300	
  0.403855	  0.104042	  0.166437	  0.325666	
  0.369515	  0.206807	  0.224880	  0.198798	
  0.294986	  0.183010	  0.207136	  0.314868	

URL http://cisbp.ccbr.utoronto.ca/TFreport.php?versionNumber=2.00&searchTF=T223646_2.00

MOTIF M02491_2.00 (ste11)_(Neurospora_crassa)_(DBD_0.43)

letter-probability matrix: alength= 4 w= 8 nsites= 1 E= 0
  0.001106	  0.222345	  0.001106	  0.775442	
  0.071937	  0.926638	  0.000712	  0.000712	
  0.071937	  0.000712	  0.000712	  0.926638	
  0.000712	  0.000712	  0.000712	  0.997863	
  0.000712	  0.000712	  0.000712	  0.997863	
  0.000712	  0.000712	  0.997863	  0.000712	
  0.000712	  0.000712	  0.000712	  0.997863	
  0.001106	  0.332965	  0.001106	  0.664823	

URL http://cisbp.ccbr.utoronto.ca/TFreport.php?versionNumber=2.00&searchTF=T332711_2.00

MOTIF M02572_2.00 (prt1)_(Aspergillus_nidulans)_(DBD_0.60)

letter-probability matrix: alength= 4 w= 9 nsites= 1 E= 0
  0.232821	  0.330388	  0.194468	  0.242322	
  0.186413	  0.364295	  0.099282	  0.350011	
  0.001056	  0.996408	  0.000514	  0.002022	
  0.000139	  0.018702	  0.981032	  0.000127	
  0.010380	  0.000134	  0.972542	  0.016944	
  0.611424	  0.132395	  0.173433	  0.082747	
  0.459116	  0.080584	  0.095517	  0.364783	
  0.331537	  0.263418	  0.215668	  0.189377	
  0.238698	  0.263802	  0.236323	  0.261177	

URL http://cisbp.ccbr.utoronto.ca/TFreport.php?versionNumber=2.00&searchTF=T384195_2.00

MOTIF M02609_2.00 (gsf1)_(Neurospora_crassa)_(DBD_0.75)

letter-probability matrix: alength= 4 w= 9 nsites= 1 E= 0
  0.231793	  0.248599	  0.224942	  0.294666	
  0.053192	  0.187526	  0.155076	  0.604206	
  0.611409	  0.012500	  0.016212	  0.359878	
  0.580877	  0.133559	  0.215840	  0.069724	
  0.078072	  0.329516	  0.571135	  0.021277	
  0.006820	  0.992178	  0.000002	  0.001000	
  0.004370	  0.000385	  0.977344	  0.017901	
  0.789651	  0.055235	  0.111229	  0.043886	
  0.271328	  0.158116	  0.438486	  0.132070	

URL http://cisbp.ccbr.utoronto.ca/TFreport.php?versionNumber=2.00&searchTF=T384188_2.00

MOTIF M02698_2.00 (cdc5)_(Arabidopsis_thaliana)_(DBD_0.90)

letter-probability matrix: alength= 4 w= 11 nsites= 1 E= 0
  0.140000	  0.450000	  0.230000	  0.180000	
  0.160000	  0.270000	  0.550000	  0.020000	
  0.000000	  0.919192	  0.040404	  0.040404	
  0.000000	  0.050000	  0.930000	  0.020000	
  0.040404	  0.939394	  0.000000	  0.020202	
  0.040404	  0.020202	  0.020202	  0.919192	
  0.080808	  0.000000	  0.858586	  0.060606	
  0.960000	  0.000000	  0.020000	  0.020000	
  0.040000	  0.040000	  0.920000	  0.000000	
  0.020000	  0.550000	  0.260000	  0.170000	
  0.151515	  0.323232	  0.242424	  0.282828	

URL http://cisbp.ccbr.utoronto.ca/TFreport.php?versionNumber=2.00&searchTF=T280327_2.00

MOTIF M03026_2.00 (sep1)_(Homo_sapiens)_(DBD_0.56)

letter-probability matrix: alength= 4 w= 7 nsites= 1 E= 0
  0.105967	  0.006687	  0.887346	  0.000000	
  0.013847	  0.011228	  0.006549	  0.968376	
  0.899687	  0.093880	  0.006433	  0.000000	
  0.995575	  0.004425	  0.000000	  0.000000	
  0.977706	  0.004345	  0.005479	  0.012469	
  0.025363	  0.836026	  0.007754	  0.130856	
  0.992901	  0.002302	  0.004797	  0.000000	

URL http://cisbp.ccbr.utoronto.ca/TFreport.php?versionNumber=2.00&searchTF=T188582_2.00

MOTIF M03738_2.00 (fkh2)_(Drosophila_melanogaster)_(DBD_0.57)

letter-probability matrix: alength= 4 w= 15 nsites= 1 E= 0
  0.307918	  0.195601	  0.140176	  0.356305	
  0.264007	  0.180698	  0.188325	  0.366970	
  0.008377	  0.004044	  0.002889	  0.984691	
  0.462860	  0.006991	  0.530149	  0.000000	
  0.002330	  0.004661	  0.000000	  0.993009	
  0.000000	  0.000000	  0.004672	  0.995328	
  0.000000	  0.000000	  0.092869	  0.907131	
  0.964356	  0.000000	  0.008769	  0.026874	
  0.011591	  0.987830	  0.000000	  0.000580	
  0.997659	  0.001171	  0.000000	  0.001171	
  0.990988	  0.001163	  0.002035	  0.005814	
  0.001198	  0.816527	  0.001198	  0.181078	
  0.991277	  0.002035	  0.002035	  0.004653	
  0.517302	  0.133431	  0.101760	  0.247507	
  0.418304	  0.128483	  0.152244	  0.300968	

URL http://cisbp.ccbr.utoronto.ca/TFreport.php?versionNumber=2.00&searchTF=T188580_2.00

MOTIF M07977_2.00 (hsf1)_(Homo_sapiens)_(DBD_0.54)

letter-probability matrix: alength= 4 w= 18 nsites= 1 E= 0
  0.142132	  0.055838	  0.796954	  0.005076	
  0.162437	  0.055838	  0.172589	  0.609136	
  0.010152	  0.802031	  0.005076	  0.182741	
  0.005076	  0.598985	  0.390863	  0.005076	
  0.106599	  0.538071	  0.055838	  0.299492	
  0.030457	  0.086294	  0.766498	  0.116751	
  0.106599	  0.000000	  0.873096	  0.020305	
  0.000000	  0.005076	  0.994924	  0.000000	
  0.055838	  0.000000	  0.005076	  0.939086	
  0.000000	  0.000000	  0.000000	  1.000000	
  0.000000	  0.989848	  0.000000	  0.010152	
  0.299492	  0.000000	  0.700508	  0.000000	
  1.000000	  0.000000	  0.000000	  0.000000	
  0.426396	  0.055838	  0.203046	  0.314721	
  0.091371	  0.279188	  0.010152	  0.619289	
  0.000000	  0.994924	  0.000000	  0.005076	
  0.020305	  0.868020	  0.005076	  0.106599	
  0.071066	  0.771573	  0.126904	  0.030457	

URL http://cisbp.ccbr.utoronto.ca/TFreport.php?versionNumber=2.00&searchTF=T242132_2.00

MOTIF M08116_2.00 (mei4)_(Homo_sapiens)_(DBD_0.44)

letter-probability matrix: alength= 4 w= 11 nsites= 1 E= 0
  0.430809	  0.147520	  0.248042	  0.173629	
  0.443864	  0.009138	  0.185379	  0.361619	
  0.208877	  0.000000	  0.791123	  0.000000	
  0.077023	  0.000000	  0.000000	  0.922977	
  1.000000	  0.000000	  0.000000	  0.000000	
  1.000000	  0.000000	  0.000000	  0.000000	
  1.000000	  0.000000	  0.000000	  0.000000	
  0.000000	  0.988251	  0.000000	  0.011749	
  1.000000	  0.000000	  0.000000	  0.000000	
  0.387728	  0.201044	  0.382507	  0.028721	
  0.433420	  0.161880	  0.240209	  0.164491	

URL http://cisbp.ccbr.utoronto.ca/TFreport.php?versionNumber=2.00&searchTF=T188581_2.00

MOTIF M08452_2.00 (php2)_(Saccharomyces_cerevisiae)_(DBD_0.79)

letter-probability matrix: alength= 4 w= 5 nsites= 1 E= 0
  0.000000	  0.000000	  0.000000	  1.000000	
  0.000000	  0.000000	  0.010160	  0.989840	
  0.005578	  0.000000	  0.994422	  0.000000	
  0.000000	  0.000000	  0.998223	  0.001777	
  0.158006	  0.378979	  0.030665	  0.432350	

URL http://cisbp.ccbr.utoronto.ca/TFreport.php?versionNumber=2.00&searchTF=T160427_2.00

