MEME version 5.5.8 (Fri May 2 15:43:49 2025 -0700)

ALPHABET= ACGT

strands: + -

Background letter frequencies (from uniform background):
A 0.25000 C 0.25000 G 0.25000 T 0.25000 

MOTIF M00724_2.00 (SELMODRAFT_16064)_(Arabidopsis_thaliana)_(DBD_0.73)

letter-probability matrix: alength= 4 w= 9 nsites= 1 E= 0
  0.232541	  0.284026	  0.175751	  0.307682	
  0.381584	  0.203229	  0.197222	  0.217964	
  0.225202	  0.191904	  0.458058	  0.124835	
  0.478098	  0.000472	  0.411503	  0.109927	
  0.180610	  0.007436	  0.079546	  0.732408	
  0.441083	  0.046957	  0.204227	  0.307733	
  0.181090	  0.613385	  0.128894	  0.076630	
  0.602456	  0.101597	  0.186983	  0.108964	
  0.143308	  0.180368	  0.258526	  0.417798	

URL http://cisbp.ccbr.utoronto.ca/TFreport.php?versionNumber=2.00&searchTF=T175223_2.00

MOTIF M00726_2.00 (SELMODRAFT_419770)_(Physcomitrella_patens)_(DBD_0.89)

letter-probability matrix: alength= 4 w= 10 nsites= 1 E= 0
  0.239472	  0.270004	  0.198033	  0.292491	
  0.357704	  0.210546	  0.194359	  0.237390	
  0.230071	  0.198024	  0.419217	  0.152687	
  0.430091	  0.023196	  0.413227	  0.133486	
  0.177508	  0.014865	  0.080561	  0.727066	
  0.379546	  0.073624	  0.223402	  0.323428	
  0.157762	  0.686144	  0.060406	  0.095688	
  0.574252	  0.086753	  0.193073	  0.145921	
  0.116242	  0.222666	  0.238811	  0.422281	
  0.232475	  0.239555	  0.246850	  0.281120	

URL http://cisbp.ccbr.utoronto.ca/TFreport.php?versionNumber=2.00&searchTF=T175226_2.00

MOTIF M00852_2.00 (SELMODRAFT_437944)_(Arabidopsis_thaliana)_(DBD_0.79)

letter-probability matrix: alength= 4 w= 8 nsites= 1 E= 0
  0.214109	  0.272186	  0.209869	  0.303835	
  0.028040	  0.085083	  0.334832	  0.552045	
  0.029468	  0.061149	  0.882985	  0.026399	
  0.000039	  0.183899	  0.008202	  0.807860	
  0.110608	  0.636503	  0.087882	  0.165007	
  0.091509	  0.246272	  0.418399	  0.243821	
  0.168399	  0.288973	  0.367357	  0.175271	
  0.221967	  0.293692	  0.257889	  0.226451	

URL http://cisbp.ccbr.utoronto.ca/TFreport.php?versionNumber=2.00&searchTF=T021230_2.00

MOTIF M00881_2.00 (SELMODRAFT_441930)_(Arabidopsis_thaliana)_(DBD_0.98)

letter-probability matrix: alength= 4 w= 9 nsites= 1 E= 0
  0.309277	  0.185719	  0.222346	  0.282658	
  0.413773	  0.115044	  0.115044	  0.356138	
  0.207567	  0.294551	  0.127161	  0.370722	
  0.629383	  0.086898	  0.187680	  0.096038	
  0.080274	  0.051699	  0.000674	  0.867353	
  0.124741	  0.207730	  0.209818	  0.457711	
  0.071416	  0.741385	  0.083807	  0.103391	
  0.131046	  0.342252	  0.213908	  0.312794	
  0.207115	  0.305905	  0.228898	  0.258082	

URL http://cisbp.ccbr.utoronto.ca/TFreport.php?versionNumber=2.00&searchTF=T279570_2.00

MOTIF M00982_2.00 (SELMODRAFT_59955)_(Arabidopsis_thaliana)_(DBD_0.74)

letter-probability matrix: alength= 4 w= 8 nsites= 1 E= 0
  0.250000	  0.261358	  0.204566	  0.284075	
  0.401527	  0.007950	  0.582572	  0.007950	
  0.000061	  0.000061	  0.993683	  0.006195	
  0.000061	  0.006195	  0.000061	  0.993683	
  0.006195	  0.993683	  0.000061	  0.000061	
  0.987549	  0.000061	  0.000061	  0.012328	
  0.886497	  0.000067	  0.100040	  0.013396	
  0.280691	  0.377148	  0.149158	  0.193002	

URL http://cisbp.ccbr.utoronto.ca/TFreport.php?versionNumber=2.00&searchTF=T354622_2.00

MOTIF M01045_2.00 (SELMODRAFT_402810)_(Arabidopsis_thaliana)_(DBD_0.80)

letter-probability matrix: alength= 4 w= 9 nsites= 1 E= 0
  0.217485	  0.293574	  0.282063	  0.206878	
  0.273896	  0.392583	  0.217619	  0.115902	
  0.087868	  0.000097	  0.894117	  0.017919	
  0.054882	  0.784606	  0.107252	  0.053260	
  0.129025	  0.757488	  0.043380	  0.070106	
  0.088083	  0.000058	  0.905316	  0.006542	
  0.147844	  0.476351	  0.214038	  0.161767	
  0.074050	  0.792138	  0.055966	  0.077846	
  0.379401	  0.190298	  0.249284	  0.181017	

URL http://cisbp.ccbr.utoronto.ca/TFreport.php?versionNumber=2.00&searchTF=T005158_2.00

MOTIF M01052_2.00 (SELMODRAFT_106386)_(Arabidopsis_thaliana)_(DBD_0.98)

letter-probability matrix: alength= 4 w= 10 nsites= 1 E= 0
  0.304312	  0.231896	  0.231896	  0.231896	
  0.299252	  0.134777	  0.359742	  0.206229	
  0.000039	  0.999882	  0.000039	  0.000039	
  0.999882	  0.000039	  0.000039	  0.000039	
  0.000039	  0.999882	  0.000039	  0.000039	
  0.000039	  0.000039	  0.999882	  0.000039	
  0.000039	  0.000039	  0.000039	  0.999882	
  0.000039	  0.000039	  0.999882	  0.000039	
  0.090411	  0.808940	  0.082505	  0.018143	
  0.212500	  0.338255	  0.237241	  0.212004	

URL http://cisbp.ccbr.utoronto.ca/TFreport.php?versionNumber=2.00&searchTF=T044547_2.00

MOTIF M01064_2.00 (SELMODRAFT_451273)_(Arabidopsis_thaliana)_(DBD_0.65)

letter-probability matrix: alength= 4 w= 8 nsites= 1 E= 0
  0.143466	  0.001420	  0.001420	  0.853693	
  0.001106	  0.001106	  0.996681	  0.001106	
  0.996681	  0.001106	  0.001106	  0.001106	
  0.001106	  0.996681	  0.001106	  0.001106	
  0.498756	  0.001244	  0.498756	  0.001244	
  0.001244	  0.001244	  0.374378	  0.623134	
  0.001244	  0.747512	  0.250000	  0.001244	
  0.167219	  0.001656	  0.001656	  0.829470	

URL http://cisbp.ccbr.utoronto.ca/TFreport.php?versionNumber=2.00&searchTF=T223120_2.00

MOTIF M01078_2.00 (SELMODRAFT_133546)_(Arabidopsis_thaliana)_(DBD_0.94)

letter-probability matrix: alength= 4 w= 10 nsites= 1 E= 0
  0.194581	  0.387940	  0.244900	  0.172578	
  0.116234	  0.224888	  0.028951	  0.629927	
  0.131798	  0.102644	  0.092877	  0.672681	
  0.961631	  0.003891	  0.014420	  0.020058	
  0.017926	  0.036099	  0.014973	  0.931002	
  0.023071	  0.933172	  0.015008	  0.028749	
  0.043208	  0.636520	  0.069132	  0.251141	
  0.412024	  0.101604	  0.281767	  0.204605	
  0.245250	  0.233289	  0.221912	  0.299549	
  0.368215	  0.162173	  0.158962	  0.310650	

URL http://cisbp.ccbr.utoronto.ca/TFreport.php?versionNumber=2.00&searchTF=T279478_2.00

MOTIF M01098_2.00 (SELMODRAFT_105485)_(Cannabis_sativa)_(DBD_0.88)

letter-probability matrix: alength= 4 w= 10 nsites= 1 E= 0
  0.200274	  0.307061	  0.292392	  0.200274	
  0.096050	  0.621178	  0.096050	  0.186722	
  0.000064	  0.999807	  0.000064	  0.000064	
  0.999807	  0.000064	  0.000064	  0.000064	
  0.000064	  0.999807	  0.000064	  0.000064	
  0.000064	  0.999807	  0.000064	  0.000064	
  0.000064	  0.000064	  0.999807	  0.000064	
  0.000064	  0.999807	  0.000064	  0.000064	
  0.134046	  0.574343	  0.049790	  0.241821	
  0.335896	  0.270801	  0.239289	  0.154014	

URL http://cisbp.ccbr.utoronto.ca/TFreport.php?versionNumber=2.00&searchTF=T005125_2.00

MOTIF M01099_2.00 (SELMODRAFT_443461)_(Cannabis_sativa)_(DBD_0.87)

letter-probability matrix: alength= 4 w= 8 nsites= 1 E= 0
  0.080272	  0.878994	  0.000399	  0.040335	
  0.000333	  0.000333	  0.999001	  0.000333	
  0.000333	  0.965712	  0.033622	  0.000333	
  0.000333	  0.999001	  0.000333	  0.000333	
  0.000333	  0.000333	  0.999001	  0.000333	
  0.066911	  0.632823	  0.100200	  0.200067	
  0.138085	  0.826791	  0.000344	  0.034780	
  0.649202	  0.050399	  0.250000	  0.050399	

URL http://cisbp.ccbr.utoronto.ca/TFreport.php?versionNumber=2.00&searchTF=T005180_2.00

MOTIF M01106_2.00 (SELMODRAFT_426474)_(Trichomonas_vaginalis)_(DBD_0.56)

letter-probability matrix: alength= 4 w= 8 nsites= 1 E= 0
  0.483861	  0.092001	  0.215250	  0.208888	
  0.550968	  0.140005	  0.167616	  0.141412	
  0.561595	  0.058603	  0.114524	  0.265279	
  0.513647	  0.040106	  0.069515	  0.376733	
  0.597236	  0.037424	  0.030948	  0.334392	
  0.763937	  0.036910	  0.033733	  0.165420	
  0.582011	  0.007741	  0.027840	  0.382408	
  0.380653	  0.020326	  0.002038	  0.596983	

URL http://cisbp.ccbr.utoronto.ca/TFreport.php?versionNumber=2.00&searchTF=T017794_2.00

MOTIF M01120_2.00 (SELMODRAFT_118904)_(Cannabis_sativa)_(DBD_0.94)

letter-probability matrix: alength= 4 w= 8 nsites= 1 E= 0
  0.083887	  0.582226	  0.083887	  0.250000	
  0.000525	  0.998424	  0.000525	  0.000525	
  0.998424	  0.000525	  0.000525	  0.000525	
  0.000525	  0.998424	  0.000525	  0.000525	
  0.000525	  0.000525	  0.998424	  0.000525	
  0.000525	  0.000525	  0.000525	  0.998424	
  0.000525	  0.000525	  0.998424	  0.000525	
  0.285613	  0.570513	  0.071937	  0.071937	

URL http://cisbp.ccbr.utoronto.ca/TFreport.php?versionNumber=2.00&searchTF=T044551_2.00

MOTIF M01122_2.00 (SELMODRAFT_439190)_(Cannabis_sativa)_(DBD_1.00)

letter-probability matrix: alength= 4 w= 8 nsites= 1 E= 0
  0.167219	  0.498344	  0.167219	  0.167219	
  0.000996	  0.997012	  0.000996	  0.000996	
  0.997012	  0.000996	  0.000996	  0.000996	
  0.000996	  0.997012	  0.000996	  0.000996	
  0.000996	  0.000996	  0.997012	  0.000996	
  0.000996	  0.000996	  0.000996	  0.997012	
  0.000996	  0.000996	  0.997012	  0.000996	
  0.125622	  0.747512	  0.125622	  0.001244	

URL http://cisbp.ccbr.utoronto.ca/TFreport.php?versionNumber=2.00&searchTF=T044607_2.00

MOTIF M01123_2.00 (SELMODRAFT_46532)_(Cannabis_sativa)_(DBD_0.90)

letter-probability matrix: alength= 4 w= 8 nsites= 1 E= 0
  0.235329	  0.294014	  0.059272	  0.411385	
  0.000434	  0.998698	  0.000434	  0.000434	
  0.998698	  0.000434	  0.000434	  0.000434	
  0.000434	  0.998698	  0.000434	  0.000434	
  0.000434	  0.000434	  0.998698	  0.000434	
  0.000434	  0.000434	  0.000434	  0.998698	
  0.000434	  0.000434	  0.998698	  0.000434	
  0.067154	  0.532580	  0.200133	  0.200133	

URL http://cisbp.ccbr.utoronto.ca/TFreport.php?versionNumber=2.00&searchTF=T044617_2.00

MOTIF M01154_2.00 (SELMODRAFT_270282)_(Cannabis_sativa)_(DBD_0.74)

letter-probability matrix: alength= 4 w= 10 nsites= 1 E= 0
  0.207637	  0.374574	  0.231780	  0.186008	
  0.174524	  0.296505	  0.159503	  0.369468	
  0.179985	  0.219834	  0.344769	  0.255411	
  0.560855	  0.106640	  0.181175	  0.151330	
  0.031341	  0.648673	  0.156793	  0.163192	
  0.116412	  0.109633	  0.711331	  0.062623	
  0.093377	  0.131189	  0.042804	  0.732630	
  0.167926	  0.048595	  0.667488	  0.115992	
  0.074228	  0.124853	  0.458123	  0.342797	
  0.268273	  0.358527	  0.215294	  0.157907	

URL http://cisbp.ccbr.utoronto.ca/TFreport.php?versionNumber=2.00&searchTF=T067859_2.00

MOTIF M01155_2.00 (SELMODRAFT_231344)_(Cannabis_sativa)_(DBD_0.94)

letter-probability matrix: alength= 4 w= 10 nsites= 1 E= 0
  0.217604	  0.253155	  0.282338	  0.246903	
  0.295478	  0.243192	  0.282871	  0.178459	
  0.000014	  0.000014	  0.000014	  0.999958	
  0.000014	  0.000014	  0.999958	  0.000014	
  0.999958	  0.000014	  0.000014	  0.000014	
  0.000014	  0.999958	  0.000014	  0.000014	
  0.000014	  0.000014	  0.999958	  0.000014	
  0.000014	  0.000014	  0.000014	  0.999958	
  0.265769	  0.669411	  0.032410	  0.032410	
  0.711390	  0.071555	  0.109812	  0.107243	

URL http://cisbp.ccbr.utoronto.ca/TFreport.php?versionNumber=2.00&searchTF=T067855_2.00

MOTIF M01215_2.00 (SELMODRAFT_19628)_(Cannabis_sativa)_(DBD_0.91)

letter-probability matrix: alength= 4 w= 8 nsites= 1 E= 0
  0.355962	  0.199303	  0.243429	  0.201306	
  0.082596	  0.702020	  0.043990	  0.171394	
  0.173994	  0.047419	  0.399024	  0.379563	
  0.182524	  0.069192	  0.117552	  0.630732	
  0.157454	  0.075124	  0.128913	  0.638509	
  0.327133	  0.192552	  0.181339	  0.298977	
  0.220003	  0.276895	  0.197086	  0.306017	
  0.220064	  0.303056	  0.233672	  0.243208	

URL http://cisbp.ccbr.utoronto.ca/TFreport.php?versionNumber=2.00&searchTF=T171104_2.00

MOTIF M01225_2.00 (SELMODRAFT_136738)_(Physcomitrella_patens)_(DBD_0.95)

letter-probability matrix: alength= 4 w= 10 nsites= 1 E= 0
  0.190589	  0.347275	  0.407531	  0.054605	
  0.053131	  0.125558	  0.759581	  0.061730	
  0.006389	  0.948224	  0.000029	  0.045358	
  0.045581	  0.000042	  0.924726	  0.029651	
  0.016651	  0.814394	  0.092060	  0.076895	
  0.118839	  0.496592	  0.220913	  0.163656	
  0.407444	  0.259798	  0.072960	  0.259798	
  0.440817	  0.140982	  0.104442	  0.313760	
  0.395676	  0.129101	  0.157685	  0.317538	
  0.315183	  0.176470	  0.156515	  0.351832	

URL http://cisbp.ccbr.utoronto.ca/TFreport.php?versionNumber=2.00&searchTF=T173461_2.00

MOTIF M01238_2.00 (SELMODRAFT_173857)_(Arabidopsis_thaliana)_(DBD_0.89)

letter-probability matrix: alength= 4 w= 9 nsites= 1 E= 0
  0.250511	  0.219973	  0.258140	  0.271376	
  0.169952	  0.220416	  0.152249	  0.457382	
  0.117214	  0.071809	  0.667811	  0.143166	
  0.946665	  0.000679	  0.000567	  0.052089	
  0.098251	  0.711604	  0.000051	  0.190094	
  0.375280	  0.188231	  0.259219	  0.177270	
  0.147800	  0.173445	  0.356332	  0.322422	
  0.167061	  0.295409	  0.307465	  0.230065	
  0.220996	  0.241808	  0.194055	  0.343141	

URL http://cisbp.ccbr.utoronto.ca/TFreport.php?versionNumber=2.00&searchTF=T223079_2.00

MOTIF M01252_2.00 (SELMODRAFT_450564)_(Cannabis_sativa)_(DBD_0.82)

letter-probability matrix: alength= 4 w= 10 nsites= 1 E= 0
  0.253147	  0.215718	  0.189421	  0.341713	
  0.294580	  0.229419	  0.160060	  0.315940	
  0.258517	  0.220293	  0.150650	  0.370540	
  0.218917	  0.182855	  0.157384	  0.440844	
  0.292598	  0.167135	  0.145300	  0.394967	
  0.359756	  0.271898	  0.189697	  0.178650	
  0.272857	  0.295582	  0.221174	  0.210387	
  0.207409	  0.285629	  0.045363	  0.461598	
  0.248926	  0.087984	  0.476828	  0.186262	
  0.226411	  0.215369	  0.111314	  0.446907	

URL http://cisbp.ccbr.utoronto.ca/TFreport.php?versionNumber=2.00&searchTF=T223117_2.00

MOTIF M01263_2.00 (SELMODRAFT_14382)_(Cannabis_sativa)_(DBD_0.66)

letter-probability matrix: alength= 4 w= 10 nsites= 1 E= 0
  0.312257	  0.191297	  0.274191	  0.222255	
  0.197170	  0.373930	  0.168018	  0.260882	
  0.319070	  0.150718	  0.328788	  0.201424	
  0.125819	  0.081032	  0.716835	  0.076313	
  0.145126	  0.075009	  0.039158	  0.740707	
  0.623370	  0.106180	  0.127121	  0.143329	
  0.711425	  0.087994	  0.104300	  0.096281	
  0.471232	  0.166559	  0.116204	  0.246005	
  0.391109	  0.101391	  0.104479	  0.403020	
  0.320648	  0.219279	  0.164078	  0.295995	

URL http://cisbp.ccbr.utoronto.ca/TFreport.php?versionNumber=2.00&searchTF=T249792_2.00

MOTIF M01279_2.00 (SELMODRAFT_411844)_(Cannabis_sativa)_(DBD_0.79)

letter-probability matrix: alength= 4 w= 10 nsites= 1 E= 0
  0.138518	  0.287436	  0.085713	  0.488334	
  0.985369	  0.000224	  0.012466	  0.001941	
  0.926257	  0.058041	  0.007108	  0.008595	
  0.003541	  0.986708	  0.000504	  0.009248	
  0.035960	  0.080834	  0.798228	  0.084978	
  0.112592	  0.024138	  0.701888	  0.161382	
  0.213897	  0.266532	  0.113920	  0.405651	
  0.288297	  0.312308	  0.108201	  0.291194	
  0.363881	  0.216335	  0.180698	  0.239087	
  0.265702	  0.228692	  0.209009	  0.296597	

URL http://cisbp.ccbr.utoronto.ca/TFreport.php?versionNumber=2.00&searchTF=T279532_2.00

MOTIF M01283_2.00 (SELMODRAFT_423935)_(Cannabis_sativa)_(DBD_0.92)

letter-probability matrix: alength= 4 w= 10 nsites= 1 E= 0
  0.384152	  0.148567	  0.196574	  0.270707	
  0.558330	  0.069058	  0.063114	  0.309497	
  0.269366	  0.349349	  0.098108	  0.283177	
  0.960051	  0.005089	  0.020025	  0.014835	
  0.027536	  0.012623	  0.010756	  0.949085	
  0.070529	  0.028963	  0.032656	  0.867852	
  0.041568	  0.904445	  0.014840	  0.039147	
  0.032252	  0.417203	  0.137493	  0.413052	
  0.243880	  0.286196	  0.197685	  0.272238	
  0.180086	  0.274084	  0.164587	  0.381243	

URL http://cisbp.ccbr.utoronto.ca/TFreport.php?versionNumber=2.00&searchTF=T279550_2.00

MOTIF M01324_2.00 (SELMODRAFT_56731)_(Cannabis_sativa)_(DBD_0.87)

letter-probability matrix: alength= 4 w= 9 nsites= 1 E= 0
  0.263074	  0.231004	  0.242848	  0.263074	
  0.220573	  0.264074	  0.220573	  0.294780	
  0.384531	  0.103754	  0.451252	  0.060463	
  0.004332	  0.001181	  0.894390	  0.100097	
  0.008620	  0.002596	  0.002349	  0.986434	
  0.034161	  0.963991	  0.000060	  0.001788	
  0.725897	  0.132609	  0.035072	  0.106422	
  0.622335	  0.047157	  0.201035	  0.129474	
  0.314929	  0.408441	  0.121796	  0.154833	

URL http://cisbp.ccbr.utoronto.ca/TFreport.php?versionNumber=2.00&searchTF=T354620_2.00

MOTIF M01565_2.00 (SELMODRAFT_29503)_(Saccharomyces_cerevisiae)_(DBD_0.56)

letter-probability matrix: alength= 4 w= 10 nsites= 1 E= 0
  0.275621	  0.196179	  0.184754	  0.343445	
  0.239066	  0.197698	  0.157078	  0.406158	
  0.351405	  0.065493	  0.118148	  0.464954	
  0.275882	  0.145470	  0.109944	  0.468704	
  0.465587	  0.103886	  0.064283	  0.366244	
  0.343551	  0.084719	  0.502369	  0.069362	
  0.039893	  0.339069	  0.050714	  0.570324	
  0.299986	  0.072511	  0.434301	  0.193202	
  0.212492	  0.210378	  0.364638	  0.212492	
  0.183038	  0.221338	  0.419764	  0.175861	

URL http://cisbp.ccbr.utoronto.ca/TFreport.php?versionNumber=2.00&searchTF=T332501_2.00

MOTIF M01567_2.00 (SELMODRAFT_163230)_(Saccharomyces_cerevisiae)_(DBD_0.87)

letter-probability matrix: alength= 4 w= 7 nsites= 1 E= 0
  0.315311	  0.189343	  0.207174	  0.288172	
  0.345705	  0.141966	  0.211788	  0.300541	
  0.271982	  0.110580	  0.155359	  0.462079	
  0.583542	  0.000869	  0.110954	  0.304636	
  0.219565	  0.006434	  0.188981	  0.585020	
  0.934996	  0.000354	  0.051964	  0.012687	
  0.422777	  0.000471	  0.095282	  0.481470	

URL http://cisbp.ccbr.utoronto.ca/TFreport.php?versionNumber=2.00&searchTF=T342880_2.00

MOTIF M01612_2.00 (SELMODRAFT_15839)_(Arabidopsis_thaliana)_(DBD_0.92)

letter-probability matrix: alength= 4 w= 10 nsites= 1 E= 0
  0.180753	  0.553982	  0.128655	  0.136610	
  0.584029	  0.000181	  0.415695	  0.000095	
  0.000969	  0.933312	  0.065283	  0.000435	
  0.001168	  0.968011	  0.000091	  0.030730	
  0.093485	  0.006806	  0.786663	  0.113047	
  0.496772	  0.241805	  0.080490	  0.180934	
  0.098722	  0.822470	  0.000369	  0.078438	
  0.270589	  0.550376	  0.052489	  0.126546	
  0.468198	  0.141019	  0.160596	  0.230187	
  0.268544	  0.245430	  0.189239	  0.296787	

URL http://cisbp.ccbr.utoronto.ca/TFreport.php?versionNumber=2.00&searchTF=T005135_2.00

MOTIF M01628_2.00 (SELMODRAFT_37123)_(Arabidopsis_thaliana)_(DBD_0.77)

letter-probability matrix: alength= 4 w= 9 nsites= 1 E= 0
  0.264274	  0.248883	  0.261644	  0.225199	
  0.300623	  0.211846	  0.319213	  0.168318	
  0.228195	  0.134317	  0.478282	  0.159206	
  0.205089	  0.479836	  0.193146	  0.121930	
  0.108345	  0.695977	  0.056561	  0.139117	
  0.309545	  0.003543	  0.675264	  0.011648	
  0.179837	  0.358545	  0.351445	  0.110173	
  0.136656	  0.670127	  0.104320	  0.088896	
  0.395260	  0.198253	  0.281334	  0.125154	

URL http://cisbp.ccbr.utoronto.ca/TFreport.php?versionNumber=2.00&searchTF=T005150_2.00

MOTIF M01634_2.00 (SELMODRAFT_17703)_(Oryza_sativa)_(DBD_0.80)

letter-probability matrix: alength= 4 w= 10 nsites= 1 E= 0
  0.228636	  0.247679	  0.252682	  0.271003	
  0.193820	  0.322766	  0.251370	  0.232044	
  0.226292	  0.344408	  0.240285	  0.189015	
  0.170262	  0.000111	  0.794205	  0.035422	
  0.020175	  0.635517	  0.309340	  0.034968	
  0.000005	  0.998696	  0.000681	  0.000617	
  0.000006	  0.000009	  0.999893	  0.000091	
  0.208791	  0.488498	  0.000437	  0.302274	
  0.304406	  0.320013	  0.158914	  0.216667	
  0.353046	  0.189919	  0.229660	  0.227375	

URL http://cisbp.ccbr.utoronto.ca/TFreport.php?versionNumber=2.00&searchTF=T005141_2.00

MOTIF M01639_2.00 (SELMODRAFT_73146)_(Physcomitrella_patens)_(DBD_0.85)

letter-probability matrix: alength= 4 w= 8 nsites= 1 E= 0
  0.250000	  0.665282	  0.000831	  0.083887	
  0.848802	  0.000499	  0.150200	  0.000499	
  0.000499	  0.998503	  0.000499	  0.000499	
  0.000499	  0.998503	  0.000499	  0.000499	
  0.000499	  0.000499	  0.998503	  0.000499	
  0.948603	  0.000499	  0.000499	  0.050399	
  0.000499	  0.998503	  0.000499	  0.000499	
  0.641738	  0.285613	  0.000712	  0.071937	

URL http://cisbp.ccbr.utoronto.ca/TFreport.php?versionNumber=2.00&searchTF=T005205_2.00

MOTIF M01640_2.00 (SELMODRAFT_69412)_(Physcomitrella_patens)_(DBD_0.74)

letter-probability matrix: alength= 4 w= 10 nsites= 1 E= 0
  0.170944	  0.290510	  0.246484	  0.292063	
  0.070283	  0.789151	  0.070283	  0.070283	
  0.923681	  0.000084	  0.076152	  0.000084	
  0.000084	  0.999749	  0.000084	  0.000084	
  0.000084	  0.999749	  0.000084	  0.000084	
  0.000084	  0.000084	  0.999749	  0.000084	
  0.999749	  0.000084	  0.000084	  0.000084	
  0.000084	  0.999749	  0.000084	  0.000084	
  0.488545	  0.288488	  0.079140	  0.143827	
  0.348247	  0.179801	  0.179801	  0.292152	

URL http://cisbp.ccbr.utoronto.ca/TFreport.php?versionNumber=2.00&searchTF=T005188_2.00

MOTIF M01644_2.00 (SELMODRAFT_73135)_(Ostreococcus_tauri)_(DBD_0.78)

letter-probability matrix: alength= 4 w= 8 nsites= 1 E= 0
  0.184280	  0.604890	  0.131703	  0.079127	
  0.000196	  0.000196	  0.999412	  0.000196	
  0.000196	  0.921042	  0.078566	  0.000196	
  0.000196	  0.979820	  0.019788	  0.000196	
  0.000196	  0.000196	  0.999412	  0.000196	
  0.019788	  0.705525	  0.215713	  0.058973	
  0.000204	  0.999388	  0.000204	  0.000204	
  0.580219	  0.032539	  0.322487	  0.064755	

URL http://cisbp.ccbr.utoronto.ca/TFreport.php?versionNumber=2.00&searchTF=T005196_2.00

MOTIF M01697_2.00 (SELMODRAFT_179736)_(Arabidopsis_thaliana)_(DBD_0.81)

letter-probability matrix: alength= 4 w= 9 nsites= 1 E= 0
  0.270286	  0.232638	  0.204278	  0.292798	
  0.224984	  0.258793	  0.106275	  0.409948	
  0.004011	  0.000000	  0.089936	  0.906053	
  0.038180	  0.001408	  0.899931	  0.060480	
  0.000090	  0.012865	  0.000229	  0.986816	
  0.053557	  0.863282	  0.001650	  0.081511	
  0.061072	  0.027441	  0.797958	  0.113529	
  0.121391	  0.138244	  0.651331	  0.089034	
  0.227842	  0.336519	  0.216730	  0.218909	

URL http://cisbp.ccbr.utoronto.ca/TFreport.php?versionNumber=2.00&searchTF=T021206_2.00

MOTIF M01703_2.00 (SELMODRAFT_29179)_(Arabidopsis_thaliana)_(DBD_0.90)

letter-probability matrix: alength= 4 w= 10 nsites= 1 E= 0
  0.287752	  0.219802	  0.295644	  0.196803	
  0.143693	  0.275383	  0.279230	  0.301693	
  0.020717	  0.940292	  0.014443	  0.024547	
  0.956610	  0.000000	  0.026694	  0.016696	
  0.001633	  0.907850	  0.000000	  0.090517	
  0.090517	  0.000000	  0.907850	  0.001633	
  0.016696	  0.026694	  0.000000	  0.956610	
  0.024547	  0.014443	  0.940292	  0.020717	
  0.301693	  0.279230	  0.275383	  0.143693	
  0.196803	  0.295644	  0.219802	  0.287752	

URL http://cisbp.ccbr.utoronto.ca/TFreport.php?versionNumber=2.00&searchTF=T044564_2.00

MOTIF M01714_2.00 (SELMODRAFT_165311)_(Arabidopsis_thaliana)_(DBD_0.74)

letter-probability matrix: alength= 4 w= 10 nsites= 1 E= 0
  0.253826	  0.204611	  0.300345	  0.241217	
  0.269239	  0.227841	  0.333994	  0.168926	
  0.129932	  0.796278	  0.018776	  0.055015	
  0.681995	  0.084955	  0.120074	  0.112976	
  0.002241	  0.864955	  0.000000	  0.132804	
  0.132804	  0.000000	  0.864955	  0.002241	
  0.112976	  0.120074	  0.084955	  0.681995	
  0.055015	  0.018776	  0.796278	  0.129932	
  0.168926	  0.333994	  0.227841	  0.269239	
  0.241217	  0.300345	  0.204611	  0.253826	

URL http://cisbp.ccbr.utoronto.ca/TFreport.php?versionNumber=2.00&searchTF=T044558_2.00

MOTIF M01756_2.00 (SELMODRAFT_422025)_(Physcomitrella_patens)_(DBD_0.98)

letter-probability matrix: alength= 4 w= 10 nsites= 1 E= 0
  0.249633	  0.272331	  0.222488	  0.255548	
  0.207994	  0.230574	  0.392066	  0.169365	
  0.105898	  0.844263	  0.012262	  0.037577	
  0.923118	  0.000000	  0.010419	  0.066463	
  0.021853	  0.939508	  0.000000	  0.038640	
  0.038640	  0.000000	  0.939508	  0.021853	
  0.066463	  0.010419	  0.000000	  0.923118	
  0.037577	  0.012262	  0.844263	  0.105898	
  0.169365	  0.392066	  0.230574	  0.207994	
  0.255548	  0.222488	  0.272331	  0.249633	

URL http://cisbp.ccbr.utoronto.ca/TFreport.php?versionNumber=2.00&searchTF=T044596_2.00

MOTIF M01757_2.00 (SELMODRAFT_451475)_(Physcomitrella_patens)_(DBD_0.90)

letter-probability matrix: alength= 4 w= 10 nsites= 1 E= 0
  0.263722	  0.237561	  0.308283	  0.190434	
  0.209728	  0.180729	  0.272054	  0.337490	
  0.069367	  0.849324	  0.017055	  0.064254	
  0.806212	  0.000021	  0.106417	  0.087351	
  0.054587	  0.799530	  0.000012	  0.145870	
  0.145870	  0.000012	  0.799530	  0.054587	
  0.087351	  0.106417	  0.000021	  0.806212	
  0.064254	  0.017055	  0.849324	  0.069367	
  0.337490	  0.272054	  0.180729	  0.209728	
  0.190434	  0.308283	  0.237561	  0.263722	

URL http://cisbp.ccbr.utoronto.ca/TFreport.php?versionNumber=2.00&searchTF=T044614_2.00

MOTIF M01758_2.00 (SELMODRAFT_72702)_(Physcomitrella_patens)_(DBD_0.98)

letter-probability matrix: alength= 4 w= 8 nsites= 1 E= 0
  0.154141	  0.460890	  0.154141	  0.230828	
  0.000525	  0.998424	  0.000525	  0.000525	
  0.998424	  0.000525	  0.000525	  0.000525	
  0.000525	  0.998424	  0.000525	  0.000525	
  0.053046	  0.000525	  0.945903	  0.000525	
  0.000525	  0.000525	  0.000525	  0.998424	
  0.000525	  0.000525	  0.998424	  0.000525	
  0.143162	  0.641738	  0.071937	  0.143162	

URL http://cisbp.ccbr.utoronto.ca/TFreport.php?versionNumber=2.00&searchTF=T044621_2.00

MOTIF M01783_2.00 (SELMODRAFT_125734)_(Arabidopsis_thaliana)_(DBD_0.69)

letter-probability matrix: alength= 4 w= 10 nsites= 1 E= 0
  0.194982	  0.331261	  0.073179	  0.400578	
  0.062566	  0.319327	  0.401905	  0.216203	
  0.863019	  0.035889	  0.054078	  0.047014	
  0.016012	  0.783149	  0.111422	  0.089418	
  0.057917	  0.135505	  0.756729	  0.049849	
  0.020596	  0.026183	  0.004505	  0.948716	
  0.045651	  0.000000	  0.954344	  0.000005	
  0.000119	  0.051604	  0.610088	  0.338188	
  0.279665	  0.535709	  0.102883	  0.081744	
  0.362040	  0.293464	  0.151677	  0.192819	

URL http://cisbp.ccbr.utoronto.ca/TFreport.php?versionNumber=2.00&searchTF=T067841_2.00

MOTIF M01851_2.00 (SELMODRAFT_405785)_(Arabidopsis_thaliana)_(DBD_0.65)

letter-probability matrix: alength= 4 w= 8 nsites= 1 E= 0
  0.526320	  0.067756	  0.216136	  0.189788	
  0.011263	  0.400013	  0.534588	  0.054136	
  0.279852	  0.064992	  0.000400	  0.654756	
  0.106357	  0.088837	  0.049740	  0.755066	
  0.261504	  0.306878	  0.175292	  0.256326	
  0.270317	  0.247051	  0.254575	  0.228057	
  0.280202	  0.266537	  0.243596	  0.209665	
  0.264607	  0.244263	  0.239427	  0.251702	

URL http://cisbp.ccbr.utoronto.ca/TFreport.php?versionNumber=2.00&searchTF=T128485_2.00

MOTIF M01901_2.00 (SELMODRAFT_18382)_(Arabidopsis_thaliana)_(DBD_0.82)

letter-probability matrix: alength= 4 w= 9 nsites= 1 E= 0
  0.312611	  0.203356	  0.220293	  0.263739	
  0.326944	  0.237410	  0.175878	  0.259768	
  0.392951	  0.120746	  0.243152	  0.243152	
  0.219861	  0.438339	  0.305819	  0.035981	
  0.026347	  0.954655	  0.007624	  0.011374	
  0.018307	  0.010562	  0.969973	  0.001159	
  0.031325	  0.681579	  0.007202	  0.279894	
  0.007983	  0.006601	  0.969971	  0.015445	
  0.007485	  0.010945	  0.053674	  0.927896	

URL http://cisbp.ccbr.utoronto.ca/TFreport.php?versionNumber=2.00&searchTF=T163359_2.00

MOTIF M01941_2.00 (SELMODRAFT_177195)_(Arabidopsis_thaliana)_(DBD_0.89)

letter-probability matrix: alength= 4 w= 7 nsites= 1 E= 0
  0.450341	  0.225880	  0.111053	  0.212726	
  0.001226	  0.003435	  0.957098	  0.038241	
  0.972237	  0.001615	  0.000368	  0.025780	
  0.000335	  0.000738	  0.000485	  0.998442	
  0.090259	  0.400489	  0.271154	  0.238099	
  0.285085	  0.194959	  0.240516	  0.279440	
  0.309814	  0.170029	  0.258778	  0.261379	

URL http://cisbp.ccbr.utoronto.ca/TFreport.php?versionNumber=2.00&searchTF=T195155_2.00

MOTIF M01952_2.00 (SELMODRAFT_29096)_(Physcomitrella_patens)_(DBD_0.58)

letter-probability matrix: alength= 4 w= 10 nsites= 1 E= 0
  0.229466	  0.271988	  0.218275	  0.280271	
  0.265495	  0.270858	  0.192789	  0.270858	
  0.331307	  0.228845	  0.258022	  0.181825	
  0.066831	  0.838966	  0.021806	  0.072397	
  0.051568	  0.028019	  0.204976	  0.715437	
  0.061159	  0.000615	  0.046223	  0.892004	
  0.059658	  0.009763	  0.042889	  0.887690	
  0.320710	  0.172524	  0.111112	  0.395653	
  0.221858	  0.260353	  0.215301	  0.302487	
  0.238191	  0.252920	  0.265887	  0.243003	

URL http://cisbp.ccbr.utoronto.ca/TFreport.php?versionNumber=2.00&searchTF=T171117_2.00

MOTIF M01954_2.00 (SELMODRAFT_437759)_(Physcomitrella_patens)_(DBD_0.88)

letter-probability matrix: alength= 4 w= 10 nsites= 1 E= 0
  0.314440	  0.180822	  0.245015	  0.259723	
  0.180290	  0.441124	  0.159171	  0.219415	
  0.178426	  0.191722	  0.312533	  0.317319	
  0.238058	  0.134033	  0.166082	  0.461826	
  0.302887	  0.134654	  0.103779	  0.458679	
  0.458679	  0.103779	  0.134654	  0.302887	
  0.461826	  0.166082	  0.134033	  0.238058	
  0.317319	  0.312533	  0.191722	  0.178426	
  0.219415	  0.159171	  0.441124	  0.180290	
  0.259723	  0.245015	  0.180822	  0.314440	

URL http://cisbp.ccbr.utoronto.ca/TFreport.php?versionNumber=2.00&searchTF=T171146_2.00

MOTIF M01956_2.00 (SELMODRAFT_440428)_(Physcomitrella_patens)_(DBD_0.90)

letter-probability matrix: alength= 4 w= 10 nsites= 1 E= 0
  0.227461	  0.227461	  0.261643	  0.283434	
  0.259361	  0.307422	  0.173855	  0.259361	
  0.373723	  0.207165	  0.268679	  0.150433	
  0.052278	  0.859692	  0.027291	  0.060738	
  0.086225	  0.053891	  0.216363	  0.643522	
  0.081585	  0.000671	  0.062280	  0.855464	
  0.080536	  0.023777	  0.067945	  0.827742	
  0.322963	  0.128707	  0.085416	  0.462913	
  0.216530	  0.254101	  0.186369	  0.343000	
  0.227557	  0.256570	  0.264384	  0.251489	

URL http://cisbp.ccbr.utoronto.ca/TFreport.php?versionNumber=2.00&searchTF=T171149_2.00

MOTIF M02004_2.00 (SELMODRAFT_69566)_(Arabidopsis_thaliana)_(DBD_0.89)

letter-probability matrix: alength= 4 w= 10 nsites= 1 E= 0
  0.328343	  0.169035	  0.219501	  0.283121	
  0.211913	  0.328631	  0.142583	  0.316873	
  0.439586	  0.186507	  0.226876	  0.147031	
  0.206769	  0.163146	  0.479655	  0.150430	
  0.739393	  0.025832	  0.034627	  0.200147	
  0.200147	  0.034627	  0.025832	  0.739393	
  0.150430	  0.479655	  0.163146	  0.206769	
  0.147031	  0.226876	  0.186507	  0.439586	
  0.316873	  0.142583	  0.328631	  0.211913	
  0.283121	  0.219501	  0.169035	  0.328343	

URL http://cisbp.ccbr.utoronto.ca/TFreport.php?versionNumber=2.00&searchTF=T195168_2.00

MOTIF M02037_2.00 (SELMODRAFT_415291)_(Arabidopsis_thaliana)_(DBD_0.75)

letter-probability matrix: alength= 4 w= 10 nsites= 1 E= 0
  0.268741	  0.205152	  0.240748	  0.285359	
  0.218201	  0.201425	  0.285835	  0.294540	
  0.197705	  0.139320	  0.074947	  0.588028	
  0.079458	  0.040659	  0.776832	  0.103051	
  0.916758	  0.000074	  0.000002	  0.083166	
  0.063994	  0.811419	  0.004432	  0.120155	
  0.417885	  0.131001	  0.300427	  0.150687	
  0.145466	  0.134282	  0.379913	  0.340339	
  0.152994	  0.340493	  0.308091	  0.198422	
  0.223635	  0.221410	  0.167338	  0.387617	

URL http://cisbp.ccbr.utoronto.ca/TFreport.php?versionNumber=2.00&searchTF=T223098_2.00

MOTIF M02038_2.00 (SELMODRAFT_447019)_(Arabidopsis_thaliana)_(DBD_0.75)

letter-probability matrix: alength= 4 w= 8 nsites= 1 E= 0
  0.231259	  0.222191	  0.176538	  0.370012	
  0.214645	  0.107661	  0.527941	  0.149753	
  0.199975	  0.180945	  0.018324	  0.600757	
  0.043118	  0.003108	  0.185663	  0.768111	
  0.080433	  0.733206	  0.099229	  0.087132	
  0.404577	  0.085016	  0.129391	  0.381016	
  0.285665	  0.046285	  0.032292	  0.635758	
  0.299073	  0.273332	  0.276079	  0.151515	

URL http://cisbp.ccbr.utoronto.ca/TFreport.php?versionNumber=2.00&searchTF=T223109_2.00

MOTIF M02048_2.00 (SELMODRAFT_140884)_(Arabidopsis_thaliana)_(DBD_0.86)

letter-probability matrix: alength= 4 w= 10 nsites= 1 E= 0
  0.321237	  0.276492	  0.189082	  0.213189	
  0.320578	  0.165691	  0.223660	  0.290071	
  0.139589	  0.146746	  0.106559	  0.607106	
  0.317293	  0.194382	  0.141150	  0.347174	
  0.632031	  0.128887	  0.148256	  0.090825	
  0.431609	  0.201849	  0.120003	  0.246539	
  0.074393	  0.168910	  0.136916	  0.619781	
  0.297108	  0.113761	  0.475371	  0.113761	
  0.178927	  0.386440	  0.180725	  0.253909	
  0.217813	  0.260769	  0.296972	  0.224446	

URL http://cisbp.ccbr.utoronto.ca/TFreport.php?versionNumber=2.00&searchTF=T223075_2.00

MOTIF M02049_2.00 (SELMODRAFT_115439)_(Arabidopsis_thaliana)_(DBD_0.55)

letter-probability matrix: alength= 4 w= 8 nsites= 1 E= 0
  0.100598	  0.200199	  0.100598	  0.598606	
  0.071937	  0.000712	  0.000712	  0.926638	
  0.133644	  0.000665	  0.798537	  0.067154	
  0.998005	  0.000665	  0.000665	  0.000665	
  0.000665	  0.000665	  0.000665	  0.998005	
  0.000665	  0.000665	  0.000665	  0.998005	
  0.154141	  0.000767	  0.844325	  0.000767	
  0.816123	  0.091486	  0.091486	  0.000906	

URL http://cisbp.ccbr.utoronto.ca/TFreport.php?versionNumber=2.00&searchTF=T223071_2.00

MOTIF M02051_2.00 (SELMODRAFT_450988)_(Arabidopsis_thaliana)_(DBD_0.92)

letter-probability matrix: alength= 4 w= 10 nsites= 1 E= 0
  0.260303	  0.217424	  0.240290	  0.281983	
  0.262660	  0.188832	  0.296148	  0.252361	
  0.133012	  0.185015	  0.131688	  0.550285	
  0.036271	  0.033483	  0.872212	  0.058034	
  0.974389	  0.000237	  0.000048	  0.025325	
  0.032101	  0.887929	  0.000221	  0.079750	
  0.463371	  0.172178	  0.241901	  0.122551	
  0.098103	  0.155403	  0.457611	  0.288883	
  0.126687	  0.334193	  0.344370	  0.194750	
  0.215303	  0.228616	  0.167678	  0.388403	

URL http://cisbp.ccbr.utoronto.ca/TFreport.php?versionNumber=2.00&searchTF=T223118_2.00

MOTIF M02137_2.00 (SELMODRAFT_404178)_(Zea_mays)_(DBD_0.75)

letter-probability matrix: alength= 4 w= 8 nsites= 1 E= 0
  0.144988	  0.202926	  0.101535	  0.550550	
  0.042193	  0.000105	  0.010627	  0.947075	
  0.299980	  0.000100	  0.699820	  0.000100	
  0.989704	  0.000100	  0.000100	  0.010096	
  0.000100	  0.020092	  0.000100	  0.979708	
  0.000100	  0.000100	  0.010096	  0.989704	
  0.170491	  0.000114	  0.772490	  0.056906	
  0.499844	  0.156309	  0.234385	  0.109463	

URL http://cisbp.ccbr.utoronto.ca/TFreport.php?versionNumber=2.00&searchTF=T223092_2.00

MOTIF M02138_2.00 (SELMODRAFT_417475)_(Zea_mays)_(DBD_0.43)

letter-probability matrix: alength= 4 w= 10 nsites= 1 E= 0
  0.350138	  0.267035	  0.191413	  0.191413	
  0.175104	  0.254387	  0.397340	  0.173169	
  0.000152	  0.000152	  0.000152	  0.999545	
  0.000152	  0.094572	  0.905125	  0.000152	
  0.999545	  0.000152	  0.000152	  0.000152	
  0.000152	  0.905125	  0.000152	  0.094572	
  0.456842	  0.000152	  0.542855	  0.000152	
  0.094572	  0.000152	  0.456842	  0.448434	
  0.058738	  0.740470	  0.142053	  0.058738	
  0.368859	  0.150670	  0.150670	  0.329802	

URL http://cisbp.ccbr.utoronto.ca/TFreport.php?versionNumber=2.00&searchTF=T223099_2.00

MOTIF M02139_2.00 (SELMODRAFT_159366)_(Zea_mays)_(DBD_0.77)

letter-probability matrix: alength= 4 w= 8 nsites= 1 E= 0
  0.261893	  0.119172	  0.333254	  0.285680	
  0.015529	  0.046279	  0.000154	  0.938038	
  0.000132	  0.013282	  0.986454	  0.000132	
  0.973304	  0.000132	  0.000132	  0.026433	
  0.000132	  0.999605	  0.000132	  0.000132	
  0.599813	  0.040112	  0.319963	  0.040112	
  0.058082	  0.029114	  0.565035	  0.347769	
  0.019408	  0.538240	  0.346080	  0.096272	

URL http://cisbp.ccbr.utoronto.ca/TFreport.php?versionNumber=2.00&searchTF=T223077_2.00

MOTIF M02155_2.00 (SELMODRAFT_49899)_(Oryza_sativa)_(DBD_0.69)

letter-probability matrix: alength= 4 w= 10 nsites= 1 E= 0
  0.253599	  0.283087	  0.253599	  0.209716	
  0.214157	  0.316306	  0.186179	  0.283358	
  0.188420	  0.107627	  0.026276	  0.677677	
  0.690459	  0.069920	  0.139401	  0.100219	
  0.753766	  0.111618	  0.042312	  0.092303	
  0.154092	  0.197858	  0.146577	  0.501473	
  0.181702	  0.380836	  0.187236	  0.250227	
  0.305403	  0.257658	  0.217377	  0.219562	
  0.263517	  0.300101	  0.207290	  0.229091	
  0.250103	  0.233194	  0.276406	  0.240296	

URL http://cisbp.ccbr.utoronto.ca/TFreport.php?versionNumber=2.00&searchTF=T223130_2.00

MOTIF M02220_2.00 (SELMODRAFT_19476)_(Physcomitrella_patens)_(DBD_0.89)

letter-probability matrix: alength= 4 w= 10 nsites= 1 E= 0
  0.152796	  0.454458	  0.114332	  0.278413	
  0.662290	  0.180495	  0.153808	  0.003407	
  0.888120	  0.108756	  0.000092	  0.003032	
  0.000008	  0.000019	  0.000002	  0.999971	
  0.313012	  0.325786	  0.178795	  0.182407	
  0.926033	  0.000000	  0.073767	  0.000200	
  0.126891	  0.144508	  0.130756	  0.597845	
  0.217089	  0.113330	  0.308064	  0.361516	
  0.227081	  0.258606	  0.300457	  0.213856	
  0.231646	  0.243523	  0.325451	  0.199380	

URL http://cisbp.ccbr.utoronto.ca/TFreport.php?versionNumber=2.00&searchTF=T223085_2.00

MOTIF M02227_2.00 (SELMODRAFT_414952)_(Oikopleura_dioica)_(DBD_0.57)

letter-probability matrix: alength= 4 w= 8 nsites= 1 E= 0
  0.308789	  0.191211	  0.250000	  0.250000	
  0.009525	  0.037816	  0.000094	  0.952565	
  0.000083	  0.000083	  0.999752	  0.000083	
  0.958784	  0.000082	  0.000082	  0.041052	
  0.000082	  0.999754	  0.000082	  0.000082	
  0.950590	  0.000082	  0.049246	  0.000082	
  0.074832	  0.056147	  0.635370	  0.233651	
  0.132587	  0.277095	  0.397519	  0.192799	

URL http://cisbp.ccbr.utoronto.ca/TFreport.php?versionNumber=2.00&searchTF=T223097_2.00

MOTIF M02261_2.00 (SELMODRAFT_49085)_(Arabidopsis_thaliana)_(DBD_0.85)

letter-probability matrix: alength= 4 w= 10 nsites= 1 E= 0
  0.389733	  0.203458	  0.285848	  0.120960	
  0.472670	  0.110874	  0.244300	  0.172155	
  0.254581	  0.354114	  0.131581	  0.259724	
  0.197262	  0.370381	  0.366695	  0.065663	
  0.069990	  0.763836	  0.143790	  0.022384	
  0.064963	  0.140305	  0.775743	  0.018988	
  0.092794	  0.228237	  0.639307	  0.039662	
  0.213544	  0.300019	  0.355614	  0.130823	
  0.278886	  0.176056	  0.369002	  0.176056	
  0.302500	  0.179843	  0.293560	  0.224098	

URL http://cisbp.ccbr.utoronto.ca/TFreport.php?versionNumber=2.00&searchTF=T246018_2.00

MOTIF M02262_2.00 (SELMODRAFT_48883)_(Physcomitrella_patens)_(DBD_0.81)

letter-probability matrix: alength= 4 w= 10 nsites= 1 E= 0
  0.398276	  0.182572	  0.248923	  0.170229	
  0.415037	  0.148171	  0.177393	  0.259399	
  0.348590	  0.169677	  0.166317	  0.315417	
  0.293163	  0.177812	  0.125302	  0.403723	
  0.178670	  0.283027	  0.160059	  0.378245	
  0.266023	  0.302955	  0.341581	  0.089441	
  0.134815	  0.598186	  0.130830	  0.136170	
  0.001443	  0.048266	  0.950256	  0.000035	
  0.030460	  0.256313	  0.630429	  0.082798	
  0.301469	  0.208235	  0.225578	  0.264718	

URL http://cisbp.ccbr.utoronto.ca/TFreport.php?versionNumber=2.00&searchTF=T246015_2.00

MOTIF M02296_2.00 (SELMODRAFT_447635)_(Arabidopsis_thaliana)_(DBD_0.85)

letter-probability matrix: alength= 4 w= 10 nsites= 1 E= 0
  0.371858	  0.181003	  0.190283	  0.256855	
  0.609459	  0.091156	  0.156424	  0.142961	
  0.042918	  0.004218	  0.897204	  0.055661	
  0.977189	  0.000806	  0.000790	  0.021214	
  0.034212	  0.000282	  0.000065	  0.965441	
  0.320056	  0.234744	  0.021726	  0.423475	
  0.046766	  0.564058	  0.082695	  0.306481	
  0.098809	  0.138821	  0.465533	  0.296837	
  0.192166	  0.343216	  0.292469	  0.172149	
  0.218283	  0.207637	  0.168307	  0.405772	

URL http://cisbp.ccbr.utoronto.ca/TFreport.php?versionNumber=2.00&searchTF=T279580_2.00

MOTIF M02300_2.00 (SELMODRAFT_428906)_(Arabidopsis_thaliana)_(DBD_0.87)

letter-probability matrix: alength= 4 w= 10 nsites= 1 E= 0
  0.295568	  0.184731	  0.298539	  0.221163	
  0.155278	  0.378122	  0.248444	  0.218157	
  0.270223	  0.117830	  0.528079	  0.083868	
  0.300943	  0.220726	  0.197734	  0.280597	
  0.628233	  0.045737	  0.123089	  0.202940	
  0.873296	  0.017327	  0.005597	  0.103780	
  0.107489	  0.039940	  0.000739	  0.851832	
  0.137664	  0.709683	  0.074800	  0.077853	
  0.152817	  0.278451	  0.127644	  0.441088	
  0.336878	  0.216962	  0.239780	  0.206380	

URL http://cisbp.ccbr.utoronto.ca/TFreport.php?versionNumber=2.00&searchTF=T279559_2.00

MOTIF M02305_2.00 (SELMODRAFT_36646)_(Arabidopsis_thaliana)_(DBD_0.98)

letter-probability matrix: alength= 4 w= 11 nsites= 1 E= 0
  0.325083	  0.224972	  0.224972	  0.224972	
  0.248785	  0.260211	  0.048443	  0.442561	
  0.825532	  0.024528	  0.024528	  0.125413	
  0.000222	  0.000222	  0.999335	  0.000222	
  0.999335	  0.000222	  0.000222	  0.000222	
  0.000222	  0.000222	  0.000222	  0.999335	
  0.287819	  0.317618	  0.000222	  0.394341	
  0.000222	  0.776894	  0.000222	  0.222663	
  0.025249	  0.025249	  0.723019	  0.226482	
