MEME version 5.5.8 (Fri May 2 15:43:49 2025 -0700)

ALPHABET= ACGT

strands: + -

Background letter frequencies (from uniform background):
A 0.25000 C 0.25000 G 0.25000 T 0.25000 

MOTIF M00195_2.00 (SBAD_0000026401)_(Mus_musculus)_(DBD_0.88)

letter-probability matrix: alength= 4 w= 10 nsites= 1 E= 0
  0.279067	  0.181426	  0.181426	  0.358081	
  0.289551	  0.189085	  0.212315	  0.309049	
  0.000105	  0.000105	  0.000105	  0.999685	
  0.000105	  0.000105	  0.999685	  0.000105	
  0.000105	  0.999685	  0.000105	  0.000105	
  0.000105	  0.000105	  0.000105	  0.999685	
  0.000105	  0.000105	  0.999685	  0.000105	
  0.999685	  0.000105	  0.000105	  0.000105	
  0.068679	  0.613130	  0.162332	  0.155859	
  0.241038	  0.147190	  0.147190	  0.464583	

URL http://cisbp.ccbr.utoronto.ca/TFreport.php?versionNumber=2.00&searchTF=T336881_2.00

MOTIF M00287_2.00 (SBAD_0000768301)_(Homo_sapiens)_(DBD_0.86)

letter-probability matrix: alength= 4 w= 10 nsites= 1 E= 0
  0.276533	  0.274138	  0.272562	  0.176767	
  0.096569	  0.200738	  0.096569	  0.606124	
  0.000039	  0.000039	  0.000039	  0.999883	
  0.999883	  0.000039	  0.000039	  0.000039	
  0.999883	  0.000039	  0.000039	  0.000039	
  0.000039	  0.000039	  0.000039	  0.999883	
  0.000039	  0.000039	  0.000039	  0.999883	
  0.999883	  0.000039	  0.000039	  0.000039	
  0.187323	  0.073272	  0.666133	  0.073272	
  0.248701	  0.250739	  0.247869	  0.252690	

URL http://cisbp.ccbr.utoronto.ca/TFreport.php?versionNumber=2.00&searchTF=T235919_2.00

MOTIF M00334_2.00 (SBAD_0000077201)_(Homo_sapiens)_(DBD_0.82)

letter-probability matrix: alength= 4 w= 7 nsites= 1 E= 0
  0.319925	  0.157289	  0.316742	  0.206043	
  0.036978	  0.278756	  0.210679	  0.473587	
  0.510977	  0.066442	  0.313038	  0.109544	
  0.412870	  0.109195	  0.219891	  0.258045	
  0.239885	  0.167362	  0.212759	  0.379995	
  0.237774	  0.159385	  0.265422	  0.337418	
  0.255410	  0.198913	  0.285108	  0.260569	

URL http://cisbp.ccbr.utoronto.ca/TFreport.php?versionNumber=2.00&searchTF=T235890_2.00

MOTIF M00383_2.00 (SBAD_0000373101)_(Mus_musculus)_(DBD_0.88)

letter-probability matrix: alength= 4 w= 9 nsites= 1 E= 0
  0.196847	  0.282147	  0.169428	  0.351577	
  0.155907	  0.072187	  0.051897	  0.720008	
  0.696670	  0.087035	  0.095232	  0.121063	
  0.798358	  0.042630	  0.032219	  0.126793	
  0.067221	  0.146641	  0.081287	  0.704851	
  0.114380	  0.141109	  0.368533	  0.375978	
  0.447955	  0.095078	  0.322046	  0.134922	
  0.226418	  0.284970	  0.217540	  0.271072	
  0.214998	  0.296080	  0.212859	  0.276063	

URL http://cisbp.ccbr.utoronto.ca/TFreport.php?versionNumber=2.00&searchTF=T235904_2.00

MOTIF M00396_2.00 (SBAD_0000684701)_(Mus_musculus)_(DBD_0.86)

letter-probability matrix: alength= 4 w= 8 nsites= 1 E= 0
  0.243137	  0.255603	  0.173058	  0.328201	
  0.180751	  0.050761	  0.028138	  0.740350	
  0.754094	  0.029830	  0.091425	  0.124651	
  0.948503	  0.020184	  0.016361	  0.014953	
  0.061921	  0.014525	  0.234126	  0.689428	
  0.144617	  0.648127	  0.069692	  0.137564	
  0.112198	  0.502838	  0.114465	  0.270499	
  0.173843	  0.301314	  0.278148	  0.246695	

URL http://cisbp.ccbr.utoronto.ca/TFreport.php?versionNumber=2.00&searchTF=T235917_2.00

MOTIF M00405_2.00 (SBAD_0001148201)_(Mus_musculus)_(DBD_1.00)

letter-probability matrix: alength= 4 w= 9 nsites= 1 E= 0
  0.166699	  0.079535	  0.057179	  0.696587	
  0.658460	  0.072959	  0.164006	  0.104575	
  0.860814	  0.014554	  0.044163	  0.080469	
  0.057497	  0.058075	  0.037402	  0.847026	
  0.146493	  0.115235	  0.184376	  0.553896	
  0.427710	  0.071410	  0.368133	  0.132747	
  0.333758	  0.210696	  0.276004	  0.179543	
  0.279203	  0.233210	  0.202743	  0.284843	
  0.269584	  0.207863	  0.189973	  0.332580	

URL http://cisbp.ccbr.utoronto.ca/TFreport.php?versionNumber=2.00&searchTF=T235928_2.00

MOTIF M00418_2.00 (SBAD_0001114601)_(Mus_musculus)_(DBD_0.88)

letter-probability matrix: alength= 4 w= 8 nsites= 1 E= 0
  0.244685	  0.262426	  0.184929	  0.307960	
  0.195722	  0.063860	  0.036477	  0.703941	
  0.712083	  0.037645	  0.106505	  0.143767	
  0.921471	  0.039884	  0.018840	  0.019806	
  0.072358	  0.024572	  0.250040	  0.653030	
  0.149500	  0.630995	  0.082872	  0.136633	
  0.112604	  0.499634	  0.129525	  0.258237	
  0.173100	  0.309164	  0.276959	  0.240777	

URL http://cisbp.ccbr.utoronto.ca/TFreport.php?versionNumber=2.00&searchTF=T235927_2.00

MOTIF M00433_2.00 (SBAD_0000185401)_(Mus_musculus)_(DBD_0.91)

letter-probability matrix: alength= 4 w= 9 nsites= 1 E= 0
  0.239869	  0.317378	  0.190584	  0.252168	
  0.133763	  0.050707	  0.022333	  0.793196	
  0.850989	  0.020830	  0.051749	  0.076432	
  0.959274	  0.011777	  0.004509	  0.024439	
  0.324957	  0.077765	  0.136141	  0.461136	
  0.139125	  0.306548	  0.136371	  0.417956	
  0.193728	  0.061958	  0.611831	  0.132483	
  0.201560	  0.269370	  0.319285	  0.209785	
  0.174474	  0.290550	  0.187125	  0.347851	

URL http://cisbp.ccbr.utoronto.ca/TFreport.php?versionNumber=2.00&searchTF=T235897_2.00

MOTIF M00450_2.00 (SBAD_0000830301)_(Mus_musculus)_(DBD_0.79)

letter-probability matrix: alength= 4 w= 9 nsites= 1 E= 0
  0.196325	  0.259764	  0.216973	  0.326938	
  0.168024	  0.144619	  0.100897	  0.586460	
  0.700378	  0.000665	  0.217374	  0.081583	
  0.964678	  0.000287	  0.006765	  0.028270	
  0.099760	  0.022937	  0.086727	  0.790576	
  0.079382	  0.133523	  0.297160	  0.489935	
  0.592997	  0.034302	  0.309572	  0.063130	
  0.209422	  0.321935	  0.297183	  0.171460	
  0.160609	  0.343427	  0.206226	  0.289737	

URL http://cisbp.ccbr.utoronto.ca/TFreport.php?versionNumber=2.00&searchTF=T235921_2.00

MOTIF M00484_2.00 (SBAD_0000669101)_(Mus_musculus)_(DBD_0.79)

letter-probability matrix: alength= 4 w= 8 nsites= 1 E= 0
  0.260569	  0.255410	  0.285108	  0.198913	
  0.177845	  0.320830	  0.230652	  0.270673	
  0.114497	  0.403649	  0.048938	  0.432917	
  0.580843	  0.152091	  0.107177	  0.159889	
  0.790662	  0.111371	  0.053137	  0.044830	
  0.121087	  0.104221	  0.012262	  0.762430	
  0.136206	  0.248183	  0.120804	  0.494807	
  0.509367	  0.130735	  0.162905	  0.196993	

URL http://cisbp.ccbr.utoronto.ca/TFreport.php?versionNumber=2.00&searchTF=T235915_2.00

MOTIF M00531_2.00 (SBAD_0000588901)_(Mus_musculus)_(DBD_0.77)

letter-probability matrix: alength= 4 w= 8 nsites= 1 E= 0
  0.197705	  0.297905	  0.188063	  0.316327	
  0.149881	  0.075932	  0.046518	  0.727668	
  0.769845	  0.044088	  0.131130	  0.054937	
  0.865682	  0.028037	  0.030070	  0.076212	
  0.059224	  0.157799	  0.096672	  0.686305	
  0.154873	  0.134640	  0.362348	  0.348140	
  0.399402	  0.099481	  0.340348	  0.160769	
  0.198563	  0.308310	  0.260111	  0.233016	

URL http://cisbp.ccbr.utoronto.ca/TFreport.php?versionNumber=2.00&searchTF=T235912_2.00

MOTIF M00554_2.00 (SBAD_0000080701)_(Drosophila_melanogaster)_(DBD_0.93)

letter-probability matrix: alength= 4 w= 10 nsites= 1 E= 0
  0.251496	  0.177226	  0.199822	  0.371455	
  0.148997	  0.073254	  0.136173	  0.641576	
  0.122081	  0.052704	  0.056525	  0.768690	
  0.381649	  0.037883	  0.070422	  0.510046	
  0.882245	  0.000299	  0.060489	  0.056967	
  0.048121	  0.268735	  0.096905	  0.586239	
  0.165526	  0.087281	  0.407129	  0.340063	
  0.403411	  0.084771	  0.354234	  0.157584	
  0.125944	  0.405791	  0.231791	  0.236474	
  0.189990	  0.335953	  0.201738	  0.272318	

URL http://cisbp.ccbr.utoronto.ca/TFreport.php?versionNumber=2.00&searchTF=T235892_2.00

MOTIF M00614_2.00 (SBAD_0001064501)_(Caenorhabditis_elegans)_(DBD_0.83)

letter-probability matrix: alength= 4 w= 8 nsites= 1 E= 0
  0.368172	  0.210609	  0.105567	  0.315651	
  0.000344	  0.998967	  0.000344	  0.000344	
  0.000344	  0.998967	  0.000344	  0.000344	
  0.000344	  0.000344	  0.998967	  0.000344	
  0.000344	  0.000344	  0.000344	  0.998967	
  0.000344	  0.000344	  0.000344	  0.998967	
  0.998967	  0.000344	  0.000344	  0.000344	
  0.000525	  0.368172	  0.210609	  0.420693	

URL http://cisbp.ccbr.utoronto.ca/TFreport.php?versionNumber=2.00&searchTF=T155976_2.00

MOTIF M00615_2.00 (SBAD_0000635801)_(Caenorhabditis_elegans)_(DBD_0.77)

letter-probability matrix: alength= 4 w= 10 nsites= 1 E= 0
  0.194145	  0.371892	  0.184676	  0.249287	
  0.053905	  0.142199	  0.092502	  0.711394	
  0.999361	  0.000033	  0.000001	  0.000605	
  0.001640	  0.929810	  0.000856	  0.067693	
  0.341787	  0.499789	  0.064340	  0.094084	
  0.107662	  0.000537	  0.888023	  0.003777	
  0.051787	  0.006032	  0.010352	  0.931828	
  0.824022	  0.055935	  0.053742	  0.066300	
  0.285208	  0.226607	  0.125615	  0.362570	
  0.182831	  0.316893	  0.163787	  0.336489	

URL http://cisbp.ccbr.utoronto.ca/TFreport.php?versionNumber=2.00&searchTF=T155964_2.00

MOTIF M00622_2.00 (SBAD_0001187401)_(Caenorhabditis_elegans)_(DBD_0.90)

letter-probability matrix: alength= 4 w= 8 nsites= 1 E= 0
  0.042013	  0.915557	  0.000416	  0.042013	
  0.133489	  0.233356	  0.566245	  0.066911	
  0.000303	  0.999092	  0.000303	  0.000303	
  0.000303	  0.999092	  0.000303	  0.000303	
  0.000303	  0.968826	  0.000303	  0.030569	
  0.575363	  0.333232	  0.091102	  0.000303	
  0.000303	  0.999092	  0.000303	  0.000303	
  0.166805	  0.083611	  0.665973	  0.083611	

URL http://cisbp.ccbr.utoronto.ca/TFreport.php?versionNumber=2.00&searchTF=T155981_2.00

MOTIF M00638_2.00 (SBAD_0000510501)_(Caenorhabditis_elegans)_(DBD_0.80)

letter-probability matrix: alength= 4 w= 10 nsites= 1 E= 0
  0.210067	  0.246516	  0.190077	  0.353339	
  0.208071	  0.223158	  0.264511	  0.304260	
  0.273165	  0.099492	  0.172444	  0.454899	
  0.377830	  0.255813	  0.134888	  0.231469	
  0.223435	  0.756818	  0.000076	  0.019671	
  0.002609	  0.971445	  0.014714	  0.011232	
  0.010416	  0.002468	  0.001382	  0.985734	
  0.008187	  0.965392	  0.000305	  0.026116	
  0.575778	  0.180498	  0.152280	  0.091444	
  0.290872	  0.279467	  0.181796	  0.247865	

URL http://cisbp.ccbr.utoronto.ca/TFreport.php?versionNumber=2.00&searchTF=T155960_2.00

MOTIF M00641_2.00 (SBAD_0000338201)_(Caenorhabditis_elegans)_(DBD_0.90)

letter-probability matrix: alength= 4 w= 10 nsites= 1 E= 0
  0.423533	  0.155809	  0.281078	  0.139579	
  0.237052	  0.254240	  0.246726	  0.261983	
  0.030814	  0.031436	  0.032719	  0.905030	
  0.022675	  0.003426	  0.973874	  0.000025	
  0.814440	  0.000029	  0.035251	  0.150280	
  0.015413	  0.958364	  0.007208	  0.019015	
  0.025164	  0.968160	  0.002260	  0.004417	
  0.560196	  0.106515	  0.269963	  0.063325	
  0.199576	  0.322529	  0.241337	  0.236558	
  0.194301	  0.267577	  0.146849	  0.391273	

URL http://cisbp.ccbr.utoronto.ca/TFreport.php?versionNumber=2.00&searchTF=T155952_2.00

MOTIF M00679_2.00 (SBAD_0000883501)_(Caenorhabditis_elegans)_(DBD_0.58)

letter-probability matrix: alength= 4 w= 8 nsites= 1 E= 0
  0.194710	  0.274328	  0.106246	  0.424717	
  0.041153	  0.000068	  0.000068	  0.958710	
  0.999801	  0.000066	  0.000066	  0.000066	
  0.993181	  0.000066	  0.006687	  0.000066	
  0.006687	  0.000066	  0.046412	  0.946835	
  0.006687	  0.973318	  0.000066	  0.019928	
  0.000087	  0.573800	  0.069628	  0.356485	
  0.151948	  0.341726	  0.265815	  0.240511	

URL http://cisbp.ccbr.utoronto.ca/TFreport.php?versionNumber=2.00&searchTF=T235922_2.00

MOTIF M00708_2.00 (SBAD_0000068201)_(Caenorhabditis_elegans)_(DBD_0.86)

letter-probability matrix: alength= 4 w= 10 nsites= 1 E= 0
  0.168663	  0.275311	  0.239344	  0.316683	
  0.176492	  0.296864	  0.205054	  0.321589	
  0.099868	  0.334905	  0.233655	  0.331572	
  0.572889	  0.124051	  0.200475	  0.102585	
  0.711682	  0.128719	  0.063284	  0.096316	
  0.139239	  0.068456	  0.676002	  0.116303	
  0.601869	  0.036600	  0.275901	  0.085630	
  0.375126	  0.319661	  0.021699	  0.283514	
  0.395081	  0.114330	  0.326716	  0.163873	
  0.242351	  0.212807	  0.230531	  0.314312	

URL http://cisbp.ccbr.utoronto.ca/TFreport.php?versionNumber=2.00&searchTF=T316786_2.00

MOTIF M00710_2.00 (SBAD_0000676701)_(Caenorhabditis_elegans)_(DBD_0.73)

letter-probability matrix: alength= 4 w= 10 nsites= 1 E= 0
  0.450923	  0.148771	  0.148771	  0.251536	
  0.298333	  0.204180	  0.289058	  0.208429	
  0.896801	  0.000144	  0.000144	  0.102910	
  0.910076	  0.089635	  0.000144	  0.000144	
  0.089635	  0.807310	  0.000144	  0.102910	
  0.999567	  0.000144	  0.000144	  0.000144	
  0.999567	  0.000144	  0.000144	  0.000144	
  0.000144	  0.000144	  0.000144	  0.999567	
  0.609680	  0.101374	  0.101374	  0.187572	
  0.240264	  0.237286	  0.371677	  0.150773	

URL http://cisbp.ccbr.utoronto.ca/TFreport.php?versionNumber=2.00&searchTF=T336890_2.00

MOTIF M00796_2.00 (SBAD_0000018101)_(Mus_musculus)_(DBD_0.76)

letter-probability matrix: alength= 4 w= 10 nsites= 1 E= 0
  0.359371	  0.149061	  0.090410	  0.401158	
  0.421728	  0.136232	  0.263581	  0.178459	
  0.287711	  0.194796	  0.208921	  0.308572	
  0.387293	  0.104499	  0.432326	  0.075882	
  0.213252	  0.166081	  0.058118	  0.562548	
  0.555669	  0.284341	  0.048919	  0.111071	
  0.768444	  0.096967	  0.051130	  0.083460	
  0.771861	  0.058487	  0.089910	  0.079743	
  0.062825	  0.561351	  0.051953	  0.323871	
  0.748482	  0.072099	  0.068583	  0.110835	

URL http://cisbp.ccbr.utoronto.ca/TFreport.php?versionNumber=2.00&searchTF=T190989_2.00

MOTIF M00803_2.00 (SBAD_0000845701)_(Mus_musculus)_(DBD_0.79)

letter-probability matrix: alength= 4 w= 10 nsites= 1 E= 0
  0.155478	  0.152399	  0.186141	  0.505983	
  0.471120	  0.266430	  0.123361	  0.139089	
  0.778125	  0.059554	  0.038741	  0.123580	
  0.004127	  0.003447	  0.002579	  0.989846	
  0.177439	  0.051348	  0.120136	  0.651077	
  0.552328	  0.065637	  0.022740	  0.359294	
  0.347780	  0.133162	  0.337501	  0.181557	
  0.232942	  0.437374	  0.103626	  0.226058	
  0.510506	  0.195469	  0.149217	  0.144807	
  0.152697	  0.196067	  0.128825	  0.522411	

URL http://cisbp.ccbr.utoronto.ca/TFreport.php?versionNumber=2.00&searchTF=T316370_2.00

MOTIF M00829_2.00 (SBAD_0000359201)_(Mus_musculus)_(DBD_0.82)

letter-probability matrix: alength= 4 w= 8 nsites= 1 E= 0
  0.260870	  0.173913	  0.130435	  0.434783	
  0.806452	  0.032258	  0.032258	  0.129032	
  0.914286	  0.028571	  0.028571	  0.028571	
  0.028571	  0.885714	  0.028571	  0.057143	
  0.914286	  0.028571	  0.028571	  0.028571	
  0.914286	  0.028571	  0.028571	  0.028571	
  0.028571	  0.028571	  0.028571	  0.914286	
  0.320000	  0.120000	  0.360000	  0.200000	

URL http://cisbp.ccbr.utoronto.ca/TFreport.php?versionNumber=2.00&searchTF=T336886_2.00

MOTIF M01231_2.00 (SBAD_0000818101)_(Caenorhabditis_briggsae)_(DBD_0.74)

letter-probability matrix: alength= 4 w= 8 nsites= 1 E= 0
  0.170017	  0.359926	  0.338965	  0.131092	
  0.041665	  0.018535	  0.005639	  0.934162	
  0.002064	  0.000107	  0.996804	  0.001025	
  0.956878	  0.001885	  0.000233	  0.041004	
  0.001041	  0.005314	  0.000961	  0.992683	
  0.801570	  0.044548	  0.008905	  0.144977	
  0.731075	  0.036764	  0.099935	  0.132226	
  0.195054	  0.302862	  0.318390	  0.183695	

URL http://cisbp.ccbr.utoronto.ca/TFreport.php?versionNumber=2.00&searchTF=T197771_2.00

MOTIF M01677_2.00 (SBAD_0000890301)_(Anolis_carolinensis)_(DBD_0.77)

letter-probability matrix: alength= 4 w= 8 nsites= 1 E= 0
  0.377279	  0.271235	  0.194997	  0.156489	
  0.247500	  0.202636	  0.270808	  0.279056	
  0.343177	  0.177371	  0.251702	  0.227749	
  0.340293	  0.177648	  0.244645	  0.237414	
  0.346936	  0.154337	  0.214679	  0.284048	
  0.576007	  0.033319	  0.178773	  0.211901	
  0.732846	  0.000001	  0.266916	  0.000236	
  0.253553	  0.258675	  0.061287	  0.426484	

URL http://cisbp.ccbr.utoronto.ca/TFreport.php?versionNumber=2.00&searchTF=T018213_2.00

MOTIF M01821_2.00 (SBAD_0000509401)_(Mus_musculus)_(DBD_0.87)

letter-probability matrix: alength= 4 w= 10 nsites= 1 E= 0
  0.183122	  0.183122	  0.270541	  0.363215	
  0.645397	  0.087274	  0.180054	  0.087274	
  0.000184	  0.000184	  0.000184	  0.999448	
  0.000184	  0.000184	  0.724689	  0.274944	
  0.999448	  0.000184	  0.000184	  0.000184	
  0.000184	  0.999448	  0.000184	  0.000184	
  0.000184	  0.000184	  0.999448	  0.000184	
  0.000184	  0.000184	  0.000184	  0.999448	
  0.547966	  0.317911	  0.067062	  0.067062	
  0.511272	  0.162909	  0.162909	  0.162909	

URL http://cisbp.ccbr.utoronto.ca/TFreport.php?versionNumber=2.00&searchTF=T075063_2.00

MOTIF M01903_2.00 (SBAD_0000071701)_(Caenorhabditis_elegans)_(DBD_0.74)

letter-probability matrix: alength= 4 w= 9 nsites= 1 E= 0
  0.230911	  0.224086	  0.262968	  0.282035	
  0.269525	  0.209906	  0.264188	  0.256380	
  0.283198	  0.178778	  0.291823	  0.246201	
  0.153491	  0.064952	  0.745191	  0.036366	
  0.485724	  0.054907	  0.315968	  0.143400	
  0.185229	  0.092907	  0.000174	  0.721690	
  0.451981	  0.073969	  0.434259	  0.039791	
  0.183594	  0.056414	  0.557089	  0.202902	
  0.369364	  0.118130	  0.213105	  0.299401	

URL http://cisbp.ccbr.utoronto.ca/TFreport.php?versionNumber=2.00&searchTF=T165877_2.00

MOTIF M01971_2.00 (SBAD_0000389201)_(Tetraodon_nigroviridis)_(DBD_0.80)

letter-probability matrix: alength= 4 w= 8 nsites= 1 E= 0
  0.001420	  0.995739	  0.001420	  0.001420	
  0.001106	  0.996681	  0.001106	  0.001106	
  0.001106	  0.001106	  0.996681	  0.001106	
  0.001106	  0.001106	  0.996681	  0.001106	
  0.996681	  0.001106	  0.001106	  0.001106	
  0.886062	  0.001106	  0.001106	  0.111726	
  0.222345	  0.001106	  0.775442	  0.001106	
  0.001656	  0.167219	  0.001656	  0.829470	

URL http://cisbp.ccbr.utoronto.ca/TFreport.php?versionNumber=2.00&searchTF=T178719_2.00

MOTIF M01978_2.00 (SBAD_0000648301)_(Homo_sapiens)_(DBD_0.91)

letter-probability matrix: alength= 4 w= 8 nsites= 1 E= 0
  0.374378	  0.001244	  0.623134	  0.001244	
  0.001106	  0.001106	  0.001106	  0.996681	
  0.996681	  0.001106	  0.001106	  0.001106	
  0.996681	  0.001106	  0.001106	  0.001106	
  0.996681	  0.001106	  0.001106	  0.001106	
  0.001106	  0.996681	  0.001106	  0.001106	
  0.996681	  0.001106	  0.001106	  0.001106	
  0.498344	  0.167219	  0.001656	  0.332781	

URL http://cisbp.ccbr.utoronto.ca/TFreport.php?versionNumber=2.00&searchTF=T190995_2.00

MOTIF M02087_2.00 (SBAD_0000079401)_(Homo_sapiens)_(DBD_0.79)

letter-probability matrix: alength= 4 w= 10 nsites= 1 E= 0
  0.282120	  0.189111	  0.191011	  0.337759	
  0.048567	  0.293812	  0.035621	  0.622000	
  0.679396	  0.029114	  0.290384	  0.001107	
  0.556725	  0.084951	  0.138666	  0.219658	
  0.290498	  0.156272	  0.153177	  0.400053	
  0.222887	  0.212017	  0.248804	  0.316292	
  0.284099	  0.198209	  0.340129	  0.177563	
  0.221959	  0.276578	  0.302625	  0.198838	
  0.216114	  0.261336	  0.224934	  0.297617	
  0.239894	  0.252194	  0.214905	  0.293007	

URL http://cisbp.ccbr.utoronto.ca/TFreport.php?versionNumber=2.00&searchTF=T235891_2.00

MOTIF M02088_2.00 (SBAD_0000929201)_(Homo_sapiens)_(DBD_0.79)

letter-probability matrix: alength= 4 w= 10 nsites= 1 E= 0
  0.278360	  0.307636	  0.270133	  0.143871	
  0.130958	  0.409474	  0.130958	  0.328611	
  0.077310	  0.078087	  0.009280	  0.835324	
  0.925286	  0.017995	  0.039256	  0.017463	
  0.972774	  0.002586	  0.004350	  0.020290	
  0.033715	  0.021284	  0.021714	  0.923288	
  0.073569	  0.045070	  0.298338	  0.583023	
  0.719299	  0.017607	  0.216649	  0.046445	
  0.170597	  0.357560	  0.323534	  0.148310	
  0.162911	  0.348349	  0.209182	  0.279557	

URL http://cisbp.ccbr.utoronto.ca/TFreport.php?versionNumber=2.00&searchTF=T235924_2.00

MOTIF M02116_2.00 (SBAD_0000321801)_(Drosophila_melanogaster)_(DBD_0.88)

letter-probability matrix: alength= 4 w= 10 nsites= 1 E= 0
  0.253051	  0.238314	  0.279665	  0.228970	
  0.242653	  0.302365	  0.260248	  0.194734	
  0.195915	  0.264458	  0.272512	  0.267116	
  0.289959	  0.184886	  0.184886	  0.340270	
  0.356070	  0.158401	  0.280095	  0.205435	
  0.793922	  0.007822	  0.142164	  0.056092	
  0.130027	  0.075773	  0.143702	  0.650499	
  0.108948	  0.192650	  0.185096	  0.513306	
  0.487798	  0.044252	  0.372375	  0.095574	
  0.230097	  0.239487	  0.313720	  0.216697	

URL http://cisbp.ccbr.utoronto.ca/TFreport.php?versionNumber=2.00&searchTF=T235901_2.00

MOTIF M02117_2.00 (SBAD_0000431501)_(Drosophila_melanogaster)_(DBD_0.60)

letter-probability matrix: alength= 4 w= 9 nsites= 1 E= 0
  0.144762	  0.222536	  0.161594	  0.471108	
  0.154684	  0.080752	  0.561934	  0.202630	
  0.881466	  0.062903	  0.033838	  0.021793	
  0.038868	  0.179502	  0.060958	  0.720672	
  0.692055	  0.307866	  0.000069	  0.000010	
  0.074677	  0.546305	  0.076186	  0.302832	
  0.143399	  0.405708	  0.241202	  0.209691	
  0.216642	  0.316792	  0.182773	  0.283793	
  0.200709	  0.305472	  0.185278	  0.308542	

URL http://cisbp.ccbr.utoronto.ca/TFreport.php?versionNumber=2.00&searchTF=T235908_2.00

MOTIF M02120_2.00 (SBAD_0000081801)_(Drosophila_melanogaster)_(DBD_0.90)

letter-probability matrix: alength= 4 w= 8 nsites= 1 E= 0
  0.207448	  0.325343	  0.141866	  0.325343	
  0.070500	  0.046787	  0.081909	  0.800803	
  0.823901	  0.041432	  0.064978	  0.069690	
  0.800902	  0.045410	  0.085263	  0.068425	
  0.078337	  0.041722	  0.098595	  0.781347	
  0.084961	  0.693803	  0.089317	  0.131919	
  0.101356	  0.577459	  0.132772	  0.188413	
  0.148880	  0.348326	  0.299807	  0.202987	

URL http://cisbp.ccbr.utoronto.ca/TFreport.php?versionNumber=2.00&searchTF=T235893_2.00

MOTIF M02121_2.00 (SBAD_0000395801)_(Drosophila_melanogaster)_(DBD_0.88)

letter-probability matrix: alength= 4 w= 10 nsites= 1 E= 0
  0.292329	  0.229079	  0.288644	  0.189949	
  0.136427	  0.336877	  0.156525	  0.370171	
  0.034513	  0.118059	  0.009674	  0.837754	
  0.801571	  0.072692	  0.093201	  0.032536	
  0.970781	  0.007894	  0.008025	  0.013300	
  0.013300	  0.008025	  0.007894	  0.970781	
  0.032536	  0.093201	  0.072692	  0.801571	
  0.837754	  0.009674	  0.118059	  0.034513	
  0.370171	  0.156525	  0.336877	  0.136427	
  0.189949	  0.288644	  0.229079	  0.292329	

URL http://cisbp.ccbr.utoronto.ca/TFreport.php?versionNumber=2.00&searchTF=T235905_2.00

MOTIF M02154_2.00 (SBAD_0000787101)_(Nematostella_vectensis)_(DBD_0.65)

letter-probability matrix: alength= 4 w= 10 nsites= 1 E= 0
  0.192273	  0.317005	  0.170531	  0.320191	
  0.116674	  0.062764	  0.000496	  0.820066	
  0.859425	  0.071971	  0.067780	  0.000824	
  0.959463	  0.001047	  0.018660	  0.020830	
  0.035049	  0.025965	  0.035049	  0.903936	
  0.160799	  0.026580	  0.343832	  0.468789	
  0.536165	  0.050121	  0.341874	  0.071840	
  0.234394	  0.277828	  0.307048	  0.180730	
  0.173039	  0.312161	  0.240692	  0.274107	
  0.177059	  0.322623	  0.241407	  0.258911	

URL http://cisbp.ccbr.utoronto.ca/TFreport.php?versionNumber=2.00&searchTF=T235920_2.00

MOTIF M02241_2.00 (SBAD_0000673901)_(Drosophila_melanogaster)_(DBD_0.51)

letter-probability matrix: alength= 4 w= 8 nsites= 1 E= 0
  0.155639	  0.599689	  0.133437	  0.111234	
  0.063610	  0.000159	  0.016022	  0.920209	
  0.701064	  0.220794	  0.039071	  0.039071	
  0.937932	  0.049482	  0.012463	  0.000123	
  0.000123	  0.000123	  0.000123	  0.999630	
  0.012463	  0.000123	  0.111180	  0.876234	
  0.973988	  0.000128	  0.000128	  0.025756	
  0.882911	  0.033478	  0.033478	  0.050133	

URL http://cisbp.ccbr.utoronto.ca/TFreport.php?versionNumber=2.00&searchTF=T235916_2.00

MOTIF M02488_2.00 (SBAD_0000333601)_(Caenorhabditis_elegans)_(DBD_0.78)

letter-probability matrix: alength= 4 w= 10 nsites= 1 E= 0
  0.249549	  0.326901	  0.168959	  0.254591	
  0.304118	  0.216462	  0.195863	  0.283557	
  0.145122	  0.218672	  0.149542	  0.486664	
  0.140021	  0.189009	  0.079982	  0.590988	
  0.252273	  0.135709	  0.518279	  0.093739	
  0.187414	  0.158115	  0.134736	  0.519735	
  0.221322	  0.262334	  0.202273	  0.314071	
  0.213024	  0.281859	  0.208806	  0.296310	
  0.226419	  0.257852	  0.255286	  0.260443	
  0.219489	  0.262776	  0.257573	  0.260162	

URL http://cisbp.ccbr.utoronto.ca/TFreport.php?versionNumber=2.00&searchTF=T336885_2.00

MOTIF M02531_2.00 (SBAD_0001182701)_(Strongylocentrotus_purpuratus)_(DBD_0.80)

letter-probability matrix: alength= 4 w= 10 nsites= 1 E= 0
  0.329088	  0.211945	  0.207748	  0.251219	
  0.341064	  0.190961	  0.215308	  0.252666	
  0.380265	  0.141297	  0.226075	  0.252363	
  0.182256	  0.140529	  0.140529	  0.536686	
  0.184768	  0.106602	  0.125098	  0.583532	
  0.070854	  0.464339	  0.099546	  0.365262	
  0.678507	  0.007463	  0.257210	  0.056820	
  0.773469	  0.036266	  0.079114	  0.111151	
  0.727567	  0.064053	  0.109915	  0.098465	
  0.299483	  0.260358	  0.105854	  0.334306	

URL http://cisbp.ccbr.utoronto.ca/TFreport.php?versionNumber=2.00&searchTF=T346326_2.00

MOTIF M02898_2.00 (SBAD_0000333501)_(Homo_sapiens)_(DBD_0.85)

letter-probability matrix: alength= 4 w= 12 nsites= 1 E= 0
  0.311377	  0.161677	  0.467066	  0.059880	
  0.315789	  0.660819	  0.000000	  0.023392	
  0.121951	  0.814634	  0.000000	  0.063415	
  0.786982	  0.195266	  0.005917	  0.011834	
  0.038889	  0.927778	  0.005556	  0.027778	
  0.093284	  0.138060	  0.623134	  0.145522	
  0.027778	  0.927778	  0.033333	  0.011111	
  0.011628	  0.970930	  0.017442	  0.000000	
  0.000000	  0.897849	  0.021505	  0.080645	
  0.511364	  0.437500	  0.034091	  0.017045	
  0.054167	  0.695833	  0.087500	  0.162500	
  0.186747	  0.313253	  0.006024	  0.493976	

URL http://cisbp.ccbr.utoronto.ca/TFreport.php?versionNumber=2.00&searchTF=T155951_2.00

MOTIF M03044_2.00 (SBAD_0000205701)_(Homo_sapiens)_(DBD_0.92)

letter-probability matrix: alength= 4 w= 14 nsites= 1 E= 0
  0.363023	  0.149142	  0.132145	  0.355691	
  0.286254	  0.083768	  0.600659	  0.029319	
  0.118021	  0.164811	  0.023917	  0.693251	
  0.569976	  0.366280	  0.012749	  0.050996	
  0.947880	  0.020771	  0.014902	  0.016447	
  0.948261	  0.026216	  0.006246	  0.019277	
  0.002036	  0.286817	  0.012470	  0.698677	
  0.663727	  0.009345	  0.326927	  0.000000	
  0.044282	  0.013598	  0.021095	  0.921025	
  0.027374	  0.022676	  0.010209	  0.939742	
  0.568213	  0.010216	  0.031462	  0.390109	
  0.377689	  0.018540	  0.240241	  0.363530	
  0.020509	  0.471055	  0.143636	  0.364800	
  0.301729	  0.190370	  0.154133	  0.353769	

URL http://cisbp.ccbr.utoronto.ca/TFreport.php?versionNumber=2.00&searchTF=T190991_2.00

MOTIF M03087_2.00 (SBAD_0000293901)_(Homo_sapiens)_(DBD_0.59)

letter-probability matrix: alength= 4 w= 8 nsites= 1 E= 0
  0.050776	  0.567735	  0.037679	  0.343811	
  0.096070	  0.163832	  0.029930	  0.710167	
  0.886769	  0.040902	  0.036132	  0.036197	
  0.970260	  0.011009	  0.012296	  0.006434	
  0.012245	  0.014168	  0.007333	  0.966254	
  0.055381	  0.046932	  0.060685	  0.837003	
  0.722030	  0.027451	  0.177528	  0.072990	
  0.193501	  0.261956	  0.269545	  0.274998	

URL http://cisbp.ccbr.utoronto.ca/TFreport.php?versionNumber=2.00&searchTF=T235900_2.00

MOTIF M03168_2.00 (SBAD_0000184901)_(Homo_sapiens)_(DBD_0.46)

letter-probability matrix: alength= 4 w= 8 nsites= 1 E= 0
  0.072612	  0.450780	  0.073912	  0.402697	
  0.096614	  0.141577	  0.014371	  0.747439	
  0.795066	  0.130619	  0.028606	  0.045709	
  0.940555	  0.027395	  0.008236	  0.023814	
  0.050778	  0.014703	  0.036416	  0.898102	
  0.063239	  0.039960	  0.242873	  0.653928	
  0.742999	  0.012306	  0.188402	  0.056294	
  0.185954	  0.363723	  0.177579	  0.272745	

URL http://cisbp.ccbr.utoronto.ca/TFreport.php?versionNumber=2.00&searchTF=T235896_2.00

MOTIF M03187_2.00 (SBAD_0000602401)_(Homo_sapiens)_(DBD_0.20)

letter-probability matrix: alength= 4 w= 10 nsites= 1 E= 0
  0.204127	  0.184967	  0.428150	  0.182756	
  0.215917	  0.351756	  0.109801	  0.322525	
  0.043559	  0.000000	  0.007920	  0.948521	
  0.979788	  0.000000	  0.012753	  0.007459	
  0.996086	  0.001712	  0.002202	  0.000000	
  0.000000	  0.000000	  0.003670	  0.996330	
  0.000000	  0.003670	  0.000000	  0.996330	
  0.449727	  0.009033	  0.518184	  0.023057	
  0.305822	  0.189634	  0.412921	  0.091624	
  0.196709	  0.393173	  0.113212	  0.296906	

URL http://cisbp.ccbr.utoronto.ca/TFreport.php?versionNumber=2.00&searchTF=T235913_2.00

MOTIF M03324_2.00 (SBAD_0001112701)_(Homo_sapiens)_(DBD_0.49)

letter-probability matrix: alength= 4 w= 13 nsites= 1 E= 0
  0.096886	  0.031142	  0.848283	  0.023689	
  0.947384	  0.012782	  0.026457	  0.013377	
  0.914491	  0.025251	  0.019512	  0.040746	
  0.160339	  0.379354	  0.146847	  0.313461	
  0.307813	  0.197678	  0.441167	  0.053342	
  0.032540	  0.006930	  0.000301	  0.960229	
  0.008568	  0.001224	  0.014994	  0.975214	
  0.000313	  0.999060	  0.000000	  0.000627	
  0.000000	  0.174296	  0.124340	  0.701364	
  0.760439	  0.069912	  0.169411	  0.000239	
  0.000000	  0.000624	  0.994384	  0.004992	
  0.977907	  0.014422	  0.000614	  0.007057	
  0.913704	  0.026089	  0.010608	  0.049599	

URL http://cisbp.ccbr.utoronto.ca/TFreport.php?versionNumber=2.00&searchTF=T243705_2.00

MOTIF M03444_2.00 (SBAD_0000488901)_(Homo_sapiens)_(DBD_0.81)

letter-probability matrix: alength= 4 w= 17 nsites= 1 E= 0
  0.169924	  0.128440	  0.266055	  0.435580	
  0.000000	  0.114599	  0.581509	  0.303893	
  0.062609	  0.899975	  0.001996	  0.035420	
  0.936323	  0.000000	  0.061883	  0.001794	
  0.128658	  0.278760	  0.412344	  0.180238	
  0.000000	  0.131794	  0.000000	  0.868206	
  0.000604	  0.714688	  0.284105	  0.000604	
  0.978815	  0.000000	  0.020878	  0.000307	
  0.370816	  0.004225	  0.026974	  0.597985	
  0.000000	  0.164405	  0.835595	  0.000000	
  0.000000	  1.000000	  0.000000	  0.000000	
  0.064696	  0.000000	  0.935304	  0.000000	
  0.000302	  0.000603	  0.021418	  0.977677	
  0.043335	  0.000000	  0.956665	  0.000000	
  0.973066	  0.001879	  0.004071	  0.020983	
  0.002617	  0.997383	  0.000000	  0.000000	
  0.061245	  0.295181	  0.604920	  0.038655	

URL http://cisbp.ccbr.utoronto.ca/TFreport.php?versionNumber=2.00&searchTF=T312901_2.00

MOTIF M03600_2.00 (SBAD_0001285401)_(Drosophila_melanogaster)_(DBD_0.96)

letter-probability matrix: alength= 4 w= 14 nsites= 1 E= 0
  0.339925	  0.095104	  0.385122	  0.179849	
  0.116732	  0.334630	  0.242542	  0.306096	
  0.741097	  0.017324	  0.240616	  0.000962	
  0.969773	  0.002519	  0.018892	  0.008816	
  0.000000	  0.998703	  0.001297	  0.000000	
  1.000000	  0.000000	  0.000000	  0.000000	
  0.080000	  0.064444	  0.855556	  0.000000	
  0.001092	  0.840611	  0.061135	  0.097162	
  0.000000	  0.001297	  0.000000	  0.998703	
  0.000000	  0.000000	  1.000000	  0.000000	
  0.003783	  0.025221	  0.000000	  0.970996	
  0.000000	  0.241843	  0.019194	  0.738964	
  0.306892	  0.241873	  0.331599	  0.119636	
  0.191882	  0.363469	  0.097786	  0.346863	

URL http://cisbp.ccbr.utoronto.ca/TFreport.php?versionNumber=2.00&searchTF=T054825_2.00

MOTIF M03620_2.00 (SBAD_0000858001)_(Drosophila_melanogaster)_(DBD_0.85)

letter-probability matrix: alength= 4 w= 10 nsites= 1 E= 0
  0.281348	  0.142633	  0.492947	  0.083072	
  0.363636	  0.074451	  0.180251	  0.381661	
  0.000000	  1.000000	  0.000000	  0.000000	
  0.895512	  0.056802	  0.000000	  0.047686	
  0.036355	  0.251494	  0.635956	  0.076195	
  0.033258	  0.719842	  0.210259	  0.036640	
  0.046625	  0.000000	  0.064718	  0.888657	
  0.019201	  0.000000	  0.980799	  0.000000	
  0.363352	  0.223962	  0.122161	  0.290525	
  0.061864	  0.578700	  0.125294	  0.234143	

URL http://cisbp.ccbr.utoronto.ca/TFreport.php?versionNumber=2.00&searchTF=T054818_2.00

MOTIF M03726_2.00 (SBAD_0000151801)_(Drosophila_melanogaster)_(DBD_0.89)

letter-probability matrix: alength= 4 w= 11 nsites= 1 E= 0
  0.239657	  0.129977	  0.550351	  0.080016	
  0.651665	  0.017290	  0.139080	  0.191965	
  0.006142	  0.983877	  0.008061	  0.001919	
  0.000000	  0.994182	  0.000000	  0.005818	
  0.001936	  0.001549	  0.992641	  0.003873	
  0.003673	  0.005008	  0.855760	  0.135559	
  0.916995	  0.079070	  0.003936	  0.000000	
  0.932678	  0.003639	  0.000000	  0.063683	
  0.178628	  0.003828	  0.817544	  0.000000	
  0.002717	  0.211893	  0.011772	  0.773619	
  0.212559	  0.245710	  0.385725	  0.156006	

URL http://cisbp.ccbr.utoronto.ca/TFreport.php?versionNumber=2.00&searchTF=T178717_2.00

MOTIF M03743_2.00 (SBAD_0000161401)_(Drosophila_melanogaster)_(DBD_0.80)

letter-probability matrix: alength= 4 w= 18 nsites= 1 E= 0
  0.336245	  0.024017	  0.000000	  0.639738	
  0.553130	  0.020378	  0.400291	  0.026201	
  0.326783	  0.026201	  0.133916	  0.513100	
  0.039694	  0.000000	  0.956825	  0.003482	
  0.000000	  0.320139	  0.000000	  0.679861	
  0.611754	  0.386020	  0.000000	  0.002226	
  1.000000	  0.000000	  0.000000	  0.000000	
  1.000000	  0.000000	  0.000000	  0.000000	
  0.000000	  0.001453	  0.000000	  0.998547	
  0.997097	  0.000000	  0.002903	  0.000000	
  0.000000	  0.000000	  0.000000	  1.000000	
  0.000000	  0.000727	  0.000000	  0.999273	
  0.002233	  0.000000	  0.384100	  0.613667	
  0.684263	  0.000000	  0.314741	  0.000996	
  0.004895	  0.960839	  0.001399	  0.032867	
  0.514909	  0.146182	  0.030545	  0.308364	
  0.023290	  0.379913	  0.021106	  0.575691	
  0.626182	  0.000000	  0.024727	  0.349091	

URL http://cisbp.ccbr.utoronto.ca/TFreport.php?versionNumber=2.00&searchTF=T190990_2.00

MOTIF M03750_2.00 (SBAD_0000682701)_(Drosophila_melanogaster)_(DBD_0.87)

letter-probability matrix: alength= 4 w= 16 nsites= 1 E= 0
  0.080430	  0.174558	  0.654012	  0.091000	
  0.001295	  0.997583	  0.000173	  0.000949	
  0.002522	  0.000414	  0.996876	  0.000188	
  0.998450	  0.000258	  0.000310	  0.000982	
  0.996647	  0.002476	  0.000567	  0.000310	
  0.000000	  0.000000	  0.999772	  0.000228	
  0.496231	  0.000000	  0.503589	  0.000179	
  0.999534	  0.000000	  0.000466	  0.000000	
  0.000259	  0.999050	  0.000173	  0.000518	
  0.000413	  0.650599	  0.183964	  0.165024	
  0.001129	  0.029711	  0.703205	  0.265955	
  0.103240	  0.796369	  0.014026	  0.086365	
  0.658216	  0.038848	  0.156852	  0.146083	
  0.675570	  0.112971	  0.122349	  0.089110	
  0.075443	  0.125011	  0.670676	  0.128870	
  0.151772	  0.511092	  0.200820	  0.136316	

URL http://cisbp.ccbr.utoronto.ca/TFreport.php?versionNumber=2.00&searchTF=T190996_2.00

MOTIF M03847_2.00 (SBAD_0000513701)_(Drosophila_melanogaster)_(DBD_0.82)

letter-probability matrix: alength= 4 w= 11 nsites= 1 E= 0
  0.303546	  0.200000	  0.428369	  0.068085	
  0.077197	  0.057007	  0.028504	  0.837292	
  0.050847	  0.018253	  0.011734	  0.919166	
  0.986014	  0.000000	  0.000000	  0.013986	
  0.973757	  0.017956	  0.000000	  0.008287	
  0.796610	  0.004520	  0.064407	  0.134463	
  0.032193	  0.709256	  0.005030	  0.253521	
  0.012245	  0.028571	  0.959184	  0.000000	
  0.145564	  0.071490	  0.607235	  0.175711	
  0.055491	  0.117919	  0.011561	  0.815029	
  0.306383	  0.104965	  0.217021	  0.371631	

URL http://cisbp.ccbr.utoronto.ca/TFreport.php?versionNumber=2.00&searchTF=T235910_2.00

MOTIF M03873_2.00 (SBAD_0000281201)_(Drosophila_melanogaster)_(DBD_0.84)

letter-probability matrix: alength= 4 w= 8 nsites= 1 E= 0
  0.066713	  0.051138	  0.230216	  0.651933	
  0.016386	  0.034145	  0.003021	  0.946448	
  0.929850	  0.000000	  0.027700	  0.042450	
  1.000000	  0.000000	  0.000000	  0.000000	
  0.000000	  0.000000	  0.002605	  0.997395	
  0.215313	  0.015930	  0.009764	  0.758993	
  0.902969	  0.009170	  0.049170	  0.038690	
  0.516898	  0.121538	  0.313077	  0.048487	

URL http://cisbp.ccbr.utoronto.ca/TFreport.php?versionNumber=2.00&searchTF=T235899_2.00

MOTIF M03935_2.00 (SBAD_0000391501)_(Drosophila_melanogaster)_(DBD_0.76)

letter-probability matrix: alength= 4 w= 13 nsites= 1 E= 0
  0.458438	  0.003778	  0.533375	  0.004408	
  0.001368	  0.000000	  0.995896	  0.002736	
  0.016393	  0.001261	  0.918033	  0.064313	
  0.035828	  0.020701	  0.363854	  0.579618	
  0.000000	  0.950392	  0.003916	  0.045692	
  0.956636	  0.001314	  0.040736	  0.001314	
  0.994498	  0.000000	  0.002751	  0.002751	
  0.981132	  0.006739	  0.012129	  0.000000	
  0.006748	  0.010796	  0.982456	  0.000000	
  0.016512	  0.005160	  0.751290	  0.227038	
  0.009877	  0.004938	  0.086420	  0.898765	
  0.001264	  0.920354	  0.006321	  0.072061	
  0.844548	  0.001160	  0.149652	  0.004640	

URL http://cisbp.ccbr.utoronto.ca/TFreport.php?versionNumber=2.00&searchTF=T310153_2.00

MOTIF M04455_2.00 (SBAD_0000267001)_(Homo_sapiens)_(DBD_0.85)

letter-probability matrix: alength= 4 w= 11 nsites= 1 E= 0
  0.228040	  0.297707	  0.285591	  0.188663	
  0.407600	  0.179117	  0.342968	  0.070315	
  0.119439	  0.745003	  0.079787	  0.055770	
  0.072968	  0.836864	  0.033677	  0.056491	
  0.566352	  0.277540	  0.129886	  0.026222	
  0.000000	  0.983404	  0.000000	  0.016596	
  0.336164	  0.054118	  0.576733	  0.032984	
  0.000000	  0.984871	  0.010441	  0.004688	
  0.025838	  0.932983	  0.039362	  0.001817	
  0.012980	  0.882229	  0.020042	  0.084749	
  0.397663	  0.247079	  0.084163	  0.271095	

URL http://cisbp.ccbr.utoronto.ca/TFreport.php?versionNumber=2.00&searchTF=T155947_2.00

MOTIF M06423_2.00 (SBAD_0000316101)_(Drosophila_melanogaster)_(DBD_0.89)

letter-probability matrix: alength= 4 w= 7 nsites= 1 E= 0
  0.714286	  0.214286	  0.071429	  0.000000	
  0.714286	  0.000000	  0.285714	  0.000000	
  0.000000	  0.000000	  1.000000	  0.000000	
  0.000000	  0.000000	  1.000000	  0.000000	
  0.000000	  0.000000	  0.000000	  1.000000	
  0.000000	  1.000000	  0.000000	  0.000000	
  0.928571	  0.000000	  0.071429	  0.000000	

URL http://cisbp.ccbr.utoronto.ca/TFreport.php?versionNumber=2.00&searchTF=T310151_2.00

MOTIF M06427_2.00 (SBAD_0001128101)_(Drosophila_melanogaster)_(DBD_0.64)

letter-probability matrix: alength= 4 w= 6 nsites= 1 E= 0
  0.727273	  0.000000	  0.272727	  0.000000	
  0.000000	  0.045455	  0.954545	  0.000000	
  0.000000	  0.000000	  1.000000	  0.000000	
  0.000000	  0.000000	  0.045455	  0.954545	
  0.000000	  1.000000	  0.000000	  0.000000	
  0.909091	  0.000000	  0.090909	  0.000000	

URL http://cisbp.ccbr.utoronto.ca/TFreport.php?versionNumber=2.00&searchTF=T310159_2.00

MOTIF M06432_2.00 (SBAD_0000006401)_(Drosophila_melanogaster)_(DBD_0.91)

letter-probability matrix: alength= 4 w= 13 nsites= 1 E= 0
  0.785714	  0.214286	  0.000000	  0.000000	
  0.642857	  0.214286	  0.071429	  0.071429	
  0.571429	  0.000000	  0.285714	  0.142857	
  0.571429	  0.071429	  0.142857	  0.214286	
  0.785714	  0.000000	  0.142857	  0.071429	
  0.142857	  0.071429	  0.000000	  0.785714	
  0.000000	  0.857143	  0.000000	  0.142857	
  0.928571	  0.000000	  0.071429	  0.000000	
  0.642857	  0.000000	  0.357143	  0.000000	
  1.000000	  0.000000	  0.000000	  0.000000	
  0.357143	  0.071429	  0.571429	  0.000000	
  0.000000	  0.142857	  0.857143	  0.000000	
  0.214286	  0.000000	  0.142857	  0.642857	

URL http://cisbp.ccbr.utoronto.ca/TFreport.php?versionNumber=2.00&searchTF=T310149_2.00

MOTIF M06487_2.00 (SBAD_0001248701)_(Drosophila_melanogaster)_(DBD_0.98)

letter-probability matrix: alength= 4 w= 8 nsites= 1 E= 0
  0.000000	  0.352941	  0.000000	  0.647059	
  0.294118	  0.000000	  0.705882	  0.000000	
  0.000000	  0.000000	  0.000000	  1.000000	
  0.000000	  1.000000	  0.000000	  0.000000	
  1.000000	  0.000000	  0.000000	  0.000000	
  1.000000	  0.000000	  0.000000	  0.000000	
  0.823529	  0.117647	  0.000000	  0.058824	
  0.294118	  0.235294	  0.235294	  0.235294	

URL http://cisbp.ccbr.utoronto.ca/TFreport.php?versionNumber=2.00&searchTF=T235930_2.00

MOTIF M07266_2.00 (SBAD_0000070901)_(Arabidopsis_thaliana)_(DBD_0.27)

letter-probability matrix: alength= 4 w= 8 nsites= 1 E= 0
  0.035000	  0.143333	  0.080000	  0.741667	
  0.586667	  0.048333	  0.001667	  0.363333	
  0.995000	  0.000000	  0.000000	  0.005000	
  0.028333	  0.000000	  0.000000	  0.971667	
  0.000000	  0.988333	  0.011667	  0.000000	
  1.000000	  0.000000	  0.000000	  0.000000	
  0.000000	  0.000000	  0.005000	  0.995000	
  0.598334	  0.073333	  0.060000	  0.268333	

URL http://cisbp.ccbr.utoronto.ca/TFreport.php?versionNumber=2.00&searchTF=T336882_2.00

MOTIF M07979_2.00 (SBAD_0000950901)_(Homo_sapiens)_(DBD_0.93)

letter-probability matrix: alength= 4 w= 15 nsites= 1 E= 0
  0.310573	  0.154185	  0.306167	  0.229075	
  0.310573	  0.105727	  0.270925	  0.312775	
  0.160793	  0.101322	  0.385463	  0.352423	
