MEME version 5.5.8 (Fri May 2 15:43:49 2025 -0700)

ALPHABET= ACGT

strands: + -

Background letter frequencies (from uniform background):
A 0.25000 C 0.25000 G 0.25000 T 0.25000 

MOTIF M00402_2.00 (SPER_0001337601)_(Mus_musculus)_(DBD_0.88)

letter-probability matrix: alength= 4 w= 7 nsites= 1 E= 0
  0.144397	  0.120611	  0.119411	  0.615582	
  0.644210	  0.107557	  0.134025	  0.114208	
  0.733858	  0.022383	  0.092602	  0.151156	
  0.080543	  0.104458	  0.116604	  0.698395	
  0.170686	  0.157563	  0.174135	  0.497616	
  0.375164	  0.124881	  0.304102	  0.195853	
  0.313095	  0.175301	  0.329148	  0.182456	

URL http://cisbp.ccbr.utoronto.ca/TFreport.php?versionNumber=2.00&searchTF=T236337_2.00

MOTIF M00417_2.00 (SPER_0003280101)_(Mus_musculus)_(DBD_1.00)

letter-probability matrix: alength= 4 w= 8 nsites= 1 E= 0
  0.281218	  0.216834	  0.307701	  0.194247	
  0.129122	  0.376440	  0.129122	  0.365315	
  0.165282	  0.184501	  0.049782	  0.600435	
  0.689510	  0.110607	  0.091467	  0.108417	
  0.925332	  0.042528	  0.028507	  0.003633	
  0.103670	  0.106828	  0.082370	  0.707132	
  0.155855	  0.155855	  0.181078	  0.507211	
  0.479837	  0.103902	  0.258126	  0.158135	

URL http://cisbp.ccbr.utoronto.ca/TFreport.php?versionNumber=2.00&searchTF=T236368_2.00

MOTIF M00432_2.00 (SPER_0001545901)_(Mus_musculus)_(DBD_0.74)

letter-probability matrix: alength= 4 w= 8 nsites= 1 E= 0
  0.233021	  0.233021	  0.237729	  0.296228	
  0.299569	  0.128040	  0.147281	  0.425109	
  0.394212	  0.088845	  0.184360	  0.332583	
  0.791037	  0.010521	  0.120704	  0.077738	
  0.125342	  0.030909	  0.107883	  0.735866	
  0.111249	  0.116952	  0.215243	  0.556556	
  0.502249	  0.069345	  0.330001	  0.098405	
  0.304872	  0.239820	  0.275859	  0.179449	

URL http://cisbp.ccbr.utoronto.ca/TFreport.php?versionNumber=2.00&searchTF=T236340_2.00

MOTIF M00450_2.00 (SPER_0002997001)_(Mus_musculus)_(DBD_0.77)

letter-probability matrix: alength= 4 w= 9 nsites= 1 E= 0
  0.196325	  0.259764	  0.216973	  0.326938	
  0.168024	  0.144619	  0.100897	  0.586460	
  0.700378	  0.000665	  0.217374	  0.081583	
  0.964678	  0.000287	  0.006765	  0.028270	
  0.099760	  0.022937	  0.086727	  0.790576	
  0.079382	  0.133523	  0.297160	  0.489935	
  0.592997	  0.034302	  0.309572	  0.063130	
  0.209422	  0.321935	  0.297183	  0.171460	
  0.160609	  0.343427	  0.206226	  0.289737	

URL http://cisbp.ccbr.utoronto.ca/TFreport.php?versionNumber=2.00&searchTF=T236361_2.00

MOTIF M00487_2.00 (SPER_0001152701)_(Mus_musculus)_(DBD_0.88)

letter-probability matrix: alength= 4 w= 8 nsites= 1 E= 0
  0.245580	  0.266033	  0.173057	  0.315330	
  0.119000	  0.042484	  0.026819	  0.811696	
  0.775973	  0.070395	  0.099895	  0.053738	
  0.952272	  0.000511	  0.019863	  0.027354	
  0.039124	  0.063862	  0.062598	  0.834416	
  0.140547	  0.106223	  0.141959	  0.611271	
  0.355145	  0.111333	  0.377106	  0.156417	
  0.288606	  0.209571	  0.335312	  0.166511	

URL http://cisbp.ccbr.utoronto.ca/TFreport.php?versionNumber=2.00&searchTF=T236333_2.00

MOTIF M00495_2.00 (SPER_0001142801)_(Mus_musculus)_(DBD_1.00)

letter-probability matrix: alength= 4 w= 9 nsites= 1 E= 0
  0.184447	  0.364076	  0.184447	  0.267030	
  0.116544	  0.046445	  0.001308	  0.835703	
  0.822965	  0.097799	  0.078485	  0.000750	
  0.891592	  0.011056	  0.021179	  0.076173	
  0.116988	  0.045699	  0.100693	  0.736620	
  0.189372	  0.123188	  0.282510	  0.404930	
  0.430266	  0.105047	  0.303203	  0.161484	
  0.227412	  0.274998	  0.297901	  0.199689	
  0.184723	  0.307617	  0.234829	  0.272832	

URL http://cisbp.ccbr.utoronto.ca/TFreport.php?versionNumber=2.00&searchTF=T236332_2.00

MOTIF M00504_2.00 (SPER_0001880401)_(Mus_musculus)_(DBD_0.74)

letter-probability matrix: alength= 4 w= 9 nsites= 1 E= 0
  0.187953	  0.312996	  0.166699	  0.332351	
  0.123462	  0.059498	  0.023949	  0.793091	
  0.836264	  0.023546	  0.099379	  0.040811	
  0.958798	  0.008548	  0.007734	  0.024920	
  0.020845	  0.118761	  0.058388	  0.802005	
  0.122114	  0.113858	  0.421979	  0.342049	
  0.445655	  0.068686	  0.354088	  0.131571	
  0.186220	  0.326010	  0.277808	  0.209962	
  0.215548	  0.296837	  0.224345	  0.263271	

URL http://cisbp.ccbr.utoronto.ca/TFreport.php?versionNumber=2.00&searchTF=T236347_2.00

MOTIF M01487_2.00 (SPER_0003941101)_(Mus_musculus)_(DBD_0.67)

letter-probability matrix: alength= 4 w= 10 nsites= 1 E= 0
  0.261603	  0.241490	  0.280572	  0.216335	
  0.446052	  0.120354	  0.267852	  0.165742	
  0.103040	  0.655313	  0.180388	  0.061259	
  0.133099	  0.838060	  0.023362	  0.005480	
  0.000937	  0.000046	  0.996869	  0.002148	
  0.001110	  0.001655	  0.996211	  0.001024	
  0.967826	  0.006720	  0.009254	  0.016201	
  0.666748	  0.047107	  0.028287	  0.257859	
  0.287380	  0.110036	  0.556021	  0.046563	
  0.109809	  0.281109	  0.091720	  0.517362	

URL http://cisbp.ccbr.utoronto.ca/TFreport.php?versionNumber=2.00&searchTF=T178789_2.00

MOTIF M01667_2.00 (SPER_0001663401)_(Caenorhabditis_elegans)_(DBD_0.93)

letter-probability matrix: alength= 4 w= 8 nsites= 1 E= 0
  0.245252	  0.271045	  0.215355	  0.268348	
  0.308320	  0.196593	  0.254968	  0.240120	
  0.941882	  0.000249	  0.000593	  0.057276	
  0.051763	  0.035046	  0.000248	  0.912942	
  0.191668	  0.309749	  0.088745	  0.409838	
  0.562171	  0.100666	  0.162683	  0.174479	
  0.502612	  0.159145	  0.175883	  0.162360	
  0.416728	  0.148775	  0.235670	  0.198827	

URL http://cisbp.ccbr.utoronto.ca/TFreport.php?versionNumber=2.00&searchTF=T016701_2.00

MOTIF M01674_2.00 (SPER_0000816601)_(Brachypodium_distachyon)_(DBD_0.83)

letter-probability matrix: alength= 4 w= 9 nsites= 1 E= 0
  0.374501	  0.137771	  0.378264	  0.109464	
  0.226206	  0.276289	  0.249996	  0.247509	
  0.606765	  0.056721	  0.230014	  0.106500	
  0.428552	  0.111098	  0.200420	  0.259930	
  0.475920	  0.046770	  0.205460	  0.271850	
  0.400042	  0.099641	  0.159424	  0.340893	
  0.337415	  0.202616	  0.115736	  0.344232	
  0.546503	  0.072497	  0.224425	  0.156576	
  0.462607	  0.040726	  0.319538	  0.177129	

URL http://cisbp.ccbr.utoronto.ca/TFreport.php?versionNumber=2.00&searchTF=T018231_2.00

MOTIF M01678_2.00 (SPER_0002350901)_(Danio_rerio)_(DBD_0.77)

letter-probability matrix: alength= 4 w= 8 nsites= 1 E= 0
  0.421032	  0.213302	  0.219798	  0.145869	
  0.361549	  0.210692	  0.212810	  0.214949	
  0.399952	  0.129198	  0.233071	  0.237779	
  0.407012	  0.081357	  0.264765	  0.246866	
  0.287986	  0.143010	  0.130701	  0.438304	
  0.780909	  0.000177	  0.139834	  0.079080	
  0.562556	  0.000620	  0.176353	  0.260471	
  0.417051	  0.093057	  0.112529	  0.377363	

URL http://cisbp.ccbr.utoronto.ca/TFreport.php?versionNumber=2.00&searchTF=T018232_2.00

MOTIF M01729_2.00 (SPER_0000128301)_(Mus_musculus)_(DBD_0.89)

letter-probability matrix: alength= 4 w= 10 nsites= 1 E= 0
  0.412746	  0.175491	  0.236272	  0.175491	
  0.413869	  0.220536	  0.298563	  0.067033	
  0.000046	  0.999862	  0.000046	  0.000046	
  0.999862	  0.000046	  0.000046	  0.000046	
  0.000046	  0.000046	  0.000046	  0.999862	
  0.999862	  0.000046	  0.000046	  0.000046	
  0.000046	  0.000046	  0.000046	  0.999862	
  0.000046	  0.000046	  0.999862	  0.000046	
  0.074555	  0.134874	  0.651658	  0.138914	
  0.183013	  0.272775	  0.183013	  0.361199	

URL http://cisbp.ccbr.utoronto.ca/TFreport.php?versionNumber=2.00&searchTF=T054986_2.00

MOTIF M01927_2.00 (SPER_0001694401)_(Homo_sapiens)_(DBD_0.74)

letter-probability matrix: alength= 4 w= 11 nsites= 1 E= 0
  0.452849	  0.240018	  0.153566	  0.153566	
  0.538650	  0.122796	  0.122796	  0.215757	
  0.105898	  0.021764	  0.021764	  0.850573	
  0.000170	  0.000170	  0.999489	  0.000170	
  0.000170	  0.000170	  0.000170	  0.999489	
  0.999489	  0.000170	  0.000170	  0.000170	
  0.201683	  0.000170	  0.104063	  0.694083	
  0.000170	  0.999489	  0.000170	  0.000170	
  0.618481	  0.188311	  0.096604	  0.096604	
  0.509326	  0.127374	  0.127374	  0.235926	
  0.228406	  0.228406	  0.228406	  0.314782	

URL http://cisbp.ccbr.utoronto.ca/TFreport.php?versionNumber=2.00&searchTF=T170041_2.00

MOTIF M01971_2.00 (SPER_0000031301)_(Tetraodon_nigroviridis)_(DBD_0.73)

letter-probability matrix: alength= 4 w= 8 nsites= 1 E= 0
  0.001420	  0.995739	  0.001420	  0.001420	
  0.001106	  0.996681	  0.001106	  0.001106	
  0.001106	  0.001106	  0.996681	  0.001106	
  0.001106	  0.001106	  0.996681	  0.001106	
  0.996681	  0.001106	  0.001106	  0.001106	
  0.886062	  0.001106	  0.001106	  0.111726	
  0.222345	  0.001106	  0.775442	  0.001106	
  0.001656	  0.167219	  0.001656	  0.829470	

URL http://cisbp.ccbr.utoronto.ca/TFreport.php?versionNumber=2.00&searchTF=T178772_2.00

MOTIF M02085_2.00 (SPER_0003216701)_(Homo_sapiens)_(DBD_0.74)

letter-probability matrix: alength= 4 w= 10 nsites= 1 E= 0
  0.220232	  0.271696	  0.222446	  0.285626	
  0.291351	  0.229185	  0.263625	  0.215838	
  0.194386	  0.333568	  0.204352	  0.267694	
  0.106702	  0.252155	  0.096548	  0.544595	
  0.708900	  0.012106	  0.207206	  0.071788	
  0.671736	  0.131613	  0.027657	  0.168994	
  0.144596	  0.205191	  0.069682	  0.580531	
  0.155780	  0.110880	  0.270007	  0.463333	
  0.512218	  0.101367	  0.192241	  0.194173	
  0.253879	  0.199708	  0.363893	  0.182520	

URL http://cisbp.ccbr.utoronto.ca/TFreport.php?versionNumber=2.00&searchTF=T236366_2.00

MOTIF M02127_2.00 (SPER_0000448001)_(Drosophila_melanogaster)_(DBD_0.58)

letter-probability matrix: alength= 4 w= 8 nsites= 1 E= 0
  0.111726	  0.775442	  0.111726	  0.001106	
  0.000906	  0.000906	  0.000906	  0.997283	
  0.906703	  0.091486	  0.000906	  0.000906	
  0.997283	  0.000906	  0.000906	  0.000906	
  0.000906	  0.000906	  0.000906	  0.997283	
  0.000906	  0.000906	  0.000906	  0.997283	
  0.997283	  0.000906	  0.000906	  0.000906	
  0.143466	  0.143466	  0.143466	  0.569602	

URL http://cisbp.ccbr.utoronto.ca/TFreport.php?versionNumber=2.00&searchTF=T236325_2.00

MOTIF M02132_2.00 (SPER_0001325101)_(Fusarium_graminearum)_(DBD_0.46)

letter-probability matrix: alength= 4 w= 11 nsites= 1 E= 0
  0.227301	  0.227301	  0.227301	  0.318098	
  0.166123	  0.244123	  0.423631	  0.166123	
  0.134747	  0.044275	  0.215150	  0.605828	
  0.999540	  0.000153	  0.000153	  0.000153	
  0.000153	  0.999540	  0.000153	  0.000153	
  0.999540	  0.000153	  0.000153	  0.000153	
  0.000153	  0.000153	  0.000153	  0.999540	
  0.000153	  0.000153	  0.999540	  0.000153	
  0.022853	  0.097620	  0.022853	  0.856675	
  0.233342	  0.508125	  0.084030	  0.174502	
  0.295782	  0.205878	  0.292461	  0.205878	

URL http://cisbp.ccbr.utoronto.ca/TFreport.php?versionNumber=2.00&searchTF=T236335_2.00

MOTIF M02227_2.00 (SPER_0002540301)_(Oikopleura_dioica)_(DBD_0.62)

letter-probability matrix: alength= 4 w= 8 nsites= 1 E= 0
  0.308789	  0.191211	  0.250000	  0.250000	
  0.009525	  0.037816	  0.000094	  0.952565	
  0.000083	  0.000083	  0.999752	  0.000083	
  0.958784	  0.000082	  0.000082	  0.041052	
  0.000082	  0.999754	  0.000082	  0.000082	
  0.950590	  0.000082	  0.049246	  0.000082	
  0.074832	  0.056147	  0.635370	  0.233651	
  0.132587	  0.277095	  0.397519	  0.192799	

URL http://cisbp.ccbr.utoronto.ca/TFreport.php?versionNumber=2.00&searchTF=T236354_2.00

MOTIF M02412_2.00 (SPER_0000731301)_(Schistosoma_mansoni)_(DBD_0.82)

letter-probability matrix: alength= 4 w= 8 nsites= 1 E= 0
  0.537718	  0.000084	  0.462114	  0.000084	
  0.000056	  0.000056	  0.999831	  0.000056	
  0.000056	  0.000056	  0.994182	  0.005705	
  0.000056	  0.005705	  0.005705	  0.988534	
  0.000056	  0.988534	  0.005705	  0.005705	
  0.933168	  0.006120	  0.060652	  0.000061	
  0.265620	  0.281240	  0.218760	  0.234380	
  0.247313	  0.258061	  0.268809	  0.225817	

URL http://cisbp.ccbr.utoronto.ca/TFreport.php?versionNumber=2.00&searchTF=T310532_2.00

MOTIF M02425_2.00 (SPER_0000498301)_(Danio_rerio)_(DBD_0.75)

letter-probability matrix: alength= 4 w= 10 nsites= 1 E= 0
  0.160399	  0.501531	  0.057264	  0.280806	
  0.488862	  0.167684	  0.242761	  0.100693	
  0.231052	  0.247805	  0.305712	  0.215431	
  0.015981	  0.317798	  0.063524	  0.602697	
  0.084598	  0.458476	  0.406631	  0.050295	
  0.622700	  0.008620	  0.258285	  0.110395	
  0.394790	  0.162123	  0.126261	  0.316826	
  0.085544	  0.336647	  0.522715	  0.055094	
  0.064856	  0.751575	  0.036313	  0.147256	
  0.306352	  0.055965	  0.575210	  0.062473	

URL http://cisbp.ccbr.utoronto.ca/TFreport.php?versionNumber=2.00&searchTF=T312938_2.00

MOTIF M02452_2.00 (SPER_0003713301)_(Schistosoma_mansoni)_(DBD_0.92)

letter-probability matrix: alength= 4 w= 8 nsites= 1 E= 0
  0.001420	  0.001420	  0.995739	  0.001420	
  0.001420	  0.001420	  0.001420	  0.995739	
  0.001420	  0.001420	  0.001420	  0.995739	
  0.001420	  0.001420	  0.995739	  0.001420	
  0.001420	  0.995739	  0.001420	  0.001420	
  0.001420	  0.143466	  0.001420	  0.853693	
  0.995739	  0.001420	  0.001420	  0.001420	
  0.250000	  0.002475	  0.250000	  0.497525	

URL http://cisbp.ccbr.utoronto.ca/TFreport.php?versionNumber=2.00&searchTF=T319247_2.00

MOTIF M02457_2.00 (SPER_0000558501)_(Schistosoma_mansoni)_(DBD_0.71)

letter-probability matrix: alength= 4 w= 11 nsites= 1 E= 0
  0.303907	  0.232031	  0.232031	  0.232031	
  0.314070	  0.127384	  0.127384	  0.431163	
  0.795729	  0.038813	  0.126645	  0.038813	
  0.999493	  0.000169	  0.000169	  0.000169	
  0.000169	  0.999493	  0.000169	  0.000169	
  0.000169	  0.999493	  0.000169	  0.000169	
  0.158657	  0.000169	  0.841005	  0.000169	
  0.000169	  0.999493	  0.000169	  0.000169	
  0.945586	  0.018138	  0.018138	  0.018138	
  0.510000	  0.122785	  0.244430	  0.122785	
  0.211356	  0.288116	  0.211356	  0.289173	

URL http://cisbp.ccbr.utoronto.ca/TFreport.php?versionNumber=2.00&searchTF=T319849_2.00

MOTIF M02526_2.00 (SPER_0001842001)_(Danio_rerio)_(DBD_0.29)

letter-probability matrix: alength= 4 w= 8 nsites= 1 E= 0
  0.362822	  0.140318	  0.236019	  0.260841	
  0.142305	  0.151105	  0.111941	  0.594649	
  0.149465	  0.110726	  0.089753	  0.650057	
  0.072123	  0.522371	  0.085488	  0.320018	
  0.726622	  0.000422	  0.230075	  0.042880	
  0.798606	  0.038585	  0.035977	  0.126833	
  0.740348	  0.060167	  0.085381	  0.114105	
  0.290887	  0.247877	  0.105946	  0.355290	

URL http://cisbp.ccbr.utoronto.ca/TFreport.php?versionNumber=2.00&searchTF=T346333_2.00

MOTIF M02680_2.00 (SPER_0003672701)_(Homo_sapiens)_(DBD_0.84)

letter-probability matrix: alength= 4 w= 14 nsites= 1 E= 0
  0.037037	  0.370370	  0.259259	  0.333333	
  0.370370	  0.259259	  0.185185	  0.185185	
  0.629630	  0.148148	  0.074074	  0.148148	
  0.464286	  0.178571	  0.178571	  0.178571	
  0.136364	  0.500000	  0.363636	  0.000000	
  0.259259	  0.000000	  0.740741	  0.000000	
  0.000000	  0.000000	  0.000000	  1.000000	
  1.000000	  0.000000	  0.000000	  0.000000	
  1.000000	  0.000000	  0.000000	  0.000000	
  1.000000	  0.000000	  0.000000	  0.000000	
  0.000000	  0.925926	  0.000000	  0.074074	
  1.000000	  0.000000	  0.000000	  0.000000	
  0.592593	  0.148148	  0.074074	  0.185185	
  0.259259	  0.148148	  0.222222	  0.370370	

URL http://cisbp.ccbr.utoronto.ca/TFreport.php?versionNumber=2.00&searchTF=T191127_2.00

MOTIF M03087_2.00 (SPER_0001733801)_(Homo_sapiens)_(DBD_0.61)

letter-probability matrix: alength= 4 w= 8 nsites= 1 E= 0
  0.050776	  0.567735	  0.037679	  0.343811	
  0.096070	  0.163832	  0.029930	  0.710167	
  0.886769	  0.040902	  0.036132	  0.036197	
  0.970260	  0.011009	  0.012296	  0.006434	
  0.012245	  0.014168	  0.007333	  0.966254	
  0.055381	  0.046932	  0.060685	  0.837003	
  0.722030	  0.027451	  0.177528	  0.072990	
  0.193501	  0.261956	  0.269545	  0.274998	

URL http://cisbp.ccbr.utoronto.ca/TFreport.php?versionNumber=2.00&searchTF=T236345_2.00

MOTIF M03168_2.00 (SPER_0003668801)_(Homo_sapiens)_(DBD_0.45)

letter-probability matrix: alength= 4 w= 8 nsites= 1 E= 0
  0.072612	  0.450780	  0.073912	  0.402697	
  0.096614	  0.141577	  0.014371	  0.747439	
  0.795066	  0.130619	  0.028606	  0.045709	
  0.940555	  0.027395	  0.008236	  0.023814	
  0.050778	  0.014703	  0.036416	  0.898102	
  0.063239	  0.039960	  0.242873	  0.653928	
  0.742999	  0.012306	  0.188402	  0.056294	
  0.185954	  0.363723	  0.177579	  0.272745	

URL http://cisbp.ccbr.utoronto.ca/TFreport.php?versionNumber=2.00&searchTF=T236375_2.00

MOTIF M03379_2.00 (SPER_0003022201)_(Homo_sapiens)_(DBD_0.66)

letter-probability matrix: alength= 4 w= 18 nsites= 1 E= 0
  0.304978	  0.118025	  0.389497	  0.187500	
  0.002117	  0.037165	  0.000627	  0.960091	
  0.024157	  0.085087	  0.865648	  0.025108	
  0.741742	  0.025419	  0.031259	  0.201580	
  0.001361	  0.998015	  0.000284	  0.000340	
  0.000287	  0.998796	  0.000287	  0.000630	
  0.000520	  0.169043	  0.001783	  0.828654	
  0.026729	  0.331426	  0.189825	  0.452020	
  0.874831	  0.019162	  0.104348	  0.001658	
  0.001264	  0.127408	  0.017925	  0.853403	
  0.392329	  0.334357	  0.253823	  0.019491	
  0.777784	  0.004550	  0.216907	  0.000758	
  0.000601	  0.004137	  0.994529	  0.000734	
  0.000800	  0.004601	  0.992332	  0.002267	
  0.191967	  0.015968	  0.009567	  0.782499	
  0.004421	  0.966368	  0.012211	  0.017000	
  0.945331	  0.002315	  0.048752	  0.003602	
  0.256156	  0.423102	  0.136135	  0.184607	

URL http://cisbp.ccbr.utoronto.ca/TFreport.php?versionNumber=2.00&searchTF=T310540_2.00

MOTIF M03508_2.00 (SPER_0003626601)_(Homo_sapiens)_(DBD_0.78)

letter-probability matrix: alength= 4 w= 15 nsites= 1 E= 0
  0.887588	  0.105386	  0.007026	  0.000000	
  1.000000	  0.000000	  0.000000	  0.000000	
  0.000000	  0.992147	  0.007853	  0.000000	
  0.992147	  0.000000	  0.000000	  0.007853	
  0.853604	  0.146396	  0.000000	  0.000000	
  0.000000	  0.000000	  0.000000	  1.000000	
  0.954660	  0.000000	  0.030227	  0.015113	
  0.550000	  0.352381	  0.066667	  0.030952	
  0.000000	  1.000000	  0.000000	  0.000000	
  1.000000	  0.000000	  0.000000	  0.000000	
  0.000000	  0.000000	  0.000000	  1.000000	
  0.000000	  0.000000	  0.000000	  1.000000	
  0.000000	  0.000000	  1.000000	  0.000000	
  0.000000	  0.023018	  0.007673	  0.969309	
  0.005249	  0.000000	  0.000000	  0.994751	

URL http://cisbp.ccbr.utoronto.ca/TFreport.php?versionNumber=2.00&searchTF=T337006_2.00

MOTIF M03600_2.00 (SPER_0001779001)_(Drosophila_melanogaster)_(DBD_0.89)

letter-probability matrix: alength= 4 w= 14 nsites= 1 E= 0
  0.339925	  0.095104	  0.385122	  0.179849	
  0.116732	  0.334630	  0.242542	  0.306096	
  0.741097	  0.017324	  0.240616	  0.000962	
  0.969773	  0.002519	  0.018892	  0.008816	
  0.000000	  0.998703	  0.001297	  0.000000	
  1.000000	  0.000000	  0.000000	  0.000000	
  0.080000	  0.064444	  0.855556	  0.000000	
  0.001092	  0.840611	  0.061135	  0.097162	
  0.000000	  0.001297	  0.000000	  0.998703	
  0.000000	  0.000000	  1.000000	  0.000000	
  0.003783	  0.025221	  0.000000	  0.970996	
  0.000000	  0.241843	  0.019194	  0.738964	
  0.306892	  0.241873	  0.331599	  0.119636	
  0.191882	  0.363469	  0.097786	  0.346863	

URL http://cisbp.ccbr.utoronto.ca/TFreport.php?versionNumber=2.00&searchTF=T055003_2.00

MOTIF M03686_2.00 (SPER_0003711101)_(Drosophila_melanogaster)_(DBD_0.83)

letter-probability matrix: alength= 4 w= 13 nsites= 1 E= 0
  0.063994	  0.090208	  0.057826	  0.787972	
  0.006849	  0.003805	  0.987062	  0.002283	
  0.867559	  0.060201	  0.070903	  0.001338	
  0.042279	  0.162990	  0.000000	  0.794730	
  0.000000	  0.000770	  0.000000	  0.999230	
  0.000000	  0.000770	  0.999230	  0.000000	
  0.000000	  0.997692	  0.002308	  0.000000	
  0.001274	  0.026752	  0.145860	  0.826115	
  0.000000	  0.997692	  0.002308	  0.000000	
  0.325706	  0.000000	  0.010679	  0.663616	
  0.000000	  0.066906	  0.000000	  0.933094	
  0.001540	  0.000000	  0.000000	  0.998460	
  0.000000	  0.000000	  0.000000	  1.000000	

URL http://cisbp.ccbr.utoronto.ca/TFreport.php?versionNumber=2.00&searchTF=T156879_2.00

MOTIF M03716_2.00 (SPER_0000876901)_(Drosophila_melanogaster)_(DBD_0.80)

letter-probability matrix: alength= 4 w= 14 nsites= 1 E= 0
  0.360100	  0.193048	  0.199210	  0.247641	
  0.256692	  0.265839	  0.218756	  0.258714	
  0.193215	  0.442108	  0.252895	  0.111783	
  0.352083	  0.000745	  0.644813	  0.002359	
  0.959889	  0.003789	  0.034473	  0.001848	
  0.001436	  0.003062	  0.001531	  0.993971	
  0.013441	  0.962736	  0.002874	  0.020949	
  0.351063	  0.015662	  0.625625	  0.007650	
  0.953019	  0.011654	  0.019637	  0.015691	
  0.020653	  0.012539	  0.009220	  0.957588	
  0.728791	  0.052768	  0.073188	  0.145253	
  0.447675	  0.198710	  0.112063	  0.241552	
  0.252840	  0.221645	  0.158675	  0.366840	
  0.262469	  0.237050	  0.219911	  0.280570	

URL http://cisbp.ccbr.utoronto.ca/TFreport.php?versionNumber=2.00&searchTF=T167620_2.00

MOTIF M03726_2.00 (SPER_0003620501)_(Drosophila_melanogaster)_(DBD_0.86)

letter-probability matrix: alength= 4 w= 11 nsites= 1 E= 0
  0.239657	  0.129977	  0.550351	  0.080016	
  0.651665	  0.017290	  0.139080	  0.191965	
  0.006142	  0.983877	  0.008061	  0.001919	
  0.000000	  0.994182	  0.000000	  0.005818	
  0.001936	  0.001549	  0.992641	  0.003873	
  0.003673	  0.005008	  0.855760	  0.135559	
  0.916995	  0.079070	  0.003936	  0.000000	
  0.932678	  0.003639	  0.000000	  0.063683	
  0.178628	  0.003828	  0.817544	  0.000000	
  0.002717	  0.211893	  0.011772	  0.773619	
  0.212559	  0.245710	  0.385725	  0.156006	

URL http://cisbp.ccbr.utoronto.ca/TFreport.php?versionNumber=2.00&searchTF=T178786_2.00

MOTIF M03733_2.00 (SPER_0002229601)_(Drosophila_melanogaster)_(DBD_0.91)

letter-probability matrix: alength= 4 w= 10 nsites= 1 E= 0
  0.489442	  0.020648	  0.196152	  0.293759	
  0.122733	  0.822462	  0.054805	  0.000000	
  0.036183	  0.963817	  0.000000	  0.000000	
  0.000000	  0.000000	  1.000000	  0.000000	
  0.000000	  0.000000	  0.504927	  0.495073	
  0.995329	  0.004671	  0.000000	  0.000000	
  0.886808	  0.013317	  0.000000	  0.099875	
  0.080370	  0.015704	  0.903926	  0.000000	
  0.000000	  0.333231	  0.009864	  0.656905	
  0.252933	  0.142187	  0.428907	  0.175974	

URL http://cisbp.ccbr.utoronto.ca/TFreport.php?versionNumber=2.00&searchTF=T178779_2.00

MOTIF M03764_2.00 (SPER_0003407301)_(Drosophila_melanogaster)_(DBD_0.64)

letter-probability matrix: alength= 4 w= 21 nsites= 1 E= 0
  0.141935	  0.245161	  0.124194	  0.488710	
  0.942817	  0.034868	  0.018131	  0.004184	
  0.005658	  0.004243	  0.002829	  0.987270	
  0.174174	  0.012012	  0.807808	  0.006006	
  0.027961	  0.924342	  0.032895	  0.014803	
  0.067588	  0.006144	  0.788018	  0.138249	
  0.001712	  0.005137	  0.988014	  0.005137	
  0.006897	  0.000000	  0.984483	  0.008621	
  0.042296	  0.244713	  0.058912	  0.654079	
  0.405239	  0.155624	  0.334361	  0.104777	
  0.141880	  0.420513	  0.329915	  0.107692	
  0.098009	  0.349158	  0.174579	  0.378254	
  0.667185	  0.038880	  0.241058	  0.052877	
  0.011824	  0.974662	  0.010135	  0.003378	
  0.000000	  0.993255	  0.005059	  0.001686	
  0.127358	  0.828616	  0.006289	  0.037736	
  0.005059	  0.042159	  0.934233	  0.018550	
  0.015291	  0.831804	  0.009174	  0.143731	
  0.997151	  0.001425	  0.001425	  0.000000	
  0.006906	  0.006906	  0.027624	  0.958564	
  0.538341	  0.162754	  0.206573	  0.092332	

URL http://cisbp.ccbr.utoronto.ca/TFreport.php?versionNumber=2.00&searchTF=T198267_2.00

MOTIF M03813_2.00 (SPER_0000675901)_(Drosophila_melanogaster)_(DBD_0.69)

letter-probability matrix: alength= 4 w= 13 nsites= 1 E= 0
  0.341505	  0.170327	  0.121382	  0.366786	
  0.010908	  0.002349	  0.001007	  0.985736	
  0.987725	  0.000336	  0.004372	  0.007567	
  0.998470	  0.000595	  0.000765	  0.000170	
  0.006766	  0.008603	  0.003341	  0.981290	
  0.002906	  0.325096	  0.007638	  0.664361	
  0.114987	  0.016159	  0.054095	  0.814758	
  0.989139	  0.001684	  0.007241	  0.001937	
  0.998385	  0.000255	  0.000510	  0.000850	
  0.000000	  0.000085	  0.000085	  0.999830	
  0.002622	  0.003637	  0.000169	  0.993572	
  0.986978	  0.001176	  0.001428	  0.010418	
  0.377713	  0.117647	  0.193071	  0.311569	

URL http://cisbp.ccbr.utoronto.ca/TFreport.php?versionNumber=2.00&searchTF=T236326_2.00

MOTIF M03872_2.00 (SPER_0002969301)_(Drosophila_melanogaster)_(DBD_0.81)

letter-probability matrix: alength= 4 w= 8 nsites= 1 E= 0
  0.163743	  0.248467	  0.398231	  0.189559	
  0.026113	  0.054669	  0.017366	  0.901852	
  0.639690	  0.101916	  0.227555	  0.030839	
  0.955828	  0.026312	  0.015406	  0.002454	
  0.002554	  0.219101	  0.062206	  0.716139	
  0.032584	  0.124444	  0.497415	  0.345557	
  0.672386	  0.038981	  0.212060	  0.076574	
  0.073476	  0.632077	  0.087180	  0.207266	

URL http://cisbp.ccbr.utoronto.ca/TFreport.php?versionNumber=2.00&searchTF=T236360_2.00

MOTIF M03873_2.00 (SPER_0001757501)_(Drosophila_melanogaster)_(DBD_0.60)

letter-probability matrix: alength= 4 w= 8 nsites= 1 E= 0
  0.066713	  0.051138	  0.230216	  0.651933	
  0.016386	  0.034145	  0.003021	  0.946448	
  0.929850	  0.000000	  0.027700	  0.042450	
  1.000000	  0.000000	  0.000000	  0.000000	
  0.000000	  0.000000	  0.002605	  0.997395	
  0.215313	  0.015930	  0.009764	  0.758993	
  0.902969	  0.009170	  0.049170	  0.038690	
  0.516898	  0.121538	  0.313077	  0.048487	

URL http://cisbp.ccbr.utoronto.ca/TFreport.php?versionNumber=2.00&searchTF=T236346_2.00

MOTIF M03882_2.00 (SPER_0000794701)_(Drosophila_melanogaster)_(DBD_0.86)

letter-probability matrix: alength= 4 w= 8 nsites= 1 E= 0
  0.154208	  0.217775	  0.307946	  0.320071	
  0.060417	  0.189025	  0.096667	  0.653891	
  0.657382	  0.030950	  0.257660	  0.054008	
  0.993452	  0.006548	  0.000000	  0.000000	
  0.069987	  0.012309	  0.320110	  0.597594	
  0.000000	  0.224802	  0.060407	  0.714791	
  0.041841	  0.000000	  0.958159	  0.000000	
  0.168432	  0.362524	  0.240702	  0.228343	

URL http://cisbp.ccbr.utoronto.ca/TFreport.php?versionNumber=2.00&searchTF=T236330_2.00

MOTIF M05621_2.00 (SPER_0002219401)_(Homo_sapiens)_(DBD_0.55)

letter-probability matrix: alength= 4 w= 14 nsites= 1 E= 0
  0.086270	  0.131227	  0.179830	  0.602673	
  0.670103	  0.038946	  0.273769	  0.017182	
  0.001087	  0.022826	  0.895652	  0.080435	
  0.024221	  0.010381	  0.950404	  0.014994	
  0.037823	  0.092251	  0.109779	  0.760148	
  0.000000	  0.944954	  0.006881	  0.048165	
  0.973995	  0.003546	  0.022459	  0.000000	
  0.004819	  0.333735	  0.002410	  0.659036	
  0.030100	  0.025641	  0.918618	  0.025641	
  0.604106	  0.199413	  0.118035	  0.078446	
  0.055914	  0.886022	  0.040860	  0.017204	
  0.159962	  0.789272	  0.037356	  0.013410	
  0.027586	  0.255172	  0.024138	  0.693103	
  0.601942	  0.167476	  0.117718	  0.112864	

URL http://cisbp.ccbr.utoronto.ca/TFreport.php?versionNumber=2.00&searchTF=T310536_2.00

MOTIF M06451_2.00 (SPER_0003790901)_(Drosophila_melanogaster)_(DBD_0.78)

letter-probability matrix: alength= 4 w= 8 nsites= 1 E= 0
  0.160000	  0.120000	  0.440000	  0.280000	
  0.680000	  0.000000	  0.000000	  0.320000	
  0.120000	  0.200000	  0.000000	  0.680000	
  0.120000	  0.800000	  0.080000	  0.000000	
  0.920000	  0.000000	  0.000000	  0.080000	
  0.880000	  0.040000	  0.000000	  0.080000	
  0.800000	  0.000000	  0.120000	  0.080000	
  0.320000	  0.120000	  0.400000	  0.160000	

URL http://cisbp.ccbr.utoronto.ca/TFreport.php?versionNumber=2.00&searchTF=T337007_2.00

MOTIF M07784_2.00 (SPER_0000909201)_(Homo_sapiens)_(DBD_0.87)

letter-probability matrix: alength= 4 w= 15 nsites= 1 E= 0
  0.360248	  0.209110	  0.254658	  0.175983	
  0.120083	  0.341615	  0.198758	  0.339545	
  0.281573	  0.171843	  0.229814	  0.316770	
  0.008282	  0.296066	  0.691511	  0.004141	
  0.000000	  1.000000	  0.000000	  0.000000	
  0.000000	  0.962733	  0.000000	  0.037267	
  0.010352	  0.314700	  0.024845	  0.650103	
  0.068323	  0.503106	  0.358178	  0.070393	
  0.587991	  0.078675	  0.308489	  0.024845	
  0.086957	  0.000000	  0.913043	  0.000000	
  0.000000	  0.000000	  1.000000	  0.000000	
  0.028986	  0.318841	  0.631469	  0.020704	
  0.070393	  0.695652	  0.144928	  0.089027	
  0.612836	  0.105590	  0.024845	  0.256729	
  0.151139	  0.285714	  0.277433	  0.285714	

URL http://cisbp.ccbr.utoronto.ca/TFreport.php?versionNumber=2.00&searchTF=T011555_2.00

MOTIF M07950_2.00 (SPER_0002475901)_(Homo_sapiens)_(DBD_0.75)

letter-probability matrix: alength= 4 w= 21 nsites= 1 E= 0
  0.019481	  0.032468	  0.922077	  0.025974	
  0.038961	  0.681818	  0.188312	  0.090909	
  0.389610	  0.487013	  0.045455	  0.077922	
  0.000000	  0.266234	  0.019481	  0.714285	
  0.019481	  0.220779	  0.363636	  0.396104	
  0.090909	  0.720779	  0.103896	  0.084416	
  0.000000	  0.194805	  0.012987	  0.792208	
  0.006494	  0.000000	  0.993506	  0.000000	
  0.000000	  0.000000	  1.000000	  0.000000	
  0.051948	  0.000000	  0.941558	  0.006494	
  0.876622	  0.032468	  0.071429	  0.019481	
  0.474026	  0.149351	  0.279221	  0.097403	
  0.285714	  0.116883	  0.110390	  0.487013	
  0.012987	  0.064935	  0.038961	  0.883117	
  0.006494	  0.012987	  0.980519	  0.000000	
  0.006494	  0.051948	  0.058442	  0.883116	
  0.967532	  0.000000	  0.025974	  0.006494	
  0.000000	  0.000000	  0.993506	  0.006494	
  0.000000	  0.000000	  0.019481	  0.980519	
  0.006494	  0.409091	  0.019481	  0.564934	
  0.019481	  0.636363	  0.032468	  0.311688	

URL http://cisbp.ccbr.utoronto.ca/TFreport.php?versionNumber=2.00&searchTF=T178783_2.00

MOTIF M07977_2.00 (SPER_0002576901)_(Homo_sapiens)_(DBD_0.56)

letter-probability matrix: alength= 4 w= 18 nsites= 1 E= 0
  0.142132	  0.055838	  0.796954	  0.005076	
  0.162437	  0.055838	  0.172589	  0.609136	
  0.010152	  0.802031	  0.005076	  0.182741	
  0.005076	  0.598985	  0.390863	  0.005076	
  0.106599	  0.538071	  0.055838	  0.299492	
  0.030457	  0.086294	  0.766498	  0.116751	
  0.106599	  0.000000	  0.873096	  0.020305	
  0.000000	  0.005076	  0.994924	  0.000000	
  0.055838	  0.000000	  0.005076	  0.939086	
  0.000000	  0.000000	  0.000000	  1.000000	
  0.000000	  0.989848	  0.000000	  0.010152	
  0.299492	  0.000000	  0.700508	  0.000000	
  1.000000	  0.000000	  0.000000	  0.000000	
  0.426396	  0.055838	  0.203046	  0.314721	
  0.091371	  0.279188	  0.010152	  0.619289	
  0.000000	  0.994924	  0.000000	  0.005076	
  0.020305	  0.868020	  0.005076	  0.106599	
  0.071066	  0.771573	  0.126904	  0.030457	

URL http://cisbp.ccbr.utoronto.ca/TFreport.php?versionNumber=2.00&searchTF=T243713_2.00

MOTIF M08108_2.00 (SPER_0003432801)_(Homo_sapiens)_(DBD_0.68)

letter-probability matrix: alength= 4 w= 11 nsites= 1 E= 0
  0.204783	  0.244644	  0.387145	  0.163428	
  0.131041	  0.340807	  0.468361	  0.059791	
  0.023916	  0.035376	  0.927753	  0.012955	
  0.013951	  0.939711	  0.010962	  0.035376	
  0.006976	  0.026906	  0.962631	  0.003488	
  0.017937	  0.039860	  0.929248	  0.012955	
  0.013453	  0.015944	  0.956153	  0.014449	
  0.924265	  0.011958	  0.048829	  0.014948	
  0.819631	  0.084704	  0.068261	  0.027404	
  0.231689	  0.322372	  0.322870	  0.123069	
  0.189836	  0.300947	  0.322870	  0.186348	

URL http://cisbp.ccbr.utoronto.ca/TFreport.php?versionNumber=2.00&searchTF=T174394_2.00

MOTIF M08113_2.00 (SPER_0002333601)_(Mus_musculus)_(DBD_0.81)

letter-probability matrix: alength= 4 w= 11 nsites= 1 E= 0
  0.032356	  0.776542	  0.190091	  0.001011	
  0.070779	  0.924166	  0.004044	  0.001011	
  0.000000	  0.000000	  0.998991	  0.001009	
  0.000000	  0.000000	  1.000000	  0.000000	
  0.997986	  0.001007	  0.001007	  0.000000	
  0.995972	  0.002014	  0.000000	  0.002014	
  0.094758	  0.032258	  0.872984	  0.000000	
  0.056509	  0.263370	  0.037336	  0.642785	
  0.155556	  0.138384	  0.609091	  0.096970	
  0.266667	  0.264646	  0.419192	  0.049495	
  0.235354	  0.360606	  0.226263	  0.177778	

URL http://cisbp.ccbr.utoronto.ca/TFreport.php?versionNumber=2.00&searchTF=T178781_2.00

MOTIF M08117_2.00 (SPER_0003761401)_(Homo_sapiens)_(DBD_0.84)

letter-probability matrix: alength= 4 w= 15 nsites= 1 E= 0
  0.196656	  0.219329	  0.187386	  0.396628	
  0.211696	  0.311296	  0.214967	  0.262041	
  0.139131	  0.388859	  0.241458	  0.230553	
  0.324200	  0.196156	  0.165440	  0.314204	
  0.003181	  0.000000	  0.000545	  0.996274	
  0.267312	  0.000000	  0.732688	  0.000000	
  0.000000	  0.000000	  0.000000	  1.000000	
  0.000000	  0.000000	  0.058706	  0.941294	
  0.000000	  0.000000	  0.129907	  0.870093	
  0.829335	  0.000000	  0.170665	  0.000000	
  0.000000	  0.934024	  0.000000	  0.065976	
  0.417712	  0.120638	  0.000000	  0.461650	
  0.037577	  0.331516	  0.063250	  0.567657	
  0.486278	  0.000045	  0.002863	  0.510814	
  0.218421	  0.118275	  0.427799	  0.235505	

URL http://cisbp.ccbr.utoronto.ca/TFreport.php?versionNumber=2.00&searchTF=T191128_2.00

MOTIF M08130_2.00 (SPER_0002594901)_(Homo_sapiens)_(DBD_0.84)

letter-probability matrix: alength= 4 w= 11 nsites= 1 E= 0
  0.086643	  0.038809	  0.775271	  0.099278	
  0.361011	  0.069495	  0.081227	  0.488267	
  0.946751	  0.016245	  0.005415	  0.031588	
  0.971119	  0.007220	  0.009025	  0.012635	
  0.038809	  0.865523	  0.010830	  0.084838	
  0.101083	  0.786101	  0.027978	  0.084838	
  0.046029	  0.041516	  0.027076	  0.885379	
  0.043321	  0.008123	  0.925090	  0.023466	
  0.965704	  0.006318	  0.009928	  0.018051	
  0.131769	  0.161552	  0.260830	  0.445848	
  0.492780	  0.324910	  0.065884	  0.116426	

URL http://cisbp.ccbr.utoronto.ca/TFreport.php?versionNumber=2.00&searchTF=T236355_2.00

MOTIF M08165_2.00 (SPER_0001384501)_(Homo_sapiens)_(DBD_0.42)

letter-probability matrix: alength= 4 w= 11 nsites= 1 E= 0
  0.332360	  0.193187	  0.256448	  0.218005	
  0.351825	  0.137713	  0.277859	  0.232603	
  0.544039	  0.181022	  0.154258	  0.120681	
  0.984428	  0.001946	  0.001460	  0.012165	
  0.001460	  0.967883	  0.005353	  0.025304	
  0.987348	  0.003406	  0.003406	  0.005839	
  0.957664	  0.013625	  0.009732	  0.018978	
  0.953285	  0.011192	  0.005839	  0.029684	
  0.004866	  0.006326	  0.979075	  0.009732	
  0.324088	  0.268613	  0.301217	  0.106083	
  0.310462	  0.270073	  0.245742	  0.173723	

URL http://cisbp.ccbr.utoronto.ca/TFreport.php?versionNumber=2.00&searchTF=T337001_2.00

MOTIF M08167_2.00 (SPER_0000261701)_(Homo_sapiens)_(DBD_0.71)

letter-probability matrix: alength= 4 w= 14 nsites= 1 E= 0
  0.364136	  0.180516	  0.272206	  0.183142	
  0.431710	  0.200573	  0.275310	  0.092407	
  0.733047	  0.032474	  0.133477	  0.101003	
  0.020296	  0.464900	  0.479465	  0.035339	
  0.667383	  0.006208	  0.000000	  0.326409	
  0.032951	  0.000000	  0.000000	  0.967049	
  0.037011	  0.788921	  0.174069	  0.000000	
  1.000000	  0.000000	  0.000000	  0.000000	
  0.979704	  0.003582	  0.016714	  0.000000	
  0.995463	  0.000000	  0.004537	  0.000000	
  0.072350	  0.008835	  0.918816	  0.000000	
  0.247135	  0.202722	  0.479465	  0.070678	
  0.333811	  0.268147	  0.288921	  0.109121	
  0.425501	  0.197230	  0.180755	  0.196514	

URL http://cisbp.ccbr.utoronto.ca/TFreport.php?versionNumber=2.00&searchTF=T336998_2.00

MOTIF M08170_2.00 (SPER_0002939201)_(Mus_musculus)_(DBD_0.96)

letter-probability matrix: alength= 4 w= 8 nsites= 1 E= 0
  0.000000	  1.000000	  0.000000	  0.000000	
  0.000000	  1.000000	  0.000000	  0.000000	
  0.453252	  0.000000	  0.000000	  0.546748	
  0.000000	  0.000000	  0.000000	  1.000000	
  0.000000	  0.000000	  0.000000	  1.000000	
  0.000000	  0.000000	  1.000000	  0.000000	
  0.000000	  0.000000	  0.000000	  1.000000	
  0.000000	  0.283875	  0.201220	  0.514905	

URL http://cisbp.ccbr.utoronto.ca/TFreport.php?versionNumber=2.00&searchTF=T337005_2.00

MOTIF M08231_2.00 (SPER_0003100001)_(Homo_sapiens)_(DBD_0.81)

letter-probability matrix: alength= 4 w= 10 nsites= 1 E= 0
  0.117647	  0.205882	  0.044118	  0.632353	
  0.808823	  0.029412	  0.044118	  0.117647	
  0.102941	  0.000000	  0.088235	  0.808824	
  0.000000	  0.161765	  0.000000	  0.838235	
  0.220588	  0.000000	  0.000000	  0.779412	
  0.220588	  0.000000	  0.779412	  0.000000	
  0.117647	  0.691177	  0.000000	  0.191176	
  0.955882	  0.029412	  0.000000	  0.014706	
  0.000000	  0.000000	  0.000000	  1.000000	
  0.617646	  0.058824	  0.161765	  0.161765	

URL http://cisbp.ccbr.utoronto.ca/TFreport.php?versionNumber=2.00&searchTF=T343611_2.00

MOTIF M08237_2.00 (SPER_0000281501)_(Homo_sapiens)_(DBD_0.83)

letter-probability matrix: alength= 4 w= 15 nsites= 1 E= 0
  0.139186	  0.226981	  0.516060	  0.117773	
  0.175589	  0.310493	  0.346895	  0.167024	
  0.203426	  0.289079	  0.394004	  0.113490	
  0.092077	  0.047109	  0.792292	  0.068522	
  0.098501	  0.702356	  0.104925	  0.094218	
  0.214133	  0.539614	  0.188437	  0.057816	
  0.021413	  0.000000	  0.957174	  0.021413	
  0.006424	  0.991435	  0.002141	  0.000000	
  0.000000	  1.000000	  0.000000	  0.000000	
  0.991435	  0.008565	  0.000000	  0.000000	
  0.000000	  0.000000	  0.000000	  1.000000	
  0.062099	  0.419700	  0.280514	  0.237687	
  0.113490	  0.053533	  0.072805	  0.760172	
  0.000000	  0.137045	  0.025696	  0.837259	
  0.169165	  0.085653	  0.496788	  0.248394	

URL http://cisbp.ccbr.utoronto.ca/TFreport.php?versionNumber=2.00&searchTF=T156574_2.00

MOTIF M08455_2.00 (SPER_0003199901)_(Drosophila_melanogaster)_(DBD_0.71)

letter-probability matrix: alength= 4 w= 16 nsites= 1 E= 0
  0.500000	  0.200000	  0.100000	  0.200000	
  0.100000	  0.200000	  0.300000	  0.400000	
  0.200000	  0.400000	  0.100000	  0.300000	
  0.200000	  0.200000	  0.200000	  0.400000	
  0.300000	  0.400000	  0.200000	  0.100000	
  0.100000	  0.100000	  0.700000	  0.100000	
  0.000000	  0.000000	  0.500000	  0.500000	
  0.000000	  0.000000	  0.000000	  1.000000	
  0.000000	  0.000000	  0.000000	  1.000000	
  0.000000	  1.000000	  0.000000	  0.000000	
  0.000000	  0.700000	  0.000000	  0.300000	
  0.000000	  1.000000	  0.000000	  0.000000	
  1.000000	  0.000000	  0.000000	  0.000000	
  0.000000	  1.000000	  0.000000	  0.000000	
  0.600000	  0.000000	  0.400000	  0.000000	
  0.300000	  0.300000	  0.300000	  0.100000	

URL http://cisbp.ccbr.utoronto.ca/TFreport.php?versionNumber=2.00&searchTF=T166490_2.00

