MEME version 5.5.8 (Fri May 2 15:43:49 2025 -0700)

ALPHABET= ACGT

strands: + -

Background letter frequencies (from uniform background):
A 0.25000 C 0.25000 G 0.25000 T 0.25000 

MOTIF M00153_2.00 (SLOPH_1960)_(Mus_musculus)_(DBD_0.57)

letter-probability matrix: alength= 4 w= 10 nsites= 1 E= 0
  0.328844	  0.158473	  0.193559	  0.319125	
  0.340062	  0.138259	  0.138259	  0.383419	
  0.250781	  0.152106	  0.248285	  0.348828	
  0.146662	  0.212328	  0.477294	  0.163716	
  0.049148	  0.109382	  0.841214	  0.000255	
  0.098666	  0.881603	  0.000009	  0.019722	
  0.001228	  0.000013	  0.977948	  0.020810	
  0.022581	  0.624590	  0.326064	  0.026765	
  0.135566	  0.284138	  0.361210	  0.219085	
  0.234821	  0.292605	  0.182879	  0.289694	

URL http://cisbp.ccbr.utoronto.ca/TFreport.php?versionNumber=2.00&searchTF=T173480_2.00

MOTIF M01567_2.00 (SLOPH_1968)_(Saccharomyces_cerevisiae)_(DBD_0.79)

letter-probability matrix: alength= 4 w= 7 nsites= 1 E= 0
  0.315311	  0.189343	  0.207174	  0.288172	
  0.345705	  0.141966	  0.211788	  0.300541	
  0.271982	  0.110580	  0.155359	  0.462079	
  0.583542	  0.000869	  0.110954	  0.304636	
  0.219565	  0.006434	  0.188981	  0.585020	
  0.934996	  0.000354	  0.051964	  0.012687	
  0.422777	  0.000471	  0.095282	  0.481470	

URL http://cisbp.ccbr.utoronto.ca/TFreport.php?versionNumber=2.00&searchTF=T342896_2.00

MOTIF M02065_2.00 (SLOPH_443)_(Caenorhabditis_briggsae)_(DBD_0.51)

letter-probability matrix: alength= 4 w= 12 nsites= 1 E= 0
  0.320068	  0.226644	  0.226644	  0.226644	
  0.386072	  0.204643	  0.204643	  0.204643	
  0.344281	  0.244282	  0.255159	  0.156277	
  0.127075	  0.033651	  0.033651	  0.805622	
  0.000231	  0.000231	  0.905884	  0.093655	
  0.999308	  0.000231	  0.000231	  0.000231	
  0.000231	  0.999308	  0.000231	  0.000231	
  0.999308	  0.000231	  0.000231	  0.000231	
  0.122430	  0.023587	  0.601205	  0.252778	
  0.045588	  0.432473	  0.382825	  0.139115	
  0.093953	  0.093953	  0.093953	  0.718140	
  0.216580	  0.350261	  0.216580	  0.216580	

URL http://cisbp.ccbr.utoronto.ca/TFreport.php?versionNumber=2.00&searchTF=T223347_2.00

MOTIF M02162_2.00 (SLOPH_441)_(Nematostella_vectensis)_(DBD_0.49)

letter-probability matrix: alength= 4 w= 8 nsites= 1 E= 0
  0.195961	  0.027087	  0.195961	  0.580992	
  0.042149	  0.094770	  0.000053	  0.863029	
  0.902786	  0.043729	  0.034023	  0.019462	
  0.990195	  0.004878	  0.000048	  0.004878	
  0.000048	  0.004878	  0.000048	  0.995025	
  0.015123	  0.025171	  0.065364	  0.894343	
  0.726540	  0.013396	  0.200013	  0.060051	
  0.055628	  0.129674	  0.592466	  0.222233	

URL http://cisbp.ccbr.utoronto.ca/TFreport.php?versionNumber=2.00&searchTF=T223345_2.00

MOTIF M02228_2.00 (SLOPH_445)_(Oikopleura_dioica)_(DBD_0.46)

letter-probability matrix: alength= 4 w= 10 nsites= 1 E= 0
  0.334982	  0.178409	  0.201155	  0.285453	
  0.210546	  0.237390	  0.194359	  0.357704	
  0.134708	  0.245455	  0.285178	  0.334659	
  0.027919	  0.202207	  0.012927	  0.756947	
  0.872504	  0.078364	  0.024566	  0.024566	
  0.977176	  0.009725	  0.004976	  0.008123	
  0.003565	  0.009036	  0.003824	  0.983575	
  0.424012	  0.070793	  0.036590	  0.468606	
  0.591052	  0.030936	  0.047083	  0.330929	
  0.345635	  0.197430	  0.218194	  0.238742	

URL http://cisbp.ccbr.utoronto.ca/TFreport.php?versionNumber=2.00&searchTF=T223348_2.00

MOTIF M07981_2.00 (SLOPH_1335)_(Homo_sapiens)_(DBD_0.75)

letter-probability matrix: alength= 4 w= 19 nsites= 1 E= 0
  0.299342	  0.325658	  0.190789	  0.184211	
  0.171053	  0.338816	  0.154605	  0.335526	
  0.444079	  0.174342	  0.210526	  0.171053	
  0.233553	  0.131579	  0.082237	  0.552631	
  0.141447	  0.108553	  0.519737	  0.230263	
  0.233553	  0.286184	  0.302632	  0.177632	
  0.023026	  0.950659	  0.016447	  0.009868	
  0.003289	  0.934211	  0.000000	  0.062500	
  0.756579	  0.055921	  0.006579	  0.180921	
  0.483553	  0.006579	  0.026316	  0.483553	
  0.950658	  0.000000	  0.042763	  0.006579	
  0.299342	  0.078947	  0.026316	  0.595395	
  0.888158	  0.013158	  0.019737	  0.078947	
  0.644736	  0.013158	  0.052632	  0.289474	
  0.032895	  0.000000	  0.967105	  0.000000	
  0.016447	  0.003289	  0.973685	  0.006579	
  0.226974	  0.424342	  0.184211	  0.164474	
  0.450658	  0.302632	  0.154605	  0.092105	
  0.555920	  0.095395	  0.164474	  0.184211	

URL http://cisbp.ccbr.utoronto.ca/TFreport.php?versionNumber=2.00&searchTF=T256274_2.00

