MEME version 5.5.8 (Fri May 2 15:43:49 2025 -0700)

ALPHABET= ACGT

strands: + -

Background letter frequencies (from uniform background):
A 0.25000 C 0.25000 G 0.25000 T 0.25000 

MOTIF M00159_2.00 (L893_g26809)_(Mus_musculus)_(DBD_0.64)

letter-probability matrix: alength= 4 w= 10 nsites= 1 E= 0
  0.401213	  0.134894	  0.189519	  0.274374	
  0.288005	  0.299758	  0.235798	  0.176439	
  0.207310	  0.504826	  0.205247	  0.082617	
  0.276376	  0.615087	  0.084925	  0.023612	
  0.001256	  0.018138	  0.980434	  0.000172	
  0.005077	  0.055966	  0.893136	  0.045821	
  0.810468	  0.028435	  0.076525	  0.084573	
  0.293995	  0.181919	  0.067597	  0.456488	
  0.285185	  0.231166	  0.308937	  0.174712	
  0.171414	  0.277017	  0.125723	  0.425847	

URL http://cisbp.ccbr.utoronto.ca/TFreport.php?versionNumber=2.00&searchTF=T178582_2.00

MOTIF M00170_2.00 (L893_g18140)_(Mus_musculus)_(DBD_0.46)

letter-probability matrix: alength= 4 w= 10 nsites= 1 E= 0
  0.209374	  0.233720	  0.159832	  0.397074	
  0.163450	  0.121087	  0.144967	  0.570496	
  0.767485	  0.012467	  0.178238	  0.041809	
  0.971535	  0.004091	  0.015625	  0.008748	
  0.011394	  0.002492	  0.856692	  0.129422	
  0.130487	  0.022903	  0.095706	  0.750904	
  0.343268	  0.018147	  0.613089	  0.025496	
  0.097817	  0.321534	  0.373569	  0.207080	
  0.177217	  0.319698	  0.207966	  0.295118	
  0.190838	  0.262808	  0.198626	  0.347729	

URL http://cisbp.ccbr.utoronto.ca/TFreport.php?versionNumber=2.00&searchTF=T234848_2.00

MOTIF M00195_2.00 (L893_g26751)_(Mus_musculus)_(DBD_0.85)

letter-probability matrix: alength= 4 w= 10 nsites= 1 E= 0
  0.279067	  0.181426	  0.181426	  0.358081	
  0.289551	  0.189085	  0.212315	  0.309049	
  0.000105	  0.000105	  0.000105	  0.999685	
  0.000105	  0.000105	  0.999685	  0.000105	
  0.000105	  0.999685	  0.000105	  0.000105	
  0.000105	  0.000105	  0.000105	  0.999685	
  0.000105	  0.000105	  0.999685	  0.000105	
  0.999685	  0.000105	  0.000105	  0.000105	
  0.068679	  0.613130	  0.162332	  0.155859	
  0.241038	  0.147190	  0.147190	  0.464583	

URL http://cisbp.ccbr.utoronto.ca/TFreport.php?versionNumber=2.00&searchTF=T336556_2.00

MOTIF M00204_2.00 (L893_g27370)_(Mus_musculus)_(DBD_0.64)

letter-probability matrix: alength= 4 w= 8 nsites= 1 E= 0
  0.304046	  0.207925	  0.241575	  0.246455	
  0.316486	  0.182597	  0.261721	  0.239195	
  0.347135	  0.194360	  0.225814	  0.232691	
  0.595861	  0.072967	  0.063434	  0.267738	
  0.078431	  0.503822	  0.228657	  0.189090	
  0.883669	  0.025383	  0.000562	  0.090385	
  0.902298	  0.031975	  0.054869	  0.010858	
  0.182652	  0.063281	  0.042418	  0.711648	

URL http://cisbp.ccbr.utoronto.ca/TFreport.php?versionNumber=2.00&searchTF=T336557_2.00

MOTIF M00282_2.00 (L893_g29575)_(Homo_sapiens)_(DBD_0.88)

letter-probability matrix: alength= 4 w= 8 nsites= 1 E= 0
  0.000303	  0.091102	  0.000303	  0.908293	
  0.972192	  0.000270	  0.027268	  0.000270	
  0.999190	  0.000270	  0.000270	  0.000270	
  0.000270	  0.000270	  0.000270	  0.999190	
  0.000270	  0.000270	  0.000270	  0.999190	
  0.742295	  0.000285	  0.257135	  0.000285	
  0.143010	  0.107347	  0.642297	  0.107347	
  0.105567	  0.210609	  0.105567	  0.578256	

URL http://cisbp.ccbr.utoronto.ca/TFreport.php?versionNumber=2.00&searchTF=T234885_2.00

MOTIF M00284_2.00 (L893_g2839)_(Homo_sapiens)_(DBD_0.67)

letter-probability matrix: alength= 4 w= 8 nsites= 1 E= 0
  0.212142	  0.267001	  0.332704	  0.188153	
  0.181967	  0.331565	  0.248098	  0.238370	
  0.130633	  0.095813	  0.021811	  0.751743	
  0.696930	  0.117529	  0.124796	  0.060745	
  0.798766	  0.051577	  0.039373	  0.110285	
  0.149564	  0.065873	  0.107525	  0.677037	
  0.193150	  0.156564	  0.312144	  0.338142	
  0.343299	  0.116583	  0.360900	  0.179218	

URL http://cisbp.ccbr.utoronto.ca/TFreport.php?versionNumber=2.00&searchTF=T234880_2.00

MOTIF M00287_2.00 (L893_g1173)_(Homo_sapiens)_(DBD_0.84)

letter-probability matrix: alength= 4 w= 10 nsites= 1 E= 0
  0.276533	  0.274138	  0.272562	  0.176767	
  0.096569	  0.200738	  0.096569	  0.606124	
  0.000039	  0.000039	  0.000039	  0.999883	
  0.999883	  0.000039	  0.000039	  0.000039	
  0.999883	  0.000039	  0.000039	  0.000039	
  0.000039	  0.000039	  0.000039	  0.999883	
  0.000039	  0.000039	  0.000039	  0.999883	
  0.999883	  0.000039	  0.000039	  0.000039	
  0.187323	  0.073272	  0.666133	  0.073272	
  0.248701	  0.250739	  0.247869	  0.252690	

URL http://cisbp.ccbr.utoronto.ca/TFreport.php?versionNumber=2.00&searchTF=T234824_2.00

MOTIF M00376_2.00 (L893_g12183)_(Caenorhabditis_elegans)_(DBD_0.90)

letter-probability matrix: alength= 4 w= 10 nsites= 1 E= 0
  0.214617	  0.090818	  0.075102	  0.619463	
  0.069859	  0.360136	  0.209869	  0.360136	
  0.722064	  0.000065	  0.260373	  0.017498	
  0.991898	  0.000023	  0.004261	  0.003818	
  0.000309	  0.000156	  0.977664	  0.021871	
  0.127581	  0.009014	  0.083827	  0.779578	
  0.331797	  0.010325	  0.629247	  0.028632	
  0.038565	  0.396364	  0.362249	  0.202823	
  0.184394	  0.295029	  0.197764	  0.322813	
  0.196154	  0.281154	  0.168832	  0.353860	

URL http://cisbp.ccbr.utoronto.ca/TFreport.php?versionNumber=2.00&searchTF=T234827_2.00

MOTIF M00396_2.00 (L893_g2688)_(Mus_musculus)_(DBD_0.86)

letter-probability matrix: alength= 4 w= 8 nsites= 1 E= 0
  0.243137	  0.255603	  0.173058	  0.328201	
  0.180751	  0.050761	  0.028138	  0.740350	
  0.754094	  0.029830	  0.091425	  0.124651	
  0.948503	  0.020184	  0.016361	  0.014953	
  0.061921	  0.014525	  0.234126	  0.689428	
  0.144617	  0.648127	  0.069692	  0.137564	
  0.112198	  0.502838	  0.114465	  0.270499	
  0.173843	  0.301314	  0.278148	  0.246695	

URL http://cisbp.ccbr.utoronto.ca/TFreport.php?versionNumber=2.00&searchTF=T234874_2.00

MOTIF M00405_2.00 (L893_g28960)_(Mus_musculus)_(DBD_0.96)

letter-probability matrix: alength= 4 w= 9 nsites= 1 E= 0
  0.166699	  0.079535	  0.057179	  0.696587	
  0.658460	  0.072959	  0.164006	  0.104575	
  0.860814	  0.014554	  0.044163	  0.080469	
  0.057497	  0.058075	  0.037402	  0.847026	
  0.146493	  0.115235	  0.184376	  0.553896	
  0.427710	  0.071410	  0.368133	  0.132747	
  0.333758	  0.210696	  0.276004	  0.179543	
  0.279203	  0.233210	  0.202743	  0.284843	
  0.269584	  0.207863	  0.189973	  0.332580	

URL http://cisbp.ccbr.utoronto.ca/TFreport.php?versionNumber=2.00&searchTF=T234883_2.00

MOTIF M00418_2.00 (L893_g2691)_(Mus_musculus)_(DBD_0.84)

letter-probability matrix: alength= 4 w= 8 nsites= 1 E= 0
  0.244685	  0.262426	  0.184929	  0.307960	
  0.195722	  0.063860	  0.036477	  0.703941	
  0.712083	  0.037645	  0.106505	  0.143767	
  0.921471	  0.039884	  0.018840	  0.019806	
  0.072358	  0.024572	  0.250040	  0.653030	
  0.149500	  0.630995	  0.082872	  0.136633	
  0.112604	  0.499634	  0.129525	  0.258237	
  0.173100	  0.309164	  0.276959	  0.240777	

URL http://cisbp.ccbr.utoronto.ca/TFreport.php?versionNumber=2.00&searchTF=T234875_2.00

MOTIF M00422_2.00 (L893_g25608)_(Mus_musculus)_(DBD_0.46)

letter-probability matrix: alength= 4 w= 7 nsites= 1 E= 0
  0.190028	  0.259088	  0.234433	  0.316451	
  0.202470	  0.101554	  0.105699	  0.590277	
  0.663860	  0.035095	  0.167013	  0.134031	
  0.824891	  0.001005	  0.082703	  0.091401	
  0.139244	  0.098123	  0.093338	  0.669295	
  0.169026	  0.149913	  0.350743	  0.330318	
  0.396330	  0.104820	  0.327749	  0.171100	

URL http://cisbp.ccbr.utoronto.ca/TFreport.php?versionNumber=2.00&searchTF=T234869_2.00

MOTIF M00423_2.00 (L893_g12571)_(Mus_musculus)_(DBD_0.88)

letter-probability matrix: alength= 4 w= 9 nsites= 1 E= 0
  0.304718	  0.228009	  0.194297	  0.272977	
  0.151961	  0.073967	  0.021405	  0.752667	
  0.823630	  0.052653	  0.108172	  0.015545	
  0.943177	  0.000270	  0.024761	  0.031793	
  0.083189	  0.065438	  0.100596	  0.750777	
  0.166825	  0.139344	  0.182536	  0.511295	
  0.341885	  0.086011	  0.430296	  0.141808	
  0.195606	  0.309854	  0.288906	  0.205635	
  0.223337	  0.278296	  0.225582	  0.272785	

URL http://cisbp.ccbr.utoronto.ca/TFreport.php?versionNumber=2.00&searchTF=T234830_2.00

MOTIF M00426_2.00 (L893_g3393)_(Mus_musculus)_(DBD_0.88)

letter-probability matrix: alength= 4 w= 9 nsites= 1 E= 0
  0.269860	  0.244180	  0.310413	  0.175547	
  0.222956	  0.322782	  0.189991	  0.264271	
  0.095770	  0.046616	  0.010402	  0.847212	
  0.799391	  0.056478	  0.097891	  0.046240	
  0.967307	  0.000597	  0.022077	  0.010019	
  0.039713	  0.048993	  0.055795	  0.855498	
  0.112128	  0.104548	  0.131584	  0.651740	
  0.377268	  0.097803	  0.400597	  0.124332	
  0.274391	  0.207380	  0.363054	  0.155175	

URL http://cisbp.ccbr.utoronto.ca/TFreport.php?versionNumber=2.00&searchTF=T234895_2.00

MOTIF M00430_2.00 (L893_g20920)_(Mus_musculus)_(DBD_0.86)

letter-probability matrix: alength= 4 w= 7 nsites= 1 E= 0
  0.143815	  0.343274	  0.223303	  0.289608	
  0.074562	  0.321060	  0.036658	  0.567720	
  0.673560	  0.162809	  0.098749	  0.064882	
  0.883750	  0.060593	  0.022069	  0.033588	
  0.044040	  0.070464	  0.000928	  0.884568	
  0.163964	  0.310956	  0.088204	  0.436876	
  0.481574	  0.126098	  0.155564	  0.236763	

URL http://cisbp.ccbr.utoronto.ca/TFreport.php?versionNumber=2.00&searchTF=T234855_2.00

MOTIF M00432_2.00 (L893_g6160)_(Mus_musculus)_(DBD_0.81)

letter-probability matrix: alength= 4 w= 8 nsites= 1 E= 0
  0.233021	  0.233021	  0.237729	  0.296228	
  0.299569	  0.128040	  0.147281	  0.425109	
  0.394212	  0.088845	  0.184360	  0.332583	
  0.791037	  0.010521	  0.120704	  0.077738	
  0.125342	  0.030909	  0.107883	  0.735866	
  0.111249	  0.116952	  0.215243	  0.556556	
  0.502249	  0.069345	  0.330001	  0.098405	
  0.304872	  0.239820	  0.275859	  0.179449	

URL http://cisbp.ccbr.utoronto.ca/TFreport.php?versionNumber=2.00&searchTF=T234904_2.00

MOTIF M00443_2.00 (L893_g30689)_(Mus_musculus)_(DBD_0.90)

letter-probability matrix: alength= 4 w= 8 nsites= 1 E= 0
  0.205661	  0.300734	  0.189849	  0.303757	
  0.125034	  0.075837	  0.035114	  0.764015	
  0.752473	  0.068263	  0.113678	  0.065586	
  0.947059	  0.000567	  0.020767	  0.031606	
  0.052681	  0.078591	  0.069010	  0.799717	
  0.162578	  0.134445	  0.157773	  0.545203	
  0.352715	  0.124669	  0.349206	  0.173410	
  0.314813	  0.200734	  0.311680	  0.172773	

URL http://cisbp.ccbr.utoronto.ca/TFreport.php?versionNumber=2.00&searchTF=T234888_2.00

MOTIF M00476_2.00 (L893_g11740)_(Mus_musculus)_(DBD_0.82)

letter-probability matrix: alength= 4 w= 9 nsites= 1 E= 0
  0.219817	  0.202917	  0.222026	  0.355240	
  0.214850	  0.129017	  0.132946	  0.523188	
  0.513373	  0.061621	  0.131763	  0.293243	
  0.787783	  0.015788	  0.077418	  0.119012	
  0.061583	  0.194490	  0.104625	  0.639303	
  0.168088	  0.140399	  0.363030	  0.328483	
  0.320844	  0.119218	  0.380298	  0.179640	
  0.183628	  0.344782	  0.238153	  0.233437	
  0.224687	  0.297291	  0.224687	  0.253334	

URL http://cisbp.ccbr.utoronto.ca/TFreport.php?versionNumber=2.00&searchTF=T234825_2.00

MOTIF M00483_2.00 (L893_g19860)_(Mus_musculus)_(DBD_0.90)

letter-probability matrix: alength= 4 w= 7 nsites= 1 E= 0
  0.247356	  0.242458	  0.265291	  0.244895	
  0.187686	  0.245862	  0.203318	  0.363134	
  0.206531	  0.145540	  0.437226	  0.210703	
  0.818609	  0.111900	  0.033704	  0.035788	
  0.126658	  0.170970	  0.099632	  0.602740	
  0.539508	  0.337193	  0.043409	  0.079890	
  0.146793	  0.419484	  0.179294	  0.254430	

URL http://cisbp.ccbr.utoronto.ca/TFreport.php?versionNumber=2.00&searchTF=T234853_2.00

MOTIF M00484_2.00 (L893_g12480)_(Mus_musculus)_(DBD_0.79)

letter-probability matrix: alength= 4 w= 8 nsites= 1 E= 0
  0.260569	  0.255410	  0.285108	  0.198913	
  0.177845	  0.320830	  0.230652	  0.270673	
  0.114497	  0.403649	  0.048938	  0.432917	
  0.580843	  0.152091	  0.107177	  0.159889	
  0.790662	  0.111371	  0.053137	  0.044830	
  0.121087	  0.104221	  0.012262	  0.762430	
  0.136206	  0.248183	  0.120804	  0.494807	
  0.509367	  0.130735	  0.162905	  0.196993	

URL http://cisbp.ccbr.utoronto.ca/TFreport.php?versionNumber=2.00&searchTF=T234828_2.00

MOTIF M00495_2.00 (L893_g27804)_(Mus_musculus)_(DBD_0.82)

letter-probability matrix: alength= 4 w= 9 nsites= 1 E= 0
  0.184447	  0.364076	  0.184447	  0.267030	
  0.116544	  0.046445	  0.001308	  0.835703	
  0.822965	  0.097799	  0.078485	  0.000750	
  0.891592	  0.011056	  0.021179	  0.076173	
  0.116988	  0.045699	  0.100693	  0.736620	
  0.189372	  0.123188	  0.282510	  0.404930	
  0.430266	  0.105047	  0.303203	  0.161484	
  0.227412	  0.274998	  0.297901	  0.199689	
  0.184723	  0.307617	  0.234829	  0.272832	

URL http://cisbp.ccbr.utoronto.ca/TFreport.php?versionNumber=2.00&searchTF=T234878_2.00

MOTIF M00516_2.00 (L893_g16676)_(Mus_musculus)_(DBD_0.90)

letter-probability matrix: alength= 4 w= 9 nsites= 1 E= 0
  0.266806	  0.229642	  0.205721	  0.297830	
  0.116229	  0.082729	  0.031676	  0.769366	
  0.886269	  0.000274	  0.097224	  0.016233	
  0.956010	  0.016164	  0.000365	  0.027461	
  0.057873	  0.196026	  0.082125	  0.663976	
  0.104695	  0.230685	  0.333971	  0.330648	
  0.326888	  0.077449	  0.441252	  0.154411	
  0.189730	  0.271946	  0.338866	  0.199458	
  0.170012	  0.319216	  0.175189	  0.335583	

URL http://cisbp.ccbr.utoronto.ca/TFreport.php?versionNumber=2.00&searchTF=T234841_2.00

MOTIF M00554_2.00 (L893_g25351)_(Drosophila_melanogaster)_(DBD_0.82)

letter-probability matrix: alength= 4 w= 10 nsites= 1 E= 0
  0.251496	  0.177226	  0.199822	  0.371455	
  0.148997	  0.073254	  0.136173	  0.641576	
  0.122081	  0.052704	  0.056525	  0.768690	
  0.381649	  0.037883	  0.070422	  0.510046	
  0.882245	  0.000299	  0.060489	  0.056967	
  0.048121	  0.268735	  0.096905	  0.586239	
  0.165526	  0.087281	  0.407129	  0.340063	
  0.403411	  0.084771	  0.354234	  0.157584	
  0.125944	  0.405791	  0.231791	  0.236474	
  0.189990	  0.335953	  0.201738	  0.272318	

URL http://cisbp.ccbr.utoronto.ca/TFreport.php?versionNumber=2.00&searchTF=T234868_2.00

MOTIF M00555_2.00 (L893_g24563)_(Drosophila_melanogaster)_(DBD_0.82)

letter-probability matrix: alength= 4 w= 8 nsites= 1 E= 0
  0.102338	  0.069985	  0.032730	  0.794948	
  0.792313	  0.045831	  0.074066	  0.087791	
  0.951444	  0.000214	  0.021285	  0.027058	
  0.034616	  0.020995	  0.051640	  0.892749	
  0.077589	  0.068130	  0.095720	  0.758561	
  0.350452	  0.037684	  0.507361	  0.104504	
  0.214873	  0.273157	  0.327028	  0.184943	
  0.211851	  0.274755	  0.209743	  0.303652	

URL http://cisbp.ccbr.utoronto.ca/TFreport.php?versionNumber=2.00&searchTF=T234863_2.00

MOTIF M00557_2.00 (L893_g21192)_(Drosophila_melanogaster)_(DBD_0.82)

letter-probability matrix: alength= 4 w= 9 nsites= 1 E= 0
  0.243483	  0.258539	  0.306448	  0.191530	
  0.206850	  0.317982	  0.181634	  0.293534	
  0.110856	  0.033389	  0.011684	  0.844070	
  0.894610	  0.051233	  0.053860	  0.000297	
  0.947543	  0.000984	  0.023427	  0.028047	
  0.139344	  0.033346	  0.087090	  0.740219	
  0.192569	  0.124022	  0.232864	  0.450544	
  0.357775	  0.064709	  0.468673	  0.108843	
  0.187431	  0.305947	  0.291025	  0.215597	

URL http://cisbp.ccbr.utoronto.ca/TFreport.php?versionNumber=2.00&searchTF=T234856_2.00

MOTIF M00587_2.00 (L893_g7390)_(Caenorhabditis_elegans)_(DBD_0.82)

letter-probability matrix: alength= 4 w= 8 nsites= 1 E= 0
  0.074832	  0.102859	  0.037463	  0.784847	
  0.000066	  0.999803	  0.000066	  0.000066	
  0.000066	  0.026375	  0.973494	  0.000066	
  0.592015	  0.032952	  0.374967	  0.000066	
  0.000066	  0.000066	  0.999803	  0.000066	
  0.993225	  0.000066	  0.006643	  0.000066	
  0.140532	  0.280981	  0.363599	  0.214888	
  0.092027	  0.402229	  0.034582	  0.471163	

URL http://cisbp.ccbr.utoronto.ca/TFreport.php?versionNumber=2.00&searchTF=T029445_2.00

MOTIF M00615_2.00 (L893_g11388)_(Caenorhabditis_elegans)_(DBD_0.91)

letter-probability matrix: alength= 4 w= 10 nsites= 1 E= 0
  0.194145	  0.371892	  0.184676	  0.249287	
  0.053905	  0.142199	  0.092502	  0.711394	
  0.999361	  0.000033	  0.000001	  0.000605	
  0.001640	  0.929810	  0.000856	  0.067693	
  0.341787	  0.499789	  0.064340	  0.094084	
  0.107662	  0.000537	  0.888023	  0.003777	
  0.051787	  0.006032	  0.010352	  0.931828	
  0.824022	  0.055935	  0.053742	  0.066300	
  0.285208	  0.226607	  0.125615	  0.362570	
  0.182831	  0.316893	  0.163787	  0.336489	

URL http://cisbp.ccbr.utoronto.ca/TFreport.php?versionNumber=2.00&searchTF=T154626_2.00

MOTIF M00622_2.00 (L893_g26806)_(Caenorhabditis_elegans)_(DBD_0.90)

letter-probability matrix: alength= 4 w= 8 nsites= 1 E= 0
  0.042013	  0.915557	  0.000416	  0.042013	
  0.133489	  0.233356	  0.566245	  0.066911	
  0.000303	  0.999092	  0.000303	  0.000303	
  0.000303	  0.999092	  0.000303	  0.000303	
  0.000303	  0.968826	  0.000303	  0.030569	
  0.575363	  0.333232	  0.091102	  0.000303	
  0.000303	  0.999092	  0.000303	  0.000303	
  0.166805	  0.083611	  0.665973	  0.083611	

URL http://cisbp.ccbr.utoronto.ca/TFreport.php?versionNumber=2.00&searchTF=T154673_2.00

MOTIF M00632_2.00 (L893_g2044)_(Caenorhabditis_elegans)_(DBD_0.87)

letter-probability matrix: alength= 4 w= 10 nsites= 1 E= 0
  0.310430	  0.229857	  0.229857	  0.229857	
  0.141167	  0.374062	  0.141167	  0.343604	
  0.570189	  0.429360	  0.000225	  0.000225	
  0.000225	  0.999324	  0.000225	  0.000225	
  0.085811	  0.000225	  0.913738	  0.000225	
  0.000225	  0.999324	  0.000225	  0.000225	
  0.000225	  0.999324	  0.000225	  0.000225	
  0.000225	  0.999324	  0.000225	  0.000225	
  0.217940	  0.667367	  0.020369	  0.094324	
  0.109058	  0.359751	  0.109058	  0.422132	

URL http://cisbp.ccbr.utoronto.ca/TFreport.php?versionNumber=2.00&searchTF=T154653_2.00

MOTIF M00638_2.00 (L893_g22395)_(Caenorhabditis_elegans)_(DBD_0.83)

letter-probability matrix: alength= 4 w= 10 nsites= 1 E= 0
  0.210067	  0.246516	  0.190077	  0.353339	
  0.208071	  0.223158	  0.264511	  0.304260	
  0.273165	  0.099492	  0.172444	  0.454899	
  0.377830	  0.255813	  0.134888	  0.231469	
  0.223435	  0.756818	  0.000076	  0.019671	
  0.002609	  0.971445	  0.014714	  0.011232	
  0.010416	  0.002468	  0.001382	  0.985734	
  0.008187	  0.965392	  0.000305	  0.026116	
  0.575778	  0.180498	  0.152280	  0.091444	
  0.290872	  0.279467	  0.181796	  0.247865	

URL http://cisbp.ccbr.utoronto.ca/TFreport.php?versionNumber=2.00&searchTF=T154660_2.00

MOTIF M00645_2.00 (L893_g30492)_(Caenorhabditis_elegans)_(DBD_0.81)

letter-probability matrix: alength= 4 w= 10 nsites= 1 E= 0
  0.213172	  0.469703	  0.172794	  0.144330	
  0.261036	  0.209486	  0.300263	  0.229215	
  0.050698	  0.930657	  0.008810	  0.009834	
  0.013592	  0.943421	  0.040428	  0.002559	
  0.042494	  0.742012	  0.017277	  0.198217	
  0.486741	  0.423152	  0.024233	  0.065873	
  0.008541	  0.958010	  0.013665	  0.019784	
  0.126714	  0.112385	  0.545624	  0.215278	
  0.084287	  0.641772	  0.074756	  0.199185	
  0.533295	  0.139641	  0.198160	  0.128905	

URL http://cisbp.ccbr.utoronto.ca/TFreport.php?versionNumber=2.00&searchTF=T154684_2.00

MOTIF M00650_2.00 (L893_g1446)_(Caenorhabditis_elegans)_(DBD_0.90)

letter-probability matrix: alength= 4 w= 8 nsites= 1 E= 0
  0.491059	  0.157959	  0.263149	  0.087833	
  0.986454	  0.000132	  0.000132	  0.013282	
  0.947002	  0.000132	  0.052735	  0.000132	
  0.013282	  0.000132	  0.933851	  0.052735	
  0.000132	  0.013282	  0.000132	  0.986454	
  0.026433	  0.013282	  0.013282	  0.947002	
  0.034631	  0.155238	  0.120779	  0.689352	
  0.200050	  0.200050	  0.449800	  0.150100	

URL http://cisbp.ccbr.utoronto.ca/TFreport.php?versionNumber=2.00&searchTF=T159646_2.00

MOTIF M00652_2.00 (L893_g11169)_(Caenorhabditis_elegans)_(DBD_0.85)

letter-probability matrix: alength= 4 w= 7 nsites= 1 E= 0
  0.184698	  0.237157	  0.179240	  0.398905	
  0.193622	  0.297648	  0.090551	  0.418179	
  0.105524	  0.010902	  0.533222	  0.350352	
  0.000005	  0.999851	  0.000007	  0.000138	
  0.000006	  0.075843	  0.923961	  0.000190	
  0.008049	  0.184102	  0.784849	  0.023000	
  0.452392	  0.109349	  0.222416	  0.215843	

URL http://cisbp.ccbr.utoronto.ca/TFreport.php?versionNumber=2.00&searchTF=T168813_2.00

MOTIF M00654_2.00 (L893_g14864)_(Caenorhabditis_elegans)_(DBD_0.91)

letter-probability matrix: alength= 4 w= 8 nsites= 1 E= 0
  0.397132	  0.217951	  0.185725	  0.199192	
  0.397053	  0.211467	  0.117222	  0.274258	
  0.342138	  0.117356	  0.087813	  0.452693	
  0.230192	  0.118975	  0.101384	  0.549449	
  0.113255	  0.152879	  0.200266	  0.533600	
  0.076011	  0.270664	  0.050952	  0.602373	
  0.319738	  0.110775	  0.322952	  0.246535	
  0.227337	  0.261499	  0.238992	  0.272171	

URL http://cisbp.ccbr.utoronto.ca/TFreport.php?versionNumber=2.00&searchTF=T169876_2.00

MOTIF M00655_2.00 (L893_g4334)_(Caenorhabditis_elegans)_(DBD_0.72)

letter-probability matrix: alength= 4 w= 10 nsites= 1 E= 0
  0.391891	  0.169183	  0.215074	  0.223852	
  0.430488	  0.152158	  0.166487	  0.250866	
  0.501516	  0.084575	  0.127439	  0.286471	
  0.412736	  0.073172	  0.093019	  0.421073	
  0.183073	  0.063427	  0.566730	  0.186771	
  0.181980	  0.074731	  0.034257	  0.709031	
  0.221202	  0.109846	  0.227939	  0.441014	
  0.331497	  0.209269	  0.201063	  0.258170	
  0.259050	  0.332627	  0.161907	  0.246416	
  0.277178	  0.263660	  0.203295	  0.255867	

URL http://cisbp.ccbr.utoronto.ca/TFreport.php?versionNumber=2.00&searchTF=T169882_2.00

MOTIF M00657_2.00 (L893_g31098)_(Caenorhabditis_elegans)_(DBD_0.92)

letter-probability matrix: alength= 4 w= 8 nsites= 1 E= 0
  0.767638	  0.077454	  0.077454	  0.077454	
  0.646127	  0.059272	  0.059272	  0.235329	
  0.048004	  0.048004	  0.000475	  0.903517	
  0.000454	  0.000454	  0.998639	  0.000454	
  0.000454	  0.000454	  0.000454	  0.998639	
  0.000454	  0.000454	  0.000454	  0.998639	
  0.000454	  0.000454	  0.181942	  0.817151	
  0.000554	  0.998337	  0.000554	  0.000554	

URL http://cisbp.ccbr.utoronto.ca/TFreport.php?versionNumber=2.00&searchTF=T169881_2.00

MOTIF M00659_2.00 (L893_g20610)_(Caenorhabditis_elegans)_(DBD_0.92)

letter-probability matrix: alength= 4 w= 10 nsites= 1 E= 0
  0.554469	  0.131369	  0.095394	  0.218768	
  0.294201	  0.328410	  0.150545	  0.226844	
  0.339017	  0.080323	  0.059504	  0.521156	
  0.175904	  0.068713	  0.645443	  0.109940	
  0.112758	  0.074087	  0.051689	  0.761466	
  0.475128	  0.064948	  0.118343	  0.341581	
  0.331224	  0.046191	  0.245377	  0.377207	
  0.144340	  0.591208	  0.096754	  0.167699	
  0.354498	  0.190700	  0.217175	  0.237627	
  0.420482	  0.139966	  0.187055	  0.252497	

URL http://cisbp.ccbr.utoronto.ca/TFreport.php?versionNumber=2.00&searchTF=T169879_2.00

MOTIF M00660_2.00 (L893_g13923)_(Caenorhabditis_elegans)_(DBD_0.69)

letter-probability matrix: alength= 4 w= 10 nsites= 1 E= 0
  0.096878	  0.086787	  0.048592	  0.767743	
  0.004260	  0.001972	  0.991566	  0.002202	
  0.002889	  0.002776	  0.001140	  0.993195	
  0.120377	  0.093749	  0.020300	  0.765574	
  0.209974	  0.017584	  0.762792	  0.009650	
  0.632316	  0.357591	  0.001599	  0.008494	
  0.992452	  0.001974	  0.002117	  0.003456	
  0.865828	  0.008791	  0.004635	  0.120746	
  0.435155	  0.077922	  0.097096	  0.389827	
  0.300175	  0.171463	  0.150561	  0.377801	

URL http://cisbp.ccbr.utoronto.ca/TFreport.php?versionNumber=2.00&searchTF=T169874_2.00

MOTIF M00661_2.00 (L893_g6833)_(Caenorhabditis_elegans)_(DBD_0.62)

letter-probability matrix: alength= 4 w= 6 nsites= 1 E= 0
  0.985294	  0.004902	  0.004902	  0.004902	
  0.004902	  0.985294	  0.004902	  0.004902	
  0.004902	  0.985294	  0.004902	  0.004902	
  0.004902	  0.004902	  0.004902	  0.985294	
  0.004902	  0.004902	  0.004902	  0.985294	
  0.004902	  0.004902	  0.004902	  0.985294	

URL http://cisbp.ccbr.utoronto.ca/TFreport.php?versionNumber=2.00&searchTF=T169883_2.00

MOTIF M00665_2.00 (L893_g32465)_(Caenorhabditis_elegans)_(DBD_0.87)

letter-probability matrix: alength= 4 w= 11 nsites= 1 E= 0
  0.290290	  0.211015	  0.287681	  0.211015	
  0.243370	  0.086173	  0.086173	  0.584284	
  0.215478	  0.060026	  0.664470	  0.060026	
  0.151281	  0.076299	  0.000121	  0.772299	
  0.919668	  0.080090	  0.000121	  0.000121	
  0.922970	  0.076788	  0.000121	  0.000121	
  0.999637	  0.000121	  0.000121	  0.000121	
  0.000121	  0.668017	  0.000121	  0.331741	
  0.882680	  0.039107	  0.039107	  0.039107	
  0.508155	  0.163948	  0.163948	  0.163948	
  0.429714	  0.190095	  0.190095	  0.190095	

URL http://cisbp.ccbr.utoronto.ca/TFreport.php?versionNumber=2.00&searchTF=T190744_2.00

MOTIF M00671_2.00 (L893_g9970)_(Caenorhabditis_elegans)_(DBD_0.68)

letter-probability matrix: alength= 4 w= 10 nsites= 1 E= 0
  0.271803	  0.163217	  0.084359	  0.480621	
  0.100398	  0.101407	  0.033755	  0.764439	
  0.843498	  0.017246	  0.067192	  0.072064	
  0.923696	  0.014417	  0.007377	  0.054510	
  0.030333	  0.028566	  0.032208	  0.908893	
  0.073324	  0.018447	  0.099971	  0.808259	
  0.601590	  0.017986	  0.323622	  0.056802	
  0.201761	  0.297997	  0.346223	  0.154020	
  0.139530	  0.323202	  0.194081	  0.343187	
  0.146951	  0.379972	  0.174181	  0.298896	

URL http://cisbp.ccbr.utoronto.ca/TFreport.php?versionNumber=2.00&searchTF=T234912_2.00

MOTIF M00674_2.00 (L893_g15365)_(Caenorhabditis_elegans)_(DBD_0.79)

letter-probability matrix: alength= 4 w= 8 nsites= 1 E= 0
  0.327533	  0.155238	  0.120779	  0.396451	
  0.012942	  0.000128	  0.000128	  0.986802	
  0.999616	  0.000128	  0.000128	  0.000128	
  0.986802	  0.000128	  0.000128	  0.012942	
  0.000128	  0.012942	  0.025756	  0.961174	
  0.013110	  0.986630	  0.000130	  0.000130	
  0.000149	  0.745973	  0.000149	  0.253729	
  0.155639	  0.311057	  0.244449	  0.288854	

URL http://cisbp.ccbr.utoronto.ca/TFreport.php?versionNumber=2.00&searchTF=T234836_2.00

MOTIF M00679_2.00 (L893_g27706)_(Caenorhabditis_elegans)_(DBD_0.67)

letter-probability matrix: alength= 4 w= 8 nsites= 1 E= 0
  0.194710	  0.274328	  0.106246	  0.424717	
  0.041153	  0.000068	  0.000068	  0.958710	
  0.999801	  0.000066	  0.000066	  0.000066	
  0.993181	  0.000066	  0.006687	  0.000066	
  0.006687	  0.000066	  0.046412	  0.946835	
  0.006687	  0.973318	  0.000066	  0.019928	
  0.000087	  0.573800	  0.069628	  0.356485	
  0.151948	  0.341726	  0.265815	  0.240511	

URL http://cisbp.ccbr.utoronto.ca/TFreport.php?versionNumber=2.00&searchTF=T234877_2.00

MOTIF M00682_2.00 (L893_g7030)_(Caenorhabditis_elegans)_(DBD_0.64)

letter-probability matrix: alength= 4 w= 8 nsites= 1 E= 0
  0.004902	  0.004902	  0.004902	  0.985294	
  0.004902	  0.004902	  0.004902	  0.985294	
  0.004902	  0.985294	  0.004902	  0.004902	
  0.004902	  0.495098	  0.004902	  0.495098	
  0.985294	  0.004902	  0.004902	  0.004902	
  0.004902	  0.004902	  0.985294	  0.004902	
  0.985294	  0.004902	  0.004902	  0.004902	
  0.985294	  0.004902	  0.004902	  0.004902	

URL http://cisbp.ccbr.utoronto.ca/TFreport.php?versionNumber=2.00&searchTF=T243686_2.00

MOTIF M00686_2.00 (L893_g3010)_(Caenorhabditis_elegans)_(DBD_0.91)

letter-probability matrix: alength= 4 w= 8 nsites= 1 E= 0
  0.844325	  0.000767	  0.154141	  0.000767	
  0.263130	  0.105567	  0.578256	  0.053046	
  0.083611	  0.042013	  0.042013	  0.832363	
  0.000416	  0.000416	  0.998752	  0.000416	
  0.998752	  0.000416	  0.000416	  0.000416	
  0.000416	  0.000416	  0.000416	  0.998752	
  0.000416	  0.998752	  0.000416	  0.000416	
  0.998503	  0.000499	  0.000499	  0.000499	

URL http://cisbp.ccbr.utoronto.ca/TFreport.php?versionNumber=2.00&searchTF=T309371_2.00

MOTIF M00687_2.00 (L893_g29555)_(Caenorhabditis_elegans)_(DBD_0.90)

letter-probability matrix: alength= 4 w= 10 nsites= 1 E= 0
  0.424708	  0.167570	  0.181526	  0.226196	
  0.394760	  0.138142	  0.230046	  0.237052	
  0.621952	  0.129394	  0.123084	  0.125570	
  0.127104	  0.096063	  0.661826	  0.115008	
  0.473338	  0.032454	  0.247104	  0.247104	
  0.178424	  0.238451	  0.102942	  0.480182	
  0.124009	  0.620395	  0.086518	  0.169077	
  0.778907	  0.000116	  0.190165	  0.030812	
  0.331200	  0.215448	  0.235738	  0.217614	
  0.270667	  0.235307	  0.206622	  0.287404	

URL http://cisbp.ccbr.utoronto.ca/TFreport.php?versionNumber=2.00&searchTF=T309370_2.00

MOTIF M00689_2.00 (L893_g29388)_(Caenorhabditis_elegans)_(DBD_0.80)

letter-probability matrix: alength= 4 w= 9 nsites= 1 E= 0
  0.597035	  0.077111	  0.077111	  0.248744	
  0.833606	  0.000140	  0.166115	  0.000140	
  0.999581	  0.000140	  0.000140	  0.000140	
  0.081900	  0.000140	  0.835503	  0.082457	
  0.917820	  0.000140	  0.000140	  0.081900	
  0.000140	  0.418083	  0.000140	  0.581638	
  0.082457	  0.835503	  0.000140	  0.081900	
  0.835503	  0.000140	  0.000140	  0.164218	
  0.399246	  0.254695	  0.173029	  0.173029	

URL http://cisbp.ccbr.utoronto.ca/TFreport.php?versionNumber=2.00&searchTF=T309369_2.00

MOTIF M00690_2.00 (L893_g263)_(Caenorhabditis_elegans)_(DBD_0.93)

letter-probability matrix: alength= 4 w= 10 nsites= 1 E= 0
  0.316056	  0.227220	  0.227220	  0.229504	
  0.308610	  0.190963	  0.293559	  0.206868	
  0.425693	  0.181948	  0.201083	  0.191276	
  0.203406	  0.147703	  0.480682	  0.168209	
  0.452722	  0.080261	  0.189668	  0.277349	
  0.176134	  0.284646	  0.114577	  0.424642	
  0.120807	  0.580678	  0.107147	  0.191368	
  0.691872	  0.002972	  0.221274	  0.083881	
  0.368959	  0.196504	  0.223785	  0.210752	
  0.304886	  0.214850	  0.228135	  0.252129	

URL http://cisbp.ccbr.utoronto.ca/TFreport.php?versionNumber=2.00&searchTF=T309356_2.00

MOTIF M00692_2.00 (L893_g13425)_(Caenorhabditis_elegans)_(DBD_0.71)

letter-probability matrix: alength= 4 w= 9 nsites= 1 E= 0
  0.334339	  0.226366	  0.176294	  0.263000	
  0.334970	  0.158229	  0.315463	  0.191338	
  0.509633	  0.143121	  0.187483	  0.159763	
  0.173579	  0.118704	  0.506048	  0.201670	
  0.605201	  0.021446	  0.129744	  0.243608	
  0.225910	  0.156044	  0.125228	  0.492817	
  0.180500	  0.510675	  0.124678	  0.184147	
  0.657069	  0.072805	  0.186380	  0.083746	
  0.457793	  0.136513	  0.225071	  0.180624	

URL http://cisbp.ccbr.utoronto.ca/TFreport.php?versionNumber=2.00&searchTF=T309323_2.00

MOTIF M00694_2.00 (L893_g14553)_(Caenorhabditis_elegans)_(DBD_0.76)

letter-probability matrix: alength= 4 w= 10 nsites= 1 E= 0
  0.332710	  0.212145	  0.223022	  0.232124	
  0.270711	  0.183287	  0.237710	  0.308293	
  0.280397	  0.178789	  0.173505	  0.367310	
  0.191013	  0.169413	  0.327780	  0.311794	
  0.087431	  0.226070	  0.000522	  0.685977	
  0.165408	  0.117733	  0.650940	  0.065918	
  0.062305	  0.076864	  0.030327	  0.830505	
  0.745931	  0.100951	  0.057090	  0.096027	
  0.100690	  0.200748	  0.493759	  0.204803	
  0.127719	  0.284245	  0.109929	  0.478107	

URL http://cisbp.ccbr.utoronto.ca/TFreport.php?versionNumber=2.00&searchTF=T309327_2.00

MOTIF M00697_2.00 (L893_g9511)_(Caenorhabditis_elegans)_(DBD_0.74)

letter-probability matrix: alength= 4 w= 11 nsites= 1 E= 0
  0.228323	  0.228323	  0.228323	  0.315031	
  0.459574	  0.116142	  0.193797	  0.230487	
  0.637530	  0.021526	  0.021526	  0.319419	
  0.000084	  0.000084	  0.000084	  0.999747	
  0.000084	  0.000084	  0.000084	  0.999747	
  0.000084	  0.000084	  0.999747	  0.000084	
  0.000084	  0.000084	  0.000084	  0.999747	
  0.999747	  0.000084	  0.000084	  0.000084	
  0.021761	  0.021761	  0.741842	  0.214635	
  0.212471	  0.217226	  0.133942	  0.436361	
  0.314324	  0.228559	  0.228559	  0.228559	

URL http://cisbp.ccbr.utoronto.ca/TFreport.php?versionNumber=2.00&searchTF=T309407_2.00

MOTIF M00698_2.00 (L893_g7217)_(Caenorhabditis_elegans)_(DBD_0.63)

letter-probability matrix: alength= 4 w= 10 nsites= 1 E= 0
  0.238923	  0.193667	  0.393917	  0.173493	
  0.334981	  0.103967	  0.494760	  0.066292	
  0.104981	  0.514802	  0.248088	  0.132129	
  0.496037	  0.009177	  0.367473	  0.127313	
  0.092803	  0.473654	  0.021769	  0.411775	
  0.020327	  0.890665	  0.018765	  0.070244	
  0.834674	  0.019050	  0.074966	  0.071310	
  0.394190	  0.289117	  0.098183	  0.218510	
  0.375474	  0.078115	  0.039575	  0.506836	
  0.297767	  0.122280	  0.197613	  0.382340	

URL http://cisbp.ccbr.utoronto.ca/TFreport.php?versionNumber=2.00&searchTF=T309400_2.00

MOTIF M00700_2.00 (L893_g18993)_(Caenorhabditis_elegans)_(DBD_0.49)

letter-probability matrix: alength= 4 w= 9 nsites= 1 E= 0
  0.290237	  0.159285	  0.177807	  0.372671	
  0.193302	  0.141777	  0.189474	  0.475447	
  0.088724	  0.076365	  0.001500	  0.833411	
  0.208025	  0.138056	  0.511659	  0.142260	
  0.045391	  0.065060	  0.022316	  0.867233	
  0.143124	  0.076226	  0.604081	  0.176569	
  0.551184	  0.133229	  0.080003	  0.235584	
  0.120011	  0.527203	  0.101249	  0.251536	
  0.203743	  0.313206	  0.129912	  0.353139	

URL http://cisbp.ccbr.utoronto.ca/TFreport.php?versionNumber=2.00&searchTF=T309338_2.00

MOTIF M00703_2.00 (L893_g27930)_(Caenorhabditis_elegans)_(DBD_0.53)

letter-probability matrix: alength= 4 w= 8 nsites= 1 E= 0
  0.499501	  0.000499	  0.399701	  0.100299	
  0.032539	  0.000322	  0.966817	  0.000322	
  0.096972	  0.000322	  0.000322	  0.902384	
  0.000322	  0.999034	  0.000322	  0.000322	
  0.999034	  0.000322	  0.000322	  0.000322	
  0.000322	  0.837951	  0.000322	  0.161405	
  0.999034	  0.000322	  0.000322	  0.000322	
  0.635662	  0.136570	  0.181942	  0.045826	

URL http://cisbp.ccbr.utoronto.ca/TFreport.php?versionNumber=2.00&searchTF=T309359_2.00

MOTIF M00708_2.00 (L893_g28279)_(Caenorhabditis_elegans)_(DBD_0.72)

letter-probability matrix: alength= 4 w= 10 nsites= 1 E= 0
  0.168663	  0.275311	  0.239344	  0.316683	
  0.176492	  0.296864	  0.205054	  0.321589	
  0.099868	  0.334905	  0.233655	  0.331572	
  0.572889	  0.124051	  0.200475	  0.102585	
  0.711682	  0.128719	  0.063284	  0.096316	
  0.139239	  0.068456	  0.676002	  0.116303	
  0.601869	  0.036600	  0.275901	  0.085630	
  0.375126	  0.319661	  0.021699	  0.283514	
  0.395081	  0.114330	  0.326716	  0.163873	
  0.242351	  0.212807	  0.230531	  0.314312	

URL http://cisbp.ccbr.utoronto.ca/TFreport.php?versionNumber=2.00&searchTF=T316761_2.00

MOTIF M00710_2.00 (L893_g3677)_(Caenorhabditis_elegans)_(DBD_0.91)

letter-probability matrix: alength= 4 w= 10 nsites= 1 E= 0
  0.450923	  0.148771	  0.148771	  0.251536	
  0.298333	  0.204180	  0.289058	  0.208429	
  0.896801	  0.000144	  0.000144	  0.102910	
  0.910076	  0.089635	  0.000144	  0.000144	
  0.089635	  0.807310	  0.000144	  0.102910	
  0.999567	  0.000144	  0.000144	  0.000144	
  0.999567	  0.000144	  0.000144	  0.000144	
  0.000144	  0.000144	  0.000144	  0.999567	
  0.609680	  0.101374	  0.101374	  0.187572	
  0.240264	  0.237286	  0.371677	  0.150773	

URL http://cisbp.ccbr.utoronto.ca/TFreport.php?versionNumber=2.00&searchTF=T336566_2.00

MOTIF M00712_2.00 (L893_g30363)_(Caenorhabditis_elegans)_(DBD_0.68)

letter-probability matrix: alength= 4 w= 10 nsites= 1 E= 0
  0.180597	  0.342500	  0.170080	  0.306823	
  0.160976	  0.372879	  0.157788	  0.308356	
  0.176732	  0.163144	  0.118467	  0.541657	
  0.186902	  0.088286	  0.157683	  0.567128	
  0.197962	  0.101299	  0.030207	  0.670533	
  0.236652	  0.225110	  0.457872	  0.080366	
  0.326313	  0.199908	  0.140873	  0.332905	
  0.262324	  0.221313	  0.223537	  0.292826	
  0.220694	  0.261589	  0.283376	  0.234341	
  0.203636	  0.220597	  0.222814	  0.352953	

URL http://cisbp.ccbr.utoronto.ca/TFreport.php?versionNumber=2.00&searchTF=T336561_2.00

MOTIF M00803_2.00 (L893_g4672)_(Mus_musculus)_(DBD_0.74)

letter-probability matrix: alength= 4 w= 10 nsites= 1 E= 0
  0.155478	  0.152399	  0.186141	  0.505983	
  0.471120	  0.266430	  0.123361	  0.139089	
  0.778125	  0.059554	  0.038741	  0.123580	
  0.004127	  0.003447	  0.002579	  0.989846	
  0.177439	  0.051348	  0.120136	  0.651077	
  0.552328	  0.065637	  0.022740	  0.359294	
  0.347780	  0.133162	  0.337501	  0.181557	
  0.232942	  0.437374	  0.103626	  0.226058	
  0.510506	  0.195469	  0.149217	  0.144807	
  0.152697	  0.196067	  0.128825	  0.522411	

URL http://cisbp.ccbr.utoronto.ca/TFreport.php?versionNumber=2.00&searchTF=T239299_2.00

MOTIF M00812_2.00 (L893_g2513)_(Mus_musculus)_(DBD_0.63)

letter-probability matrix: alength= 4 w= 10 nsites= 1 E= 0
  0.379815	  0.194355	  0.181215	  0.244615	
  0.407372	  0.085604	  0.411467	  0.095557	
  0.554847	  0.019860	  0.402902	  0.022392	
  0.040332	  0.042826	  0.860178	  0.056664	
  0.039304	  0.043874	  0.855183	  0.061640	
  0.038125	  0.034497	  0.019705	  0.907672	
  0.038345	  0.826032	  0.024944	  0.110679	
  0.828935	  0.008672	  0.108869	  0.053525	
  0.272965	  0.307768	  0.154369	  0.264898	
  0.238917	  0.258816	  0.300701	  0.201566	

URL http://cisbp.ccbr.utoronto.ca/TFreport.php?versionNumber=2.00&searchTF=T309353_2.00

MOTIF M00834_2.00 (L893_g17881)_(Mus_musculus)_(DBD_0.72)

letter-probability matrix: alength= 4 w= 10 nsites= 1 E= 0
  0.218142	  0.220334	  0.215971	  0.345553	
  0.140518	  0.271874	  0.111646	  0.475962	
  0.286176	  0.289052	  0.294892	  0.129880	
  0.574102	  0.053133	  0.167806	  0.204958	
  0.084728	  0.772355	  0.001821	  0.141096	
  0.792147	  0.000176	  0.185814	  0.021862	
  0.135653	  0.720613	  0.054604	  0.089131	
  0.133956	  0.491523	  0.168597	  0.205924	
  0.172880	  0.189161	  0.102781	  0.535178	
  0.257707	  0.281977	  0.148684	  0.311632	

URL http://cisbp.ccbr.utoronto.ca/TFreport.php?versionNumber=2.00&searchTF=T341784_2.00

MOTIF M00937_2.00 (L893_g28705)_(Caenorhabditis_elegans)_(DBD_0.89)

letter-probability matrix: alength= 4 w= 8 nsites= 1 E= 0
  0.333333	  0.000000	  0.000000	  0.666667	
  0.000000	  1.000000	  0.000000	  0.000000	
  1.000000	  0.000000	  0.000000	  0.000000	
  0.000000	  1.000000	  0.000000	  0.000000	
  0.000000	  0.000000	  1.000000	  0.000000	
  0.000000	  0.000000	  0.000000	  1.000000	
  0.000000	  0.000000	  1.000000	  0.000000	
  1.000000	  0.000000	  0.000000	  0.000000	

URL http://cisbp.ccbr.utoronto.ca/TFreport.php?versionNumber=2.00&searchTF=T054343_2.00

MOTIF M01106_2.00 (L893_g22397)_(Trichomonas_vaginalis)_(DBD_0.68)

letter-probability matrix: alength= 4 w= 8 nsites= 1 E= 0
  0.483861	  0.092001	  0.215250	  0.208888	
  0.550968	  0.140005	  0.167616	  0.141412	
  0.561595	  0.058603	  0.114524	  0.265279	
  0.513647	  0.040106	  0.069515	  0.376733	
  0.597236	  0.037424	  0.030948	  0.334392	
  0.763937	  0.036910	  0.033733	  0.165420	
  0.582011	  0.007741	  0.027840	  0.382408	
  0.380653	  0.020326	  0.002038	  0.596983	

URL http://cisbp.ccbr.utoronto.ca/TFreport.php?versionNumber=2.00&searchTF=T018199_2.00

MOTIF M01207_2.00 (L893_g29692)_(Nematostella_vectensis)_(DBD_0.79)

letter-probability matrix: alength= 4 w= 8 nsites= 1 E= 0
  0.232170	  0.212188	  0.304135	  0.251507	
  0.318185	  0.224221	  0.224221	  0.233372	
  0.298893	  0.175930	  0.235118	  0.290059	
  0.223616	  0.112160	  0.512823	  0.151401	
  0.457101	  0.032619	  0.335259	  0.175021	
  0.190205	  0.175581	  0.002713	  0.631501	
  0.460236	  0.057497	  0.380596	  0.101671	
  0.203386	  0.149173	  0.475851	  0.171590	

URL http://cisbp.ccbr.utoronto.ca/TFreport.php?versionNumber=2.00&searchTF=T165826_2.00

MOTIF M01231_2.00 (L893_g28710)_(Caenorhabditis_briggsae)_(DBD_0.86)

letter-probability matrix: alength= 4 w= 8 nsites= 1 E= 0
  0.170017	  0.359926	  0.338965	  0.131092	
  0.041665	  0.018535	  0.005639	  0.934162	
  0.002064	  0.000107	  0.996804	  0.001025	
  0.956878	  0.001885	  0.000233	  0.041004	
  0.001041	  0.005314	  0.000961	  0.992683	
  0.801570	  0.044548	  0.008905	  0.144977	
  0.731075	  0.036764	  0.099935	  0.132226	
  0.195054	  0.302862	  0.318390	  0.183695	

URL http://cisbp.ccbr.utoronto.ca/TFreport.php?versionNumber=2.00&searchTF=T197570_2.00

MOTIF M01242_2.00 (L893_g17021)_(Caenorhabditis_briggsae)_(DBD_0.82)

letter-probability matrix: alength= 4 w= 11 nsites= 1 E= 0
  0.200283	  0.200283	  0.200283	  0.399150	
  0.234728	  0.512860	  0.126206	  0.126206	
  0.102295	  0.102295	  0.192640	  0.602771	
  0.000225	  0.000225	  0.000225	  0.999324	
  0.908979	  0.000225	  0.000225	  0.090570	
  0.809684	  0.000225	  0.000225	  0.189866	
  0.095871	  0.000225	  0.000225	  0.903679	
  0.199092	  0.000225	  0.314165	  0.486518	
