MEME version 5.5.8 (Fri May 2 15:43:49 2025 -0700)

ALPHABET= ACGT

strands: + -

Background letter frequencies (from uniform background):
A 0.25000 C 0.25000 G 0.25000 T 0.25000 

MOTIF M00112_2.00 (SVUK_0001049401)_(Mus_musculus)_(DBD_0.70)

letter-probability matrix: alength= 4 w= 10 nsites= 1 E= 0
  0.000019	  0.999823	  0.000038	  0.000120	
  0.000091	  0.899183	  0.000093	  0.100634	
  0.023042	  0.234469	  0.177208	  0.565281	
  0.107618	  0.390953	  0.394882	  0.106547	
  0.537857	  0.155647	  0.286458	  0.020037	
  0.051649	  0.000023	  0.948115	  0.000213	
  0.000014	  0.000011	  0.999930	  0.000045	
  0.000011	  0.667311	  0.331377	  0.001301	
  0.201422	  0.246017	  0.349115	  0.203446	
  0.598826	  0.108307	  0.129667	  0.163199	

URL http://cisbp.ccbr.utoronto.ca/TFreport.php?versionNumber=2.00&searchTF=T011571_2.00

MOTIF M00159_2.00 (SVUK_0000082401)_(Mus_musculus)_(DBD_0.62)

letter-probability matrix: alength= 4 w= 10 nsites= 1 E= 0
  0.401213	  0.134894	  0.189519	  0.274374	
  0.288005	  0.299758	  0.235798	  0.176439	
  0.207310	  0.504826	  0.205247	  0.082617	
  0.276376	  0.615087	  0.084925	  0.023612	
  0.001256	  0.018138	  0.980434	  0.000172	
  0.005077	  0.055966	  0.893136	  0.045821	
  0.810468	  0.028435	  0.076525	  0.084573	
  0.293995	  0.181919	  0.067597	  0.456488	
  0.285185	  0.231166	  0.308937	  0.174712	
  0.171414	  0.277017	  0.125723	  0.425847	

URL http://cisbp.ccbr.utoronto.ca/TFreport.php?versionNumber=2.00&searchTF=T178825_2.00

MOTIF M00282_2.00 (SVUK_0001414101)_(Homo_sapiens)_(DBD_0.84)

letter-probability matrix: alength= 4 w= 8 nsites= 1 E= 0
  0.000303	  0.091102	  0.000303	  0.908293	
  0.972192	  0.000270	  0.027268	  0.000270	
  0.999190	  0.000270	  0.000270	  0.000270	
  0.000270	  0.000270	  0.000270	  0.999190	
  0.000270	  0.000270	  0.000270	  0.999190	
  0.742295	  0.000285	  0.257135	  0.000285	
  0.143010	  0.107347	  0.642297	  0.107347	
  0.105567	  0.210609	  0.105567	  0.578256	

URL http://cisbp.ccbr.utoronto.ca/TFreport.php?versionNumber=2.00&searchTF=T236618_2.00

MOTIF M00388_2.00 (SVUK_0000242501)_(Mus_musculus)_(DBD_0.77)

letter-probability matrix: alength= 4 w= 10 nsites= 1 E= 0
  0.247073	  0.284202	  0.206373	  0.262352	
  0.149870	  0.075171	  0.040036	  0.734924	
  0.706549	  0.090958	  0.126519	  0.075974	
  0.851645	  0.008910	  0.044131	  0.095313	
  0.070692	  0.091682	  0.096383	  0.741243	
  0.120799	  0.217919	  0.226813	  0.434469	
  0.367812	  0.088905	  0.402450	  0.140833	
  0.215590	  0.296895	  0.274069	  0.213445	
  0.220651	  0.269503	  0.211999	  0.297847	
  0.238452	  0.238452	  0.243269	  0.279826	

URL http://cisbp.ccbr.utoronto.ca/TFreport.php?versionNumber=2.00&searchTF=T236598_2.00

MOTIF M00433_2.00 (SVUK_0001202601)_(Mus_musculus)_(DBD_0.76)

letter-probability matrix: alength= 4 w= 9 nsites= 1 E= 0
  0.239869	  0.317378	  0.190584	  0.252168	
  0.133763	  0.050707	  0.022333	  0.793196	
  0.850989	  0.020830	  0.051749	  0.076432	
  0.959274	  0.011777	  0.004509	  0.024439	
  0.324957	  0.077765	  0.136141	  0.461136	
  0.139125	  0.306548	  0.136371	  0.417956	
  0.193728	  0.061958	  0.611831	  0.132483	
  0.201560	  0.269370	  0.319285	  0.209785	
  0.174474	  0.290550	  0.187125	  0.347851	

URL http://cisbp.ccbr.utoronto.ca/TFreport.php?versionNumber=2.00&searchTF=T236614_2.00

MOTIF M00554_2.00 (SVUK_0001440601)_(Drosophila_melanogaster)_(DBD_0.86)

letter-probability matrix: alength= 4 w= 10 nsites= 1 E= 0
  0.251496	  0.177226	  0.199822	  0.371455	
  0.148997	  0.073254	  0.136173	  0.641576	
  0.122081	  0.052704	  0.056525	  0.768690	
  0.381649	  0.037883	  0.070422	  0.510046	
  0.882245	  0.000299	  0.060489	  0.056967	
  0.048121	  0.268735	  0.096905	  0.586239	
  0.165526	  0.087281	  0.407129	  0.340063	
  0.403411	  0.084771	  0.354234	  0.157584	
  0.125944	  0.405791	  0.231791	  0.236474	
  0.189990	  0.335953	  0.201738	  0.272318	

URL http://cisbp.ccbr.utoronto.ca/TFreport.php?versionNumber=2.00&searchTF=T236619_2.00

MOTIF M00557_2.00 (SVUK_0000977401)_(Drosophila_melanogaster)_(DBD_0.91)

letter-probability matrix: alength= 4 w= 9 nsites= 1 E= 0
  0.243483	  0.258539	  0.306448	  0.191530	
  0.206850	  0.317982	  0.181634	  0.293534	
  0.110856	  0.033389	  0.011684	  0.844070	
  0.894610	  0.051233	  0.053860	  0.000297	
  0.947543	  0.000984	  0.023427	  0.028047	
  0.139344	  0.033346	  0.087090	  0.740219	
  0.192569	  0.124022	  0.232864	  0.450544	
  0.357775	  0.064709	  0.468673	  0.108843	
  0.187431	  0.305947	  0.291025	  0.215597	

URL http://cisbp.ccbr.utoronto.ca/TFreport.php?versionNumber=2.00&searchTF=T236604_2.00

MOTIF M00563_2.00 (SVUK_0000475301)_(Drosophila_melanogaster)_(DBD_0.58)

letter-probability matrix: alength= 4 w= 9 nsites= 1 E= 0
  0.304796	  0.208438	  0.219125	  0.267640	
  0.204503	  0.208634	  0.183200	  0.403663	
  0.192685	  0.087449	  0.498226	  0.221640	
  0.950847	  0.044583	  0.000055	  0.004515	
  0.142274	  0.292292	  0.142274	  0.423161	
  0.521793	  0.307130	  0.042405	  0.128672	
  0.156958	  0.510801	  0.109506	  0.222734	
  0.200454	  0.358018	  0.208634	  0.232894	
  0.249520	  0.257119	  0.206343	  0.287017	

URL http://cisbp.ccbr.utoronto.ca/TFreport.php?versionNumber=2.00&searchTF=T236603_2.00

MOTIF M00605_2.00 (SVUK_0000058801)_(Caenorhabditis_elegans)_(DBD_0.70)

letter-probability matrix: alength= 4 w= 13 nsites= 1 E= 0
  0.230644	  0.230644	  0.230644	  0.308069	
  0.230644	  0.230644	  0.308069	  0.230644	
  0.195361	  0.042431	  0.042431	  0.719777	
  0.105121	  0.022865	  0.128036	  0.743978	
  0.853680	  0.022865	  0.100590	  0.022865	
  0.000176	  0.673192	  0.000176	  0.326456	
  0.236202	  0.000176	  0.687605	  0.076018	
  0.076018	  0.420964	  0.077601	  0.425417	
  0.790056	  0.095374	  0.019532	  0.095037	
  0.780883	  0.097796	  0.019532	  0.101789	
  0.376765	  0.207745	  0.207745	  0.207745	
  0.227311	  0.227311	  0.227311	  0.318067	
  0.318067	  0.227311	  0.227311	  0.227311	

URL http://cisbp.ccbr.utoronto.ca/TFreport.php?versionNumber=2.00&searchTF=T075290_2.00

MOTIF M00615_2.00 (SVUK_0001722901)_(Caenorhabditis_elegans)_(DBD_0.90)

letter-probability matrix: alength= 4 w= 10 nsites= 1 E= 0
  0.194145	  0.371892	  0.184676	  0.249287	
  0.053905	  0.142199	  0.092502	  0.711394	
  0.999361	  0.000033	  0.000001	  0.000605	
  0.001640	  0.929810	  0.000856	  0.067693	
  0.341787	  0.499789	  0.064340	  0.094084	
  0.107662	  0.000537	  0.888023	  0.003777	
  0.051787	  0.006032	  0.010352	  0.931828	
  0.824022	  0.055935	  0.053742	  0.066300	
  0.285208	  0.226607	  0.125615	  0.362570	
  0.182831	  0.316893	  0.163787	  0.336489	

URL http://cisbp.ccbr.utoronto.ca/TFreport.php?versionNumber=2.00&searchTF=T157488_2.00

MOTIF M00622_2.00 (SVUK_0000950901)_(Caenorhabditis_elegans)_(DBD_0.94)

letter-probability matrix: alength= 4 w= 8 nsites= 1 E= 0
  0.042013	  0.915557	  0.000416	  0.042013	
  0.133489	  0.233356	  0.566245	  0.066911	
  0.000303	  0.999092	  0.000303	  0.000303	
  0.000303	  0.999092	  0.000303	  0.000303	
  0.000303	  0.968826	  0.000303	  0.030569	
  0.575363	  0.333232	  0.091102	  0.000303	
  0.000303	  0.999092	  0.000303	  0.000303	
  0.166805	  0.083611	  0.665973	  0.083611	

URL http://cisbp.ccbr.utoronto.ca/TFreport.php?versionNumber=2.00&searchTF=T157477_2.00

MOTIF M00638_2.00 (SVUK_0001077701)_(Caenorhabditis_elegans)_(DBD_0.87)

letter-probability matrix: alength= 4 w= 10 nsites= 1 E= 0
  0.210067	  0.246516	  0.190077	  0.353339	
  0.208071	  0.223158	  0.264511	  0.304260	
  0.273165	  0.099492	  0.172444	  0.454899	
  0.377830	  0.255813	  0.134888	  0.231469	
  0.223435	  0.756818	  0.000076	  0.019671	
  0.002609	  0.971445	  0.014714	  0.011232	
  0.010416	  0.002468	  0.001382	  0.985734	
  0.008187	  0.965392	  0.000305	  0.026116	
  0.575778	  0.180498	  0.152280	  0.091444	
  0.290872	  0.279467	  0.181796	  0.247865	

URL http://cisbp.ccbr.utoronto.ca/TFreport.php?versionNumber=2.00&searchTF=T157481_2.00

MOTIF M00660_2.00 (SVUK_0000327101)_(Caenorhabditis_elegans)_(DBD_0.70)

letter-probability matrix: alength= 4 w= 10 nsites= 1 E= 0
  0.096878	  0.086787	  0.048592	  0.767743	
  0.004260	  0.001972	  0.991566	  0.002202	
  0.002889	  0.002776	  0.001140	  0.993195	
  0.120377	  0.093749	  0.020300	  0.765574	
  0.209974	  0.017584	  0.762792	  0.009650	
  0.632316	  0.357591	  0.001599	  0.008494	
  0.992452	  0.001974	  0.002117	  0.003456	
  0.865828	  0.008791	  0.004635	  0.120746	
  0.435155	  0.077922	  0.097096	  0.389827	
  0.300175	  0.171463	  0.150561	  0.377801	

URL http://cisbp.ccbr.utoronto.ca/TFreport.php?versionNumber=2.00&searchTF=T170066_2.00

MOTIF M00661_2.00 (SVUK_0000682301)_(Caenorhabditis_elegans)_(DBD_0.71)

letter-probability matrix: alength= 4 w= 6 nsites= 1 E= 0
  0.985294	  0.004902	  0.004902	  0.004902	
  0.004902	  0.985294	  0.004902	  0.004902	
  0.004902	  0.985294	  0.004902	  0.004902	
  0.004902	  0.004902	  0.004902	  0.985294	
  0.004902	  0.004902	  0.004902	  0.985294	
  0.004902	  0.004902	  0.004902	  0.985294	

URL http://cisbp.ccbr.utoronto.ca/TFreport.php?versionNumber=2.00&searchTF=T170067_2.00

MOTIF M00664_2.00 (SVUK_0001505601)_(Caenorhabditis_elegans)_(DBD_0.81)

letter-probability matrix: alength= 4 w= 8 nsites= 1 E= 0
  0.597222	  0.001984	  0.398810	  0.001984	
  0.001656	  0.001656	  0.001656	  0.995033	
  0.995033	  0.001656	  0.001656	  0.001656	
  0.995033	  0.001656	  0.001656	  0.001656	
  0.995033	  0.001656	  0.001656	  0.001656	
  0.001656	  0.995033	  0.001656	  0.001656	
  0.995033	  0.001656	  0.001656	  0.001656	
  0.745050	  0.002475	  0.002475	  0.250000	

URL http://cisbp.ccbr.utoronto.ca/TFreport.php?versionNumber=2.00&searchTF=T191195_2.00

MOTIF M00665_2.00 (SVUK_0000625401)_(Caenorhabditis_elegans)_(DBD_0.85)

letter-probability matrix: alength= 4 w= 11 nsites= 1 E= 0
  0.290290	  0.211015	  0.287681	  0.211015	
  0.243370	  0.086173	  0.086173	  0.584284	
  0.215478	  0.060026	  0.664470	  0.060026	
  0.151281	  0.076299	  0.000121	  0.772299	
  0.919668	  0.080090	  0.000121	  0.000121	
  0.922970	  0.076788	  0.000121	  0.000121	
  0.999637	  0.000121	  0.000121	  0.000121	
  0.000121	  0.668017	  0.000121	  0.331741	
  0.882680	  0.039107	  0.039107	  0.039107	
  0.508155	  0.163948	  0.163948	  0.163948	
  0.429714	  0.190095	  0.190095	  0.190095	

URL http://cisbp.ccbr.utoronto.ca/TFreport.php?versionNumber=2.00&searchTF=T191192_2.00

MOTIF M00673_2.00 (SVUK_0001075101)_(Caenorhabditis_elegans)_(DBD_0.74)

letter-probability matrix: alength= 4 w= 8 nsites= 1 E= 0
  0.211067	  0.284910	  0.176298	  0.327725	
  0.199579	  0.065773	  0.044980	  0.689668	
  0.746805	  0.027270	  0.118606	  0.107319	
  0.916821	  0.012194	  0.061002	  0.009983	
  0.030503	  0.019256	  0.201914	  0.748327	
  0.167556	  0.686303	  0.056901	  0.089239	
  0.091323	  0.552473	  0.110432	  0.245772	
  0.168631	  0.339582	  0.275260	  0.216527	

URL http://cisbp.ccbr.utoronto.ca/TFreport.php?versionNumber=2.00&searchTF=T236609_2.00

MOTIF M00674_2.00 (SVUK_0001103601)_(Caenorhabditis_elegans)_(DBD_0.82)

letter-probability matrix: alength= 4 w= 8 nsites= 1 E= 0
  0.327533	  0.155238	  0.120779	  0.396451	
  0.012942	  0.000128	  0.000128	  0.986802	
  0.999616	  0.000128	  0.000128	  0.000128	
  0.986802	  0.000128	  0.000128	  0.012942	
  0.000128	  0.012942	  0.025756	  0.961174	
  0.013110	  0.986630	  0.000130	  0.000130	
  0.000149	  0.745973	  0.000149	  0.253729	
  0.155639	  0.311057	  0.244449	  0.288854	

URL http://cisbp.ccbr.utoronto.ca/TFreport.php?versionNumber=2.00&searchTF=T236613_2.00

MOTIF M00682_2.00 (SVUK_0000175201)_(Caenorhabditis_elegans)_(DBD_0.78)

letter-probability matrix: alength= 4 w= 8 nsites= 1 E= 0
  0.004902	  0.004902	  0.004902	  0.985294	
  0.004902	  0.004902	  0.004902	  0.985294	
  0.004902	  0.985294	  0.004902	  0.004902	
  0.004902	  0.495098	  0.004902	  0.495098	
  0.985294	  0.004902	  0.004902	  0.004902	
  0.004902	  0.004902	  0.985294	  0.004902	
  0.985294	  0.004902	  0.004902	  0.004902	
  0.985294	  0.004902	  0.004902	  0.004902	

URL http://cisbp.ccbr.utoronto.ca/TFreport.php?versionNumber=2.00&searchTF=T243722_2.00

MOTIF M00686_2.00 (SVUK_0000955601)_(Caenorhabditis_elegans)_(DBD_1.00)

letter-probability matrix: alength= 4 w= 8 nsites= 1 E= 0
  0.844325	  0.000767	  0.154141	  0.000767	
  0.263130	  0.105567	  0.578256	  0.053046	
  0.083611	  0.042013	  0.042013	  0.832363	
  0.000416	  0.000416	  0.998752	  0.000416	
  0.998752	  0.000416	  0.000416	  0.000416	
  0.000416	  0.000416	  0.000416	  0.998752	
  0.000416	  0.998752	  0.000416	  0.000416	
  0.998503	  0.000499	  0.000499	  0.000499	

URL http://cisbp.ccbr.utoronto.ca/TFreport.php?versionNumber=2.00&searchTF=T310697_2.00

MOTIF M00687_2.00 (SVUK_0001012101)_(Caenorhabditis_elegans)_(DBD_0.79)

letter-probability matrix: alength= 4 w= 10 nsites= 1 E= 0
  0.424708	  0.167570	  0.181526	  0.226196	
  0.394760	  0.138142	  0.230046	  0.237052	
  0.621952	  0.129394	  0.123084	  0.125570	
  0.127104	  0.096063	  0.661826	  0.115008	
  0.473338	  0.032454	  0.247104	  0.247104	
  0.178424	  0.238451	  0.102942	  0.480182	
  0.124009	  0.620395	  0.086518	  0.169077	
  0.778907	  0.000116	  0.190165	  0.030812	
  0.331200	  0.215448	  0.235738	  0.217614	
  0.270667	  0.235307	  0.206622	  0.287404	

URL http://cisbp.ccbr.utoronto.ca/TFreport.php?versionNumber=2.00&searchTF=T310699_2.00

MOTIF M00690_2.00 (SVUK_0000195901)_(Caenorhabditis_elegans)_(DBD_0.90)

letter-probability matrix: alength= 4 w= 10 nsites= 1 E= 0
  0.316056	  0.227220	  0.227220	  0.229504	
  0.308610	  0.190963	  0.293559	  0.206868	
  0.425693	  0.181948	  0.201083	  0.191276	
  0.203406	  0.147703	  0.480682	  0.168209	
  0.452722	  0.080261	  0.189668	  0.277349	
  0.176134	  0.284646	  0.114577	  0.424642	
  0.120807	  0.580678	  0.107147	  0.191368	
  0.691872	  0.002972	  0.221274	  0.083881	
  0.368959	  0.196504	  0.223785	  0.210752	
  0.304886	  0.214850	  0.228135	  0.252129	

URL http://cisbp.ccbr.utoronto.ca/TFreport.php?versionNumber=2.00&searchTF=T310690_2.00

MOTIF M00703_2.00 (SVUK_0002058501)_(Caenorhabditis_elegans)_(DBD_0.69)

letter-probability matrix: alength= 4 w= 8 nsites= 1 E= 0
  0.499501	  0.000499	  0.399701	  0.100299	
  0.032539	  0.000322	  0.966817	  0.000322	
  0.096972	  0.000322	  0.000322	  0.902384	
  0.000322	  0.999034	  0.000322	  0.000322	
  0.999034	  0.000322	  0.000322	  0.000322	
  0.000322	  0.837951	  0.000322	  0.161405	
  0.999034	  0.000322	  0.000322	  0.000322	
  0.635662	  0.136570	  0.181942	  0.045826	

URL http://cisbp.ccbr.utoronto.ca/TFreport.php?versionNumber=2.00&searchTF=T310714_2.00

MOTIF M00708_2.00 (SVUK_0000405601)_(Caenorhabditis_elegans)_(DBD_0.92)

letter-probability matrix: alength= 4 w= 10 nsites= 1 E= 0
  0.168663	  0.275311	  0.239344	  0.316683	
  0.176492	  0.296864	  0.205054	  0.321589	
  0.099868	  0.334905	  0.233655	  0.331572	
  0.572889	  0.124051	  0.200475	  0.102585	
  0.711682	  0.128719	  0.063284	  0.096316	
  0.139239	  0.068456	  0.676002	  0.116303	
  0.601869	  0.036600	  0.275901	  0.085630	
  0.375126	  0.319661	  0.021699	  0.283514	
  0.395081	  0.114330	  0.326716	  0.163873	
  0.242351	  0.212807	  0.230531	  0.314312	

URL http://cisbp.ccbr.utoronto.ca/TFreport.php?versionNumber=2.00&searchTF=T316805_2.00

MOTIF M00710_2.00 (SVUK_0000998801)_(Caenorhabditis_elegans)_(DBD_0.96)

letter-probability matrix: alength= 4 w= 10 nsites= 1 E= 0
  0.450923	  0.148771	  0.148771	  0.251536	
  0.298333	  0.204180	  0.289058	  0.208429	
  0.896801	  0.000144	  0.000144	  0.102910	
  0.910076	  0.089635	  0.000144	  0.000144	
  0.089635	  0.807310	  0.000144	  0.102910	
  0.999567	  0.000144	  0.000144	  0.000144	
  0.999567	  0.000144	  0.000144	  0.000144	
  0.000144	  0.000144	  0.000144	  0.999567	
  0.609680	  0.101374	  0.101374	  0.187572	
  0.240264	  0.237286	  0.371677	  0.150773	

URL http://cisbp.ccbr.utoronto.ca/TFreport.php?versionNumber=2.00&searchTF=T337084_2.00

MOTIF M00711_2.00 (SVUK_0000932601)_(Caenorhabditis_elegans)_(DBD_0.85)

letter-probability matrix: alength= 4 w= 8 nsites= 1 E= 0
  0.332931	  0.201933	  0.220950	  0.244187	
  0.230872	  0.107971	  0.064191	  0.596967	
  0.157943	  0.314893	  0.388476	  0.138689	
  0.623919	  0.073407	  0.103133	  0.199541	
  0.638735	  0.143953	  0.138309	  0.079003	
  0.199110	  0.103945	  0.061797	  0.635148	
  0.196117	  0.123805	  0.445283	  0.234795	
  0.339200	  0.127306	  0.335825	  0.197668	

URL http://cisbp.ccbr.utoronto.ca/TFreport.php?versionNumber=2.00&searchTF=T337082_2.00

MOTIF M00931_2.00 (SVUK_0000451101)_(Caenorhabditis_elegans)_(DBD_0.86)

letter-probability matrix: alength= 4 w= 9 nsites= 1 E= 0
  1.000000	  0.000000	  0.000000	  0.000000	
  0.000000	  0.000000	  0.000000	  1.000000	
  0.000000	  1.000000	  0.000000	  0.000000	
  1.000000	  0.000000	  0.000000	  0.000000	
  0.000000	  0.000000	  1.000000	  0.000000	
  0.000000	  1.000000	  0.000000	  0.000000	
  0.000000	  0.000000	  0.000000	  1.000000	
  0.000000	  0.000000	  1.000000	  0.000000	
  1.000000	  0.000000	  0.000000	  0.000000	

URL http://cisbp.ccbr.utoronto.ca/TFreport.php?versionNumber=2.00&searchTF=T055128_2.00

MOTIF M01106_2.00 (SVUK_0001558901)_(Trichomonas_vaginalis)_(DBD_0.64)

letter-probability matrix: alength= 4 w= 8 nsites= 1 E= 0
  0.483861	  0.092001	  0.215250	  0.208888	
  0.550968	  0.140005	  0.167616	  0.141412	
  0.561595	  0.058603	  0.114524	  0.265279	
  0.513647	  0.040106	  0.069515	  0.376733	
  0.597236	  0.037424	  0.030948	  0.334392	
  0.763937	  0.036910	  0.033733	  0.165420	
  0.582011	  0.007741	  0.027840	  0.382408	
  0.380653	  0.020326	  0.002038	  0.596983	

URL http://cisbp.ccbr.utoronto.ca/TFreport.php?versionNumber=2.00&searchTF=T018250_2.00

MOTIF M01141_2.00 (SVUK_0000294201)_(Caenorhabditis_briggsae)_(DBD_0.79)

letter-probability matrix: alength= 4 w= 10 nsites= 1 E= 0
  0.396695	  0.167866	  0.144484	  0.290955	
  0.555037	  0.047420	  0.379568	  0.017976	
  0.002357	  0.007982	  0.000117	  0.989544	
  0.003280	  0.003849	  0.990076	  0.002795	
  0.956624	  0.000420	  0.009056	  0.033900	
  0.002941	  0.779543	  0.011344	  0.206172	
  0.146554	  0.034035	  0.818434	  0.000978	
  0.022269	  0.029172	  0.011059	  0.937500	
  0.135371	  0.516987	  0.272603	  0.075040	
  0.635454	  0.133532	  0.127019	  0.103995	

URL http://cisbp.ccbr.utoronto.ca/TFreport.php?versionNumber=2.00&searchTF=T075293_2.00

MOTIF M01667_2.00 (SVUK_0000747601)_(Caenorhabditis_elegans)_(DBD_0.96)

letter-probability matrix: alength= 4 w= 8 nsites= 1 E= 0
  0.245252	  0.271045	  0.215355	  0.268348	
  0.308320	  0.196593	  0.254968	  0.240120	
  0.941882	  0.000249	  0.000593	  0.057276	
  0.051763	  0.035046	  0.000248	  0.912942	
  0.191668	  0.309749	  0.088745	  0.409838	
  0.562171	  0.100666	  0.162683	  0.174479	
  0.502612	  0.159145	  0.175883	  0.162360	
  0.416728	  0.148775	  0.235670	  0.198827	

URL http://cisbp.ccbr.utoronto.ca/TFreport.php?versionNumber=2.00&searchTF=T016721_2.00

MOTIF M01674_2.00 (SVUK_0002073401)_(Brachypodium_distachyon)_(DBD_0.77)

letter-probability matrix: alength= 4 w= 9 nsites= 1 E= 0
  0.374501	  0.137771	  0.378264	  0.109464	
  0.226206	  0.276289	  0.249996	  0.247509	
  0.606765	  0.056721	  0.230014	  0.106500	
  0.428552	  0.111098	  0.200420	  0.259930	
  0.475920	  0.046770	  0.205460	  0.271850	
  0.400042	  0.099641	  0.159424	  0.340893	
  0.337415	  0.202616	  0.115736	  0.344232	
  0.546503	  0.072497	  0.224425	  0.156576	
  0.462607	  0.040726	  0.319538	  0.177129	

URL http://cisbp.ccbr.utoronto.ca/TFreport.php?versionNumber=2.00&searchTF=T018251_2.00

MOTIF M01686_2.00 (SVUK_0000316001)_(Drosophila_melanogaster)_(DBD_0.61)

letter-probability matrix: alength= 4 w= 9 nsites= 1 E= 0
  0.353239	  0.184407	  0.205850	  0.256504	
  0.291909	  0.209860	  0.178831	  0.319399	
  0.479754	  0.153435	  0.207115	  0.159696	
  0.353839	  0.157408	  0.196143	  0.292610	
  0.432302	  0.070748	  0.192313	  0.304638	
  0.389749	  0.100033	  0.061899	  0.448318	
  0.862322	  0.000496	  0.084743	  0.052438	
  0.519591	  0.033887	  0.087623	  0.358899	
  0.365816	  0.092956	  0.080812	  0.460416	

URL http://cisbp.ccbr.utoronto.ca/TFreport.php?versionNumber=2.00&searchTF=T018248_2.00

MOTIF M01903_2.00 (SVUK_0001307901)_(Caenorhabditis_elegans)_(DBD_0.82)

letter-probability matrix: alength= 4 w= 9 nsites= 1 E= 0
  0.230911	  0.224086	  0.262968	  0.282035	
  0.269525	  0.209906	  0.264188	  0.256380	
  0.283198	  0.178778	  0.291823	  0.246201	
  0.153491	  0.064952	  0.745191	  0.036366	
  0.485724	  0.054907	  0.315968	  0.143400	
  0.185229	  0.092907	  0.000174	  0.721690	
  0.451981	  0.073969	  0.434259	  0.039791	
  0.183594	  0.056414	  0.557089	  0.202902	
  0.369364	  0.118130	  0.213105	  0.299401	

URL http://cisbp.ccbr.utoronto.ca/TFreport.php?versionNumber=2.00&searchTF=T165911_2.00

MOTIF M01937_2.00 (SVUK_0001144301)_(Xenopus_tropicalis)_(DBD_0.94)

letter-probability matrix: alength= 4 w= 8 nsites= 1 E= 0
  0.378267	  0.195508	  0.164943	  0.261282	
  0.375292	  0.175512	  0.126179	  0.323017	
  0.285151	  0.129414	  0.071024	  0.514410	
  0.172389	  0.072223	  0.561019	  0.194368	
  0.181021	  0.077371	  0.070712	  0.670896	
  0.389944	  0.092388	  0.168343	  0.349325	
  0.309791	  0.096149	  0.234135	  0.359926	
  0.204176	  0.411161	  0.159013	  0.225650	

URL http://cisbp.ccbr.utoronto.ca/TFreport.php?versionNumber=2.00&searchTF=T170068_2.00

MOTIF M01971_2.00 (SVUK_0001670501)_(Tetraodon_nigroviridis)_(DBD_0.81)

letter-probability matrix: alength= 4 w= 8 nsites= 1 E= 0
  0.001420	  0.995739	  0.001420	  0.001420	
  0.001106	  0.996681	  0.001106	  0.001106	
  0.001106	  0.001106	  0.996681	  0.001106	
  0.001106	  0.001106	  0.996681	  0.001106	
  0.996681	  0.001106	  0.001106	  0.001106	
  0.886062	  0.001106	  0.001106	  0.111726	
  0.222345	  0.001106	  0.775442	  0.001106	
  0.001656	  0.167219	  0.001656	  0.829470	

URL http://cisbp.ccbr.utoronto.ca/TFreport.php?versionNumber=2.00&searchTF=T178828_2.00

MOTIF M01974_2.00 (SVUK_0001352701)_(Caenorhabditis_briggsae)_(DBD_0.88)

letter-probability matrix: alength= 4 w= 8 nsites= 1 E= 0
  0.416389	  0.000416	  0.541181	  0.042013	
  0.028824	  0.000285	  0.000285	  0.970605	
  0.827911	  0.171518	  0.000285	  0.000285	
  0.942066	  0.000285	  0.000285	  0.057363	
  0.999144	  0.000285	  0.000285	  0.000285	
  0.057363	  0.913527	  0.000285	  0.028824	
  0.999144	  0.000285	  0.000285	  0.000285	
  0.434462	  0.217448	  0.130642	  0.217448	

URL http://cisbp.ccbr.utoronto.ca/TFreport.php?versionNumber=2.00&searchTF=T191194_2.00

MOTIF M02183_2.00 (SVUK_0001504901)_(Caenorhabditis_elegans)_(DBD_0.82)

letter-probability matrix: alength= 4 w= 8 nsites= 1 E= 0
  0.091486	  0.000906	  0.906703	  0.000906	
  0.000767	  0.307515	  0.000767	  0.690951	
  0.921012	  0.077454	  0.000767	  0.000767	
  0.997699	  0.000767	  0.000767	  0.000767	
  0.000767	  0.000767	  0.000767	  0.997699	
  0.537577	  0.000767	  0.000767	  0.460890	
  0.997508	  0.000831	  0.000831	  0.000831	
  0.886062	  0.111726	  0.001106	  0.001106	

URL http://cisbp.ccbr.utoronto.ca/TFreport.php?versionNumber=2.00&searchTF=T236620_2.00

MOTIF M02186_2.00 (SVUK_0001528201)_(Caenorhabditis_elegans)_(DBD_1.00)

letter-probability matrix: alength= 4 w= 8 nsites= 1 E= 0
  0.106743	  0.053438	  0.226679	  0.613140	
  0.008935	  0.097399	  0.000088	  0.893577	
  0.831814	  0.136036	  0.024072	  0.008077	
  0.968525	  0.007888	  0.023508	  0.000078	
  0.000078	  0.000078	  0.007888	  0.991956	
  0.015822	  0.031565	  0.165381	  0.787232	
  0.864643	  0.000090	  0.117165	  0.018102	
  0.035395	  0.152987	  0.599835	  0.211783	

URL http://cisbp.ccbr.utoronto.ca/TFreport.php?versionNumber=2.00&searchTF=T236622_2.00

MOTIF M02276_2.00 (SVUK_0001242901)_(Caenorhabditis_elegans)_(DBD_0.75)

letter-probability matrix: alength= 4 w= 10 nsites= 1 E= 0
  0.220981	  0.265051	  0.191399	  0.322569	
  0.270631	  0.194889	  0.283987	  0.250493	
  0.353350	  0.066649	  0.227459	  0.352542	
  0.146210	  0.764537	  0.000008	  0.089246	
  0.046172	  0.880475	  0.000000	  0.073353	
  0.073353	  0.000000	  0.880475	  0.046172	
  0.089246	  0.000008	  0.764537	  0.146210	
  0.352542	  0.227459	  0.066649	  0.353350	
  0.250493	  0.283987	  0.194889	  0.270631	
  0.322569	  0.191399	  0.265051	  0.220981	

URL http://cisbp.ccbr.utoronto.ca/TFreport.php?versionNumber=2.00&searchTF=T252595_2.00

MOTIF M02388_2.00 (SVUK_0000075101)_(Aedes_aegypti)_(DBD_0.90)

letter-probability matrix: alength= 4 w= 7 nsites= 1 E= 0
  0.216235	  0.261482	  0.332409	  0.189875	
  0.458281	  0.091605	  0.427298	  0.022816	
  0.000000	  0.000000	  0.882881	  0.117119	
  0.000000	  0.000000	  0.959301	  0.040699	
  0.000001	  0.000000	  0.010252	  0.989748	
  0.001291	  0.884772	  0.042748	  0.071188	
  0.722899	  0.000287	  0.276793	  0.000020	

URL http://cisbp.ccbr.utoronto.ca/TFreport.php?versionNumber=2.00&searchTF=T310689_2.00

MOTIF M02454_2.00 (SVUK_0001712101)_(Pediculus_humanus)_(DBD_0.81)

letter-probability matrix: alength= 4 w= 10 nsites= 1 E= 0
  0.130931	  0.335182	  0.328545	  0.205341	
  0.052297	  0.000547	  0.941002	  0.006153	
  0.019509	  0.042559	  0.039287	  0.898645	
  0.205960	  0.205960	  0.022594	  0.565485	
  0.256126	  0.035363	  0.536824	  0.171687	
  0.037025	  0.707398	  0.056917	  0.198660	
  0.025190	  0.414247	  0.088807	  0.471756	
  0.698142	  0.075070	  0.121319	  0.105470	
  0.287224	  0.169062	  0.273216	  0.270498	
  0.150770	  0.156923	  0.605320	  0.086987	

URL http://cisbp.ccbr.utoronto.ca/TFreport.php?versionNumber=2.00&searchTF=T319254_2.00

MOTIF M02488_2.00 (SVUK_0000774301)_(Caenorhabditis_elegans)_(DBD_0.91)

letter-probability matrix: alength= 4 w= 10 nsites= 1 E= 0
  0.249549	  0.326901	  0.168959	  0.254591	
  0.304118	  0.216462	  0.195863	  0.283557	
  0.145122	  0.218672	  0.149542	  0.486664	
  0.140021	  0.189009	  0.079982	  0.590988	
  0.252273	  0.135709	  0.518279	  0.093739	
  0.187414	  0.158115	  0.134736	  0.519735	
  0.221322	  0.262334	  0.202273	  0.314071	
  0.213024	  0.281859	  0.208806	  0.296310	
  0.226419	  0.257852	  0.255286	  0.260443	
  0.219489	  0.262776	  0.257573	  0.260162	

URL http://cisbp.ccbr.utoronto.ca/TFreport.php?versionNumber=2.00&searchTF=T337078_2.00

MOTIF M02529_2.00 (SVUK_0000043101)_(Drosophila_yakuba)_(DBD_0.80)

letter-probability matrix: alength= 4 w= 8 nsites= 1 E= 0
  0.216253	  0.000270	  0.270248	  0.513229	
  0.000192	  0.000192	  0.000192	  0.999424	
  0.000192	  0.019408	  0.000192	  0.980208	
  0.096272	  0.615104	  0.000192	  0.288432	
  0.845696	  0.000192	  0.153920	  0.000192	
  0.999424	  0.000192	  0.000192	  0.000192	
  0.960992	  0.019408	  0.000192	  0.019408	
  0.088425	  0.235311	  0.000294	  0.675969	

URL http://cisbp.ccbr.utoronto.ca/TFreport.php?versionNumber=2.00&searchTF=T346340_2.00

MOTIF M02959_2.00 (SVUK_0001371201)_(Homo_sapiens)_(DBD_0.43)

letter-probability matrix: alength= 4 w= 12 nsites= 1 E= 0
  0.046512	  0.011628	  0.023256	  0.918605	
  0.000000	  0.000000	  0.000000	  1.000000	
  0.011765	  0.035294	  0.011765	  0.941176	
  0.000000	  0.040404	  0.939394	  0.020202	
  0.010309	  0.000000	  0.989691	  0.000000	
  0.000000	  0.915385	  0.053846	  0.030769	
  0.000000	  0.010204	  0.989796	  0.000000	
  0.030303	  0.000000	  0.969697	  0.000000	
  0.010101	  0.000000	  0.989899	  0.000000	
  0.989247	  0.010753	  0.000000	  0.000000	
  0.967742	  0.000000	  0.032258	  0.000000	
  0.925532	  0.010638	  0.031915	  0.031915	

URL http://cisbp.ccbr.utoronto.ca/TFreport.php?versionNumber=2.00&searchTF=T174409_2.00

MOTIF M03087_2.00 (SVUK_0001805801)_(Homo_sapiens)_(DBD_0.64)

letter-probability matrix: alength= 4 w= 8 nsites= 1 E= 0
  0.050776	  0.567735	  0.037679	  0.343811	
  0.096070	  0.163832	  0.029930	  0.710167	
  0.886769	  0.040902	  0.036132	  0.036197	
  0.970260	  0.011009	  0.012296	  0.006434	
  0.012245	  0.014168	  0.007333	  0.966254	
  0.055381	  0.046932	  0.060685	  0.837003	
  0.722030	  0.027451	  0.177528	  0.072990	
  0.193501	  0.261956	  0.269545	  0.274998	

URL http://cisbp.ccbr.utoronto.ca/TFreport.php?versionNumber=2.00&searchTF=T236629_2.00

MOTIF M03168_2.00 (SVUK_0000214201)_(Homo_sapiens)_(DBD_0.46)

letter-probability matrix: alength= 4 w= 8 nsites= 1 E= 0
  0.072612	  0.450780	  0.073912	  0.402697	
  0.096614	  0.141577	  0.014371	  0.747439	
  0.795066	  0.130619	  0.028606	  0.045709	
  0.940555	  0.027395	  0.008236	  0.023814	
  0.050778	  0.014703	  0.036416	  0.898102	
  0.063239	  0.039960	  0.242873	  0.653928	
  0.742999	  0.012306	  0.188402	  0.056294	
  0.185954	  0.363723	  0.177579	  0.272745	

URL http://cisbp.ccbr.utoronto.ca/TFreport.php?versionNumber=2.00&searchTF=T236597_2.00

MOTIF M03187_2.00 (SVUK_0001599301)_(Homo_sapiens)_(DBD_0.42)

letter-probability matrix: alength= 4 w= 10 nsites= 1 E= 0
  0.204127	  0.184967	  0.428150	  0.182756	
  0.215917	  0.351756	  0.109801	  0.322525	
  0.043559	  0.000000	  0.007920	  0.948521	
  0.979788	  0.000000	  0.012753	  0.007459	
  0.996086	  0.001712	  0.002202	  0.000000	
  0.000000	  0.000000	  0.003670	  0.996330	
  0.000000	  0.003670	  0.000000	  0.996330	
  0.449727	  0.009033	  0.518184	  0.023057	
  0.305822	  0.189634	  0.412921	  0.091624	
  0.196709	  0.393173	  0.113212	  0.296906	

URL http://cisbp.ccbr.utoronto.ca/TFreport.php?versionNumber=2.00&searchTF=T236626_2.00

MOTIF M03233_2.00 (SVUK_0001598501)_(Homo_sapiens)_(DBD_0.84)

letter-probability matrix: alength= 4 w= 11 nsites= 1 E= 0
  0.128887	  0.307132	  0.235146	  0.328834	
  0.180386	  0.173504	  0.355347	  0.290762	
  0.156964	  0.179104	  0.129448	  0.534484	
  0.133379	  0.100398	  0.033272	  0.732952	
  0.769137	  0.000000	  0.124287	  0.106576	
  0.983214	  0.000000	  0.016786	  0.000000	
  0.054051	  0.028179	  0.332443	  0.585327	
  0.036134	  0.202331	  0.027586	  0.733949	
  0.080054	  0.018102	  0.849562	  0.052282	
  0.164108	  0.335892	  0.282160	  0.217840	
  0.159100	  0.252151	  0.142555	  0.446195	

URL http://cisbp.ccbr.utoronto.ca/TFreport.php?versionNumber=2.00&searchTF=T236625_2.00

MOTIF M03442_2.00 (SVUK_0000340101)_(Homo_sapiens)_(DBD_0.76)

letter-probability matrix: alength= 4 w= 17 nsites= 1 E= 0
  0.188349	  0.113885	  0.311870	  0.385896	
  0.000000	  0.222244	  0.496222	  0.281535	
  0.145961	  0.711395	  0.001825	  0.140819	
  0.853559	  0.006527	  0.124822	  0.015093	
  0.168060	  0.277841	  0.367969	  0.186131	
  0.000000	  0.142481	  0.000479	  0.857040	
  0.008338	  0.718345	  0.273162	  0.000154	
  0.907360	  0.000423	  0.089890	  0.002327	
  0.395295	  0.011117	  0.020941	  0.572647	
  0.000000	  0.187604	  0.812396	  0.000000	
  0.000565	  0.998494	  0.000377	  0.000565	
  0.126604	  0.000000	  0.873007	  0.000389	
  0.000000	  0.000528	  0.056215	  0.943257	
  0.095593	  0.000201	  0.903602	  0.000604	
  0.933333	  0.000000	  0.016985	  0.049682	
  0.014772	  0.984667	  0.000000	  0.000561	
  0.062632	  0.272553	  0.604673	  0.060142	

URL http://cisbp.ccbr.utoronto.ca/TFreport.php?versionNumber=2.00&searchTF=T312960_2.00

MOTIF M03721_2.00 (SVUK_0001114801)_(Drosophila_melanogaster)_(DBD_0.71)

letter-probability matrix: alength= 4 w= 18 nsites= 1 E= 0
  0.108936	  0.325579	  0.338626	  0.226859	
  0.450665	  0.053172	  0.069059	  0.427105	
  0.954636	  0.001880	  0.007756	  0.035727	
  0.097600	  0.050393	  0.043024	  0.808983	
  0.001117	  0.090279	  0.001006	  0.907598	
  0.000737	  0.997299	  0.000737	  0.001228	
  0.001340	  0.989403	  0.001949	  0.007308	
  0.000859	  0.996443	  0.001963	  0.000736	
  0.333867	  0.225040	  0.024129	  0.416964	
  0.419621	  0.027942	  0.230059	  0.322378	
  0.001227	  0.000736	  0.996443	  0.001595	
  0.005976	  0.001951	  0.990731	  0.001342	
  0.001228	  0.000123	  0.997421	  0.001228	
  0.917542	  0.000904	  0.080086	  0.001468	
  0.804735	  0.042897	  0.057064	  0.095304	
  0.039423	  0.006218	  0.001291	  0.953068	
  0.432318	  0.071421	  0.048228	  0.448033	
  0.220512	  0.337232	  0.342526	  0.099729	

URL http://cisbp.ccbr.utoronto.ca/TFreport.php?versionNumber=2.00&searchTF=T174973_2.00

MOTIF M03750_2.00 (SVUK_0000095001)_(Drosophila_melanogaster)_(DBD_0.75)

letter-probability matrix: alength= 4 w= 16 nsites= 1 E= 0
  0.080430	  0.174558	  0.654012	  0.091000	
  0.001295	  0.997583	  0.000173	  0.000949	
  0.002522	  0.000414	  0.996876	  0.000188	
  0.998450	  0.000258	  0.000310	  0.000982	
  0.996647	  0.002476	  0.000567	  0.000310	
  0.000000	  0.000000	  0.999772	  0.000228	
  0.496231	  0.000000	  0.503589	  0.000179	
  0.999534	  0.000000	  0.000466	  0.000000	
  0.000259	  0.999050	  0.000173	  0.000518	
  0.000413	  0.650599	  0.183964	  0.165024	
  0.001129	  0.029711	  0.703205	  0.265955	
  0.103240	  0.796369	  0.014026	  0.086365	
  0.658216	  0.038848	  0.156852	  0.146083	
  0.675570	  0.112971	  0.122349	  0.089110	
  0.075443	  0.125011	  0.670676	  0.128870	
  0.151772	  0.511092	  0.200820	  0.136316	

URL http://cisbp.ccbr.utoronto.ca/TFreport.php?versionNumber=2.00&searchTF=T191188_2.00

MOTIF M03873_2.00 (SVUK_0001097501)_(Drosophila_melanogaster)_(DBD_0.84)

letter-probability matrix: alength= 4 w= 8 nsites= 1 E= 0
  0.066713	  0.051138	  0.230216	  0.651933	
  0.016386	  0.034145	  0.003021	  0.946448	
  0.929850	  0.000000	  0.027700	  0.042450	
  1.000000	  0.000000	  0.000000	  0.000000	
  0.000000	  0.000000	  0.002605	  0.997395	
  0.215313	  0.015930	  0.009764	  0.758993	
  0.902969	  0.009170	  0.049170	  0.038690	
  0.516898	  0.121538	  0.313077	  0.048487	

URL http://cisbp.ccbr.utoronto.ca/TFreport.php?versionNumber=2.00&searchTF=T236611_2.00

MOTIF M04351_2.00 (SVUK_0001190001)_(Homo_sapiens)_(DBD_0.55)

letter-probability matrix: alength= 4 w= 13 nsites= 1 E= 0
  0.274684	  0.371172	  0.089455	  0.264689	
  0.101377	  0.034823	  0.857191	  0.006610	
  0.000000	  0.000000	  0.000000	  1.000000	
  0.031508	  0.967801	  0.000000	  0.000691	
  0.998788	  0.000000	  0.001212	  0.000000	
  0.001625	  0.000000	  0.968370	  0.030006	
  0.000000	  1.000000	  0.000000	  0.000000	
  0.833621	  0.003095	  0.140549	  0.022735	
  0.261307	  0.270839	  0.216114	  0.251740	
  0.451846	  0.043779	  0.071386	  0.432989	
  0.416610	  0.033221	  0.021033	  0.529136	
  0.241592	  0.151016	  0.045789	  0.561602	
  0.196773	  0.231544	  0.156147	  0.415536	

URL http://cisbp.ccbr.utoronto.ca/TFreport.php?versionNumber=2.00&searchTF=T075299_2.00

MOTIF M05233_2.00 (SVUK_0001315901)_(Homo_sapiens)_(DBD_0.61)

letter-probability matrix: alength= 4 w= 25 nsites= 1 E= 0
  0.146341	  0.195122	  0.195122	  0.463415	
  0.836735	  0.051020	  0.081633	  0.030612	
  0.891304	  0.021739	  0.054348	  0.032609	
  0.064516	  0.043011	  0.010753	  0.881720	
  0.092437	  0.000000	  0.218487	  0.689076	
  0.056818	  0.011364	  0.931818	  0.000000	
  0.148148	  0.370370	  0.259259	  0.222222	
  0.216867	  0.289157	  0.216867	  0.277108	
  0.209877	  0.283951	  0.308642	  0.197531	
  0.197531	  0.320988	  0.172840	  0.308642	
  0.246914	  0.234568	  0.259259	  0.259259	
  0.329268	  0.207317	  0.243902	  0.219512	
  0.256098	  0.195122	  0.219512	  0.329268	
  0.292683	  0.207317	  0.195122	  0.304878	
  0.313253	  0.240964	  0.180723	  0.265060	
  0.289157	  0.192771	  0.265060	  0.253012	
  0.280488	  0.182927	  0.317073	  0.219512	
  0.325301	  0.277108	  0.228916	  0.168675	
  0.146341	  0.268293	  0.402439	  0.182927	
  0.071429	  0.836735	  0.020408	  0.071429	
  0.713043	  0.139130	  0.034783	  0.113043	
  0.836735	  0.040816	  0.030612	  0.091837	
  0.074468	  0.010638	  0.042553	  0.872340	
  0.040404	  0.080808	  0.050505	  0.828283	
  0.451220	  0.207317	  0.207317	  0.134146	

URL http://cisbp.ccbr.utoronto.ca/TFreport.php?versionNumber=2.00&searchTF=T236617_2.00

MOTIF M06447_2.00 (SVUK_0000938201)_(Drosophila_melanogaster)_(DBD_0.72)

letter-probability matrix: alength= 4 w= 12 nsites= 1 E= 0
  0.000000	  0.125000	  0.625000	  0.250000	
  0.000000	  0.875000	  0.000000	  0.125000	
  0.000000	  0.000000	  1.000000	  0.000000	
  0.125000	  0.250000	  0.375000	  0.250000	
  0.000000	  1.000000	  0.000000	  0.000000	
  0.250000	  0.000000	  0.375000	  0.375000	
  0.000000	  0.000000	  0.625000	  0.375000	
  0.000000	  0.125000	  0.500000	  0.375000	
  0.125000	  0.500000	  0.375000	  0.000000	
  0.375000	  0.250000	  0.125000	  0.250000	
  0.375000	  0.125000	  0.375000	  0.125000	
  0.000000	  0.125000	  0.125000	  0.750000	

URL http://cisbp.ccbr.utoronto.ca/TFreport.php?versionNumber=2.00&searchTF=T325937_2.00

MOTIF M08106_2.00 (SVUK_0000929401)_(Arabidopsis_thaliana)_(DBD_0.57)

letter-probability matrix: alength= 4 w= 10 nsites= 1 E= 0
  0.271537	  0.139904	  0.126809	  0.461751	
  0.244659	  0.233632	  0.399035	  0.122674	
  0.015851	  0.042729	  0.933839	  0.007581	
  0.014473	  0.947622	  0.015162	  0.022743	
  0.024121	  0.004135	  0.958649	  0.013094	
  0.004824	  0.975190	  0.012405	  0.007581	
  0.000689	  0.948312	  0.000689	  0.050310	
  0.942798	  0.006892	  0.014473	  0.035837	
  0.395589	  0.237767	  0.083391	  0.283253	
  0.368711	  0.201930	  0.230186	  0.199173	

URL http://cisbp.ccbr.utoronto.ca/TFreport.php?versionNumber=2.00&searchTF=T174407_2.00

MOTIF M08108_2.00 (SVUK_0000160801)_(Homo_sapiens)_(DBD_0.73)

letter-probability matrix: alength= 4 w= 11 nsites= 1 E= 0
  0.204783	  0.244644	  0.387145	  0.163428	
  0.131041	  0.340807	  0.468361	  0.059791	
  0.023916	  0.035376	  0.927753	  0.012955	
  0.013951	  0.939711	  0.010962	  0.035376	
  0.006976	  0.026906	  0.962631	  0.003488	
  0.017937	  0.039860	  0.929248	  0.012955	
  0.013453	  0.015944	  0.956153	  0.014449	
  0.924265	  0.011958	  0.048829	  0.014948	
  0.819631	  0.084704	  0.068261	  0.027404	
  0.231689	  0.322372	  0.322870	  0.123069	
  0.189836	  0.300947	  0.322870	  0.186348	

URL http://cisbp.ccbr.utoronto.ca/TFreport.php?versionNumber=2.00&searchTF=T174405_2.00

MOTIF M08110_2.00 (SVUK_0000265501)_(Caenorhabditis_elegans)_(DBD_0.79)

letter-probability matrix: alength= 4 w= 15 nsites= 1 E= 0
  0.300091	  0.334542	  0.087942	  0.277425	
  0.266999	  0.177244	  0.367634	  0.188123	
  0.262919	  0.362194	  0.075249	  0.299637	
  0.159565	  0.142339	  0.396646	  0.301451	
  0.041704	  0.521306	  0.404805	  0.032185	
  0.027652	  0.009973	  0.962375	  0.000000	
  0.004986	  0.993654	  0.001360	  0.000000	
  0.000000	  0.000000	  1.000000	  0.000000	
  0.000000	  0.561650	  0.438350	  0.000000	
  0.060290	  0.284678	  0.655032	  0.000000	
  0.950136	  0.024932	  0.008160	  0.016772	
  0.911605	  0.011786	  0.070716	  0.005893	
  0.645512	  0.062103	  0.080236	  0.212149	
  0.315503	  0.097008	  0.077516	  0.509973	
  0.144606	  0.176337	  0.159565	  0.519492	

URL http://cisbp.ccbr.utoronto.ca/TFreport.php?versionNumber=2.00&searchTF=T174406_2.00

MOTIF M08159_2.00 (SVUK_0001112701)_(Caenorhabditis_elegans)_(DBD_0.76)

letter-probability matrix: alength= 4 w= 15 nsites= 1 E= 0
  0.141026	  0.128205	  0.724359	  0.006410	
  0.455128	  0.000000	  0.083333	  0.461538	
  0.211538	  0.000000	  0.788462	  0.000000	
  0.147436	  0.333333	  0.038462	  0.480769	
  0.000000	  0.000000	  1.000000	  0.000000	
  0.000000	  0.333333	  0.000000	  0.666667	
  0.000000	  0.000000	  1.000000	  0.000000	
  0.096154	  0.160256	  0.089744	  0.653846	
  0.000000	  0.128205	  0.621795	  0.250000	
  0.006410	  0.000000	  0.000000	  0.993590	
  0.000000	  0.006410	  0.987179	  0.006410	
  0.000000	  0.506410	  0.102564	  0.391026	
  0.205128	  0.000000	  0.538462	  0.256410	
  0.108974	  0.128205	  0.179487	  0.583333	
  0.108974	  0.275641	  0.358974	  0.256410	

URL http://cisbp.ccbr.utoronto.ca/TFreport.php?versionNumber=2.00&searchTF=T310701_2.00

MOTIF M08160_2.00 (SVUK_0001011501)_(Homo_sapiens)_(DBD_0.81)

letter-probability matrix: alength= 4 w= 12 nsites= 1 E= 0
