MEME version 5.5.8 (Fri May 2 15:43:49 2025 -0700)

ALPHABET= ACGT

strands: + -

Background letter frequencies (from uniform background):
A 0.25000 C 0.25000 G 0.25000 T 0.25000 

MOTIF M01567_2.00 (TTHERM_00575350)_(Saccharomyces_cerevisiae)_(DBD_0.73)

letter-probability matrix: alength= 4 w= 7 nsites= 1 E= 0
  0.315311	  0.189343	  0.207174	  0.288172	
  0.345705	  0.141966	  0.211788	  0.300541	
  0.271982	  0.110580	  0.155359	  0.462079	
  0.583542	  0.000869	  0.110954	  0.304636	
  0.219565	  0.006434	  0.188981	  0.585020	
  0.934996	  0.000354	  0.051964	  0.012687	
  0.422777	  0.000471	  0.095282	  0.481470	

URL http://cisbp.ccbr.utoronto.ca/TFreport.php?versionNumber=2.00&searchTF=T342979_2.00

MOTIF M01666_2.00 TTHERM_00243900

letter-probability matrix: alength= 4 w= 9 nsites= 1 E= 0
  0.220816	  0.216443	  0.205887	  0.356854	
  0.323660	  0.102483	  0.136961	  0.436896	
  0.488148	  0.096604	  0.210738	  0.204510	
  0.868647	  0.016894	  0.026494	  0.087965	
  0.039374	  0.047613	  0.038983	  0.874030	
  0.071157	  0.193426	  0.067013	  0.668404	
  0.657085	  0.083748	  0.136703	  0.122464	
  0.535441	  0.169540	  0.153406	  0.141612	
  0.307368	  0.203985	  0.251651	  0.236996	

URL http://cisbp.ccbr.utoronto.ca/TFreport.php?versionNumber=2.00&searchTF=T015748_2.00

MOTIF M01965_2.00 (TTHERM_01099150)_(Paramecium_tetraurelia)_(DBD_0.80)

letter-probability matrix: alength= 4 w= 9 nsites= 1 E= 0
  0.293583	  0.156360	  0.208963	  0.341094	
  0.174137	  0.132933	  0.273102	  0.419828	
  0.122080	  0.240971	  0.552624	  0.084325	
  0.019346	  0.115870	  0.864773	  0.000012	
  0.000133	  0.985790	  0.000015	  0.014062	
  0.000867	  0.000013	  0.999041	  0.000079	
  0.012336	  0.647113	  0.331134	  0.009417	
  0.016731	  0.280692	  0.532328	  0.170249	
  0.129939	  0.363967	  0.239143	  0.266951	

URL http://cisbp.ccbr.utoronto.ca/TFreport.php?versionNumber=2.00&searchTF=T173567_2.00

MOTIF M02176_2.00 TTHERM_00441860

letter-probability matrix: alength= 4 w= 10 nsites= 1 E= 0
  0.253727	  0.251573	  0.220499	  0.274201	
  0.243359	  0.219423	  0.198692	  0.338526	
  0.222237	  0.134064	  0.140031	  0.503668	
  0.243919	  0.093726	  0.140165	  0.522190	
  0.095479	  0.540459	  0.128479	  0.235583	
  0.235583	  0.128479	  0.540459	  0.095479	
  0.522190	  0.140165	  0.093726	  0.243919	
  0.503668	  0.140031	  0.134064	  0.222237	
  0.338526	  0.198692	  0.219423	  0.243359	
  0.274201	  0.220499	  0.251573	  0.253727	

URL http://cisbp.ccbr.utoronto.ca/TFreport.php?versionNumber=2.00&searchTF=T224410_2.00

MOTIF M02249_2.00 (TTHERM_00571940)_(Neurospora_crassa)_(DBD_0.45)

letter-probability matrix: alength= 4 w= 10 nsites= 1 E= 0
  0.283600	  0.227595	  0.232192	  0.256612	
  0.230392	  0.212679	  0.304839	  0.252089	
  0.293438	  0.240247	  0.235489	  0.230826	
  0.116548	  0.031134	  0.065255	  0.787062	
  0.076460	  0.000184	  0.028411	  0.894946	
  0.057969	  0.862560	  0.029076	  0.050396	
  0.020561	  0.408869	  0.193136	  0.377434	
  0.547873	  0.105219	  0.207689	  0.139218	
  0.169023	  0.290044	  0.145479	  0.395454	
  0.259381	  0.227762	  0.298359	  0.214498	

URL http://cisbp.ccbr.utoronto.ca/TFreport.php?versionNumber=2.00&searchTF=T242395_2.00

MOTIF M02335_2.00 TTHERM_00202940

letter-probability matrix: alength= 4 w= 9 nsites= 1 E= 0
  0.198765	  0.279254	  0.321219	  0.200762	
  0.170040	  0.426680	  0.195593	  0.207687	
  0.288896	  0.053307	  0.636553	  0.021244	
  0.220815	  0.058401	  0.289260	  0.431525	
  0.965747	  0.002000	  0.026653	  0.005601	
  0.001641	  0.088681	  0.033955	  0.875723	
  0.000052	  0.999462	  0.000051	  0.000435	
  0.094176	  0.480665	  0.069073	  0.356085	
  0.261953	  0.162092	  0.218802	  0.357153	

URL http://cisbp.ccbr.utoronto.ca/TFreport.php?versionNumber=2.00&searchTF=T281685_2.00

MOTIF M02525_2.00 (TTHERM_01049280)_(Brachypodium_distachyon)_(DBD_0.63)

letter-probability matrix: alength= 4 w= 10 nsites= 1 E= 0
  0.293063	  0.270264	  0.198080	  0.238592	
  0.457419	  0.143313	  0.276857	  0.122411	
  0.061314	  0.124657	  0.058139	  0.755890	
  0.106775	  0.160207	  0.133014	  0.600005	
  0.056248	  0.329219	  0.105540	  0.508994	
  0.508994	  0.105540	  0.329219	  0.056248	
  0.600005	  0.133014	  0.160207	  0.106775	
  0.755890	  0.058139	  0.124657	  0.061314	
  0.122411	  0.276857	  0.143313	  0.457419	
  0.238592	  0.198080	  0.270264	  0.293063	

URL http://cisbp.ccbr.utoronto.ca/TFreport.php?versionNumber=2.00&searchTF=T345878_2.00

MOTIF M02530_2.00 (TTHERM_00600840)_(Paramecium_tetraurelia)_(DBD_0.62)

letter-probability matrix: alength= 4 w= 8 nsites= 1 E= 0
  0.209734	  0.222703	  0.218294	  0.349269	
  0.170043	  0.218340	  0.209778	  0.401839	
  0.118837	  0.418950	  0.132655	  0.329558	
  0.653952	  0.029460	  0.279509	  0.037078	
  0.809150	  0.031062	  0.060702	  0.099086	
  0.707012	  0.055205	  0.089215	  0.148569	
  0.266361	  0.231563	  0.084340	  0.417737	
  0.255167	  0.240308	  0.211013	  0.293512	

URL http://cisbp.ccbr.utoronto.ca/TFreport.php?versionNumber=2.00&searchTF=T345873_2.00

MOTIF M02532_2.00 (TTHERM_00723590)_(Cannabis_sativa)_(DBD_0.59)

letter-probability matrix: alength= 4 w= 13 nsites= 1 E= 0
  0.217767	  0.217767	  0.217767	  0.346698	
  0.261094	  0.175965	  0.175965	  0.386975	
  0.142765	  0.142765	  0.142765	  0.571704	
  0.095904	  0.181194	  0.095904	  0.626998	
  0.478285	  0.131754	  0.127056	  0.262905	
  0.917648	  0.082170	  0.000091	  0.000091	
  0.999727	  0.000091	  0.000091	  0.000091	
  0.999727	  0.000091	  0.000091	  0.000091	
  0.114403	  0.032324	  0.032324	  0.820950	
  0.074126	  0.074126	  0.074126	  0.777623	
  0.107326	  0.107326	  0.107326	  0.678023	
  0.243960	  0.243960	  0.240964	  0.271117	
  0.205114	  0.205114	  0.294886	  0.294886	

URL http://cisbp.ccbr.utoronto.ca/TFreport.php?versionNumber=2.00&searchTF=T345874_2.00

MOTIF M02533_2.00 (TTHERM_00466120)_(Ostreococcus_tauri)_(DBD_0.66)

letter-probability matrix: alength= 4 w= 9 nsites= 1 E= 0
  0.271308	  0.265936	  0.240628	  0.222128	
  0.288149	  0.231245	  0.271368	  0.209239	
  0.224414	  0.180096	  0.250508	  0.344982	
  0.163222	  0.233951	  0.201364	  0.401462	
  0.190314	  0.371918	  0.175682	  0.262086	
  0.430856	  0.117422	  0.378333	  0.073389	
  0.461800	  0.159993	  0.089580	  0.288626	
  0.502170	  0.131491	  0.234848	  0.131491	
  0.240171	  0.279039	  0.181518	  0.299272	

URL http://cisbp.ccbr.utoronto.ca/TFreport.php?versionNumber=2.00&searchTF=T345871_2.00

MOTIF M02960_2.00 (TTHERM_00721610)_(Homo_sapiens)_(DBD_0.56)

letter-probability matrix: alength= 4 w= 14 nsites= 1 E= 0
  0.323009	  0.002212	  0.002212	  0.672566	
  0.047566	  0.000000	  0.002212	  0.950221	
  0.006383	  0.003191	  0.001064	  0.989362	
  0.005453	  0.000000	  0.000000	  0.994547	
  0.001005	  0.017085	  0.981910	  0.000000	
  0.000000	  0.000000	  1.000000	  0.000000	
  0.000000	  0.996994	  0.001002	  0.002004	
  0.000000	  0.000000	  1.000000	  0.000000	
  0.000000	  0.010299	  0.989701	  0.000000	
  0.000000	  0.002079	  0.997921	  0.000000	
  0.998956	  0.000000	  0.001044	  0.000000	
  0.996894	  0.000000	  0.003106	  0.000000	
  0.933962	  0.018868	  0.007338	  0.039832	
  0.547958	  0.172840	  0.068376	  0.210826	

URL http://cisbp.ccbr.utoronto.ca/TFreport.php?versionNumber=2.00&searchTF=T173565_2.00

MOTIF M07295_2.00 (TTHERM_00766460)_(Arabidopsis_thaliana)_(DBD_0.69)

letter-probability matrix: alength= 4 w= 15 nsites= 1 E= 0
  0.262982	  0.020101	  0.031826	  0.685091	
  0.241206	  0.033501	  0.013400	  0.711893	
  0.396985	  0.187605	  0.026801	  0.388610	
  0.609715	  0.082077	  0.075377	  0.232831	
  0.775544	  0.108878	  0.030151	  0.085427	
  0.936349	  0.000000	  0.050251	  0.013400	
  0.562814	  0.021776	  0.160804	  0.254606	
  0.820770	  0.000000	  0.026801	  0.152429	
  0.000000	  0.000000	  0.000000	  1.000000	
  0.000000	  0.000000	  0.000000	  1.000000	
  0.000000	  0.324958	  0.000000	  0.675042	
  0.862647	  0.000000	  0.137353	  0.000000	
  0.857621	  0.142379	  0.000000	  0.000000	
  1.000000	  0.000000	  0.000000	  0.000000	
  0.549414	  0.055276	  0.000000	  0.395310	

URL http://cisbp.ccbr.utoronto.ca/TFreport.php?versionNumber=2.00&searchTF=T345875_2.00

MOTIF M07297_2.00 (TTHERM_01049270)_(Arabidopsis_thaliana)_(DBD_0.65)

letter-probability matrix: alength= 4 w= 15 nsites= 1 E= 0
  0.518334	  0.095000	  0.193333	  0.193333	
  0.581666	  0.001667	  0.100000	  0.316667	
  0.000000	  0.000000	  0.000000	  1.000000	
  0.000000	  0.000000	  0.000000	  1.000000	
  0.000000	  0.451667	  0.003333	  0.545000	
  0.650000	  0.000000	  0.350000	  0.000000	
  1.000000	  0.000000	  0.000000	  0.000000	
  0.996666	  0.000000	  0.001667	  0.001667	
  0.233333	  0.033333	  0.000000	  0.733334	
  0.055000	  0.045000	  0.016667	  0.883333	
  0.033333	  0.125000	  0.021667	  0.820000	
  0.125000	  0.298333	  0.256667	  0.320000	
  0.690000	  0.073333	  0.116667	  0.120000	
  0.801667	  0.010000	  0.033333	  0.155000	
  0.646667	  0.038333	  0.088333	  0.226667	

URL http://cisbp.ccbr.utoronto.ca/TFreport.php?versionNumber=2.00&searchTF=T345877_2.00

MOTIF M08108_2.00 (TTHERM_00016400)_(Homo_sapiens)_(DBD_0.54)

letter-probability matrix: alength= 4 w= 11 nsites= 1 E= 0
  0.204783	  0.244644	  0.387145	  0.163428	
  0.131041	  0.340807	  0.468361	  0.059791	
  0.023916	  0.035376	  0.927753	  0.012955	
  0.013951	  0.939711	  0.010962	  0.035376	
  0.006976	  0.026906	  0.962631	  0.003488	
  0.017937	  0.039860	  0.929248	  0.012955	
  0.013453	  0.015944	  0.956153	  0.014449	
  0.924265	  0.011958	  0.048829	  0.014948	
  0.819631	  0.084704	  0.068261	  0.027404	
  0.231689	  0.322372	  0.322870	  0.123069	
  0.189836	  0.300947	  0.322870	  0.186348	

URL http://cisbp.ccbr.utoronto.ca/TFreport.php?versionNumber=2.00&searchTF=T173561_2.00

