MEME version 5.5.8 (Fri May 2 15:43:49 2025 -0700)

ALPHABET= ACGT

strands: + -

Background letter frequencies (from uniform background):
A 0.25000 C 0.25000 G 0.25000 T 0.25000 

MOTIF M00473_2.00 (AMSG_08218)_(Mus_musculus)_(DBD_0.39)

letter-probability matrix: alength= 4 w= 9 nsites= 1 E= 0
  0.244490	  0.160642	  0.219023	  0.375845	
  0.124284	  0.061718	  0.105908	  0.708090	
  0.123768	  0.059645	  0.037278	  0.779309	
  0.271565	  0.077805	  0.058218	  0.592412	
  0.809605	  0.019425	  0.090608	  0.080362	
  0.076476	  0.382594	  0.034708	  0.506222	
  0.250689	  0.067641	  0.381540	  0.300130	
  0.436308	  0.082134	  0.350145	  0.131413	
  0.141495	  0.242806	  0.420844	  0.194856	

URL http://cisbp.ccbr.utoronto.ca/TFreport.php?versionNumber=2.00&searchTF=T203628_2.00

MOTIF M00684_2.00 (AMSG_06825)_(Caenorhabditis_elegans)_(DBD_0.71)

letter-probability matrix: alength= 4 w= 9 nsites= 1 E= 0
  0.033608	  0.800117	  0.012613	  0.153662	
  0.338473	  0.233795	  0.124517	  0.303215	
  0.334103	  0.034517	  0.058058	  0.573322	
  0.679324	  0.064787	  0.114560	  0.141330	
  0.153309	  0.129342	  0.070278	  0.647071	
  0.690491	  0.037241	  0.035424	  0.236844	
  0.396764	  0.085059	  0.151918	  0.366259	
  0.161616	  0.019990	  0.800487	  0.017908	
  0.000020	  0.000025	  0.999712	  0.000244	

URL http://cisbp.ccbr.utoronto.ca/TFreport.php?versionNumber=2.00&searchTF=T252691_2.00

MOTIF M00982_2.00 (AMSG_08859)_(Arabidopsis_thaliana)_(DBD_0.51)

letter-probability matrix: alength= 4 w= 8 nsites= 1 E= 0
  0.250000	  0.261358	  0.204566	  0.284075	
  0.401527	  0.007950	  0.582572	  0.007950	
  0.000061	  0.000061	  0.993683	  0.006195	
  0.000061	  0.006195	  0.000061	  0.993683	
  0.006195	  0.993683	  0.000061	  0.000061	
  0.987549	  0.000061	  0.000061	  0.012328	
  0.886497	  0.000067	  0.100040	  0.013396	
  0.280691	  0.377148	  0.149158	  0.193002	

URL http://cisbp.ccbr.utoronto.ca/TFreport.php?versionNumber=2.00&searchTF=T351833_2.00

MOTIF M01567_2.00 (AMSG_02980)_(Saccharomyces_cerevisiae)_(DBD_0.81)

letter-probability matrix: alength= 4 w= 7 nsites= 1 E= 0
  0.315311	  0.189343	  0.207174	  0.288172	
  0.345705	  0.141966	  0.211788	  0.300541	
  0.271982	  0.110580	  0.155359	  0.462079	
  0.583542	  0.000869	  0.110954	  0.304636	
  0.219565	  0.006434	  0.188981	  0.585020	
  0.934996	  0.000354	  0.051964	  0.012687	
  0.422777	  0.000471	  0.095282	  0.481470	

URL http://cisbp.ccbr.utoronto.ca/TFreport.php?versionNumber=2.00&searchTF=T342069_2.00

MOTIF M02525_2.00 (AMSG_11910)_(Brachypodium_distachyon)_(DBD_0.40)

letter-probability matrix: alength= 4 w= 10 nsites= 1 E= 0
  0.293063	  0.270264	  0.198080	  0.238592	
  0.457419	  0.143313	  0.276857	  0.122411	
  0.061314	  0.124657	  0.058139	  0.755890	
  0.106775	  0.160207	  0.133014	  0.600005	
  0.056248	  0.329219	  0.105540	  0.508994	
  0.508994	  0.105540	  0.329219	  0.056248	
  0.600005	  0.133014	  0.160207	  0.106775	
  0.755890	  0.058139	  0.124657	  0.061314	
  0.122411	  0.276857	  0.143313	  0.457419	
  0.238592	  0.198080	  0.270264	  0.293063	

URL http://cisbp.ccbr.utoronto.ca/TFreport.php?versionNumber=2.00&searchTF=T345145_2.00

MOTIF M03093_2.00 (AMSG_02417)_(Homo_sapiens)_(DBD_0.44)

letter-probability matrix: alength= 4 w= 8 nsites= 1 E= 0
  0.260433	  0.008374	  0.249546	  0.481647	
  0.056207	  0.046295	  0.031428	  0.866070	
  0.000000	  0.000837	  0.999163	  0.000000	
  0.931366	  0.002600	  0.059145	  0.006889	
  0.007176	  0.970079	  0.001083	  0.021663	
  0.920241	  0.001027	  0.060108	  0.018623	
  0.131640	  0.147141	  0.558109	  0.163110	
  0.133985	  0.326867	  0.403070	  0.136078	

URL http://cisbp.ccbr.utoronto.ca/TFreport.php?versionNumber=2.00&searchTF=T203625_2.00

MOTIF M03325_2.00 (AMSG_04341)_(Homo_sapiens)_(DBD_0.53)

letter-probability matrix: alength= 4 w= 13 nsites= 1 E= 0
  0.020328	  0.009544	  0.960775	  0.009353	
  0.949448	  0.012827	  0.007545	  0.030180	
  0.835297	  0.031862	  0.023565	  0.109276	
  0.190722	  0.330287	  0.220522	  0.258468	
  0.282209	  0.216946	  0.366147	  0.134698	
  0.132278	  0.029511	  0.033109	  0.805102	
  0.071022	  0.004158	  0.070598	  0.854221	
  0.000793	  0.997721	  0.001189	  0.000297	
  0.001746	  0.253412	  0.212253	  0.532589	
  0.568436	  0.183625	  0.244438	  0.003501	
  0.006769	  0.010733	  0.973409	  0.009089	
  0.848033	  0.082975	  0.007666	  0.061326	
  0.712607	  0.078998	  0.072627	  0.135768	

URL http://cisbp.ccbr.utoronto.ca/TFreport.php?versionNumber=2.00&searchTF=T239469_2.00

MOTIF M03874_2.00 (AMSG_00698)_(Drosophila_melanogaster)_(DBD_0.47)

letter-probability matrix: alength= 4 w= 13 nsites= 1 E= 0
  0.226232	  0.262220	  0.293991	  0.217558	
  0.076917	  0.077393	  0.018744	  0.826947	
  0.844209	  0.019297	  0.099761	  0.036733	
  0.969793	  0.009387	  0.020448	  0.000372	
  0.018890	  0.263559	  0.040305	  0.677246	
  0.084052	  0.276069	  0.284263	  0.355616	
  0.262891	  0.243675	  0.251917	  0.241518	
  0.351831	  0.282202	  0.286371	  0.079596	
  0.671037	  0.039733	  0.262696	  0.026534	
  0.001453	  0.013543	  0.007076	  0.977928	
  0.043298	  0.102437	  0.006661	  0.847604	
  0.829478	  0.017648	  0.072303	  0.080571	
  0.227334	  0.274535	  0.261932	  0.236199	

URL http://cisbp.ccbr.utoronto.ca/TFreport.php?versionNumber=2.00&searchTF=T203624_2.00

MOTIF M06945_2.00 (AMSG_01638)_(Arabidopsis_thaliana)_(DBD_0.52)

letter-probability matrix: alength= 4 w= 14 nsites= 1 E= 0
  0.661565	  0.045918	  0.246599	  0.045918	
  0.006803	  0.000000	  0.991496	  0.001701	
  0.972789	  0.003401	  0.006803	  0.017007	
  0.906462	  0.006803	  0.034014	  0.052721	
  0.154762	  0.204082	  0.513605	  0.127551	
  0.210884	  0.374150	  0.209184	  0.205782	
  0.105442	  0.030612	  0.013605	  0.850341	
  0.028912	  0.000000	  0.005102	  0.965986	
  0.000000	  0.994898	  0.005102	  0.000000	
  0.013605	  0.134354	  0.039116	  0.812925	
  0.770408	  0.032313	  0.195578	  0.001701	
  0.003401	  0.000000	  0.996599	  0.000000	
  0.971089	  0.003401	  0.017007	  0.008503	
  0.819727	  0.023810	  0.059524	  0.096939	

URL http://cisbp.ccbr.utoronto.ca/TFreport.php?versionNumber=2.00&searchTF=T239465_2.00

MOTIF M06948_2.00 (AMSG_05141)_(Arabidopsis_thaliana)_(DBD_0.43)

letter-probability matrix: alength= 4 w= 12 nsites= 1 E= 0
  0.001667	  0.000000	  0.996666	  0.001667	
  0.966667	  0.003333	  0.011667	  0.018333	
  0.896667	  0.008333	  0.033333	  0.061667	
  0.158333	  0.150000	  0.553334	  0.138333	
  0.223333	  0.406667	  0.233333	  0.136667	
  0.161667	  0.046667	  0.048333	  0.743333	
  0.040000	  0.003333	  0.021667	  0.935000	
  0.000000	  0.990000	  0.010000	  0.000000	
  0.030000	  0.191667	  0.065000	  0.713333	
  0.713333	  0.073333	  0.186667	  0.026667	
  0.001667	  0.003333	  0.993333	  0.001667	
  0.911667	  0.030000	  0.028333	  0.030000	

URL http://cisbp.ccbr.utoronto.ca/TFreport.php?versionNumber=2.00&searchTF=T239470_2.00

MOTIF M07977_2.00 (AMSG_10544)_(Homo_sapiens)_(DBD_0.50)

letter-probability matrix: alength= 4 w= 18 nsites= 1 E= 0
  0.142132	  0.055838	  0.796954	  0.005076	
  0.162437	  0.055838	  0.172589	  0.609136	
  0.010152	  0.802031	  0.005076	  0.182741	
  0.005076	  0.598985	  0.390863	  0.005076	
  0.106599	  0.538071	  0.055838	  0.299492	
  0.030457	  0.086294	  0.766498	  0.116751	
  0.106599	  0.000000	  0.873096	  0.020305	
  0.000000	  0.005076	  0.994924	  0.000000	
  0.055838	  0.000000	  0.005076	  0.939086	
  0.000000	  0.000000	  0.000000	  1.000000	
  0.000000	  0.989848	  0.000000	  0.010152	
  0.299492	  0.000000	  0.700508	  0.000000	
  1.000000	  0.000000	  0.000000	  0.000000	
  0.426396	  0.055838	  0.203046	  0.314721	
  0.091371	  0.279188	  0.010152	  0.619289	
  0.000000	  0.994924	  0.000000	  0.005076	
  0.020305	  0.868020	  0.005076	  0.106599	
  0.071066	  0.771573	  0.126904	  0.030457	

URL http://cisbp.ccbr.utoronto.ca/TFreport.php?versionNumber=2.00&searchTF=T239473_2.00

MOTIF M08108_2.00 (AMSG_04730)_(Homo_sapiens)_(DBD_0.71)

letter-probability matrix: alength= 4 w= 11 nsites= 1 E= 0
  0.204783	  0.244644	  0.387145	  0.163428	
  0.131041	  0.340807	  0.468361	  0.059791	
  0.023916	  0.035376	  0.927753	  0.012955	
  0.013951	  0.939711	  0.010962	  0.035376	
  0.006976	  0.026906	  0.962631	  0.003488	
  0.017937	  0.039860	  0.929248	  0.012955	
  0.013453	  0.015944	  0.956153	  0.014449	
  0.924265	  0.011958	  0.048829	  0.014948	
  0.819631	  0.084704	  0.068261	  0.027404	
  0.231689	  0.322372	  0.322870	  0.123069	
  0.189836	  0.300947	  0.322870	  0.186348	

URL http://cisbp.ccbr.utoronto.ca/TFreport.php?versionNumber=2.00&searchTF=T172223_2.00

MOTIF M08196_2.00 (AMSG_11596)_(Drosophila_melanogaster)_(DBD_0.63)

letter-probability matrix: alength= 4 w= 13 nsites= 1 E= 0
  0.837210	  0.069767	  0.093023	  0.000000	
  0.930232	  0.046512	  0.000000	  0.023256	
  0.581396	  0.023256	  0.069767	  0.325581	
  0.348837	  0.069767	  0.000000	  0.581396	
  0.093023	  0.162791	  0.372093	  0.372093	
  0.116279	  0.465116	  0.418605	  0.000000	
  0.023256	  0.325581	  0.651163	  0.000000	
  0.000000	  1.000000	  0.000000	  0.000000	
  0.139535	  0.000000	  0.837209	  0.023256	
  0.000000	  0.720930	  0.255814	  0.023256	
  0.046512	  0.813953	  0.139535	  0.000000	
  0.767442	  0.139535	  0.000000	  0.093023	
  0.767442	  0.023256	  0.000000	  0.209302	

URL http://cisbp.ccbr.utoronto.ca/TFreport.php?versionNumber=2.00&searchTF=T172224_2.00

