MEME version 5.5.8 (Fri May 2 15:43:49 2025 -0700)

ALPHABET= ACGT

strands: + -

Background letter frequencies (from uniform background):
A 0.25000 C 0.25000 G 0.25000 T 0.25000 

MOTIF M00126_2.00 (TCNE_0000802301)_(Mus_musculus)_(DBD_0.47)

letter-probability matrix: alength= 4 w= 13 nsites= 1 E= 0
  0.311331	  0.229556	  0.229556	  0.229556	
  0.263927	  0.336617	  0.247677	  0.151778	
  0.046512	  0.046512	  0.860463	  0.046512	
  0.020238	  0.020238	  0.020238	  0.939286	
  0.020238	  0.939286	  0.020238	  0.020238	
  0.919257	  0.000209	  0.000209	  0.080326	
  0.000209	  0.000209	  0.999374	  0.000209	
  0.000209	  0.999374	  0.000209	  0.000209	
  0.938043	  0.020652	  0.020652	  0.020652	
  0.403239	  0.220542	  0.175901	  0.200318	
  0.203696	  0.203696	  0.203696	  0.388911	
  0.229971	  0.229971	  0.229971	  0.310088	
  0.229971	  0.229971	  0.229971	  0.310088	

URL http://cisbp.ccbr.utoronto.ca/TFreport.php?versionNumber=2.00&searchTF=T075367_2.00

MOTIF M00132_2.00 (TCNE_0000229401)_(Mus_musculus)_(DBD_0.84)

letter-probability matrix: alength= 4 w= 10 nsites= 1 E= 0
  0.262806	  0.184650	  0.201449	  0.351094	
  0.173312	  0.116217	  0.675756	  0.034714	
  0.013374	  0.942389	  0.000000	  0.044236	
  0.036161	  0.104554	  0.000001	  0.859283	
  0.677114	  0.090710	  0.028198	  0.203978	
  0.000004	  0.993136	  0.000189	  0.006671	
  0.000396	  0.513153	  0.000004	  0.486448	
  0.098002	  0.069838	  0.668656	  0.163505	
  0.203489	  0.147552	  0.205154	  0.443805	
  0.201232	  0.181878	  0.195525	  0.421366	

URL http://cisbp.ccbr.utoronto.ca/TFreport.php?versionNumber=2.00&searchTF=T157765_2.00

MOTIF M00159_2.00 (TCNE_0000935601)_(Mus_musculus)_(DBD_0.64)

letter-probability matrix: alength= 4 w= 10 nsites= 1 E= 0
  0.401213	  0.134894	  0.189519	  0.274374	
  0.288005	  0.299758	  0.235798	  0.176439	
  0.207310	  0.504826	  0.205247	  0.082617	
  0.276376	  0.615087	  0.084925	  0.023612	
  0.001256	  0.018138	  0.980434	  0.000172	
  0.005077	  0.055966	  0.893136	  0.045821	
  0.810468	  0.028435	  0.076525	  0.084573	
  0.293995	  0.181919	  0.067597	  0.456488	
  0.285185	  0.231166	  0.308937	  0.174712	
  0.171414	  0.277017	  0.125723	  0.425847	

URL http://cisbp.ccbr.utoronto.ca/TFreport.php?versionNumber=2.00&searchTF=T178862_2.00

MOTIF M00204_2.00 (TCNE_0000695401)_(Mus_musculus)_(DBD_0.60)

letter-probability matrix: alength= 4 w= 8 nsites= 1 E= 0
  0.304046	  0.207925	  0.241575	  0.246455	
  0.316486	  0.182597	  0.261721	  0.239195	
  0.347135	  0.194360	  0.225814	  0.232691	
  0.595861	  0.072967	  0.063434	  0.267738	
  0.078431	  0.503822	  0.228657	  0.189090	
  0.883669	  0.025383	  0.000562	  0.090385	
  0.902298	  0.031975	  0.054869	  0.010858	
  0.182652	  0.063281	  0.042418	  0.711648	

URL http://cisbp.ccbr.utoronto.ca/TFreport.php?versionNumber=2.00&searchTF=T337151_2.00

MOTIF M00287_2.00 (TCNE_0001679801)_(Homo_sapiens)_(DBD_0.86)

letter-probability matrix: alength= 4 w= 10 nsites= 1 E= 0
  0.276533	  0.274138	  0.272562	  0.176767	
  0.096569	  0.200738	  0.096569	  0.606124	
  0.000039	  0.000039	  0.000039	  0.999883	
  0.999883	  0.000039	  0.000039	  0.000039	
  0.999883	  0.000039	  0.000039	  0.000039	
  0.000039	  0.000039	  0.000039	  0.999883	
  0.000039	  0.000039	  0.000039	  0.999883	
  0.999883	  0.000039	  0.000039	  0.000039	
  0.187323	  0.073272	  0.666133	  0.073272	
  0.248701	  0.250739	  0.247869	  0.252690	

URL http://cisbp.ccbr.utoronto.ca/TFreport.php?versionNumber=2.00&searchTF=T236834_2.00

MOTIF M00290_2.00 (TCNE_0000700301)_(Homo_sapiens)_(DBD_0.88)

letter-probability matrix: alength= 4 w= 8 nsites= 1 E= 0
  0.157555	  0.127712	  0.069392	  0.645340	
  0.632466	  0.076679	  0.146882	  0.143973	
  0.886949	  0.005685	  0.055025	  0.052341	
  0.068959	  0.060553	  0.110335	  0.760153	
  0.143566	  0.126064	  0.153975	  0.576395	
  0.315323	  0.085080	  0.443012	  0.156585	
  0.236009	  0.260830	  0.300026	  0.203135	
  0.240835	  0.263516	  0.226810	  0.268839	

URL http://cisbp.ccbr.utoronto.ca/TFreport.php?versionNumber=2.00&searchTF=T236810_2.00

MOTIF M00330_2.00 (TCNE_0001141201)_(Homo_sapiens)_(DBD_0.67)

letter-probability matrix: alength= 4 w= 8 nsites= 1 E= 0
  0.050417	  0.165492	  0.143915	  0.640175	
  0.016355	  0.103293	  0.000054	  0.880298	
  0.854797	  0.119198	  0.005232	  0.020773	
  0.984304	  0.005232	  0.010412	  0.000052	
  0.010412	  0.020773	  0.005232	  0.963583	
  0.047915	  0.037279	  0.196820	  0.717986	
  0.736714	  0.000066	  0.250000	  0.013220	
  0.063130	  0.198217	  0.225234	  0.513419	

URL http://cisbp.ccbr.utoronto.ca/TFreport.php?versionNumber=2.00&searchTF=T236821_2.00

MOTIF M00388_2.00 (TCNE_0000695001)_(Mus_musculus)_(DBD_0.74)

letter-probability matrix: alength= 4 w= 10 nsites= 1 E= 0
  0.247073	  0.284202	  0.206373	  0.262352	
  0.149870	  0.075171	  0.040036	  0.734924	
  0.706549	  0.090958	  0.126519	  0.075974	
  0.851645	  0.008910	  0.044131	  0.095313	
  0.070692	  0.091682	  0.096383	  0.741243	
  0.120799	  0.217919	  0.226813	  0.434469	
  0.367812	  0.088905	  0.402450	  0.140833	
  0.215590	  0.296895	  0.274069	  0.213445	
  0.220651	  0.269503	  0.211999	  0.297847	
  0.238452	  0.238452	  0.243269	  0.279826	

URL http://cisbp.ccbr.utoronto.ca/TFreport.php?versionNumber=2.00&searchTF=T236809_2.00

MOTIF M00393_2.00 (TCNE_0001861101)_(Mus_musculus)_(DBD_0.90)

letter-probability matrix: alength= 4 w= 8 nsites= 1 E= 0
  0.235698	  0.265748	  0.314993	  0.183561	
  0.194613	  0.361771	  0.230676	  0.212940	
  0.142042	  0.092400	  0.025949	  0.739610	
  0.699379	  0.079059	  0.175949	  0.045613	
  0.870945	  0.043362	  0.006683	  0.079010	
  0.058490	  0.192260	  0.064641	  0.684609	
  0.137513	  0.209290	  0.328232	  0.324966	
  0.380775	  0.133247	  0.314885	  0.171093	

URL http://cisbp.ccbr.utoronto.ca/TFreport.php?versionNumber=2.00&searchTF=T236838_2.00

MOTIF M00396_2.00 (TCNE_0000960501)_(Mus_musculus)_(DBD_0.70)

letter-probability matrix: alength= 4 w= 8 nsites= 1 E= 0
  0.243137	  0.255603	  0.173058	  0.328201	
  0.180751	  0.050761	  0.028138	  0.740350	
  0.754094	  0.029830	  0.091425	  0.124651	
  0.948503	  0.020184	  0.016361	  0.014953	
  0.061921	  0.014525	  0.234126	  0.689428	
  0.144617	  0.648127	  0.069692	  0.137564	
  0.112198	  0.502838	  0.114465	  0.270499	
  0.173843	  0.301314	  0.278148	  0.246695	

URL http://cisbp.ccbr.utoronto.ca/TFreport.php?versionNumber=2.00&searchTF=T236816_2.00

MOTIF M00423_2.00 (TCNE_0001225501)_(Mus_musculus)_(DBD_0.84)

letter-probability matrix: alength= 4 w= 9 nsites= 1 E= 0
  0.304718	  0.228009	  0.194297	  0.272977	
  0.151961	  0.073967	  0.021405	  0.752667	
  0.823630	  0.052653	  0.108172	  0.015545	
  0.943177	  0.000270	  0.024761	  0.031793	
  0.083189	  0.065438	  0.100596	  0.750777	
  0.166825	  0.139344	  0.182536	  0.511295	
  0.341885	  0.086011	  0.430296	  0.141808	
  0.195606	  0.309854	  0.288906	  0.205635	
  0.223337	  0.278296	  0.225582	  0.272785	

URL http://cisbp.ccbr.utoronto.ca/TFreport.php?versionNumber=2.00&searchTF=T236823_2.00

MOTIF M00426_2.00 (TCNE_0001134701)_(Mus_musculus)_(DBD_0.88)

letter-probability matrix: alength= 4 w= 9 nsites= 1 E= 0
  0.269860	  0.244180	  0.310413	  0.175547	
  0.222956	  0.322782	  0.189991	  0.264271	
  0.095770	  0.046616	  0.010402	  0.847212	
  0.799391	  0.056478	  0.097891	  0.046240	
  0.967307	  0.000597	  0.022077	  0.010019	
  0.039713	  0.048993	  0.055795	  0.855498	
  0.112128	  0.104548	  0.131584	  0.651740	
  0.377268	  0.097803	  0.400597	  0.124332	
  0.274391	  0.207380	  0.363054	  0.155175	

URL http://cisbp.ccbr.utoronto.ca/TFreport.php?versionNumber=2.00&searchTF=T236819_2.00

MOTIF M00432_2.00 (TCNE_0000532601)_(Mus_musculus)_(DBD_0.88)

letter-probability matrix: alength= 4 w= 8 nsites= 1 E= 0
  0.233021	  0.233021	  0.237729	  0.296228	
  0.299569	  0.128040	  0.147281	  0.425109	
  0.394212	  0.088845	  0.184360	  0.332583	
  0.791037	  0.010521	  0.120704	  0.077738	
  0.125342	  0.030909	  0.107883	  0.735866	
  0.111249	  0.116952	  0.215243	  0.556556	
  0.502249	  0.069345	  0.330001	  0.098405	
  0.304872	  0.239820	  0.275859	  0.179449	

URL http://cisbp.ccbr.utoronto.ca/TFreport.php?versionNumber=2.00&searchTF=T236801_2.00

MOTIF M00442_2.00 (TCNE_0001388201)_(Mus_musculus)_(DBD_0.91)

letter-probability matrix: alength= 4 w= 10 nsites= 1 E= 0
  0.232947	  0.273366	  0.293187	  0.200499	
  0.212847	  0.340554	  0.181376	  0.265223	
  0.136717	  0.049300	  0.011335	  0.802648	
  0.797526	  0.087489	  0.088368	  0.026616	
  0.889584	  0.000658	  0.045639	  0.064120	
  0.150641	  0.058844	  0.122107	  0.668408	
  0.186789	  0.142591	  0.242253	  0.428367	
  0.315574	  0.091322	  0.456867	  0.136237	
  0.212950	  0.281760	  0.314523	  0.190768	
  0.193573	  0.288776	  0.231748	  0.285903	

URL http://cisbp.ccbr.utoronto.ca/TFreport.php?versionNumber=2.00&searchTF=T236827_2.00

MOTIF M00484_2.00 (TCNE_0001765901)_(Mus_musculus)_(DBD_0.78)

letter-probability matrix: alength= 4 w= 8 nsites= 1 E= 0
  0.260569	  0.255410	  0.285108	  0.198913	
  0.177845	  0.320830	  0.230652	  0.270673	
  0.114497	  0.403649	  0.048938	  0.432917	
  0.580843	  0.152091	  0.107177	  0.159889	
  0.790662	  0.111371	  0.053137	  0.044830	
  0.121087	  0.104221	  0.012262	  0.762430	
  0.136206	  0.248183	  0.120804	  0.494807	
  0.509367	  0.130735	  0.162905	  0.196993	

URL http://cisbp.ccbr.utoronto.ca/TFreport.php?versionNumber=2.00&searchTF=T236835_2.00

MOTIF M00495_2.00 (TCNE_0000050901)_(Mus_musculus)_(DBD_0.81)

letter-probability matrix: alength= 4 w= 9 nsites= 1 E= 0
  0.184447	  0.364076	  0.184447	  0.267030	
  0.116544	  0.046445	  0.001308	  0.835703	
  0.822965	  0.097799	  0.078485	  0.000750	
  0.891592	  0.011056	  0.021179	  0.076173	
  0.116988	  0.045699	  0.100693	  0.736620	
  0.189372	  0.123188	  0.282510	  0.404930	
  0.430266	  0.105047	  0.303203	  0.161484	
  0.227412	  0.274998	  0.297901	  0.199689	
  0.184723	  0.307617	  0.234829	  0.272832	

URL http://cisbp.ccbr.utoronto.ca/TFreport.php?versionNumber=2.00&searchTF=T236794_2.00

MOTIF M00507_2.00 (TCNE_0001267401)_(Mus_musculus)_(DBD_0.86)

letter-probability matrix: alength= 4 w= 10 nsites= 1 E= 0
  0.229800	  0.175424	  0.136621	  0.458155	
  0.205362	  0.156769	  0.068359	  0.569509	
  0.650276	  0.021486	  0.177221	  0.151018	
  0.943954	  0.016446	  0.019107	  0.020493	
  0.190493	  0.134238	  0.247057	  0.428212	
  0.082157	  0.336511	  0.015312	  0.566020	
  0.121541	  0.069425	  0.671996	  0.137037	
  0.195044	  0.268600	  0.302846	  0.233510	
  0.172739	  0.290552	  0.171020	  0.365689	
  0.204629	  0.254983	  0.219466	  0.320922	

URL http://cisbp.ccbr.utoronto.ca/TFreport.php?versionNumber=2.00&searchTF=T236824_2.00

MOTIF M00605_2.00 (TCNE_0000328801)_(Caenorhabditis_elegans)_(DBD_0.72)

letter-probability matrix: alength= 4 w= 13 nsites= 1 E= 0
  0.230644	  0.230644	  0.230644	  0.308069	
  0.230644	  0.230644	  0.308069	  0.230644	
  0.195361	  0.042431	  0.042431	  0.719777	
  0.105121	  0.022865	  0.128036	  0.743978	
  0.853680	  0.022865	  0.100590	  0.022865	
  0.000176	  0.673192	  0.000176	  0.326456	
  0.236202	  0.000176	  0.687605	  0.076018	
  0.076018	  0.420964	  0.077601	  0.425417	
  0.790056	  0.095374	  0.019532	  0.095037	
  0.780883	  0.097796	  0.019532	  0.101789	
  0.376765	  0.207745	  0.207745	  0.207745	
  0.227311	  0.227311	  0.227311	  0.318067	
  0.318067	  0.227311	  0.227311	  0.227311	

URL http://cisbp.ccbr.utoronto.ca/TFreport.php?versionNumber=2.00&searchTF=T075359_2.00

MOTIF M00609_2.00 (TCNE_0000019201)_(Caenorhabditis_elegans)_(DBD_0.84)

letter-probability matrix: alength= 4 w= 10 nsites= 1 E= 0
  0.238283	  0.141664	  0.334776	  0.285277	
  0.080386	  0.029572	  0.868567	  0.021474	
  0.948968	  0.043614	  0.000136	  0.007282	
  0.961389	  0.000100	  0.007992	  0.030520	
  0.189051	  0.024829	  0.640352	  0.145768	
  0.138328	  0.772496	  0.000088	  0.089088	
  0.124153	  0.773957	  0.025066	  0.076824	
  0.242280	  0.411618	  0.117931	  0.228171	
  0.171263	  0.217718	  0.136074	  0.474945	
  0.453981	  0.131375	  0.160462	  0.254183	

URL http://cisbp.ccbr.utoronto.ca/TFreport.php?versionNumber=2.00&searchTF=T157760_2.00

MOTIF M00615_2.00 (TCNE_0000759901)_(Caenorhabditis_elegans)_(DBD_0.91)

letter-probability matrix: alength= 4 w= 10 nsites= 1 E= 0
  0.194145	  0.371892	  0.184676	  0.249287	
  0.053905	  0.142199	  0.092502	  0.711394	
  0.999361	  0.000033	  0.000001	  0.000605	
  0.001640	  0.929810	  0.000856	  0.067693	
  0.341787	  0.499789	  0.064340	  0.094084	
  0.107662	  0.000537	  0.888023	  0.003777	
  0.051787	  0.006032	  0.010352	  0.931828	
  0.824022	  0.055935	  0.053742	  0.066300	
  0.285208	  0.226607	  0.125615	  0.362570	
  0.182831	  0.316893	  0.163787	  0.336489	

URL http://cisbp.ccbr.utoronto.ca/TFreport.php?versionNumber=2.00&searchTF=T157776_2.00

MOTIF M00622_2.00 (TCNE_0000904301)_(Caenorhabditis_elegans)_(DBD_0.96)

letter-probability matrix: alength= 4 w= 8 nsites= 1 E= 0
  0.042013	  0.915557	  0.000416	  0.042013	
  0.133489	  0.233356	  0.566245	  0.066911	
  0.000303	  0.999092	  0.000303	  0.000303	
  0.000303	  0.999092	  0.000303	  0.000303	
  0.000303	  0.968826	  0.000303	  0.030569	
  0.575363	  0.333232	  0.091102	  0.000303	
  0.000303	  0.999092	  0.000303	  0.000303	
  0.166805	  0.083611	  0.665973	  0.083611	

URL http://cisbp.ccbr.utoronto.ca/TFreport.php?versionNumber=2.00&searchTF=T157779_2.00

MOTIF M00638_2.00 (TCNE_0001118001)_(Caenorhabditis_elegans)_(DBD_0.83)

letter-probability matrix: alength= 4 w= 10 nsites= 1 E= 0
  0.210067	  0.246516	  0.190077	  0.353339	
  0.208071	  0.223158	  0.264511	  0.304260	
  0.273165	  0.099492	  0.172444	  0.454899	
  0.377830	  0.255813	  0.134888	  0.231469	
  0.223435	  0.756818	  0.000076	  0.019671	
  0.002609	  0.971445	  0.014714	  0.011232	
  0.010416	  0.002468	  0.001382	  0.985734	
  0.008187	  0.965392	  0.000305	  0.026116	
  0.575778	  0.180498	  0.152280	  0.091444	
  0.290872	  0.279467	  0.181796	  0.247865	

URL http://cisbp.ccbr.utoronto.ca/TFreport.php?versionNumber=2.00&searchTF=T157786_2.00

MOTIF M00641_2.00 (TCNE_0001279201)_(Caenorhabditis_elegans)_(DBD_0.94)

letter-probability matrix: alength= 4 w= 10 nsites= 1 E= 0
  0.423533	  0.155809	  0.281078	  0.139579	
  0.237052	  0.254240	  0.246726	  0.261983	
  0.030814	  0.031436	  0.032719	  0.905030	
  0.022675	  0.003426	  0.973874	  0.000025	
  0.814440	  0.000029	  0.035251	  0.150280	
  0.015413	  0.958364	  0.007208	  0.019015	
  0.025164	  0.968160	  0.002260	  0.004417	
  0.560196	  0.106515	  0.269963	  0.063325	
  0.199576	  0.322529	  0.241337	  0.236558	
  0.194301	  0.267577	  0.146849	  0.391273	

URL http://cisbp.ccbr.utoronto.ca/TFreport.php?versionNumber=2.00&searchTF=T157788_2.00

MOTIF M00645_2.00 (TCNE_0000622401)_(Caenorhabditis_elegans)_(DBD_0.80)

letter-probability matrix: alength= 4 w= 10 nsites= 1 E= 0
  0.213172	  0.469703	  0.172794	  0.144330	
  0.261036	  0.209486	  0.300263	  0.229215	
  0.050698	  0.930657	  0.008810	  0.009834	
  0.013592	  0.943421	  0.040428	  0.002559	
  0.042494	  0.742012	  0.017277	  0.198217	
  0.486741	  0.423152	  0.024233	  0.065873	
  0.008541	  0.958010	  0.013665	  0.019784	
  0.126714	  0.112385	  0.545624	  0.215278	
  0.084287	  0.641772	  0.074756	  0.199185	
  0.533295	  0.139641	  0.198160	  0.128905	

URL http://cisbp.ccbr.utoronto.ca/TFreport.php?versionNumber=2.00&searchTF=T157773_2.00

MOTIF M00654_2.00 (TCNE_0000373201)_(Caenorhabditis_elegans)_(DBD_0.96)

letter-probability matrix: alength= 4 w= 8 nsites= 1 E= 0
  0.397132	  0.217951	  0.185725	  0.199192	
  0.397053	  0.211467	  0.117222	  0.274258	
  0.342138	  0.117356	  0.087813	  0.452693	
  0.230192	  0.118975	  0.101384	  0.549449	
  0.113255	  0.152879	  0.200266	  0.533600	
  0.076011	  0.270664	  0.050952	  0.602373	
  0.319738	  0.110775	  0.322952	  0.246535	
  0.227337	  0.261499	  0.238992	  0.272171	

URL http://cisbp.ccbr.utoronto.ca/TFreport.php?versionNumber=2.00&searchTF=T170080_2.00

MOTIF M00655_2.00 (TCNE_0001712701)_(Caenorhabditis_elegans)_(DBD_0.64)

letter-probability matrix: alength= 4 w= 10 nsites= 1 E= 0
  0.391891	  0.169183	  0.215074	  0.223852	
  0.430488	  0.152158	  0.166487	  0.250866	
  0.501516	  0.084575	  0.127439	  0.286471	
  0.412736	  0.073172	  0.093019	  0.421073	
  0.183073	  0.063427	  0.566730	  0.186771	
  0.181980	  0.074731	  0.034257	  0.709031	
  0.221202	  0.109846	  0.227939	  0.441014	
  0.331497	  0.209269	  0.201063	  0.258170	
  0.259050	  0.332627	  0.161907	  0.246416	
  0.277178	  0.263660	  0.203295	  0.255867	

URL http://cisbp.ccbr.utoronto.ca/TFreport.php?versionNumber=2.00&searchTF=T170085_2.00

MOTIF M00664_2.00 (TCNE_0000105601)_(Caenorhabditis_elegans)_(DBD_0.73)

letter-probability matrix: alength= 4 w= 8 nsites= 1 E= 0
  0.597222	  0.001984	  0.398810	  0.001984	
  0.001656	  0.001656	  0.001656	  0.995033	
  0.995033	  0.001656	  0.001656	  0.001656	
  0.995033	  0.001656	  0.001656	  0.001656	
  0.995033	  0.001656	  0.001656	  0.001656	
  0.001656	  0.995033	  0.001656	  0.001656	
  0.995033	  0.001656	  0.001656	  0.001656	
  0.745050	  0.002475	  0.002475	  0.250000	

URL http://cisbp.ccbr.utoronto.ca/TFreport.php?versionNumber=2.00&searchTF=T191238_2.00

MOTIF M00680_2.00 (TCNE_0000883101)_(Caenorhabditis_elegans)_(DBD_0.71)

letter-probability matrix: alength= 4 w= 9 nsites= 1 E= 0
  0.255455	  0.222082	  0.321515	  0.200948	
  0.349021	  0.175061	  0.201368	  0.274550	
  0.092255	  0.046273	  0.045357	  0.816116	
  0.708869	  0.089449	  0.201073	  0.000609	
  0.886791	  0.044151	  0.047352	  0.021706	
  0.066984	  0.055393	  0.069717	  0.807907	
  0.031598	  0.271262	  0.117107	  0.580033	
  0.284321	  0.145489	  0.399456	  0.170733	
  0.234909	  0.246953	  0.333352	  0.184786	

URL http://cisbp.ccbr.utoronto.ca/TFreport.php?versionNumber=2.00&searchTF=T237901_2.00

MOTIF M00682_2.00 (TCNE_0000949901)_(Caenorhabditis_elegans)_(DBD_0.75)

letter-probability matrix: alength= 4 w= 8 nsites= 1 E= 0
  0.004902	  0.004902	  0.004902	  0.985294	
  0.004902	  0.004902	  0.004902	  0.985294	
  0.004902	  0.985294	  0.004902	  0.004902	
  0.004902	  0.495098	  0.004902	  0.495098	
  0.985294	  0.004902	  0.004902	  0.004902	
  0.004902	  0.004902	  0.985294	  0.004902	
  0.985294	  0.004902	  0.004902	  0.004902	
  0.985294	  0.004902	  0.004902	  0.004902	

URL http://cisbp.ccbr.utoronto.ca/TFreport.php?versionNumber=2.00&searchTF=T243726_2.00

MOTIF M00686_2.00 (TCNE_0001309701)_(Caenorhabditis_elegans)_(DBD_0.80)

letter-probability matrix: alength= 4 w= 8 nsites= 1 E= 0
  0.844325	  0.000767	  0.154141	  0.000767	
  0.263130	  0.105567	  0.578256	  0.053046	
  0.083611	  0.042013	  0.042013	  0.832363	
  0.000416	  0.000416	  0.998752	  0.000416	
  0.998752	  0.000416	  0.000416	  0.000416	
  0.000416	  0.000416	  0.000416	  0.998752	
  0.000416	  0.998752	  0.000416	  0.000416	
  0.998503	  0.000499	  0.000499	  0.000499	

URL http://cisbp.ccbr.utoronto.ca/TFreport.php?versionNumber=2.00&searchTF=T310798_2.00

MOTIF M00687_2.00 (TCNE_0001780601)_(Caenorhabditis_elegans)_(DBD_0.94)

letter-probability matrix: alength= 4 w= 10 nsites= 1 E= 0
  0.424708	  0.167570	  0.181526	  0.226196	
  0.394760	  0.138142	  0.230046	  0.237052	
  0.621952	  0.129394	  0.123084	  0.125570	
  0.127104	  0.096063	  0.661826	  0.115008	
  0.473338	  0.032454	  0.247104	  0.247104	
  0.178424	  0.238451	  0.102942	  0.480182	
  0.124009	  0.620395	  0.086518	  0.169077	
  0.778907	  0.000116	  0.190165	  0.030812	
  0.331200	  0.215448	  0.235738	  0.217614	
  0.270667	  0.235307	  0.206622	  0.287404	

URL http://cisbp.ccbr.utoronto.ca/TFreport.php?versionNumber=2.00&searchTF=T310806_2.00

MOTIF M00710_2.00 (TCNE_0000724501)_(Caenorhabditis_elegans)_(DBD_0.96)

letter-probability matrix: alength= 4 w= 10 nsites= 1 E= 0
  0.450923	  0.148771	  0.148771	  0.251536	
  0.298333	  0.204180	  0.289058	  0.208429	
  0.896801	  0.000144	  0.000144	  0.102910	
  0.910076	  0.089635	  0.000144	  0.000144	
  0.089635	  0.807310	  0.000144	  0.102910	
  0.999567	  0.000144	  0.000144	  0.000144	
  0.999567	  0.000144	  0.000144	  0.000144	
  0.000144	  0.000144	  0.000144	  0.999567	
  0.609680	  0.101374	  0.101374	  0.187572	
  0.240264	  0.237286	  0.371677	  0.150773	

URL http://cisbp.ccbr.utoronto.ca/TFreport.php?versionNumber=2.00&searchTF=T337152_2.00

MOTIF M00712_2.00 (TCNE_0001771701)_(Caenorhabditis_elegans)_(DBD_0.68)

letter-probability matrix: alength= 4 w= 10 nsites= 1 E= 0
  0.180597	  0.342500	  0.170080	  0.306823	
  0.160976	  0.372879	  0.157788	  0.308356	
  0.176732	  0.163144	  0.118467	  0.541657	
  0.186902	  0.088286	  0.157683	  0.567128	
  0.197962	  0.101299	  0.030207	  0.670533	
  0.236652	  0.225110	  0.457872	  0.080366	
  0.326313	  0.199908	  0.140873	  0.332905	
  0.262324	  0.221313	  0.223537	  0.292826	
  0.220694	  0.261589	  0.283376	  0.234341	
  0.203636	  0.220597	  0.222814	  0.352953	

URL http://cisbp.ccbr.utoronto.ca/TFreport.php?versionNumber=2.00&searchTF=T337158_2.00

MOTIF M00935_2.00 (TCNE_0000925601)_(Caenorhabditis_elegans)_(DBD_0.89)

letter-probability matrix: alength= 4 w= 8 nsites= 1 E= 0
  0.636364	  0.090909	  0.181818	  0.090909	
  0.000000	  1.000000	  0.000000	  0.000000	
  1.000000	  0.000000	  0.000000	  0.000000	
  0.000000	  1.000000	  0.000000	  0.000000	
  0.000000	  0.000000	  1.000000	  0.000000	
  0.000000	  0.000000	  0.000000	  1.000000	
  0.000000	  0.000000	  1.000000	  0.000000	
  0.000000	  0.250000	  0.666667	  0.083333	

URL http://cisbp.ccbr.utoronto.ca/TFreport.php?versionNumber=2.00&searchTF=T055237_2.00

MOTIF M01107_2.00 (TCNE_0001716601)_(Cannabis_sativa)_(DBD_0.69)

letter-probability matrix: alength= 4 w= 8 nsites= 1 E= 0
  0.625139	  0.014850	  0.179105	  0.180905	
  0.689816	  0.079553	  0.109555	  0.121077	
  0.660471	  0.030053	  0.068920	  0.240556	
  0.524467	  0.027726	  0.035247	  0.412560	
  0.525023	  0.031609	  0.030370	  0.412998	
  0.761535	  0.047719	  0.044493	  0.146253	
  0.590061	  0.050412	  0.042107	  0.317420	
  0.342342	  0.027821	  0.048222	  0.581615	

URL http://cisbp.ccbr.utoronto.ca/TFreport.php?versionNumber=2.00&searchTF=T018254_2.00

MOTIF M01141_2.00 (TCNE_0001734401)_(Caenorhabditis_briggsae)_(DBD_0.68)

letter-probability matrix: alength= 4 w= 10 nsites= 1 E= 0
  0.396695	  0.167866	  0.144484	  0.290955	
  0.555037	  0.047420	  0.379568	  0.017976	
  0.002357	  0.007982	  0.000117	  0.989544	
  0.003280	  0.003849	  0.990076	  0.002795	
  0.956624	  0.000420	  0.009056	  0.033900	
  0.002941	  0.779543	  0.011344	  0.206172	
  0.146554	  0.034035	  0.818434	  0.000978	
  0.022269	  0.029172	  0.011059	  0.937500	
  0.135371	  0.516987	  0.272603	  0.075040	
  0.635454	  0.133532	  0.127019	  0.103995	

URL http://cisbp.ccbr.utoronto.ca/TFreport.php?versionNumber=2.00&searchTF=T075374_2.00

MOTIF M01241_2.00 (TCNE_0001656401)_(Caenorhabditis_briggsae)_(DBD_0.95)

letter-probability matrix: alength= 4 w= 8 nsites= 1 E= 0
  0.266652	  0.200044	  0.155639	  0.377664	
  0.016280	  0.000161	  0.000161	  0.983398	
  0.999516	  0.000161	  0.000161	  0.000161	
  0.999516	  0.000161	  0.000161	  0.000161	
  0.000161	  0.000161	  0.000161	  0.999516	
  0.016547	  0.983126	  0.000164	  0.000164	
  0.055699	  0.869911	  0.000185	  0.074204	
  0.222253	  0.305494	  0.194506	  0.277747	

URL http://cisbp.ccbr.utoronto.ca/TFreport.php?versionNumber=2.00&searchTF=T236832_2.00

MOTIF M01481_2.00 (TCNE_0000920301)_(Mus_musculus)_(DBD_0.78)

letter-probability matrix: alength= 4 w= 10 nsites= 1 E= 0
  0.276546	  0.257850	  0.250229	  0.215374	
  0.410218	  0.140708	  0.306951	  0.142122	
  0.125944	  0.623803	  0.164982	  0.085271	
  0.111066	  0.862749	  0.019888	  0.006297	
  0.002234	  0.000095	  0.996033	  0.001638	
  0.002038	  0.001118	  0.994227	  0.002617	
  0.960448	  0.004746	  0.008563	  0.026243	
  0.757690	  0.043828	  0.015337	  0.183144	
  0.262154	  0.154305	  0.522660	  0.060882	
  0.128267	  0.297113	  0.103971	  0.470649	

URL http://cisbp.ccbr.utoronto.ca/TFreport.php?versionNumber=2.00&searchTF=T178861_2.00

MOTIF M01496_2.00 (TCNE_0000920101)_(Mus_musculus)_(DBD_0.55)

letter-probability matrix: alength= 4 w= 10 nsites= 1 E= 0
  0.317910	  0.196718	  0.242686	  0.242686	
  0.410724	  0.145172	  0.244184	  0.199921	
  0.176615	  0.381448	  0.240802	  0.201135	
  0.268249	  0.562233	  0.109062	  0.060456	
  0.055322	  0.002040	  0.909748	  0.032890	
  0.057867	  0.000001	  0.942131	  0.000001	
  0.950314	  0.000003	  0.014981	  0.034702	
  0.635026	  0.051607	  0.007342	  0.306025	
  0.406386	  0.099216	  0.427222	  0.067175	
  0.152880	  0.289934	  0.102479	  0.454707	

URL http://cisbp.ccbr.utoronto.ca/TFreport.php?versionNumber=2.00&searchTF=T178860_2.00

MOTIF M01667_2.00 (TCNE_0001142701)_(Caenorhabditis_elegans)_(DBD_0.98)

letter-probability matrix: alength= 4 w= 8 nsites= 1 E= 0
  0.245252	  0.271045	  0.215355	  0.268348	
  0.308320	  0.196593	  0.254968	  0.240120	
  0.941882	  0.000249	  0.000593	  0.057276	
  0.051763	  0.035046	  0.000248	  0.912942	
  0.191668	  0.309749	  0.088745	  0.409838	
  0.562171	  0.100666	  0.162683	  0.174479	
  0.502612	  0.159145	  0.175883	  0.162360	
  0.416728	  0.148775	  0.235670	  0.198827	

URL http://cisbp.ccbr.utoronto.ca/TFreport.php?versionNumber=2.00&searchTF=T016735_2.00

MOTIF M01937_2.00 (TCNE_0001921201)_(Xenopus_tropicalis)_(DBD_0.96)

letter-probability matrix: alength= 4 w= 8 nsites= 1 E= 0
  0.378267	  0.195508	  0.164943	  0.261282	
  0.375292	  0.175512	  0.126179	  0.323017	
  0.285151	  0.129414	  0.071024	  0.514410	
  0.172389	  0.072223	  0.561019	  0.194368	
  0.181021	  0.077371	  0.070712	  0.670896	
  0.389944	  0.092388	  0.168343	  0.349325	
  0.309791	  0.096149	  0.234135	  0.359926	
  0.204176	  0.411161	  0.159013	  0.225650	

URL http://cisbp.ccbr.utoronto.ca/TFreport.php?versionNumber=2.00&searchTF=T170086_2.00

MOTIF M01974_2.00 (TCNE_0000959301)_(Caenorhabditis_briggsae)_(DBD_0.87)

letter-probability matrix: alength= 4 w= 8 nsites= 1 E= 0
  0.416389	  0.000416	  0.541181	  0.042013	
  0.028824	  0.000285	  0.000285	  0.970605	
  0.827911	  0.171518	  0.000285	  0.000285	
  0.942066	  0.000285	  0.000285	  0.057363	
  0.999144	  0.000285	  0.000285	  0.000285	
  0.057363	  0.913527	  0.000285	  0.028824	
  0.999144	  0.000285	  0.000285	  0.000285	
  0.434462	  0.217448	  0.130642	  0.217448	

URL http://cisbp.ccbr.utoronto.ca/TFreport.php?versionNumber=2.00&searchTF=T191243_2.00

MOTIF M02063_2.00 (TCNE_0000925001)_(Caenorhabditis_briggsae)_(DBD_0.72)

letter-probability matrix: alength= 4 w= 10 nsites= 1 E= 0
  0.330280	  0.199405	  0.296478	  0.173837	
  0.114209	  0.405276	  0.146145	  0.334369	
  0.062734	  0.137669	  0.012934	  0.786663	
  0.817358	  0.053481	  0.066346	  0.062816	
  0.959931	  0.011930	  0.016005	  0.012134	
  0.012134	  0.016005	  0.011930	  0.959931	
  0.062816	  0.066346	  0.053481	  0.817358	
  0.786663	  0.012934	  0.137669	  0.062734	
  0.334369	  0.146145	  0.405276	  0.114209	
  0.173837	  0.296478	  0.199405	  0.330280	

URL http://cisbp.ccbr.utoronto.ca/TFreport.php?versionNumber=2.00&searchTF=T236813_2.00

MOTIF M02087_2.00 (TCNE_0000610501)_(Homo_sapiens)_(DBD_0.79)

letter-probability matrix: alength= 4 w= 10 nsites= 1 E= 0
  0.282120	  0.189111	  0.191011	  0.337759	
  0.048567	  0.293812	  0.035621	  0.622000	
  0.679396	  0.029114	  0.290384	  0.001107	
  0.556725	  0.084951	  0.138666	  0.219658	
  0.290498	  0.156272	  0.153177	  0.400053	
  0.222887	  0.212017	  0.248804	  0.316292	
  0.284099	  0.198209	  0.340129	  0.177563	
  0.221959	  0.276578	  0.302625	  0.198838	
  0.216114	  0.261336	  0.224934	  0.297617	
  0.239894	  0.252194	  0.214905	  0.293007	

URL http://cisbp.ccbr.utoronto.ca/TFreport.php?versionNumber=2.00&searchTF=T236803_2.00

MOTIF M02120_2.00 (TCNE_0000687901)_(Drosophila_melanogaster)_(DBD_0.79)

letter-probability matrix: alength= 4 w= 8 nsites= 1 E= 0
  0.207448	  0.325343	  0.141866	  0.325343	
  0.070500	  0.046787	  0.081909	  0.800803	
  0.823901	  0.041432	  0.064978	  0.069690	
  0.800902	  0.045410	  0.085263	  0.068425	
  0.078337	  0.041722	  0.098595	  0.781347	
  0.084961	  0.693803	  0.089317	  0.131919	
  0.101356	  0.577459	  0.132772	  0.188413	
  0.148880	  0.348326	  0.299807	  0.202987	

URL http://cisbp.ccbr.utoronto.ca/TFreport.php?versionNumber=2.00&searchTF=T236807_2.00

MOTIF M02180_2.00 (TCNE_0001025801)_(Caenorhabditis_elegans)_(DBD_0.82)

letter-probability matrix: alength= 4 w= 9 nsites= 1 E= 0
  0.141463	  0.262970	  0.153245	  0.442322	
  0.140870	  0.062667	  0.055581	  0.740881	
  0.653699	  0.052596	  0.071711	  0.221993	
  0.923705	  0.035460	  0.039189	  0.001646	
  0.158548	  0.118636	  0.073410	  0.649406	
  0.341859	  0.096005	  0.176690	  0.385445	
  0.185952	  0.067053	  0.623587	  0.123407	
  0.170282	  0.272449	  0.298107	  0.259162	
  0.152968	  0.314262	  0.202396	  0.330374	

URL http://cisbp.ccbr.utoronto.ca/TFreport.php?versionNumber=2.00&searchTF=T236817_2.00

MOTIF M02181_2.00 (TCNE_0001397801)_(Caenorhabditis_elegans)_(DBD_0.88)

letter-probability matrix: alength= 4 w= 9 nsites= 1 E= 0
  0.254632	  0.175883	  0.145448	  0.424037	
  0.142356	  0.323220	  0.198013	  0.336411	
  0.548573	  0.056110	  0.295102	  0.100215	
  0.843985	  0.010785	  0.015152	  0.130078	
  0.093756	  0.069456	  0.658981	  0.177806	
  0.242854	  0.064229	  0.135974	  0.556942	
  0.319548	  0.055529	  0.506187	  0.118736	
  0.129420	  0.285164	  0.344834	  0.240582	
  0.215414	  0.271120	  0.219766	  0.293701	

URL http://cisbp.ccbr.utoronto.ca/TFreport.php?versionNumber=2.00&searchTF=T236829_2.00

MOTIF M02182_2.00 (TCNE_0001826301)_(Caenorhabditis_elegans)_(DBD_0.88)

letter-probability matrix: alength= 4 w= 9 nsites= 1 E= 0
  0.102760	  0.331092	  0.052060	  0.514088	
  0.037888	  0.013258	  0.010021	  0.938833	
  0.838941	  0.048528	  0.102734	  0.009798	
  0.985048	  0.003500	  0.004405	  0.007048	
  0.001644	  0.011673	  0.006940	  0.979743	
  0.011338	  0.019651	  0.116530	  0.852480	
  0.680890	  0.006255	  0.291022	  0.021833	
  0.180951	  0.304365	  0.402714	  0.111970	
  0.176341	  0.311818	  0.238035	  0.273806	

URL http://cisbp.ccbr.utoronto.ca/TFreport.php?versionNumber=2.00&searchTF=T236836_2.00

MOTIF M02183_2.00 (TCNE_0001280701)_(Caenorhabditis_elegans)_(DBD_0.78)

letter-probability matrix: alength= 4 w= 8 nsites= 1 E= 0
  0.091486	  0.000906	  0.906703	  0.000906	
  0.000767	  0.307515	  0.000767	  0.690951	
  0.921012	  0.077454	  0.000767	  0.000767	
  0.997699	  0.000767	  0.000767	  0.000767	
  0.000767	  0.000767	  0.000767	  0.997699	
  0.537577	  0.000767	  0.000767	  0.460890	
  0.997508	  0.000831	  0.000831	  0.000831	
  0.886062	  0.111726	  0.001106	  0.001106	

URL http://cisbp.ccbr.utoronto.ca/TFreport.php?versionNumber=2.00&searchTF=T236825_2.00

MOTIF M02213_2.00 (TCNE_0000477301)_(Podocoryne_carnea)_(DBD_0.28)

letter-probability matrix: alength= 4 w= 10 nsites= 1 E= 0
  0.225846	  0.322461	  0.225846	  0.225846	
  0.152897	  0.220775	  0.251282	  0.375046	
  0.000130	  0.085698	  0.000130	  0.914042	
  0.918263	  0.000130	  0.000130	  0.081477	
  0.999610	  0.000130	  0.000130	  0.000130	
  0.000130	  0.000130	  0.000130	  0.999610	
  0.081477	  0.000130	  0.000130	  0.918263	
  0.915764	  0.000130	  0.083976	  0.000130	
  0.232887	  0.120901	  0.457466	  0.188745	
  0.178580	  0.178580	  0.261207	  0.381632	

URL http://cisbp.ccbr.utoronto.ca/TFreport.php?versionNumber=2.00&searchTF=T236797_2.00

MOTIF M02388_2.00 (TCNE_0001111701)_(Aedes_aegypti)_(DBD_0.77)

letter-probability matrix: alength= 4 w= 7 nsites= 1 E= 0
  0.216235	  0.261482	  0.332409	  0.189875	
  0.458281	  0.091605	  0.427298	  0.022816	
  0.000000	  0.000000	  0.882881	  0.117119	
  0.000000	  0.000000	  0.959301	  0.040699	
  0.000001	  0.000000	  0.010252	  0.989748	
  0.001291	  0.884772	  0.042748	  0.071188	
  0.722899	  0.000287	  0.276793	  0.000020	

URL http://cisbp.ccbr.utoronto.ca/TFreport.php?versionNumber=2.00&searchTF=T310794_2.00

MOTIF M02394_2.00 (TCNE_0001744001)_(Homo_sapiens)_(DBD_0.63)

letter-probability matrix: alength= 4 w= 10 nsites= 1 E= 0
  0.346956	  0.221671	  0.130706	  0.300668	
  0.153582	  0.051885	  0.742649	  0.051885	
  0.906497	  0.093236	  0.000133	  0.000133	
  0.000133	  0.085093	  0.914640	  0.000133	
  0.000133	  0.000133	  0.999600	  0.000133	
  0.000133	  0.000133	  0.000133	  0.999600	
  0.000133	  0.999600	  0.000133	  0.000133	
  0.999600	  0.000133	  0.000133	  0.000133	
  0.433349	  0.119428	  0.327796	  0.119428	
  0.198249	  0.198249	  0.198249	  0.405254	

URL http://cisbp.ccbr.utoronto.ca/TFreport.php?versionNumber=2.00&searchTF=T310805_2.00

MOTIF M02408_2.00 (TCNE_0000809801)_(Drosophila_melanogaster)_(DBD_0.81)

letter-probability matrix: alength= 4 w= 12 nsites= 1 E= 0
  0.200832	  0.200832	  0.200832	  0.397504	
  0.198971	  0.109814	  0.581401	  0.109814	
  0.760318	  0.194141	  0.022771	  0.022771	
  0.106323	  0.329688	  0.541218	  0.022771	
  0.000202	  0.000202	  0.999393	  0.000202	
  0.000202	  0.000202	  0.000202	  0.999393	
  0.000202	  0.999393	  0.000202	  0.000202	
  0.999393	  0.000202	  0.000202	  0.000202	
  0.756390	  0.049370	  0.144869	  0.049370	
  0.226166	  0.140388	  0.230661	  0.402784	
  0.227432	  0.227432	  0.227432	  0.317705	
  0.227432	  0.227432	  0.227432	  0.317705	

URL http://cisbp.ccbr.utoronto.ca/TFreport.php?versionNumber=2.00&searchTF=T310790_2.00

MOTIF M02488_2.00 (TCNE_0001308501)_(Caenorhabditis_elegans)_(DBD_0.88)

letter-probability matrix: alength= 4 w= 10 nsites= 1 E= 0
  0.249549	  0.326901	  0.168959	  0.254591	
  0.304118	  0.216462	  0.195863	  0.283557	
  0.145122	  0.218672	  0.149542	  0.486664	
  0.140021	  0.189009	  0.079982	  0.590988	
  0.252273	  0.135709	  0.518279	  0.093739	
  0.187414	  0.158115	  0.134736	  0.519735	
  0.221322	  0.262334	  0.202273	  0.314071	
  0.213024	  0.281859	  0.208806	  0.296310	
  0.226419	  0.257852	  0.255286	  0.260443	
  0.219489	  0.262776	  0.257573	  0.260162	

URL http://cisbp.ccbr.utoronto.ca/TFreport.php?versionNumber=2.00&searchTF=T337157_2.00

MOTIF M02534_2.00 (TCNE_0001152301)_(Chlorella_vulgaris)_(DBD_0.43)

letter-probability matrix: alength= 4 w= 10 nsites= 1 E= 0
  0.325158	  0.217960	  0.193313	  0.263568	
  0.358359	  0.188960	  0.202661	  0.250019	
  0.376331	  0.147005	  0.219306	  0.257358	
  0.184463	  0.155625	  0.138027	  0.521885	
  0.198756	  0.111283	  0.133230	  0.556730	
  0.071722	  0.451598	  0.138766	  0.337914	
  0.700958	  0.002209	  0.240435	  0.056399	
  0.752532	  0.046221	  0.081732	  0.119515	
  0.746615	  0.060072	  0.100038	  0.093275	
  0.297928	  0.261609	  0.101175	  0.339288	

URL http://cisbp.ccbr.utoronto.ca/TFreport.php?versionNumber=2.00&searchTF=T346349_2.00

MOTIF M02698_2.00 (TCNE_0000140201)_(Arabidopsis_thaliana)_(DBD_0.87)

letter-probability matrix: alength= 4 w= 11 nsites= 1 E= 0
  0.140000	  0.450000	  0.230000	  0.180000	
  0.160000	  0.270000	  0.550000	  0.020000	
  0.000000	  0.919192	  0.040404	  0.040404	
  0.000000	  0.050000	  0.930000	  0.020000	
  0.040404	  0.939394	  0.000000	  0.020202	
  0.040404	  0.020202	  0.020202	  0.919192	
  0.080808	  0.000000	  0.858586	  0.060606	
  0.960000	  0.000000	  0.020000	  0.020000	
  0.040000	  0.040000	  0.920000	  0.000000	
  0.020000	  0.550000	  0.260000	  0.170000	
  0.151515	  0.323232	  0.242424	  0.282828	

URL http://cisbp.ccbr.utoronto.ca/TFreport.php?versionNumber=2.00&searchTF=T291833_2.00

MOTIF M02959_2.00 (TCNE_0000873901)_(Homo_sapiens)_(DBD_0.46)

letter-probability matrix: alength= 4 w= 12 nsites= 1 E= 0
  0.046512	  0.011628	  0.023256	  0.918605	
  0.000000	  0.000000	  0.000000	  1.000000	
  0.011765	  0.035294	  0.011765	  0.941176	
  0.000000	  0.040404	  0.939394	  0.020202	
  0.010309	  0.000000	  0.989691	  0.000000	
  0.000000	  0.915385	  0.053846	  0.030769	
  0.000000	  0.010204	  0.989796	  0.000000	
  0.030303	  0.000000	  0.969697	  0.000000	
  0.010101	  0.000000	  0.989899	  0.000000	
  0.989247	  0.010753	  0.000000	  0.000000	
  0.967742	  0.000000	  0.032258	  0.000000	
  0.925532	  0.010638	  0.031915	  0.031915	

URL http://cisbp.ccbr.utoronto.ca/TFreport.php?versionNumber=2.00&searchTF=T174419_2.00

MOTIF M02987_2.00 (TCNE_0000132801)_(Homo_sapiens)_(DBD_0.62)

letter-probability matrix: alength= 4 w= 12 nsites= 1 E= 0
  0.425669	  0.161588	  0.132041	  0.280702	
  0.826408	  0.031394	  0.030471	  0.111727	
  0.097049	  0.694665	  0.125426	  0.082860	
  0.073357	  0.751174	  0.170775	  0.004695	
  0.112390	  0.872038	  0.010833	  0.004739	
  0.001369	  0.000684	  0.997947	  0.000000	
  0.000000	  0.000000	  1.000000	  0.000000	
  0.992624	  0.004215	  0.001054	  0.002107	
  0.976166	  0.010363	  0.009326	  0.004145	
  0.125638	  0.018495	  0.847577	  0.008291	
  0.028125	  0.057031	  0.022656	  0.892188	
  0.512672	  0.086169	  0.238957	  0.162201	

URL http://cisbp.ccbr.utoronto.ca/TFreport.php?versionNumber=2.00&searchTF=T178855_2.00

MOTIF M03087_2.00 (TCNE_0001658201)_(Homo_sapiens)_(DBD_0.65)

letter-probability matrix: alength= 4 w= 8 nsites= 1 E= 0
  0.050776	  0.567735	  0.037679	  0.343811	
  0.096070	  0.163832	  0.029930	  0.710167	
  0.886769	  0.040902	  0.036132	  0.036197	
  0.970260	  0.011009	  0.012296	  0.006434	
  0.012245	  0.014168	  0.007333	  0.966254	
  0.055381	  0.046932	  0.060685	  0.837003	
  0.722030	  0.027451	  0.177528	  0.072990	
  0.193501	  0.261956	  0.269545	  0.274998	

URL http://cisbp.ccbr.utoronto.ca/TFreport.php?versionNumber=2.00&searchTF=T236833_2.00

MOTIF M03168_2.00 (TCNE_0001141101)_(Homo_sapiens)_(DBD_0.39)

letter-probability matrix: alength= 4 w= 8 nsites= 1 E= 0
  0.072612	  0.450780	  0.073912	  0.402697	
  0.096614	  0.141577	  0.014371	  0.747439	
  0.795066	  0.130619	  0.028606	  0.045709	
  0.940555	  0.027395	  0.008236	  0.023814	
  0.050778	  0.014703	  0.036416	  0.898102	
  0.063239	  0.039960	  0.242873	  0.653928	
  0.742999	  0.012306	  0.188402	  0.056294	
  0.185954	  0.363723	  0.177579	  0.272745	

URL http://cisbp.ccbr.utoronto.ca/TFreport.php?versionNumber=2.00&searchTF=T236820_2.00

MOTIF M03187_2.00 (TCNE_0000653501)_(Homo_sapiens)_(DBD_0.25)

letter-probability matrix: alength= 4 w= 10 nsites= 1 E= 0
  0.204127	  0.184967	  0.428150	  0.182756	
  0.215917	  0.351756	  0.109801	  0.322525	
  0.043559	  0.000000	  0.007920	  0.948521	
  0.979788	  0.000000	  0.012753	  0.007459	
  0.996086	  0.001712	  0.002202	  0.000000	
  0.000000	  0.000000	  0.003670	  0.996330	
  0.000000	  0.003670	  0.000000	  0.996330	
  0.449727	  0.009033	  0.518184	  0.023057	
  0.305822	  0.189634	  0.412921	  0.091624	
  0.196709	  0.393173	  0.113212	  0.296906	

URL http://cisbp.ccbr.utoronto.ca/TFreport.php?versionNumber=2.00&searchTF=T236805_2.00

MOTIF M03444_2.00 (TCNE_0001785701)_(Homo_sapiens)_(DBD_0.80)

letter-probability matrix: alength= 4 w= 17 nsites= 1 E= 0
  0.169924	  0.128440	  0.266055	  0.435580	
  0.000000	  0.114599	  0.581509	  0.303893	
  0.062609	  0.899975	  0.001996	  0.035420	
  0.936323	  0.000000	  0.061883	  0.001794	
  0.128658	  0.278760	  0.412344	  0.180238	
  0.000000	  0.131794	  0.000000	  0.868206	
  0.000604	  0.714688	  0.284105	  0.000604	
  0.978815	  0.000000	  0.020878	  0.000307	
  0.370816	  0.004225	  0.026974	  0.597985	
  0.000000	  0.164405	  0.835595	  0.000000	
  0.000000	  1.000000	  0.000000	  0.000000	
  0.064696	  0.000000	  0.935304	  0.000000	
  0.000302	  0.000603	  0.021418	  0.977677	
  0.043335	  0.000000	  0.956665	  0.000000	
  0.973066	  0.001879	  0.004071	  0.020983	
  0.002617	  0.997383	  0.000000	  0.000000	
  0.061245	  0.295181	  0.604920	  0.038655	

URL http://cisbp.ccbr.utoronto.ca/TFreport.php?versionNumber=2.00&searchTF=T312980_2.00

