MEME version 5.5.8 (Fri May 2 15:43:49 2025 -0700)

ALPHABET= ACGT

strands: + -

Background letter frequencies (from uniform background):
A 0.25000 C 0.25000 G 0.25000 T 0.25000 

MOTIF M00049_2.00 (estExt_fgeneshTM_pg.C_30455)_(Saccharomyces_cerevisiae)_(DBD_0.74)

letter-probability matrix: alength= 4 w= 10 nsites= 1 E= 0
  0.252983	  0.240645	  0.243064	  0.263308	
  0.269403	  0.251189	  0.220568	  0.258839	
  0.252879	  0.285121	  0.209121	  0.252879	
  0.266753	  0.280430	  0.166721	  0.286095	
  0.113406	  0.053569	  0.750675	  0.082350	
  0.849031	  0.039809	  0.035662	  0.075497	
  0.162404	  0.054603	  0.055152	  0.727842	
  0.690436	  0.055552	  0.065846	  0.188166	
  0.445770	  0.151381	  0.208471	  0.194378	
  0.236453	  0.251075	  0.335543	  0.176929	

URL http://cisbp.ccbr.utoronto.ca/TFreport.php?versionNumber=2.00&searchTF=T197067_2.00

MOTIF M00051_2.00 (gw1.2.1610.1)_(Saccharomyces_cerevisiae)_(DBD_0.74)

letter-probability matrix: alength= 4 w= 8 nsites= 1 E= 0
  0.270248	  0.432235	  0.000270	  0.297246	
  0.000196	  0.000196	  0.999412	  0.000196	
  0.999424	  0.000192	  0.000192	  0.000192	
  0.000192	  0.000192	  0.000192	  0.999424	
  0.980208	  0.000192	  0.019408	  0.000192	
  0.940635	  0.000196	  0.000196	  0.058973	
  0.022934	  0.113760	  0.840372	  0.022934	
  0.344697	  0.241391	  0.241391	  0.172521	

URL http://cisbp.ccbr.utoronto.ca/TFreport.php?versionNumber=2.00&searchTF=T197093_2.00

MOTIF M00070_2.00 (fgeneshTM_pg.8_

letter-probability matrix: alength= 4 w= 11 nsites= 1 E= 0
  0.268573	  0.272224	  0.178881	  0.280322	
  0.509793	  0.098806	  0.292595	  0.098806	
  0.848016	  0.050661	  0.050661	  0.050661	
  0.999893	  0.000036	  0.000036	  0.000036	
  0.000036	  0.903786	  0.000036	  0.096142	
  0.903786	  0.000036	  0.000036	  0.096142	
  0.999893	  0.000036	  0.000036	  0.000036	
  0.000036	  0.000036	  0.000036	  0.999893	
  0.591260	  0.071155	  0.071155	  0.266431	
  0.345743	  0.151230	  0.257625	  0.245401	
  0.199374	  0.199374	  0.199374	  0.401877	

URL http://cisbp.ccbr.utoronto.ca/TFreport.php?versionNumber=2.00&searchTF=T335239_2.00

MOTIF M01102_2.00 (e_gw1.4.207.1)_(PBM_CONSTRUCTS)_(DBD_0.74)

letter-probability matrix: alength= 4 w= 8 nsites= 1 E= 0
  0.520400	  0.150739	  0.150739	  0.178122	
  0.168349	  0.386085	  0.237629	  0.207937	
  0.828862	  0.000085	  0.162423	  0.008630	
  0.000085	  0.999744	  0.000085	  0.000085	
  0.000085	  0.000085	  0.982656	  0.017174	
  0.008630	  0.957023	  0.000085	  0.034262	
  0.008630	  0.017174	  0.965567	  0.008630	
  0.562344	  0.150050	  0.000125	  0.287481	

URL http://cisbp.ccbr.utoronto.ca/TFreport.php?versionNumber=2.00&searchTF=T013971_2.00

MOTIF M01147_2.00 (fgeneshTM_pg.15_

letter-probability matrix: alength= 4 w= 10 nsites= 1 E= 0
  0.256344	  0.201648	  0.261523	  0.280485	
  0.466416	  0.147685	  0.263770	  0.122129	
  0.056276	  0.045162	  0.000477	  0.898085	
  0.076513	  0.037995	  0.643848	  0.241643	
  0.796372	  0.031502	  0.085633	  0.086493	
  0.072044	  0.711432	  0.042832	  0.173691	
  0.178754	  0.047276	  0.689532	  0.084438	
  0.163925	  0.196254	  0.078997	  0.560825	
  0.373050	  0.284779	  0.165954	  0.176216	
  0.318316	  0.178225	  0.258022	  0.245438	

URL http://cisbp.ccbr.utoronto.ca/TFreport.php?versionNumber=2.00&searchTF=T073368_2.00

MOTIF M01170_2.00 (fgeneshTM_pm.2_

letter-probability matrix: alength= 4 w= 8 nsites= 1 E= 0
  0.107211	  0.142908	  0.154807	  0.595074	
  0.025500	  0.576161	  0.067858	  0.330481	
  0.000066	  0.000066	  0.999801	  0.000066	
  0.000066	  0.993181	  0.006687	  0.000066	
  0.000066	  0.999801	  0.000066	  0.000066	
  0.774695	  0.000066	  0.225172	  0.000066	
  0.007061	  0.957844	  0.000070	  0.035025	
  0.165082	  0.446526	  0.029212	  0.359181	

URL http://cisbp.ccbr.utoronto.ca/TFreport.php?versionNumber=2.00&searchTF=T146270_2.00

MOTIF M01198_2.00 (estExt_Genewise1.C_100490)_(Neurospora_crassa)_(DBD_0.87)

letter-probability matrix: alength= 4 w= 8 nsites= 1 E= 0
  0.008032	  0.985829	  0.000534	  0.005604	
  0.000361	  0.758996	  0.000317	  0.240326	
  0.065429	  0.872155	  0.039290	  0.023126	
  0.000001	  0.999660	  0.000134	  0.000205	
  0.499172	  0.000032	  0.489288	  0.011507	
  0.139979	  0.376715	  0.252520	  0.230786	
  0.284498	  0.230610	  0.244870	  0.240021	
  0.280918	  0.298289	  0.261926	  0.158866	

URL http://cisbp.ccbr.utoronto.ca/TFreport.php?versionNumber=2.00&searchTF=T146183_2.00

MOTIF M01383_2.00 (estExt_fgeneshTM_pg.C_10289)_(Aspergillus_nidulans)_(DBD_0.44)

letter-probability matrix: alength= 4 w= 12 nsites= 1 E= 0
  0.356852	  0.184855	  0.184855	  0.273437	
  0.284405	  0.107126	  0.501343	  0.107126	
  0.046985	  0.859045	  0.046985	  0.046985	
  0.022748	  0.931757	  0.022748	  0.022748	
  0.000104	  0.000104	  0.086127	  0.913666	
  0.000104	  0.999689	  0.000104	  0.000104	
  0.000104	  0.000104	  0.999689	  0.000104	
  0.000104	  0.000104	  0.999689	  0.000104	
  0.156753	  0.617309	  0.065248	  0.160690	
  0.142978	  0.233555	  0.142978	  0.480490	
  0.300068	  0.203118	  0.293695	  0.203118	
  0.317933	  0.227356	  0.227356	  0.227356	

URL http://cisbp.ccbr.utoronto.ca/TFreport.php?versionNumber=2.00&searchTF=T391165_2.00

MOTIF M01565_2.00 (e_gw1.7.444.1)_(Saccharomyces_cerevisiae)_(DBD_0.51)

letter-probability matrix: alength= 4 w= 10 nsites= 1 E= 0
  0.275621	  0.196179	  0.184754	  0.343445	
  0.239066	  0.197698	  0.157078	  0.406158	
  0.351405	  0.065493	  0.118148	  0.464954	
  0.275882	  0.145470	  0.109944	  0.468704	
  0.465587	  0.103886	  0.064283	  0.366244	
  0.343551	  0.084719	  0.502369	  0.069362	
  0.039893	  0.339069	  0.050714	  0.570324	
  0.299986	  0.072511	  0.434301	  0.193202	
  0.212492	  0.210378	  0.364638	  0.212492	
  0.183038	  0.221338	  0.419764	  0.175861	

URL http://cisbp.ccbr.utoronto.ca/TFreport.php?versionNumber=2.00&searchTF=T335189_2.00

MOTIF M01567_2.00 (estExt_Genewise1.C_160112)_(Saccharomyces_cerevisiae)_(DBD_0.90)

letter-probability matrix: alength= 4 w= 7 nsites= 1 E= 0
  0.315311	  0.189343	  0.207174	  0.288172	
  0.345705	  0.141966	  0.211788	  0.300541	
  0.271982	  0.110580	  0.155359	  0.462079	
  0.583542	  0.000869	  0.110954	  0.304636	
  0.219565	  0.006434	  0.188981	  0.585020	
  0.934996	  0.000354	  0.051964	  0.012687	
  0.422777	  0.000471	  0.095282	  0.481470	

URL http://cisbp.ccbr.utoronto.ca/TFreport.php?versionNumber=2.00&searchTF=T343277_2.00

MOTIF M01654_2.00 (estExt_Genewise1Plus.C_70173)_(Neurospora_crassa)_(DBD_0.56)

letter-probability matrix: alength= 4 w= 9 nsites= 1 E= 0
  0.267934	  0.217183	  0.260016	  0.254867	
  0.253271	  0.236148	  0.207361	  0.303220	
  0.244019	  0.201794	  0.295080	  0.259108	
  0.555310	  0.001732	  0.212624	  0.230333	
  0.031649	  0.841093	  0.000193	  0.127065	
  0.319537	  0.007220	  0.669729	  0.003514	
  0.097180	  0.809624	  0.007005	  0.086191	
  0.054095	  0.015344	  0.871960	  0.058601	
  0.292764	  0.177570	  0.157491	  0.372176	

URL http://cisbp.ccbr.utoronto.ca/TFreport.php?versionNumber=2.00&searchTF=T013976_2.00

MOTIF M01861_2.00 (fgeneshTM_pm.8_

letter-probability matrix: alength= 4 w= 11 nsites= 1 E= 0
  0.183856	  0.353815	  0.183856	  0.278473	
  0.107460	  0.107460	  0.577250	  0.207830	
  0.088182	  0.088182	  0.088182	  0.735455	
  0.000174	  0.000174	  0.999479	  0.000174	
  0.000174	  0.999479	  0.000174	  0.000174	
  0.625109	  0.000174	  0.294543	  0.080174	
  0.000174	  0.999479	  0.000174	  0.000174	
  0.313932	  0.000174	  0.685721	  0.000174	
  0.246688	  0.185089	  0.370892	  0.197331	
  0.360846	  0.142713	  0.353728	  0.142713	
  0.161992	  0.514024	  0.161992	  0.161992	

URL http://cisbp.ccbr.utoronto.ca/TFreport.php?versionNumber=2.00&searchTF=T146271_2.00

MOTIF M01870_2.00 (e_gw1.7.469.1)_(Neurospora_crassa)_(DBD_0.80)

letter-probability matrix: alength= 4 w= 10 nsites= 1 E= 0
  0.273237	  0.176936	  0.187738	  0.362089	
  0.431108	  0.211968	  0.249341	  0.107583	
  0.044023	  0.904357	  0.000665	  0.050954	
  0.004780	  0.920178	  0.000000	  0.075042	
  0.007516	  0.991760	  0.000000	  0.000725	
  0.032373	  0.942469	  0.006180	  0.018978	
  0.001128	  0.018184	  0.021864	  0.958824	
  0.091522	  0.039079	  0.526572	  0.342827	
  0.502575	  0.085487	  0.262156	  0.149782	
  0.279715	  0.278493	  0.205221	  0.236571	

URL http://cisbp.ccbr.utoronto.ca/TFreport.php?versionNumber=2.00&searchTF=T146136_2.00

MOTIF M01883_2.00 (fgeneshTM_pg.14_

letter-probability matrix: alength= 4 w= 9 nsites= 1 E= 0
  0.202106	  0.230164	  0.210354	  0.357377	
  0.304198	  0.179053	  0.346429	  0.170320	
  0.098210	  0.511379	  0.126104	  0.264307	
  0.210415	  0.555064	  0.120191	  0.114329	
  0.100675	  0.813949	  0.050496	  0.034879	
  0.061818	  0.857654	  0.042275	  0.038252	
  0.049596	  0.048130	  0.044876	  0.857399	
  0.060369	  0.049426	  0.685724	  0.204481	
  0.460766	  0.076930	  0.311965	  0.150339	

URL http://cisbp.ccbr.utoronto.ca/TFreport.php?versionNumber=2.00&searchTF=T146263_2.00

MOTIF M02066_2.00 (fgeneshTM_pg.2_

letter-probability matrix: alength= 4 w= 9 nsites= 1 E= 0
  0.369225	  0.133141	  0.242598	  0.255036	
  0.024933	  0.046349	  0.060715	  0.868003	
  0.000003	  0.003807	  0.026755	  0.969436	
  0.912917	  0.043235	  0.041540	  0.002309	
  0.982717	  0.001897	  0.013878	  0.001507	
  0.067783	  0.009741	  0.000695	  0.921781	
  0.282432	  0.143085	  0.028035	  0.546448	
  0.352017	  0.124422	  0.153497	  0.370065	
  0.373390	  0.226472	  0.221988	  0.178150	

URL http://cisbp.ccbr.utoronto.ca/TFreport.php?versionNumber=2.00&searchTF=T230867_2.00

MOTIF M02067_2.00 (fgeneshTM_pg.2_

letter-probability matrix: alength= 4 w= 8 nsites= 1 E= 0
  0.074139	  0.064883	  0.194465	  0.666512	
  0.051153	  0.182501	  0.000073	  0.766273	
  0.825349	  0.026906	  0.100711	  0.047034	
  0.979805	  0.000067	  0.006732	  0.013396	
  0.033391	  0.000067	  0.000067	  0.966476	
  0.067163	  0.060454	  0.033615	  0.838768	
  0.702983	  0.000078	  0.226570	  0.070369	
  0.055642	  0.177810	  0.144491	  0.622057	

URL http://cisbp.ccbr.utoronto.ca/TFreport.php?versionNumber=2.00&searchTF=T230866_2.00

MOTIF M02248_2.00 (estExt_fgeneshTM_pg.C_40576)_(Danio_rerio)_(DBD_0.57)

letter-probability matrix: alength= 4 w= 13 nsites= 1 E= 0
  0.221325	  0.221325	  0.336025	  0.221325	
  0.411769	  0.196077	  0.196077	  0.196077	
  0.551781	  0.149406	  0.149406	  0.149406	
  0.251241	  0.053489	  0.053489	  0.641780	
  0.026833	  0.026833	  0.821326	  0.125007	
  0.000136	  0.000136	  0.000136	  0.999593	
  0.098310	  0.000136	  0.000136	  0.901419	
  0.000136	  0.999593	  0.000136	  0.000136	
  0.028810	  0.214764	  0.028810	  0.727615	
  0.837825	  0.054058	  0.054058	  0.054058	
  0.100729	  0.100729	  0.100729	  0.697812	
  0.410061	  0.196646	  0.196646	  0.196646	
  0.223302	  0.223302	  0.223302	  0.330093	

URL http://cisbp.ccbr.utoronto.ca/TFreport.php?versionNumber=2.00&searchTF=T243553_2.00

MOTIF M02283_2.00 (gw1.10.360.1)_(Dictyostelium_discoideum)_(DBD_0.88)

letter-probability matrix: alength= 4 w= 10 nsites= 1 E= 0
  0.233777	  0.598464	  0.083460	  0.084299	
  0.030948	  0.562453	  0.044359	  0.362240	
  0.506429	  0.042836	  0.155615	  0.295120	
  0.524310	  0.062308	  0.043907	  0.369475	
  0.657133	  0.044163	  0.042009	  0.256695	
  0.290800	  0.112464	  0.066862	  0.529873	
  0.281986	  0.340992	  0.131875	  0.245147	
  0.228299	  0.247314	  0.296088	  0.228299	
  0.301159	  0.033037	  0.594451	  0.071353	
  0.207356	  0.056511	  0.520315	  0.215818	

URL http://cisbp.ccbr.utoronto.ca/TFreport.php?versionNumber=2.00&searchTF=T259363_2.00

MOTIF M02698_2.00 (estExt_Genewise1.C_90338)_(Arabidopsis_thaliana)_(DBD_0.87)

letter-probability matrix: alength= 4 w= 11 nsites= 1 E= 0
  0.140000	  0.450000	  0.230000	  0.180000	
  0.160000	  0.270000	  0.550000	  0.020000	
  0.000000	  0.919192	  0.040404	  0.040404	
  0.000000	  0.050000	  0.930000	  0.020000	
  0.040404	  0.939394	  0.000000	  0.020202	
  0.040404	  0.020202	  0.020202	  0.919192	
  0.080808	  0.000000	  0.858586	  0.060606	
  0.960000	  0.000000	  0.020000	  0.020000	
  0.040000	  0.040000	  0.920000	  0.000000	
  0.020000	  0.550000	  0.260000	  0.170000	
  0.151515	  0.323232	  0.242424	  0.282828	

URL http://cisbp.ccbr.utoronto.ca/TFreport.php?versionNumber=2.00&searchTF=T290827_2.00

MOTIF M08162_2.00 (fgeneshTM_pg.2_

letter-probability matrix: alength= 4 w= 14 nsites= 1 E= 0
  0.000000	  0.000000	  1.000000	  0.000000	
  0.000000	  0.026193	  0.000000	  0.973807	
  0.047240	  0.114125	  0.000000	  0.838634	
  0.060337	  0.005613	  0.799813	  0.134238	
  0.000000	  0.913003	  0.000000	  0.086997	
  0.000000	  0.717493	  0.000000	  0.282507	
  0.836763	  0.044902	  0.053789	  0.064546	
  0.191300	  0.034144	  0.188026	  0.586529	
  0.042095	  0.000000	  0.957905	  0.000000	
  0.120206	  0.044902	  0.817587	  0.017306	
  0.244153	  0.356408	  0.202526	  0.196913	
  0.481291	  0.061272	  0.389616	  0.067820	
  0.692703	  0.176333	  0.103835	  0.027128	
  0.074369	  0.716558	  0.073433	  0.135641	

URL http://cisbp.ccbr.utoronto.ca/TFreport.php?versionNumber=2.00&searchTF=T319098_2.00

MOTIF M08452_2.00 (fgeneshTM_pg.1_

letter-probability matrix: alength= 4 w= 5 nsites= 1 E= 0
  0.000000	  0.000000	  0.000000	  1.000000	
  0.000000	  0.000000	  0.010160	  0.989840	
  0.005578	  0.000000	  0.994422	  0.000000	
  0.000000	  0.000000	  0.998223	  0.001777	
  0.158006	  0.378979	  0.030665	  0.432350	

URL http://cisbp.ccbr.utoronto.ca/TFreport.php?versionNumber=2.00&searchTF=T160811_2.00

