MEME version 5.5.8 (Fri May 2 15:43:49 2025 -0700)

ALPHABET= ACGT

strands: + -

Background letter frequencies (from uniform background):
A 0.25000 C 0.25000 G 0.25000 T 0.25000 

MOTIF M00049_2.00 (A1Q1_07870)_(Saccharomyces_cerevisiae)_(DBD_0.74)

letter-probability matrix: alength= 4 w= 10 nsites= 1 E= 0
  0.252983	  0.240645	  0.243064	  0.263308	
  0.269403	  0.251189	  0.220568	  0.258839	
  0.252879	  0.285121	  0.209121	  0.252879	
  0.266753	  0.280430	  0.166721	  0.286095	
  0.113406	  0.053569	  0.750675	  0.082350	
  0.849031	  0.039809	  0.035662	  0.075497	
  0.162404	  0.054603	  0.055152	  0.727842	
  0.690436	  0.055552	  0.065846	  0.188166	
  0.445770	  0.151381	  0.208471	  0.194378	
  0.236453	  0.251075	  0.335543	  0.176929	

URL http://cisbp.ccbr.utoronto.ca/TFreport.php?versionNumber=2.00&searchTF=T191592_2.00

MOTIF M00051_2.00 (A1Q1_06743)_(Saccharomyces_cerevisiae)_(DBD_0.74)

letter-probability matrix: alength= 4 w= 8 nsites= 1 E= 0
  0.270248	  0.432235	  0.000270	  0.297246	
  0.000196	  0.000196	  0.999412	  0.000196	
  0.999424	  0.000192	  0.000192	  0.000192	
  0.000192	  0.000192	  0.000192	  0.999424	
  0.980208	  0.000192	  0.019408	  0.000192	
  0.940635	  0.000196	  0.000196	  0.058973	
  0.022934	  0.113760	  0.840372	  0.022934	
  0.344697	  0.241391	  0.241391	  0.172521	

URL http://cisbp.ccbr.utoronto.ca/TFreport.php?versionNumber=2.00&searchTF=T191591_2.00

MOTIF M00060_2.00 (A1Q1_07857)_(Saccharomyces_cerevisiae)_(DBD_0.52)

letter-probability matrix: alength= 4 w= 9 nsites= 1 E= 0
  0.320154	  0.181055	  0.206191	  0.292599	
  0.231700	  0.238756	  0.197442	  0.332102	
  0.223589	  0.242212	  0.287095	  0.247105	
  0.161512	  0.025143	  0.029212	  0.784133	
  0.138264	  0.051376	  0.075881	  0.734480	
  0.092315	  0.709959	  0.122145	  0.075581	
  0.148989	  0.381409	  0.144586	  0.325016	
  0.473500	  0.149928	  0.202381	  0.174191	
  0.182247	  0.285820	  0.153755	  0.378177	

URL http://cisbp.ccbr.utoronto.ca/TFreport.php?versionNumber=2.00&searchTF=T239586_2.00

MOTIF M01102_2.00 (A1Q1_05407)_(PBM_CONSTRUCTS)_(DBD_0.87)

letter-probability matrix: alength= 4 w= 8 nsites= 1 E= 0
  0.520400	  0.150739	  0.150739	  0.178122	
  0.168349	  0.386085	  0.237629	  0.207937	
  0.828862	  0.000085	  0.162423	  0.008630	
  0.000085	  0.999744	  0.000085	  0.000085	
  0.000085	  0.000085	  0.982656	  0.017174	
  0.008630	  0.957023	  0.000085	  0.034262	
  0.008630	  0.017174	  0.965567	  0.008630	
  0.562344	  0.150050	  0.000125	  0.287481	

URL http://cisbp.ccbr.utoronto.ca/TFreport.php?versionNumber=2.00&searchTF=T011670_2.00

MOTIF M01147_2.00 (A1Q1_07087)_(Neurospora_crassa)_(DBD_0.60)

letter-probability matrix: alength= 4 w= 10 nsites= 1 E= 0
  0.256344	  0.201648	  0.261523	  0.280485	
  0.466416	  0.147685	  0.263770	  0.122129	
  0.056276	  0.045162	  0.000477	  0.898085	
  0.076513	  0.037995	  0.643848	  0.241643	
  0.796372	  0.031502	  0.085633	  0.086493	
  0.072044	  0.711432	  0.042832	  0.173691	
  0.178754	  0.047276	  0.689532	  0.084438	
  0.163925	  0.196254	  0.078997	  0.560825	
  0.373050	  0.284779	  0.165954	  0.176216	
  0.318316	  0.178225	  0.258022	  0.245438	

URL http://cisbp.ccbr.utoronto.ca/TFreport.php?versionNumber=2.00&searchTF=T056513_2.00

MOTIF M01198_2.00 (A1Q1_01497)_(Neurospora_crassa)_(DBD_0.87)

letter-probability matrix: alength= 4 w= 8 nsites= 1 E= 0
  0.008032	  0.985829	  0.000534	  0.005604	
  0.000361	  0.758996	  0.000317	  0.240326	
  0.065429	  0.872155	  0.039290	  0.023126	
  0.000001	  0.999660	  0.000134	  0.000205	
  0.499172	  0.000032	  0.489288	  0.011507	
  0.139979	  0.376715	  0.252520	  0.230786	
  0.284498	  0.230610	  0.244870	  0.240021	
  0.280918	  0.298289	  0.261926	  0.158866	

URL http://cisbp.ccbr.utoronto.ca/TFreport.php?versionNumber=2.00&searchTF=T078698_2.00

MOTIF M01566_2.00 (A1Q1_01571)_(Saccharomyces_cerevisiae)_(DBD_0.58)

letter-probability matrix: alength= 4 w= 8 nsites= 1 E= 0
  0.270726	  0.299198	  0.159350	  0.270726	
  0.171103	  0.404343	  0.058690	  0.365865	
  0.701225	  0.048078	  0.204963	  0.045733	
  0.053179	  0.447494	  0.090348	  0.408979	
  0.407307	  0.049381	  0.055677	  0.487635	
  0.525518	  0.097943	  0.128302	  0.248237	
  0.510778	  0.094249	  0.117441	  0.277532	
  0.343791	  0.175921	  0.275898	  0.204391	

URL http://cisbp.ccbr.utoronto.ca/TFreport.php?versionNumber=2.00&searchTF=T326233_2.00

MOTIF M01567_2.00 (A1Q1_08290)_(Saccharomyces_cerevisiae)_(DBD_0.90)

letter-probability matrix: alength= 4 w= 7 nsites= 1 E= 0
  0.315311	  0.189343	  0.207174	  0.288172	
  0.345705	  0.141966	  0.211788	  0.300541	
  0.271982	  0.110580	  0.155359	  0.462079	
  0.583542	  0.000869	  0.110954	  0.304636	
  0.219565	  0.006434	  0.188981	  0.585020	
  0.934996	  0.000354	  0.051964	  0.012687	
  0.422777	  0.000471	  0.095282	  0.481470	

URL http://cisbp.ccbr.utoronto.ca/TFreport.php?versionNumber=2.00&searchTF=T342097_2.00

MOTIF M01654_2.00 (A1Q1_01345)_(Neurospora_crassa)_(DBD_0.60)

letter-probability matrix: alength= 4 w= 9 nsites= 1 E= 0
  0.267934	  0.217183	  0.260016	  0.254867	
  0.253271	  0.236148	  0.207361	  0.303220	
  0.244019	  0.201794	  0.295080	  0.259108	
  0.555310	  0.001732	  0.212624	  0.230333	
  0.031649	  0.841093	  0.000193	  0.127065	
  0.319537	  0.007220	  0.669729	  0.003514	
  0.097180	  0.809624	  0.007005	  0.086191	
  0.054095	  0.015344	  0.871960	  0.058601	
  0.292764	  0.177570	  0.157491	  0.372176	

URL http://cisbp.ccbr.utoronto.ca/TFreport.php?versionNumber=2.00&searchTF=T011669_2.00

MOTIF M01883_2.00 (A1Q1_02900)_(Neurospora_crassa)_(DBD_0.78)

letter-probability matrix: alength= 4 w= 9 nsites= 1 E= 0
  0.202106	  0.230164	  0.210354	  0.357377	
  0.304198	  0.179053	  0.346429	  0.170320	
  0.098210	  0.511379	  0.126104	  0.264307	
  0.210415	  0.555064	  0.120191	  0.114329	
  0.100675	  0.813949	  0.050496	  0.034879	
  0.061818	  0.857654	  0.042275	  0.038252	
  0.049596	  0.048130	  0.044876	  0.857399	
  0.060369	  0.049426	  0.685724	  0.204481	
  0.460766	  0.076930	  0.311965	  0.150339	

URL http://cisbp.ccbr.utoronto.ca/TFreport.php?versionNumber=2.00&searchTF=T078702_2.00

MOTIF M02283_2.00 (A1Q1_01509)_(Dictyostelium_discoideum)_(DBD_0.82)

letter-probability matrix: alength= 4 w= 10 nsites= 1 E= 0
  0.233777	  0.598464	  0.083460	  0.084299	
  0.030948	  0.562453	  0.044359	  0.362240	
  0.506429	  0.042836	  0.155615	  0.295120	
  0.524310	  0.062308	  0.043907	  0.369475	
  0.657133	  0.044163	  0.042009	  0.256695	
  0.290800	  0.112464	  0.066862	  0.529873	
  0.281986	  0.340992	  0.131875	  0.245147	
  0.228299	  0.247314	  0.296088	  0.228299	
  0.301159	  0.033037	  0.594451	  0.071353	
  0.207356	  0.056511	  0.520315	  0.215818	

URL http://cisbp.ccbr.utoronto.ca/TFreport.php?versionNumber=2.00&searchTF=T252744_2.00

MOTIF M08162_2.00 (A1Q1_00828)_(Mus_musculus)_(DBD_0.49)

letter-probability matrix: alength= 4 w= 14 nsites= 1 E= 0
  0.000000	  0.000000	  1.000000	  0.000000	
  0.000000	  0.026193	  0.000000	  0.973807	
  0.047240	  0.114125	  0.000000	  0.838634	
  0.060337	  0.005613	  0.799813	  0.134238	
  0.000000	  0.913003	  0.000000	  0.086997	
  0.000000	  0.717493	  0.000000	  0.282507	
  0.836763	  0.044902	  0.053789	  0.064546	
  0.191300	  0.034144	  0.188026	  0.586529	
  0.042095	  0.000000	  0.957905	  0.000000	
  0.120206	  0.044902	  0.817587	  0.017306	
  0.244153	  0.356408	  0.202526	  0.196913	
  0.481291	  0.061272	  0.389616	  0.067820	
  0.692703	  0.176333	  0.103835	  0.027128	
  0.074369	  0.716558	  0.073433	  0.135641	

URL http://cisbp.ccbr.utoronto.ca/TFreport.php?versionNumber=2.00&searchTF=T317993_2.00

MOTIF M08452_2.00 (A1Q1_02234)_(Saccharomyces_cerevisiae)_(DBD_0.75)

letter-probability matrix: alength= 4 w= 5 nsites= 1 E= 0
  0.000000	  0.000000	  0.000000	  1.000000	
  0.000000	  0.000000	  0.010160	  0.989840	
  0.005578	  0.000000	  0.994422	  0.000000	
  0.000000	  0.000000	  0.998223	  0.001777	
  0.158006	  0.378979	  0.030665	  0.432350	

URL http://cisbp.ccbr.utoronto.ca/TFreport.php?versionNumber=2.00&searchTF=T159725_2.00

