MEME version 5.5.8 (Fri May 2 15:43:49 2025 -0700)

ALPHABET= ACGT

strands: + -

Background letter frequencies (from uniform background):
A 0.25000 C 0.25000 G 0.25000 T 0.25000 

MOTIF M00159_2.00 (TriadG17503)_(Mus_musculus)_(DBD_0.56)

letter-probability matrix: alength= 4 w= 10 nsites= 1 E= 0
  0.401213	  0.134894	  0.189519	  0.274374	
  0.288005	  0.299758	  0.235798	  0.176439	
  0.207310	  0.504826	  0.205247	  0.082617	
  0.276376	  0.615087	  0.084925	  0.023612	
  0.001256	  0.018138	  0.980434	  0.000172	
  0.005077	  0.055966	  0.893136	  0.045821	
  0.810468	  0.028435	  0.076525	  0.084573	
  0.293995	  0.181919	  0.067597	  0.456488	
  0.285185	  0.231166	  0.308937	  0.174712	
  0.171414	  0.277017	  0.125723	  0.425847	

URL http://cisbp.ccbr.utoronto.ca/TFreport.php?versionNumber=2.00&searchTF=T177591_2.00

MOTIF M00161_2.00 (TriadG17444)_(Mus_musculus)_(DBD_0.77)

letter-probability matrix: alength= 4 w= 12 nsites= 1 E= 0
  0.394926	  0.201691	  0.201691	  0.201691	
  0.357836	  0.147163	  0.347838	  0.147163	
  0.159006	  0.172368	  0.068783	  0.599842	
  0.841382	  0.113021	  0.022798	  0.022798	
  0.999531	  0.000156	  0.000156	  0.000156	
  0.999531	  0.000156	  0.000156	  0.000156	
  0.000156	  0.999531	  0.000156	  0.000156	
  0.999531	  0.000156	  0.000156	  0.000156	
  0.854605	  0.048465	  0.048465	  0.048465	
  0.691020	  0.102993	  0.102993	  0.102993	
  0.181373	  0.360053	  0.181373	  0.277201	
  0.317926	  0.227358	  0.227358	  0.227358	

URL http://cisbp.ccbr.utoronto.ca/TFreport.php?versionNumber=2.00&searchTF=T188695_2.00

MOTIF M00186_2.00 (TriadG51266)_(Mus_musculus)_(DBD_0.63)

letter-probability matrix: alength= 4 w= 10 nsites= 1 E= 0
  0.071969	  0.027556	  0.876757	  0.023718	
  0.043751	  0.062085	  0.082972	  0.811192	
  0.263828	  0.195449	  0.035350	  0.505373	
  0.277657	  0.050219	  0.476462	  0.195662	
  0.040535	  0.621518	  0.064210	  0.273736	
  0.027735	  0.451560	  0.091168	  0.429537	
  0.579359	  0.135900	  0.150193	  0.134548	
  0.268595	  0.156524	  0.265923	  0.308958	
  0.108591	  0.168610	  0.656936	  0.065864	
  0.169606	  0.263349	  0.369991	  0.197054	

URL http://cisbp.ccbr.utoronto.ca/TFreport.php?versionNumber=2.00&searchTF=T318830_2.00

MOTIF M00192_2.00 (TriadG49742)_(Mus_musculus)_(DBD_0.75)

letter-probability matrix: alength= 4 w= 10 nsites= 1 E= 0
  0.288710	  0.216031	  0.234024	  0.261235	
  0.267885	  0.210726	  0.228276	  0.293113	
  0.254675	  0.244689	  0.210606	  0.290031	
  0.178353	  0.381367	  0.197110	  0.243170	
  0.142077	  0.390086	  0.214084	  0.253754	
  0.577609	  0.339984	  0.075861	  0.006546	
  0.069047	  0.067007	  0.858163	  0.005782	
  0.628592	  0.263350	  0.048110	  0.059948	
  0.080759	  0.917332	  0.000028	  0.001880	
  0.388991	  0.137491	  0.312172	  0.161347	

URL http://cisbp.ccbr.utoronto.ca/TFreport.php?versionNumber=2.00&searchTF=T325224_2.00

MOTIF M00194_2.00 (TriadG55419)_(Mus_musculus)_(DBD_0.71)

letter-probability matrix: alength= 4 w= 8 nsites= 1 E= 0
  0.226419	  0.257852	  0.260443	  0.255286	
  0.256789	  0.177373	  0.194077	  0.371762	
  0.185974	  0.312814	  0.363438	  0.137773	
  0.505770	  0.103139	  0.144906	  0.246185	
  0.528531	  0.076715	  0.198364	  0.196390	
  0.225196	  0.166830	  0.131233	  0.476741	
  0.220657	  0.150899	  0.414308	  0.214136	
  0.349045	  0.129697	  0.335359	  0.185899	

URL http://cisbp.ccbr.utoronto.ca/TFreport.php?versionNumber=2.00&searchTF=T333025_2.00

MOTIF M00242_2.00 (TriadG27838)_(Homo_sapiens)_(DBD_0.77)

letter-probability matrix: alength= 4 w= 8 nsites= 1 E= 0
  0.356838	  0.641738	  0.000712	  0.000712	
  0.000525	  0.998424	  0.000525	  0.000525	
  0.053046	  0.105567	  0.840861	  0.000525	
  0.053046	  0.945903	  0.000525	  0.000525	
  0.000525	  0.945903	  0.053046	  0.000525	
  0.000525	  0.998424	  0.000525	  0.000525	
  0.210609	  0.788340	  0.000525	  0.000525	
  0.000767	  0.921012	  0.000767	  0.077454	

URL http://cisbp.ccbr.utoronto.ca/TFreport.php?versionNumber=2.00&searchTF=T130665_2.00

MOTIF M00257_2.00 (TriadG30534)_(Homo_sapiens)_(DBD_0.79)

letter-probability matrix: alength= 4 w= 10 nsites= 1 E= 0
  0.326582	  0.181033	  0.131457	  0.360928	
  0.376628	  0.160976	  0.273488	  0.188908	
  0.247519	  0.242618	  0.230785	  0.279077	
  0.363901	  0.188083	  0.342709	  0.105307	
  0.343254	  0.200031	  0.077360	  0.379355	
  0.494185	  0.252879	  0.037446	  0.215489	
  0.759756	  0.101799	  0.035623	  0.102822	
  0.777778	  0.049722	  0.111770	  0.060730	
  0.010752	  0.547346	  0.078656	  0.363246	
  0.741580	  0.060267	  0.105508	  0.092646	

URL http://cisbp.ccbr.utoronto.ca/TFreport.php?versionNumber=2.00&searchTF=T188708_2.00

MOTIF M00264_2.00 (TriadG9389)_(Homo_sapiens)_(DBD_0.81)

letter-probability matrix: alength= 4 w= 9 nsites= 1 E= 0
  0.233408	  0.265811	  0.293767	  0.207014	
  0.218699	  0.307260	  0.229912	  0.244129	
  0.170035	  0.133754	  0.053303	  0.642908	
  0.615562	  0.090246	  0.171149	  0.123043	
  0.889185	  0.026584	  0.061578	  0.022653	
  0.050885	  0.155955	  0.072935	  0.720226	
  0.195427	  0.193483	  0.209597	  0.401492	
  0.262679	  0.206630	  0.324061	  0.206630	
  0.264075	  0.227292	  0.322542	  0.186091	

URL http://cisbp.ccbr.utoronto.ca/TFreport.php?versionNumber=2.00&searchTF=T224307_2.00

MOTIF M00313_2.00 (TriadG17913)_(Homo_sapiens)_(DBD_0.86)

letter-probability matrix: alength= 4 w= 8 nsites= 1 E= 0
  0.236754	  0.264283	  0.191909	  0.307053	
  0.206447	  0.060343	  0.054601	  0.678609	
  0.695907	  0.033623	  0.143339	  0.127131	
  0.911180	  0.028638	  0.048654	  0.011528	
  0.071152	  0.047220	  0.245873	  0.635756	
  0.157348	  0.600920	  0.093547	  0.148185	
  0.119260	  0.534486	  0.103680	  0.242574	
  0.228531	  0.327560	  0.213081	  0.230828	

URL http://cisbp.ccbr.utoronto.ca/TFreport.php?versionNumber=2.00&searchTF=T224286_2.00

MOTIF M00325_2.00 (TriadG32356)_(Homo_sapiens)_(DBD_0.93)

letter-probability matrix: alength= 4 w= 8 nsites= 1 E= 0
  0.292314	  0.201912	  0.249094	  0.256680	
  0.276005	  0.190646	  0.276005	  0.257345	
  0.166254	  0.211350	  0.161341	  0.461055	
  0.161543	  0.067679	  0.623139	  0.147639	
  0.908497	  0.017669	  0.072370	  0.001465	
  0.035824	  0.130139	  0.070008	  0.764029	
  0.674984	  0.282785	  0.020588	  0.021643	
  0.078931	  0.445224	  0.158948	  0.316897	

URL http://cisbp.ccbr.utoronto.ca/TFreport.php?versionNumber=2.00&searchTF=T224295_2.00

MOTIF M00388_2.00 (TriadG50911)_(Mus_musculus)_(DBD_0.77)

letter-probability matrix: alength= 4 w= 10 nsites= 1 E= 0
  0.247073	  0.284202	  0.206373	  0.262352	
  0.149870	  0.075171	  0.040036	  0.734924	
  0.706549	  0.090958	  0.126519	  0.075974	
  0.851645	  0.008910	  0.044131	  0.095313	
  0.070692	  0.091682	  0.096383	  0.741243	
  0.120799	  0.217919	  0.226813	  0.434469	
  0.367812	  0.088905	  0.402450	  0.140833	
  0.215590	  0.296895	  0.274069	  0.213445	
  0.220651	  0.269503	  0.211999	  0.297847	
  0.238452	  0.238452	  0.243269	  0.279826	

URL http://cisbp.ccbr.utoronto.ca/TFreport.php?versionNumber=2.00&searchTF=T224299_2.00

MOTIF M00399_2.00 (TriadG9468)_(Mus_musculus)_(DBD_0.81)

letter-probability matrix: alength= 4 w= 8 nsites= 1 E= 0
  0.145807	  0.166050	  0.102749	  0.585395	
  0.047416	  0.026548	  0.887984	  0.038052	
  0.795904	  0.000436	  0.143952	  0.059709	
  0.041428	  0.910466	  0.001396	  0.046710	
  0.672067	  0.019113	  0.247239	  0.061581	
  0.160336	  0.171961	  0.418748	  0.248954	
  0.200186	  0.289816	  0.301643	  0.208355	
  0.204146	  0.262129	  0.190345	  0.343380	

URL http://cisbp.ccbr.utoronto.ca/TFreport.php?versionNumber=2.00&searchTF=T224310_2.00

MOTIF M00405_2.00 (TriadG30033)_(Mus_musculus)_(DBD_0.86)

letter-probability matrix: alength= 4 w= 9 nsites= 1 E= 0
  0.166699	  0.079535	  0.057179	  0.696587	
  0.658460	  0.072959	  0.164006	  0.104575	
  0.860814	  0.014554	  0.044163	  0.080469	
  0.057497	  0.058075	  0.037402	  0.847026	
  0.146493	  0.115235	  0.184376	  0.553896	
  0.427710	  0.071410	  0.368133	  0.132747	
  0.333758	  0.210696	  0.276004	  0.179543	
  0.279203	  0.233210	  0.202743	  0.284843	
  0.269584	  0.207863	  0.189973	  0.332580	

URL http://cisbp.ccbr.utoronto.ca/TFreport.php?versionNumber=2.00&searchTF=T224292_2.00

MOTIF M00407_2.00 (TriadG59844)_(Mus_musculus)_(DBD_0.80)

letter-probability matrix: alength= 4 w= 9 nsites= 1 E= 0
  0.295464	  0.173911	  0.204087	  0.326538	
  0.083726	  0.082068	  0.055565	  0.778641	
  0.003120	  0.034053	  0.960935	  0.001893	
  0.873497	  0.000758	  0.057541	  0.068204	
  0.019591	  0.939245	  0.007207	  0.033956	
  0.851816	  0.012030	  0.105359	  0.030796	
  0.150397	  0.123135	  0.540925	  0.185542	
  0.147020	  0.354449	  0.343974	  0.154557	
  0.187865	  0.236447	  0.144854	  0.430834	

URL http://cisbp.ccbr.utoronto.ca/TFreport.php?versionNumber=2.00&searchTF=T224304_2.00

MOTIF M00408_2.00 (TriadG28952)_(Mus_musculus)_(DBD_0.73)

letter-probability matrix: alength= 4 w= 8 nsites= 1 E= 0
  0.239820	  0.259794	  0.183074	  0.317313	
  0.220380	  0.185927	  0.127148	  0.466545	
  0.477055	  0.158798	  0.088911	  0.275237	
  0.656404	  0.076461	  0.061361	  0.205774	
  0.035142	  0.691865	  0.093634	  0.179359	
  0.172604	  0.340700	  0.165836	  0.320859	
  0.328951	  0.207662	  0.253638	  0.209749	
  0.264945	  0.228041	  0.304760	  0.202254	

URL http://cisbp.ccbr.utoronto.ca/TFreport.php?versionNumber=2.00&searchTF=T224291_2.00

MOTIF M00416_2.00 (TriadG24265)_(Mus_musculus)_(DBD_0.89)

letter-probability matrix: alength= 4 w= 8 nsites= 1 E= 0
  0.262564	  0.254804	  0.249759	  0.232873	
  0.275648	  0.244478	  0.251924	  0.227950	
  0.207360	  0.229168	  0.266256	  0.297216	
  0.311690	  0.111276	  0.242744	  0.334290	
  0.708550	  0.043957	  0.124365	  0.123128	
  0.169491	  0.597527	  0.115908	  0.117073	
  0.675885	  0.093319	  0.088768	  0.142028	
  0.337236	  0.221580	  0.120396	  0.320789	

URL http://cisbp.ccbr.utoronto.ca/TFreport.php?versionNumber=2.00&searchTF=T224290_2.00

MOTIF M00417_2.00 (TriadG9570)_(Mus_musculus)_(DBD_0.90)

letter-probability matrix: alength= 4 w= 8 nsites= 1 E= 0
  0.281218	  0.216834	  0.307701	  0.194247	
  0.129122	  0.376440	  0.129122	  0.365315	
  0.165282	  0.184501	  0.049782	  0.600435	
  0.689510	  0.110607	  0.091467	  0.108417	
  0.925332	  0.042528	  0.028507	  0.003633	
  0.103670	  0.106828	  0.082370	  0.707132	
  0.155855	  0.155855	  0.181078	  0.507211	
  0.479837	  0.103902	  0.258126	  0.158135	

URL http://cisbp.ccbr.utoronto.ca/TFreport.php?versionNumber=2.00&searchTF=T224316_2.00

MOTIF M00435_2.00 (TriadG20649)_(Mus_musculus)_(DBD_0.60)

letter-probability matrix: alength= 4 w= 9 nsites= 1 E= 0
  0.336764	  0.194296	  0.190449	  0.278490	
  0.293592	  0.187202	  0.219684	  0.299522	
  0.143147	  0.291160	  0.156628	  0.409065	
  0.060921	  0.242154	  0.011817	  0.685107	
  0.768466	  0.128303	  0.074024	  0.029207	
  0.954390	  0.018561	  0.016964	  0.010085	
  0.035549	  0.016296	  0.012819	  0.935337	
  0.150061	  0.196574	  0.074518	  0.578848	
  0.582945	  0.073559	  0.135381	  0.208115	

URL http://cisbp.ccbr.utoronto.ca/TFreport.php?versionNumber=2.00&searchTF=T224288_2.00

MOTIF M00451_2.00 (TriadG18102)_(Mus_musculus)_(DBD_0.80)

letter-probability matrix: alength= 4 w= 8 nsites= 1 E= 0
  0.745050	  0.002475	  0.002475	  0.250000	
  0.200397	  0.001984	  0.001984	  0.795635	
  0.001984	  0.001984	  0.001984	  0.994048	
  0.795635	  0.001984	  0.001984	  0.200397	
  0.994048	  0.001984	  0.001984	  0.001984	
  0.001984	  0.001984	  0.001984	  0.994048	
  0.200397	  0.001984	  0.001984	  0.795635	
  0.992574	  0.002475	  0.002475	  0.002475	

URL http://cisbp.ccbr.utoronto.ca/TFreport.php?versionNumber=2.00&searchTF=T224287_2.00

MOTIF M00458_2.00 (TriadG30944)_(Mus_musculus)_(DBD_0.81)

letter-probability matrix: alength= 4 w= 7 nsites= 1 E= 0
  0.207112	  0.268610	  0.252968	  0.271310	
  0.229210	  0.070431	  0.130927	  0.569432	
  0.521448	  0.073450	  0.236656	  0.168445	
  0.627941	  0.108034	  0.128053	  0.135972	
  0.172464	  0.088251	  0.270478	  0.468806	
  0.209059	  0.140136	  0.302661	  0.348144	
  0.255000	  0.139947	  0.428917	  0.176137	

URL http://cisbp.ccbr.utoronto.ca/TFreport.php?versionNumber=2.00&searchTF=T224293_2.00

MOTIF M00469_2.00 (TriadG33728)_(Mus_musculus)_(DBD_0.82)

letter-probability matrix: alength= 4 w= 9 nsites= 1 E= 0
  0.180487	  0.322358	  0.168285	  0.328870	
  0.103026	  0.115005	  0.065038	  0.716930	
  0.775551	  0.063661	  0.107080	  0.053709	
  0.897628	  0.006358	  0.000454	  0.095560	
  0.077016	  0.098890	  0.055925	  0.768169	
  0.180572	  0.058917	  0.288913	  0.471598	
  0.490098	  0.081013	  0.288474	  0.140415	
  0.197887	  0.298180	  0.280815	  0.223117	
  0.176121	  0.347641	  0.210855	  0.265382	

URL http://cisbp.ccbr.utoronto.ca/TFreport.php?versionNumber=2.00&searchTF=T224296_2.00

MOTIF M00524_2.00 (TriadG50928)_(Mus_musculus)_(DBD_0.81)

letter-probability matrix: alength= 4 w= 10 nsites= 1 E= 0
  0.221818	  0.204764	  0.161073	  0.412344	
  0.207435	  0.166471	  0.084337	  0.541758	
  0.621586	  0.036682	  0.185355	  0.156378	
  0.910510	  0.013383	  0.034261	  0.041846	
  0.138801	  0.083349	  0.268550	  0.509300	
  0.088820	  0.300850	  0.045450	  0.564880	
  0.170729	  0.062808	  0.652021	  0.114443	
  0.204093	  0.304470	  0.254315	  0.237122	
  0.175698	  0.304530	  0.186563	  0.333209	
  0.196959	  0.273964	  0.238173	  0.290905	

URL http://cisbp.ccbr.utoronto.ca/TFreport.php?versionNumber=2.00&searchTF=T224300_2.00

MOTIF M00833_2.00 (TriadG30221)_(Mus_musculus)_(DBD_0.61)

letter-probability matrix: alength= 4 w= 8 nsites= 1 E= 0
  0.866667	  0.022222	  0.088889	  0.022222	
  0.087719	  0.052632	  0.807018	  0.052632	
  0.015625	  0.015625	  0.953125	  0.015625	
  0.015625	  0.015625	  0.015625	  0.953125	
  0.015625	  0.015625	  0.953125	  0.015625	
  0.031250	  0.046875	  0.015625	  0.906250	
  0.037736	  0.264151	  0.396226	  0.301887	
  0.857143	  0.023810	  0.071429	  0.047619	

URL http://cisbp.ccbr.utoronto.ca/TFreport.php?versionNumber=2.00&searchTF=T340927_2.00

MOTIF M00938_2.00 (TriadG51792)_(Homo_sapiens)_(DBD_0.85)

letter-probability matrix: alength= 4 w= 8 nsites= 1 E= 0
  0.154807	  0.725964	  0.035816	  0.083413	
  0.043175	  0.956653	  0.000086	  0.000086	
  0.845970	  0.007767	  0.100046	  0.046217	
  0.000076	  0.839515	  0.000076	  0.160333	
  0.229014	  0.000076	  0.770833	  0.000076	
  0.015339	  0.152701	  0.000076	  0.831883	
  0.000081	  0.000081	  0.999758	  0.000081	
  0.197699	  0.476639	  0.081474	  0.244189	

URL http://cisbp.ccbr.utoronto.ca/TFreport.php?versionNumber=2.00&searchTF=T045828_2.00

MOTIF M01011_2.00 (TriadG51743)_(Mus_musculus)_(DBD_0.66)

letter-probability matrix: alength= 4 w= 10 nsites= 1 E= 0
  0.285797	  0.209617	  0.245987	  0.258599	
  0.285774	  0.231644	  0.250937	  0.231644	
  0.254581	  0.237370	  0.273041	  0.235008	
  0.208047	  0.179067	  0.491647	  0.121239	
  0.735571	  0.087413	  0.094694	  0.082323	
  0.116122	  0.723892	  0.000071	  0.159915	
  0.047995	  0.000972	  0.863582	  0.087452	
  0.000297	  0.999397	  0.000014	  0.000291	
  0.185087	  0.262651	  0.278892	  0.273370	
  0.319081	  0.213886	  0.250998	  0.216036	

URL http://cisbp.ccbr.utoronto.ca/TFreport.php?versionNumber=2.00&searchTF=T188710_2.00

MOTIF M01018_2.00 TriadG17577

letter-probability matrix: alength= 4 w= 10 nsites= 1 E= 0
  0.278766	  0.204460	  0.223715	  0.293059	
  0.268464	  0.189184	  0.268464	  0.273888	
  0.227741	  0.162100	  0.375482	  0.234677	
  0.521625	  0.161895	  0.118741	  0.197739	
  0.219593	  0.464878	  0.049988	  0.265542	
  0.313106	  0.116343	  0.422649	  0.147901	
  0.229036	  0.480046	  0.152000	  0.138918	
  0.273796	  0.228694	  0.215376	  0.282134	
  0.337835	  0.209047	  0.219765	  0.233354	
  0.317005	  0.214630	  0.206215	  0.262150	

URL http://cisbp.ccbr.utoronto.ca/TFreport.php?versionNumber=2.00&searchTF=T188696_2.00

MOTIF M01026_2.00 (TriadG57974)_(Homo_sapiens)_(DBD_0.75)

letter-probability matrix: alength= 4 w= 8 nsites= 1 E= 0
  0.866667	  0.000000	  0.133333	  0.000000	
  1.000000	  0.000000	  0.000000	  0.000000	
  0.000000	  1.000000	  0.000000	  0.000000	
  1.000000	  0.000000	  0.000000	  0.000000	
  0.952381	  0.047619	  0.000000	  0.000000	
  0.714286	  0.000000	  0.000000	  0.285714	
  0.111111	  0.000000	  0.888889	  0.000000	
  0.250000	  0.083333	  0.583333	  0.083333	

URL http://cisbp.ccbr.utoronto.ca/TFreport.php?versionNumber=2.00&searchTF=T333029_2.00

MOTIF M01207_2.00 (TriadG64023)_(Nematostella_vectensis)_(DBD_0.79)

letter-probability matrix: alength= 4 w= 8 nsites= 1 E= 0
  0.232170	  0.212188	  0.304135	  0.251507	
  0.318185	  0.224221	  0.224221	  0.233372	
  0.298893	  0.175930	  0.235118	  0.290059	
  0.223616	  0.112160	  0.512823	  0.151401	
  0.457101	  0.032619	  0.335259	  0.175021	
  0.190205	  0.175581	  0.002713	  0.631501	
  0.460236	  0.057497	  0.380596	  0.101671	
  0.203386	  0.149173	  0.475851	  0.171590	

URL http://cisbp.ccbr.utoronto.ca/TFreport.php?versionNumber=2.00&searchTF=T165204_2.00

MOTIF M01228_2.00 (TriadG28100)_(Xenopus_tropicalis)_(DBD_0.71)

letter-probability matrix: alength= 4 w= 10 nsites= 1 E= 0
  0.311742	  0.134582	  0.079216	  0.474460	
  0.475151	  0.146004	  0.248050	  0.130795	
  0.318588	  0.152003	  0.201119	  0.328290	
  0.404876	  0.185598	  0.296955	  0.112571	
  0.319969	  0.237039	  0.096373	  0.346619	
  0.412802	  0.327985	  0.034917	  0.224296	
  0.639386	  0.181364	  0.051445	  0.127805	
  0.726327	  0.042863	  0.111944	  0.118866	
  0.064913	  0.597672	  0.096838	  0.240577	
  0.574041	  0.098761	  0.124300	  0.202898	

URL http://cisbp.ccbr.utoronto.ca/TFreport.php?versionNumber=2.00&searchTF=T188704_2.00

MOTIF M01478_2.00 (TriadG6886)_(Mus_musculus)_(DBD_0.86)

letter-probability matrix: alength= 4 w= 10 nsites= 1 E= 0
  0.259502	  0.251832	  0.278318	  0.210348	
  0.409997	  0.140632	  0.261426	  0.187945	
  0.135358	  0.582846	  0.206010	  0.075787	
  0.163979	  0.772583	  0.035507	  0.027931	
  0.039875	  0.037930	  0.876329	  0.045867	
  0.047517	  0.012821	  0.916990	  0.022671	
  0.910702	  0.016848	  0.052679	  0.019771	
  0.580099	  0.084200	  0.041813	  0.293888	
  0.279024	  0.153131	  0.498347	  0.069498	
  0.147561	  0.282659	  0.122027	  0.447753	

URL http://cisbp.ccbr.utoronto.ca/TFreport.php?versionNumber=2.00&searchTF=T177596_2.00

MOTIF M01862_2.00 (TriadG7637)_(Mus_musculus)_(DBD_0.91)

letter-probability matrix: alength= 4 w= 9 nsites= 1 E= 0
  0.267384	  0.268904	  0.184418	  0.279294	
  0.420657	  0.579255	  0.000044	  0.000044	
  0.000044	  0.999868	  0.000044	  0.000044	
  0.000044	  0.000044	  0.999868	  0.000044	
  0.000044	  0.999868	  0.000044	  0.000044	
  0.000044	  0.999868	  0.000044	  0.000044	
  0.000044	  0.999868	  0.000044	  0.000044	
  0.400281	  0.599631	  0.000044	  0.000044	
  0.065625	  0.555822	  0.065625	  0.312927	

URL http://cisbp.ccbr.utoronto.ca/TFreport.php?versionNumber=2.00&searchTF=T130679_2.00

MOTIF M01928_2.00 (TriadG9565)_(Homo_sapiens)_(DBD_0.83)

letter-probability matrix: alength= 4 w= 10 nsites= 1 E= 0
  0.471737	  0.142084	  0.127284	  0.258895	
  0.433336	  0.119285	  0.135845	  0.311535	
  0.263167	  0.062978	  0.058136	  0.615718	
  0.118099	  0.043014	  0.736217	  0.102670	
  0.050738	  0.040718	  0.031396	  0.877148	
  0.522994	  0.042080	  0.101450	  0.333476	
  0.302427	  0.047553	  0.265560	  0.384460	
  0.105681	  0.672112	  0.073731	  0.148476	
  0.322263	  0.195462	  0.241137	  0.241137	
  0.458630	  0.126247	  0.182773	  0.232350	

URL http://cisbp.ccbr.utoronto.ca/TFreport.php?versionNumber=2.00&searchTF=T169428_2.00

MOTIF M01935_2.00 (TriadG9574)_(Drosophila_melanogaster)_(DBD_0.89)

letter-probability matrix: alength= 4 w= 10 nsites= 1 E= 0
  0.264213	  0.114063	  0.073461	  0.548263	
  0.146979	  0.076730	  0.639248	  0.137043	
  0.091624	  0.122448	  0.030195	  0.755733	
  0.530776	  0.071833	  0.106096	  0.291296	
  0.340580	  0.064758	  0.186914	  0.407748	
  0.130860	  0.648156	  0.077799	  0.143184	
  0.378005	  0.205389	  0.180351	  0.236254	
  0.412383	  0.112387	  0.172768	  0.302461	
  0.281282	  0.131546	  0.159072	  0.428100	
  0.236410	  0.182284	  0.128453	  0.452853	

URL http://cisbp.ccbr.utoronto.ca/TFreport.php?versionNumber=2.00&searchTF=T169429_2.00

MOTIF M01960_2.00 (TriadG58918)_(Anolis_carolinensis)_(DBD_0.79)

letter-probability matrix: alength= 4 w= 10 nsites= 1 E= 0
  0.307475	  0.184036	  0.092326	  0.416163	
  0.313491	  0.136178	  0.301445	  0.248886	
  0.144688	  0.420844	  0.312444	  0.122024	
  0.000373	  0.150500	  0.849086	  0.000042	
  0.000094	  0.999849	  0.000021	  0.000036	
  0.000036	  0.000021	  0.999849	  0.000094	
  0.000042	  0.849086	  0.150500	  0.000373	
  0.122024	  0.312444	  0.420844	  0.144688	
  0.248886	  0.301445	  0.136178	  0.313491	
  0.416163	  0.092326	  0.184036	  0.307475	

URL http://cisbp.ccbr.utoronto.ca/TFreport.php?versionNumber=2.00&searchTF=T173551_2.00

MOTIF M01978_2.00 (TriadG29433)_(Homo_sapiens)_(DBD_0.90)

letter-probability matrix: alength= 4 w= 8 nsites= 1 E= 0
  0.374378	  0.001244	  0.623134	  0.001244	
  0.001106	  0.001106	  0.001106	  0.996681	
  0.996681	  0.001106	  0.001106	  0.001106	
  0.996681	  0.001106	  0.001106	  0.001106	
  0.996681	  0.001106	  0.001106	  0.001106	
  0.001106	  0.996681	  0.001106	  0.001106	
  0.996681	  0.001106	  0.001106	  0.001106	
  0.498344	  0.167219	  0.001656	  0.332781	

URL http://cisbp.ccbr.utoronto.ca/TFreport.php?versionNumber=2.00&searchTF=T188706_2.00

MOTIF M01983_2.00 (TriadG23008)_(Mus_musculus)_(DBD_0.78)

letter-probability matrix: alength= 4 w= 10 nsites= 1 E= 0
  0.102112	  0.067092	  0.053307	  0.777489	
  0.362449	  0.058726	  0.519509	  0.059316	
  0.054231	  0.043959	  0.036352	  0.865457	
  0.070983	  0.066184	  0.133278	  0.729556	
  0.058529	  0.070072	  0.232646	  0.638753	
  0.740400	  0.032694	  0.155585	  0.071321	
  0.055893	  0.701648	  0.033229	  0.209230	
  0.506065	  0.128595	  0.081996	  0.283345	
  0.116043	  0.255689	  0.108198	  0.520070	
  0.527746	  0.060257	  0.082156	  0.329842	

URL http://cisbp.ccbr.utoronto.ca/TFreport.php?versionNumber=2.00&searchTF=T188700_2.00

MOTIF M01987_2.00 (TriadG57744)_(Strongylocentrotus_purpuratus)_(DBD_0.83)

letter-probability matrix: alength= 4 w= 9 nsites= 1 E= 0
  0.233668	  0.224506	  0.348592	  0.193234	
  0.280037	  0.209542	  0.191507	  0.318914	
  0.404308	  0.290666	  0.110187	  0.194839	
  0.447462	  0.238314	  0.104961	  0.209263	
  0.768976	  0.018266	  0.173306	  0.039451	
  0.016176	  0.708777	  0.031930	  0.243117	
  0.578790	  0.107871	  0.169176	  0.144162	
  0.340778	  0.228430	  0.226157	  0.204635	
  0.301280	  0.239377	  0.210196	  0.249146	

URL http://cisbp.ccbr.utoronto.ca/TFreport.php?versionNumber=2.00&searchTF=T188711_2.00

MOTIF M01988_2.00 (TriadG21017)_(Strongylocentrotus_purpuratus)_(DBD_0.87)

letter-probability matrix: alength= 4 w= 10 nsites= 1 E= 0
  0.321884	  0.201178	  0.236085	  0.240854	
  0.216367	  0.234387	  0.239122	  0.310124	
  0.297171	  0.182055	  0.409243	  0.111532	
  0.279854	  0.144643	  0.132194	  0.443309	
  0.472247	  0.313407	  0.069235	  0.145111	
  0.572460	  0.196359	  0.062174	  0.169007	
  0.751021	  0.048981	  0.135834	  0.064163	
  0.037542	  0.655546	  0.026722	  0.280190	
  0.680835	  0.057015	  0.121915	  0.140235	
  0.359328	  0.213628	  0.193298	  0.233746	

URL http://cisbp.ccbr.utoronto.ca/TFreport.php?versionNumber=2.00&searchTF=T188699_2.00

MOTIF M02084_2.00 (TriadG57021)_(Homo_sapiens)_(DBD_1.00)

letter-probability matrix: alength= 4 w= 10 nsites= 1 E= 0
  0.210009	  0.307093	  0.264318	  0.218580	
  0.229725	  0.241503	  0.168491	  0.360281	
  0.219200	  0.167332	  0.063433	  0.550035	
  0.490926	  0.121061	  0.216219	  0.171794	
  0.861810	  0.024024	  0.048864	  0.065303	
  0.070986	  0.119401	  0.129345	  0.680268	
  0.138026	  0.117618	  0.179010	  0.565347	
  0.336039	  0.093431	  0.481655	  0.088875	
  0.244137	  0.214375	  0.364209	  0.177279	
  0.224703	  0.291424	  0.195348	  0.288525	

URL http://cisbp.ccbr.utoronto.ca/TFreport.php?versionNumber=2.00&searchTF=T224303_2.00

MOTIF M02112_2.00 (TriadG49530)_(Drosophila_melanogaster)_(DBD_0.77)

letter-probability matrix: alength= 4 w= 10 nsites= 1 E= 0
  0.248652	  0.156039	  0.439269	  0.156039	
  0.235559	  0.409426	  0.243856	  0.111159	
  0.000140	  0.000140	  0.000140	  0.999581	
  0.999581	  0.000140	  0.000140	  0.000140	
  0.999581	  0.000140	  0.000140	  0.000140	
  0.000140	  0.000140	  0.000140	  0.999581	
  0.000140	  0.000140	  0.000140	  0.999581	
  0.999581	  0.000140	  0.000140	  0.000140	
  0.270161	  0.309740	  0.212726	  0.207374	
  0.227694	  0.227694	  0.227694	  0.316917	

URL http://cisbp.ccbr.utoronto.ca/TFreport.php?versionNumber=2.00&searchTF=T224298_2.00

MOTIF M02120_2.00 (TriadG9391)_(Drosophila_melanogaster)_(DBD_0.70)

letter-probability matrix: alength= 4 w= 8 nsites= 1 E= 0
  0.207448	  0.325343	  0.141866	  0.325343	
  0.070500	  0.046787	  0.081909	  0.800803	
  0.823901	  0.041432	  0.064978	  0.069690	
  0.800902	  0.045410	  0.085263	  0.068425	
  0.078337	  0.041722	  0.098595	  0.781347	
  0.084961	  0.693803	  0.089317	  0.131919	
  0.101356	  0.577459	  0.132772	  0.188413	
  0.148880	  0.348326	  0.299807	  0.202987	

URL http://cisbp.ccbr.utoronto.ca/TFreport.php?versionNumber=2.00&searchTF=T224308_2.00

MOTIF M02151_2.00 (TriadG51739)_(Nematostella_vectensis)_(DBD_0.54)

letter-probability matrix: alength= 4 w= 9 nsites= 1 E= 0
  0.269697	  0.232130	  0.275145	  0.223028	
  0.157765	  0.358205	  0.172622	  0.311408	
  0.118187	  0.524409	  0.117011	  0.240392	
  0.583120	  0.113114	  0.115399	  0.188367	
  0.739103	  0.086959	  0.127159	  0.046779	
  0.090164	  0.131846	  0.077605	  0.700385	
  0.336856	  0.270333	  0.125168	  0.267643	
  0.412782	  0.151854	  0.117087	  0.318276	
  0.309961	  0.243824	  0.256325	  0.189890	

URL http://cisbp.ccbr.utoronto.ca/TFreport.php?versionNumber=2.00&searchTF=T224301_2.00

MOTIF M02184_2.00 (TriadG9560)_(Caenorhabditis_elegans)_(DBD_0.72)

letter-probability matrix: alength= 4 w= 10 nsites= 1 E= 0
  0.196206	  0.267513	  0.196206	  0.340075	
  0.206027	  0.289457	  0.269888	  0.234629	
  0.264340	  0.165213	  0.253975	  0.316472	
  0.736792	  0.022028	  0.159542	  0.081639	
  0.022762	  0.173314	  0.115020	  0.688905	
  0.178968	  0.190035	  0.203814	  0.427182	
  0.311224	  0.124029	  0.395643	  0.169104	
  0.172860	  0.341204	  0.250255	  0.235681	
  0.205780	  0.286233	  0.227422	  0.280565	
  0.260873	  0.271519	  0.226792	  0.240816	

URL http://cisbp.ccbr.utoronto.ca/TFreport.php?versionNumber=2.00&searchTF=T224314_2.00

MOTIF M02188_2.00 (TriadG60748)_(Caenorhabditis_elegans)_(DBD_0.35)

letter-probability matrix: alength= 4 w= 9 nsites= 1 E= 0
  0.198726	  0.273671	  0.119334	  0.408269	
  0.097665	  0.035217	  0.037023	  0.830095	
  0.799117	  0.050578	  0.071773	  0.078532	
  0.899382	  0.019920	  0.032192	  0.048507	
  0.036254	  0.033467	  0.040876	  0.889403	
  0.062406	  0.059959	  0.070363	  0.807272	
  0.432999	  0.032160	  0.478538	  0.056302	
  0.284456	  0.170815	  0.424358	  0.120371	
  0.148560	  0.287433	  0.212936	  0.351071	

URL http://cisbp.ccbr.utoronto.ca/TFreport.php?versionNumber=2.00&searchTF=T224305_2.00

MOTIF M02448_2.00 (TriadG51992)_(Cavia_porcellus)_(DBD_0.62)

letter-probability matrix: alength= 4 w= 10 nsites= 1 E= 0
  0.146385	  0.041109	  0.801302	  0.011204	
  0.054032	  0.084740	  0.119055	  0.742173	
  0.252056	  0.259732	  0.055682	  0.432530	
  0.251560	  0.057840	  0.462979	  0.227621	
  0.061907	  0.636278	  0.083566	  0.218249	
  0.067831	  0.496222	  0.137968	  0.297979	
  0.411291	  0.175792	  0.214713	  0.198205	
  0.254958	  0.159349	  0.340732	  0.244961	
  0.122928	  0.139994	  0.653013	  0.084066	
  0.170067	  0.256260	  0.401896	  0.171776	

URL http://cisbp.ccbr.utoronto.ca/TFreport.php?versionNumber=2.00&searchTF=T318832_2.00

MOTIF M02487_2.00 (TriadG23407)_(Mus_musculus)_(DBD_0.68)

letter-probability matrix: alength= 4 w= 11 nsites= 1 E= 0
  0.198724	  0.198724	  0.198724	  0.403828	
  0.316423	  0.127420	  0.127420	  0.428737	
  0.932065	  0.022645	  0.022645	  0.022645	
  0.000193	  0.000193	  0.000193	  0.999420	
  0.189343	  0.000193	  0.000193	  0.810271	
  0.999420	  0.000193	  0.000193	  0.000193	
  0.000193	  0.000193	  0.000193	  0.999420	
  0.578424	  0.000193	  0.093202	  0.328180	
  0.149498	  0.177554	  0.051469	  0.621478	
  0.407566	  0.122773	  0.122773	  0.346887	
  0.227548	  0.227548	  0.227548	  0.317355	

URL http://cisbp.ccbr.utoronto.ca/TFreport.php?versionNumber=2.00&searchTF=T333021_2.00

MOTIF M02490_2.00 (TriadG64155)_(Neurospora_crassa)_(DBD_0.36)

letter-probability matrix: alength= 4 w= 10 nsites= 1 E= 0
  0.329130	  0.229626	  0.220622	  0.220622	
  0.346994	  0.223477	  0.251969	  0.177560	
  0.448098	  0.134965	  0.110500	  0.306437	
  0.335755	  0.153912	  0.139266	  0.371067	
  0.248453	  0.220358	  0.178619	  0.352571	
  0.233539	  0.293933	  0.209213	  0.263315	
  0.195880	  0.356917	  0.275201	  0.172001	
  0.140053	  0.396240	  0.262965	  0.200742	
  0.596865	  0.017317	  0.262878	  0.122939	
  0.143083	  0.219956	  0.147441	  0.489520	

URL http://cisbp.ccbr.utoronto.ca/TFreport.php?versionNumber=2.00&searchTF=T333033_2.00

MOTIF M02527_2.00 (TriadG59682)_(Gallus_gallus)_(DBD_0.77)

letter-probability matrix: alength= 4 w= 9 nsites= 1 E= 0
  0.349676	  0.158972	  0.248680	  0.242672	
  0.685347	  0.000206	  0.210663	  0.103784	
  0.000206	  0.000206	  0.000206	  0.999383	
  0.000206	  0.000206	  0.000206	  0.999383	
  0.000206	  0.561674	  0.000206	  0.437915	
  0.787598	  0.000206	  0.211990	  0.000206	
  0.999383	  0.000206	  0.000206	  0.000206	
  0.999383	  0.000206	  0.000206	  0.000206	
  0.285406	  0.211983	  0.091233	  0.411378	

URL http://cisbp.ccbr.utoronto.ca/TFreport.php?versionNumber=2.00&searchTF=T345855_2.00

MOTIF M02680_2.00 (TriadG30602)_(Homo_sapiens)_(DBD_0.80)

letter-probability matrix: alength= 4 w= 14 nsites= 1 E= 0
  0.037037	  0.370370	  0.259259	  0.333333	
  0.370370	  0.259259	  0.185185	  0.185185	
  0.629630	  0.148148	  0.074074	  0.148148	
  0.464286	  0.178571	  0.178571	  0.178571	
  0.136364	  0.500000	  0.363636	  0.000000	
  0.259259	  0.000000	  0.740741	  0.000000	
  0.000000	  0.000000	  0.000000	  1.000000	
  1.000000	  0.000000	  0.000000	  0.000000	
  1.000000	  0.000000	  0.000000	  0.000000	
  1.000000	  0.000000	  0.000000	  0.000000	
  0.000000	  0.925926	  0.000000	  0.074074	
  1.000000	  0.000000	  0.000000	  0.000000	
  0.592593	  0.148148	  0.074074	  0.185185	
  0.259259	  0.148148	  0.222222	  0.370370	

URL http://cisbp.ccbr.utoronto.ca/TFreport.php?versionNumber=2.00&searchTF=T188709_2.00

MOTIF M02698_2.00 (TriadG37778)_(Arabidopsis_thaliana)_(DBD_0.86)

letter-probability matrix: alength= 4 w= 11 nsites= 1 E= 0
  0.140000	  0.450000	  0.230000	  0.180000	
  0.160000	  0.270000	  0.550000	  0.020000	
  0.000000	  0.919192	  0.040404	  0.040404	
  0.000000	  0.050000	  0.930000	  0.020000	
  0.040404	  0.939394	  0.000000	  0.020202	
  0.040404	  0.020202	  0.020202	  0.919192	
  0.080808	  0.000000	  0.858586	  0.060606	
  0.960000	  0.000000	  0.020000	  0.020000	
  0.040000	  0.040000	  0.920000	  0.000000	
  0.020000	  0.550000	  0.260000	  0.170000	
  0.151515	  0.323232	  0.242424	  0.282828	

URL http://cisbp.ccbr.utoronto.ca/TFreport.php?versionNumber=2.00&searchTF=T281383_2.00

MOTIF M02898_2.00 (TriadG17488)_(Homo_sapiens)_(DBD_0.90)

letter-probability matrix: alength= 4 w= 12 nsites= 1 E= 0
  0.311377	  0.161677	  0.467066	  0.059880	
  0.315789	  0.660819	  0.000000	  0.023392	
  0.121951	  0.814634	  0.000000	  0.063415	
  0.786982	  0.195266	  0.005917	  0.011834	
  0.038889	  0.927778	  0.005556	  0.027778	
  0.093284	  0.138060	  0.623134	  0.145522	
  0.027778	  0.927778	  0.033333	  0.011111	
  0.011628	  0.970930	  0.017442	  0.000000	
  0.000000	  0.897849	  0.021505	  0.080645	
  0.511364	  0.437500	  0.034091	  0.017045	
  0.054167	  0.695833	  0.087500	  0.162500	
  0.186747	  0.313253	  0.006024	  0.493976	

URL http://cisbp.ccbr.utoronto.ca/TFreport.php?versionNumber=2.00&searchTF=T130651_2.00

MOTIF M03044_2.00 (TriadG28108)_(Homo_sapiens)_(DBD_0.92)

letter-probability matrix: alength= 4 w= 14 nsites= 1 E= 0
  0.363023	  0.149142	  0.132145	  0.355691	
  0.286254	  0.083768	  0.600659	  0.029319	
  0.118021	  0.164811	  0.023917	  0.693251	
  0.569976	  0.366280	  0.012749	  0.050996	
  0.947880	  0.020771	  0.014902	  0.016447	
  0.948261	  0.026216	  0.006246	  0.019277	
  0.002036	  0.286817	  0.012470	  0.698677	
  0.663727	  0.009345	  0.326927	  0.000000	
  0.044282	  0.013598	  0.021095	  0.921025	
  0.027374	  0.022676	  0.010209	  0.939742	
  0.568213	  0.010216	  0.031462	  0.390109	
  0.377689	  0.018540	  0.240241	  0.363530	
  0.020509	  0.471055	  0.143636	  0.364800	
  0.301729	  0.190370	  0.154133	  0.353769	

URL http://cisbp.ccbr.utoronto.ca/TFreport.php?versionNumber=2.00&searchTF=T188705_2.00

MOTIF M03464_2.00 (TriadG25179)_(Homo_sapiens)_(DBD_0.79)

letter-probability matrix: alength= 4 w= 16 nsites= 1 E= 0
  0.346042	  0.180102	  0.101307	  0.372549	
  0.499099	  0.111478	  0.277043	  0.112380	
  0.814229	  0.080237	  0.091700	  0.013834	
  0.010607	  0.967849	  0.013590	  0.007955	
  0.010255	  0.960966	  0.019517	  0.009262	
  0.179980	  0.014593	  0.790323	  0.015105	
  0.013518	  0.947247	  0.019782	  0.019453	
  0.879192	  0.024242	  0.027071	  0.069495	
  0.754116	  0.023417	  0.196121	  0.026345	
  0.844211	  0.058275	  0.077312	  0.020202	
  0.043840	  0.907520	  0.030080	  0.018560	
  0.026658	  0.921001	  0.027308	  0.025033	
  0.288510	  0.048611	  0.638573	  0.024306	
  0.038779	  0.891291	  0.033376	  0.036554	
  0.700671	  0.087248	  0.148322	  0.063758	
  0.435691	  0.133382	  0.278857	  0.152070	

URL http://cisbp.ccbr.utoronto.ca/TFreport.php?versionNumber=2.00&searchTF=T319632_2.00

MOTIF M03649_2.00 (TriadG61059)_(Drosophila_melanogaster)_(DBD_0.51)

letter-probability matrix: alength= 4 w= 10 nsites= 1 E= 0
  0.384668	  0.006531	  0.561361	  0.047439	
  0.001588	  0.123253	  0.000953	  0.874206	
  0.065251	  0.034252	  0.471314	  0.429183	
  0.895250	  0.016591	  0.032531	  0.055628	
  0.004306	  0.987442	  0.004665	  0.003588	
  0.023683	  0.001767	  0.972782	  0.001767	
  0.035094	  0.005792	  0.021465	  0.937649	
  0.337906	  0.580836	  0.030604	  0.050654	
  0.862696	  0.013166	  0.110345	  0.013793	
  0.052793	  0.086863	  0.015654	  0.844690	

URL http://cisbp.ccbr.utoronto.ca/TFreport.php?versionNumber=2.00&searchTF=T068825_2.00

MOTIF M03723_2.00 (TriadG38199)_(Drosophila_melanogaster)_(DBD_0.44)

letter-probability matrix: alength= 4 w= 12 nsites= 1 E= 0
  0.585764	  0.110592	  0.103267	  0.200377	
  0.817549	  0.047667	  0.006711	  0.128073	
  0.194917	  0.710897	  0.036976	  0.057210	
  0.069131	  0.846924	  0.083750	  0.000195	
  0.086058	  0.912751	  0.001190	  0.000000	
  0.000230	  0.000077	  0.999693	  0.000000	
  0.000383	  0.000000	  0.999617	  0.000000	
  0.999693	  0.000077	  0.000077	  0.000153	
  0.992689	  0.000076	  0.000228	  0.007006	
  0.203372	  0.008824	  0.787804	  0.000000	
  0.028944	  0.105426	  0.006198	  0.859432	
  0.453975	  0.104552	  0.325737	  0.115737	

URL http://cisbp.ccbr.utoronto.ca/TFreport.php?versionNumber=2.00&searchTF=T177595_2.00

MOTIF M03726_2.00 (TriadG8966)_(Drosophila_melanogaster)_(DBD_0.89)

letter-probability matrix: alength= 4 w= 11 nsites= 1 E= 0
  0.239657	  0.129977	  0.550351	  0.080016	
  0.651665	  0.017290	  0.139080	  0.191965	
  0.006142	  0.983877	  0.008061	  0.001919	
  0.000000	  0.994182	  0.000000	  0.005818	
  0.001936	  0.001549	  0.992641	  0.003873	
  0.003673	  0.005008	  0.855760	  0.135559	
  0.916995	  0.079070	  0.003936	  0.000000	
  0.932678	  0.003639	  0.000000	  0.063683	
  0.178628	  0.003828	  0.817544	  0.000000	
  0.002717	  0.211893	  0.011772	  0.773619	
  0.212559	  0.245710	  0.385725	  0.156006	

URL http://cisbp.ccbr.utoronto.ca/TFreport.php?versionNumber=2.00&searchTF=T177597_2.00

MOTIF M03813_2.00 (TriadG9590)_(Drosophila_melanogaster)_(DBD_0.93)

letter-probability matrix: alength= 4 w= 13 nsites= 1 E= 0
  0.341505	  0.170327	  0.121382	  0.366786	
  0.010908	  0.002349	  0.001007	  0.985736	
  0.987725	  0.000336	  0.004372	  0.007567	
  0.998470	  0.000595	  0.000765	  0.000170	
  0.006766	  0.008603	  0.003341	  0.981290	
  0.002906	  0.325096	  0.007638	  0.664361	
  0.114987	  0.016159	  0.054095	  0.814758	
  0.989139	  0.001684	  0.007241	  0.001937	
  0.998385	  0.000255	  0.000510	  0.000850	
  0.000000	  0.000085	  0.000085	  0.999830	
  0.002622	  0.003637	  0.000169	  0.993572	
  0.986978	  0.001176	  0.001428	  0.010418	
  0.377713	  0.117647	  0.193071	  0.311569	

URL http://cisbp.ccbr.utoronto.ca/TFreport.php?versionNumber=2.00&searchTF=T224317_2.00

MOTIF M03854_2.00 (TriadG9507)_(Drosophila_melanogaster)_(DBD_0.86)

letter-probability matrix: alength= 4 w= 9 nsites= 1 E= 0
  0.143265	  0.182363	  0.492295	  0.182078	
  0.159618	  0.145050	  0.154919	  0.540414	
  0.059420	  0.319130	  0.365797	  0.255652	
  0.523675	  0.044535	  0.359355	  0.072434	
  0.673828	  0.177344	  0.050195	  0.098633	
  0.000000	  0.000000	  0.970191	  0.029809	
  0.069492	  0.007291	  0.137161	  0.786056	
  0.231536	  0.003249	  0.747238	  0.017977	
  0.068116	  0.252754	  0.365507	  0.313623	

URL http://cisbp.ccbr.utoronto.ca/TFreport.php?versionNumber=2.00&searchTF=T224312_2.00

MOTIF M03875_2.00 (TriadG9432)_(Drosophila_melanogaster)_(DBD_0.82)

letter-probability matrix: alength= 4 w= 11 nsites= 1 E= 0
  0.099593	  0.051844	  0.003782	  0.844780	
  0.841811	  0.002182	  0.087398	  0.068609	
  1.000000	  0.000000	  0.000000	  0.000000	
  0.007956	  0.107637	  0.015561	  0.868847	
  0.074480	  0.161289	  0.114857	  0.649375	
  0.341705	  0.157689	  0.362342	  0.138264	
  0.147958	  0.413245	  0.393342	  0.045455	
  0.693880	  0.011469	  0.257767	  0.036884	
  0.000000	  0.001310	  0.000940	  0.997750	
  0.062747	  0.092086	  0.005568	  0.839599	
  0.806128	  0.010665	  0.051697	  0.131510	

URL http://cisbp.ccbr.utoronto.ca/TFreport.php?versionNumber=2.00&searchTF=T224309_2.00

MOTIF M03876_2.00 (TriadG9493)_(Drosophila_melanogaster)_(DBD_0.68)

letter-probability matrix: alength= 4 w= 11 nsites= 1 E= 0
  0.066626	  0.017580	  0.010154	  0.905640	
  0.883545	  0.010361	  0.063740	  0.042354	
  0.995583	  0.000947	  0.002603	  0.000868	
  0.009454	  0.013970	  0.010449	  0.966127	
  0.097149	  0.035456	  0.101790	  0.765605	
  0.537160	  0.209017	  0.086087	  0.167736	
  0.533246	  0.155186	  0.255543	  0.056025	
  0.900086	  0.032556	  0.038974	  0.028384	
  0.003873	  0.014522	  0.004105	  0.977501	
  0.106760	  0.030082	  0.017587	  0.845571	
  0.923161	  0.010496	  0.012032	  0.054310	

URL http://cisbp.ccbr.utoronto.ca/TFreport.php?versionNumber=2.00&searchTF=T224311_2.00

MOTIF M04823_2.00 (TriadG30486)_(Homo_sapiens)_(DBD_0.69)

letter-probability matrix: alength= 4 w= 12 nsites= 1 E= 0
  0.030508	  0.338983	  0.071186	  0.559322	
  0.260776	  0.071121	  0.032328	  0.635776	
  0.700713	  0.023753	  0.213777	  0.061758	
  0.244076	  0.248815	  0.056872	  0.450237	
  0.496753	  0.042208	  0.461039	  0.000000	
  0.038710	  0.009677	  0.000000	  0.951613	
  0.902141	  0.048930	  0.015291	  0.033639	
  0.880597	  0.077612	  0.005970	  0.035821	
  0.842857	  0.020000	  0.077143	  0.060000	
  0.003300	  0.973597	  0.023102	  0.000000	
  0.564054	  0.038241	  0.072658	  0.325048	
  0.471186	  0.098305	  0.213559	  0.216949	

URL http://cisbp.ccbr.utoronto.ca/TFreport.php?versionNumber=2.00&searchTF=T188707_2.00

MOTIF M05184_2.00 (TriadG31334)_(Homo_sapiens)_(DBD_0.77)

letter-probability matrix: alength= 4 w= 8 nsites= 1 E= 0
  0.228596	  0.114236	  0.247305	  0.409862	
