MEME version 5.5.8 (Fri May 2 15:43:49 2025 -0700)

ALPHABET= ACGT

strands: + -

Background letter frequencies (from uniform background):
A 0.25000 C 0.25000 G 0.25000 T 0.25000 

MOTIF M00192_2.00 (TMUE_s0005013500)_(Mus_musculus)_(DBD_0.74)

letter-probability matrix: alength= 4 w= 10 nsites= 1 E= 0
  0.288710	  0.216031	  0.234024	  0.261235	
  0.267885	  0.210726	  0.228276	  0.293113	
  0.254675	  0.244689	  0.210606	  0.290031	
  0.178353	  0.381367	  0.197110	  0.243170	
  0.142077	  0.390086	  0.214084	  0.253754	
  0.577609	  0.339984	  0.075861	  0.006546	
  0.069047	  0.067007	  0.858163	  0.005782	
  0.628592	  0.263350	  0.048110	  0.059948	
  0.080759	  0.917332	  0.000028	  0.001880	
  0.388991	  0.137491	  0.312172	  0.161347	

URL http://cisbp.ccbr.utoronto.ca/TFreport.php?versionNumber=2.00&searchTF=T325967_2.00

MOTIF M00195_2.00 (TMUE_s0223001200)_(Mus_musculus)_(DBD_0.88)

letter-probability matrix: alength= 4 w= 10 nsites= 1 E= 0
  0.279067	  0.181426	  0.181426	  0.358081	
  0.289551	  0.189085	  0.212315	  0.309049	
  0.000105	  0.000105	  0.000105	  0.999685	
  0.000105	  0.000105	  0.999685	  0.000105	
  0.000105	  0.999685	  0.000105	  0.000105	
  0.000105	  0.000105	  0.000105	  0.999685	
  0.000105	  0.000105	  0.999685	  0.000105	
  0.999685	  0.000105	  0.000105	  0.000105	
  0.068679	  0.613130	  0.162332	  0.155859	
  0.241038	  0.147190	  0.147190	  0.464583	

URL http://cisbp.ccbr.utoronto.ca/TFreport.php?versionNumber=2.00&searchTF=T337199_2.00

MOTIF M00208_2.00 (TMUE_s0060001100)_(Mus_musculus)_(DBD_0.91)

letter-probability matrix: alength= 4 w= 9 nsites= 1 E= 0
  0.610507	  0.080181	  0.080181	  0.229130	
  0.027959	  0.087421	  0.055188	  0.829432	
  0.077434	  0.030859	  0.020893	  0.870814	
  0.237747	  0.206688	  0.478765	  0.076800	
  0.240465	  0.078459	  0.077678	  0.603397	
  0.222149	  0.224382	  0.205070	  0.348399	
  0.230661	  0.273404	  0.181445	  0.314490	
  0.236240	  0.248352	  0.218077	  0.297331	
  0.240132	  0.254981	  0.252444	  0.252444	

URL http://cisbp.ccbr.utoronto.ca/TFreport.php?versionNumber=2.00&searchTF=T337190_2.00

MOTIF M00282_2.00 (TMUE_s0012010400)_(Homo_sapiens)_(DBD_0.82)

letter-probability matrix: alength= 4 w= 8 nsites= 1 E= 0
  0.000303	  0.091102	  0.000303	  0.908293	
  0.972192	  0.000270	  0.027268	  0.000270	
  0.999190	  0.000270	  0.000270	  0.000270	
  0.000270	  0.000270	  0.000270	  0.999190	
  0.000270	  0.000270	  0.000270	  0.999190	
  0.742295	  0.000285	  0.257135	  0.000285	
  0.143010	  0.107347	  0.642297	  0.107347	
  0.105567	  0.210609	  0.105567	  0.578256	

URL http://cisbp.ccbr.utoronto.ca/TFreport.php?versionNumber=2.00&searchTF=T236923_2.00

MOTIF M00290_2.00 (TMUE_s0187000700)_(Homo_sapiens)_(DBD_0.91)

letter-probability matrix: alength= 4 w= 8 nsites= 1 E= 0
  0.157555	  0.127712	  0.069392	  0.645340	
  0.632466	  0.076679	  0.146882	  0.143973	
  0.886949	  0.005685	  0.055025	  0.052341	
  0.068959	  0.060553	  0.110335	  0.760153	
  0.143566	  0.126064	  0.153975	  0.576395	
  0.315323	  0.085080	  0.443012	  0.156585	
  0.236009	  0.260830	  0.300026	  0.203135	
  0.240835	  0.263516	  0.226810	  0.268839	

URL http://cisbp.ccbr.utoronto.ca/TFreport.php?versionNumber=2.00&searchTF=T236958_2.00

MOTIF M00334_2.00 (TMUE_s0047001800)_(Homo_sapiens)_(DBD_0.82)

letter-probability matrix: alength= 4 w= 7 nsites= 1 E= 0
  0.319925	  0.157289	  0.316742	  0.206043	
  0.036978	  0.278756	  0.210679	  0.473587	
  0.510977	  0.066442	  0.313038	  0.109544	
  0.412870	  0.109195	  0.219891	  0.258045	
  0.239885	  0.167362	  0.212759	  0.379995	
  0.237774	  0.159385	  0.265422	  0.337418	
  0.255410	  0.198913	  0.285108	  0.260569	

URL http://cisbp.ccbr.utoronto.ca/TFreport.php?versionNumber=2.00&searchTF=T236935_2.00

MOTIF M00342_2.00 (TMUE_s0038005250)_(Homo_sapiens)_(DBD_0.90)

letter-probability matrix: alength= 4 w= 14 nsites= 1 E= 0
  0.222869	  0.222869	  0.222869	  0.331393	
  0.301150	  0.196775	  0.305300	  0.196775	
  0.173218	  0.173218	  0.173218	  0.480345	
  0.290347	  0.101116	  0.507421	  0.101116	
  0.147808	  0.755127	  0.048533	  0.048533	
  0.226946	  0.118673	  0.128567	  0.525813	
  0.692134	  0.307374	  0.000246	  0.000246	
  0.999261	  0.000246	  0.000246	  0.000246	
  0.027377	  0.027377	  0.027377	  0.917868	
  0.053471	  0.053471	  0.053471	  0.839587	
  0.768916	  0.077028	  0.077028	  0.077028	
  0.342275	  0.149130	  0.260189	  0.248406	
  0.201714	  0.201714	  0.201714	  0.394859	
  0.226053	  0.226053	  0.321841	  0.226053	

URL http://cisbp.ccbr.utoronto.ca/TFreport.php?versionNumber=2.00&searchTF=T237904_2.00

MOTIF M00376_2.00 (TMUE_s0171001300)_(Caenorhabditis_elegans)_(DBD_0.84)

letter-probability matrix: alength= 4 w= 10 nsites= 1 E= 0
  0.214617	  0.090818	  0.075102	  0.619463	
  0.069859	  0.360136	  0.209869	  0.360136	
  0.722064	  0.000065	  0.260373	  0.017498	
  0.991898	  0.000023	  0.004261	  0.003818	
  0.000309	  0.000156	  0.977664	  0.021871	
  0.127581	  0.009014	  0.083827	  0.779578	
  0.331797	  0.010325	  0.629247	  0.028632	
  0.038565	  0.396364	  0.362249	  0.202823	
  0.184394	  0.295029	  0.197764	  0.322813	
  0.196154	  0.281154	  0.168832	  0.353860	

URL http://cisbp.ccbr.utoronto.ca/TFreport.php?versionNumber=2.00&searchTF=T236956_2.00

MOTIF M00383_2.00 (TMUE_s0047002600)_(Mus_musculus)_(DBD_0.91)

letter-probability matrix: alength= 4 w= 9 nsites= 1 E= 0
  0.196847	  0.282147	  0.169428	  0.351577	
  0.155907	  0.072187	  0.051897	  0.720008	
  0.696670	  0.087035	  0.095232	  0.121063	
  0.798358	  0.042630	  0.032219	  0.126793	
  0.067221	  0.146641	  0.081287	  0.704851	
  0.114380	  0.141109	  0.368533	  0.375978	
  0.447955	  0.095078	  0.322046	  0.134922	
  0.226418	  0.284970	  0.217540	  0.271072	
  0.214998	  0.296080	  0.212859	  0.276063	

URL http://cisbp.ccbr.utoronto.ca/TFreport.php?versionNumber=2.00&searchTF=T236937_2.00

MOTIF M00385_2.00 (TMUE_s0005007200)_(Mus_musculus)_(DBD_0.93)

letter-probability matrix: alength= 4 w= 8 nsites= 1 E= 0
  0.255055	  0.187069	  0.145689	  0.412187	
  0.156259	  0.305367	  0.217351	  0.321023	
  0.515678	  0.042755	  0.332115	  0.109452	
  0.874267	  0.000203	  0.046219	  0.079312	
  0.114396	  0.028210	  0.706034	  0.151360	
  0.240421	  0.043484	  0.196840	  0.519254	
  0.348669	  0.028336	  0.499757	  0.123239	
  0.135811	  0.293320	  0.330718	  0.240150	

URL http://cisbp.ccbr.utoronto.ca/TFreport.php?versionNumber=2.00&searchTF=T236916_2.00

MOTIF M00388_2.00 (TMUE_s0091002700)_(Mus_musculus)_(DBD_0.77)

letter-probability matrix: alength= 4 w= 10 nsites= 1 E= 0
  0.247073	  0.284202	  0.206373	  0.262352	
  0.149870	  0.075171	  0.040036	  0.734924	
  0.706549	  0.090958	  0.126519	  0.075974	
  0.851645	  0.008910	  0.044131	  0.095313	
  0.070692	  0.091682	  0.096383	  0.741243	
  0.120799	  0.217919	  0.226813	  0.434469	
  0.367812	  0.088905	  0.402450	  0.140833	
  0.215590	  0.296895	  0.274069	  0.213445	
  0.220651	  0.269503	  0.211999	  0.297847	
  0.238452	  0.238452	  0.243269	  0.279826	

URL http://cisbp.ccbr.utoronto.ca/TFreport.php?versionNumber=2.00&searchTF=T236949_2.00

MOTIF M00393_2.00 (TMUE_s0151002100)_(Mus_musculus)_(DBD_0.91)

letter-probability matrix: alength= 4 w= 8 nsites= 1 E= 0
  0.235698	  0.265748	  0.314993	  0.183561	
  0.194613	  0.361771	  0.230676	  0.212940	
  0.142042	  0.092400	  0.025949	  0.739610	
  0.699379	  0.079059	  0.175949	  0.045613	
  0.870945	  0.043362	  0.006683	  0.079010	
  0.058490	  0.192260	  0.064641	  0.684609	
  0.137513	  0.209290	  0.328232	  0.324966	
  0.380775	  0.133247	  0.314885	  0.171093	

URL http://cisbp.ccbr.utoronto.ca/TFreport.php?versionNumber=2.00&searchTF=T236954_2.00

MOTIF M00405_2.00 (TMUE_s0059000100)_(Mus_musculus)_(DBD_1.00)

letter-probability matrix: alength= 4 w= 9 nsites= 1 E= 0
  0.166699	  0.079535	  0.057179	  0.696587	
  0.658460	  0.072959	  0.164006	  0.104575	
  0.860814	  0.014554	  0.044163	  0.080469	
  0.057497	  0.058075	  0.037402	  0.847026	
  0.146493	  0.115235	  0.184376	  0.553896	
  0.427710	  0.071410	  0.368133	  0.132747	
  0.333758	  0.210696	  0.276004	  0.179543	
  0.279203	  0.233210	  0.202743	  0.284843	
  0.269584	  0.207863	  0.189973	  0.332580	

URL http://cisbp.ccbr.utoronto.ca/TFreport.php?versionNumber=2.00&searchTF=T236942_2.00

MOTIF M00407_2.00 (TMUE_s0104000900)_(Mus_musculus)_(DBD_0.98)

letter-probability matrix: alength= 4 w= 9 nsites= 1 E= 0
  0.295464	  0.173911	  0.204087	  0.326538	
  0.083726	  0.082068	  0.055565	  0.778641	
  0.003120	  0.034053	  0.960935	  0.001893	
  0.873497	  0.000758	  0.057541	  0.068204	
  0.019591	  0.939245	  0.007207	  0.033956	
  0.851816	  0.012030	  0.105359	  0.030796	
  0.150397	  0.123135	  0.540925	  0.185542	
  0.147020	  0.354449	  0.343974	  0.154557	
  0.187865	  0.236447	  0.144854	  0.430834	

URL http://cisbp.ccbr.utoronto.ca/TFreport.php?versionNumber=2.00&searchTF=T236951_2.00

MOTIF M00415_2.00 (TMUE_s0015012200)_(Mus_musculus)_(DBD_0.88)

letter-probability matrix: alength= 4 w= 9 nsites= 1 E= 0
  0.214819	  0.275834	  0.165637	  0.343710	
  0.156468	  0.031590	  0.029162	  0.782780	
  0.812989	  0.018187	  0.092825	  0.075999	
  0.970114	  0.005298	  0.018493	  0.006095	
  0.033505	  0.020526	  0.194747	  0.751222	
  0.084599	  0.778927	  0.049300	  0.087175	
  0.054735	  0.673516	  0.068890	  0.202859	
  0.203348	  0.355996	  0.215922	  0.224734	
  0.226520	  0.293780	  0.211205	  0.268495	

URL http://cisbp.ccbr.utoronto.ca/TFreport.php?versionNumber=2.00&searchTF=T236926_2.00

MOTIF M00418_2.00 (TMUE_s0014003700)_(Mus_musculus)_(DBD_0.90)

letter-probability matrix: alength= 4 w= 8 nsites= 1 E= 0
  0.244685	  0.262426	  0.184929	  0.307960	
  0.195722	  0.063860	  0.036477	  0.703941	
  0.712083	  0.037645	  0.106505	  0.143767	
  0.921471	  0.039884	  0.018840	  0.019806	
  0.072358	  0.024572	  0.250040	  0.653030	
  0.149500	  0.630995	  0.082872	  0.136633	
  0.112604	  0.499634	  0.129525	  0.258237	
  0.173100	  0.309164	  0.276959	  0.240777	

URL http://cisbp.ccbr.utoronto.ca/TFreport.php?versionNumber=2.00&searchTF=T236924_2.00

MOTIF M00426_2.00 (TMUE_s0029006400)_(Mus_musculus)_(DBD_0.90)

letter-probability matrix: alength= 4 w= 9 nsites= 1 E= 0
  0.269860	  0.244180	  0.310413	  0.175547	
  0.222956	  0.322782	  0.189991	  0.264271	
  0.095770	  0.046616	  0.010402	  0.847212	
  0.799391	  0.056478	  0.097891	  0.046240	
  0.967307	  0.000597	  0.022077	  0.010019	
  0.039713	  0.048993	  0.055795	  0.855498	
  0.112128	  0.104548	  0.131584	  0.651740	
  0.377268	  0.097803	  0.400597	  0.124332	
  0.274391	  0.207380	  0.363054	  0.155175	

URL http://cisbp.ccbr.utoronto.ca/TFreport.php?versionNumber=2.00&searchTF=T236931_2.00

MOTIF M00427_2.00 (TMUE_s0047003300)_(Mus_musculus)_(DBD_0.70)

letter-probability matrix: alength= 4 w= 9 nsites= 1 E= 0
  0.168479	  0.163500	  0.146469	  0.521553	
  0.211125	  0.111324	  0.092061	  0.585490	
  0.332803	  0.037621	  0.152559	  0.477017	
  0.833329	  0.023463	  0.043182	  0.100026	
  0.015491	  0.177732	  0.064089	  0.742688	
  0.151377	  0.075927	  0.326939	  0.445757	
  0.427605	  0.074307	  0.394730	  0.103358	
  0.140060	  0.392316	  0.217472	  0.250152	
  0.235202	  0.305040	  0.214958	  0.244800	

URL http://cisbp.ccbr.utoronto.ca/TFreport.php?versionNumber=2.00&searchTF=T236940_2.00

MOTIF M00433_2.00 (TMUE_s0071002000)_(Mus_musculus)_(DBD_0.86)

letter-probability matrix: alength= 4 w= 9 nsites= 1 E= 0
  0.239869	  0.317378	  0.190584	  0.252168	
  0.133763	  0.050707	  0.022333	  0.793196	
  0.850989	  0.020830	  0.051749	  0.076432	
  0.959274	  0.011777	  0.004509	  0.024439	
  0.324957	  0.077765	  0.136141	  0.461136	
  0.139125	  0.306548	  0.136371	  0.417956	
  0.193728	  0.061958	  0.611831	  0.132483	
  0.201560	  0.269370	  0.319285	  0.209785	
  0.174474	  0.290550	  0.187125	  0.347851	

URL http://cisbp.ccbr.utoronto.ca/TFreport.php?versionNumber=2.00&searchTF=T236945_2.00

MOTIF M00441_2.00 (TMUE_s0010005200)_(Mus_musculus)_(DBD_0.56)

letter-probability matrix: alength= 4 w= 9 nsites= 1 E= 0
  0.212858	  0.299055	  0.164125	  0.323962	
  0.153798	  0.038307	  0.030742	  0.777153	
  0.777780	  0.031389	  0.089698	  0.101134	
  0.945835	  0.014470	  0.014615	  0.025080	
  0.045414	  0.028101	  0.156932	  0.769554	
  0.119773	  0.689246	  0.071208	  0.119773	
  0.076693	  0.566686	  0.114412	  0.242210	
  0.157784	  0.314576	  0.287500	  0.240141	
  0.219437	  0.296208	  0.221642	  0.262713	

URL http://cisbp.ccbr.utoronto.ca/TFreport.php?versionNumber=2.00&searchTF=T236921_2.00

MOTIF M00443_2.00 (TMUE_s0002002300)_(Mus_musculus)_(DBD_0.91)

letter-probability matrix: alength= 4 w= 8 nsites= 1 E= 0
  0.205661	  0.300734	  0.189849	  0.303757	
  0.125034	  0.075837	  0.035114	  0.764015	
  0.752473	  0.068263	  0.113678	  0.065586	
  0.947059	  0.000567	  0.020767	  0.031606	
  0.052681	  0.078591	  0.069010	  0.799717	
  0.162578	  0.134445	  0.157773	  0.545203	
  0.352715	  0.124669	  0.349206	  0.173410	
  0.314813	  0.200734	  0.311680	  0.172773	

URL http://cisbp.ccbr.utoronto.ca/TFreport.php?versionNumber=2.00&searchTF=T236914_2.00

MOTIF M00450_2.00 (TMUE_s0047003000)_(Mus_musculus)_(DBD_0.86)

letter-probability matrix: alength= 4 w= 9 nsites= 1 E= 0
  0.196325	  0.259764	  0.216973	  0.326938	
  0.168024	  0.144619	  0.100897	  0.586460	
  0.700378	  0.000665	  0.217374	  0.081583	
  0.964678	  0.000287	  0.006765	  0.028270	
  0.099760	  0.022937	  0.086727	  0.790576	
  0.079382	  0.133523	  0.297160	  0.489935	
  0.592997	  0.034302	  0.309572	  0.063130	
  0.209422	  0.321935	  0.297183	  0.171460	
  0.160609	  0.343427	  0.206226	  0.289737	

URL http://cisbp.ccbr.utoronto.ca/TFreport.php?versionNumber=2.00&searchTF=T236939_2.00

MOTIF M00458_2.00 (TMUE_s0006007900)_(Mus_musculus)_(DBD_1.00)

letter-probability matrix: alength= 4 w= 7 nsites= 1 E= 0
  0.207112	  0.268610	  0.252968	  0.271310	
  0.229210	  0.070431	  0.130927	  0.569432	
  0.521448	  0.073450	  0.236656	  0.168445	
  0.627941	  0.108034	  0.128053	  0.135972	
  0.172464	  0.088251	  0.270478	  0.468806	
  0.209059	  0.140136	  0.302661	  0.348144	
  0.255000	  0.139947	  0.428917	  0.176137	

URL http://cisbp.ccbr.utoronto.ca/TFreport.php?versionNumber=2.00&searchTF=T236917_2.00

MOTIF M00476_2.00 (TMUE_s0047002200)_(Mus_musculus)_(DBD_0.86)

letter-probability matrix: alength= 4 w= 9 nsites= 1 E= 0
  0.219817	  0.202917	  0.222026	  0.355240	
  0.214850	  0.129017	  0.132946	  0.523188	
  0.513373	  0.061621	  0.131763	  0.293243	
  0.787783	  0.015788	  0.077418	  0.119012	
  0.061583	  0.194490	  0.104625	  0.639303	
  0.168088	  0.140399	  0.363030	  0.328483	
  0.320844	  0.119218	  0.380298	  0.179640	
  0.183628	  0.344782	  0.238153	  0.233437	
  0.224687	  0.297291	  0.224687	  0.253334	

URL http://cisbp.ccbr.utoronto.ca/TFreport.php?versionNumber=2.00&searchTF=T236936_2.00

MOTIF M00483_2.00 (TMUE_s0001027500)_(Mus_musculus)_(DBD_0.98)

letter-probability matrix: alength= 4 w= 7 nsites= 1 E= 0
  0.247356	  0.242458	  0.265291	  0.244895	
  0.187686	  0.245862	  0.203318	  0.363134	
  0.206531	  0.145540	  0.437226	  0.210703	
  0.818609	  0.111900	  0.033704	  0.035788	
  0.126658	  0.170970	  0.099632	  0.602740	
  0.539508	  0.337193	  0.043409	  0.079890	
  0.146793	  0.419484	  0.179294	  0.254430	

URL http://cisbp.ccbr.utoronto.ca/TFreport.php?versionNumber=2.00&searchTF=T236913_2.00

MOTIF M00487_2.00 (TMUE_s0010003900)_(Mus_musculus)_(DBD_0.77)

letter-probability matrix: alength= 4 w= 8 nsites= 1 E= 0
  0.245580	  0.266033	  0.173057	  0.315330	
  0.119000	  0.042484	  0.026819	  0.811696	
  0.775973	  0.070395	  0.099895	  0.053738	
  0.952272	  0.000511	  0.019863	  0.027354	
  0.039124	  0.063862	  0.062598	  0.834416	
  0.140547	  0.106223	  0.141959	  0.611271	
  0.355145	  0.111333	  0.377106	  0.156417	
  0.288606	  0.209571	  0.335312	  0.166511	

URL http://cisbp.ccbr.utoronto.ca/TFreport.php?versionNumber=2.00&searchTF=T236920_2.00

MOTIF M00516_2.00 (TMUE_s0106002100)_(Mus_musculus)_(DBD_0.90)

letter-probability matrix: alength= 4 w= 9 nsites= 1 E= 0
  0.266806	  0.229642	  0.205721	  0.297830	
  0.116229	  0.082729	  0.031676	  0.769366	
  0.886269	  0.000274	  0.097224	  0.016233	
  0.956010	  0.016164	  0.000365	  0.027461	
  0.057873	  0.196026	  0.082125	  0.663976	
  0.104695	  0.230685	  0.333971	  0.330648	
  0.326888	  0.077449	  0.441252	  0.154411	
  0.189730	  0.271946	  0.338866	  0.199458	
  0.170012	  0.319216	  0.175189	  0.335583	

URL http://cisbp.ccbr.utoronto.ca/TFreport.php?versionNumber=2.00&searchTF=T236952_2.00

MOTIF M00522_2.00 (TMUE_s0079003400)_(Mus_musculus)_(DBD_0.84)

letter-probability matrix: alength= 4 w= 9 nsites= 1 E= 0
  0.287806	  0.198798	  0.247717	  0.265679	
  0.306685	  0.119800	  0.155372	  0.418143	
  0.132401	  0.166640	  0.077156	  0.623803	
  0.569683	  0.060044	  0.193462	  0.176811	
  0.836303	  0.006482	  0.067289	  0.089926	
  0.091438	  0.019023	  0.056017	  0.833522	
  0.170676	  0.136971	  0.304834	  0.387520	
  0.473486	  0.077488	  0.323799	  0.125226	
  0.169558	  0.321564	  0.305881	  0.202998	

URL http://cisbp.ccbr.utoronto.ca/TFreport.php?versionNumber=2.00&searchTF=T236948_2.00

MOTIF M00524_2.00 (TMUE_s0023002700)_(Mus_musculus)_(DBD_0.88)

letter-probability matrix: alength= 4 w= 10 nsites= 1 E= 0
  0.221818	  0.204764	  0.161073	  0.412344	
  0.207435	  0.166471	  0.084337	  0.541758	
  0.621586	  0.036682	  0.185355	  0.156378	
  0.910510	  0.013383	  0.034261	  0.041846	
  0.138801	  0.083349	  0.268550	  0.509300	
  0.088820	  0.300850	  0.045450	  0.564880	
  0.170729	  0.062808	  0.652021	  0.114443	
  0.204093	  0.304470	  0.254315	  0.237122	
  0.175698	  0.304530	  0.186563	  0.333209	
  0.196959	  0.273964	  0.238173	  0.290905	

URL http://cisbp.ccbr.utoronto.ca/TFreport.php?versionNumber=2.00&searchTF=T236930_2.00

MOTIF M00554_2.00 (TMUE_s0047001500)_(Drosophila_melanogaster)_(DBD_0.90)

letter-probability matrix: alength= 4 w= 10 nsites= 1 E= 0
  0.251496	  0.177226	  0.199822	  0.371455	
  0.148997	  0.073254	  0.136173	  0.641576	
  0.122081	  0.052704	  0.056525	  0.768690	
  0.381649	  0.037883	  0.070422	  0.510046	
  0.882245	  0.000299	  0.060489	  0.056967	
  0.048121	  0.268735	  0.096905	  0.586239	
  0.165526	  0.087281	  0.407129	  0.340063	
  0.403411	  0.084771	  0.354234	  0.157584	
  0.125944	  0.405791	  0.231791	  0.236474	
  0.189990	  0.335953	  0.201738	  0.272318	

URL http://cisbp.ccbr.utoronto.ca/TFreport.php?versionNumber=2.00&searchTF=T236934_2.00

MOTIF M00557_2.00 (TMUE_s0004009300)_(Drosophila_melanogaster)_(DBD_0.93)

letter-probability matrix: alength= 4 w= 9 nsites= 1 E= 0
  0.243483	  0.258539	  0.306448	  0.191530	
  0.206850	  0.317982	  0.181634	  0.293534	
  0.110856	  0.033389	  0.011684	  0.844070	
  0.894610	  0.051233	  0.053860	  0.000297	
  0.947543	  0.000984	  0.023427	  0.028047	
  0.139344	  0.033346	  0.087090	  0.740219	
  0.192569	  0.124022	  0.232864	  0.450544	
  0.357775	  0.064709	  0.468673	  0.108843	
  0.187431	  0.305947	  0.291025	  0.215597	

URL http://cisbp.ccbr.utoronto.ca/TFreport.php?versionNumber=2.00&searchTF=T236915_2.00

MOTIF M00638_2.00 (TMUE_s0016009100)_(Caenorhabditis_elegans)_(DBD_0.80)

letter-probability matrix: alength= 4 w= 10 nsites= 1 E= 0
  0.210067	  0.246516	  0.190077	  0.353339	
  0.208071	  0.223158	  0.264511	  0.304260	
  0.273165	  0.099492	  0.172444	  0.454899	
  0.377830	  0.255813	  0.134888	  0.231469	
  0.223435	  0.756818	  0.000076	  0.019671	
  0.002609	  0.971445	  0.014714	  0.011232	
  0.010416	  0.002468	  0.001382	  0.985734	
  0.008187	  0.965392	  0.000305	  0.026116	
  0.575778	  0.180498	  0.152280	  0.091444	
  0.290872	  0.279467	  0.181796	  0.247865	

URL http://cisbp.ccbr.utoronto.ca/TFreport.php?versionNumber=2.00&searchTF=T157886_2.00

MOTIF M00641_2.00 (TMUE_s0041001100)_(Caenorhabditis_elegans)_(DBD_0.88)

letter-probability matrix: alength= 4 w= 10 nsites= 1 E= 0
  0.423533	  0.155809	  0.281078	  0.139579	
  0.237052	  0.254240	  0.246726	  0.261983	
  0.030814	  0.031436	  0.032719	  0.905030	
  0.022675	  0.003426	  0.973874	  0.000025	
  0.814440	  0.000029	  0.035251	  0.150280	
  0.015413	  0.958364	  0.007208	  0.019015	
  0.025164	  0.968160	  0.002260	  0.004417	
  0.560196	  0.106515	  0.269963	  0.063325	
  0.199576	  0.322529	  0.241337	  0.236558	
  0.194301	  0.267577	  0.146849	  0.391273	

URL http://cisbp.ccbr.utoronto.ca/TFreport.php?versionNumber=2.00&searchTF=T157896_2.00

MOTIF M00656_2.00 (TMUE_s0076000800)_(Caenorhabditis_elegans)_(DBD_0.89)

letter-probability matrix: alength= 4 w= 10 nsites= 1 E= 0
  0.399025	  0.136869	  0.188486	  0.275620	
  0.310127	  0.107445	  0.086227	  0.496201	
  0.141909	  0.062501	  0.661946	  0.133645	
  0.088249	  0.038098	  0.002204	  0.871450	
  0.698396	  0.039204	  0.103419	  0.158981	
  0.217536	  0.066179	  0.106951	  0.609334	
  0.133729	  0.655771	  0.067075	  0.143425	
  0.388300	  0.157871	  0.198697	  0.255132	
  0.411135	  0.162215	  0.172246	  0.254404	
  0.291260	  0.149040	  0.185715	  0.373985	

URL http://cisbp.ccbr.utoronto.ca/TFreport.php?versionNumber=2.00&searchTF=T170104_2.00

MOTIF M00708_2.00 (TMUE_s0183000500)_(Caenorhabditis_elegans)_(DBD_0.73)

letter-probability matrix: alength= 4 w= 10 nsites= 1 E= 0
  0.168663	  0.275311	  0.239344	  0.316683	
  0.176492	  0.296864	  0.205054	  0.321589	
  0.099868	  0.334905	  0.233655	  0.331572	
  0.572889	  0.124051	  0.200475	  0.102585	
  0.711682	  0.128719	  0.063284	  0.096316	
  0.139239	  0.068456	  0.676002	  0.116303	
  0.601869	  0.036600	  0.275901	  0.085630	
  0.375126	  0.319661	  0.021699	  0.283514	
  0.395081	  0.114330	  0.326716	  0.163873	
  0.242351	  0.212807	  0.230531	  0.314312	

URL http://cisbp.ccbr.utoronto.ca/TFreport.php?versionNumber=2.00&searchTF=T316811_2.00

MOTIF M00818_2.00 (TMUE_s0013009800)_(Mus_musculus)_(DBD_0.87)

letter-probability matrix: alength= 4 w= 8 nsites= 1 E= 0
  0.722222	  0.013889	  0.138889	  0.125000	
  0.814433	  0.010309	  0.051546	  0.123711	
  0.972727	  0.009091	  0.009091	  0.009091	
  0.009009	  0.009009	  0.747748	  0.234234	
  0.026786	  0.008929	  0.946429	  0.017857	
  0.008929	  0.098214	  0.089286	  0.803571	
  0.009615	  0.836538	  0.019231	  0.134615	
  0.790123	  0.024691	  0.160494	  0.024691	

URL http://cisbp.ccbr.utoronto.ca/TFreport.php?versionNumber=2.00&searchTF=T310871_2.00

MOTIF M00835_2.00 (TMUE_s0080002600)_(Mus_musculus)_(DBD_0.75)

letter-probability matrix: alength= 4 w= 10 nsites= 1 E= 0
  0.353916	  0.145338	  0.298586	  0.202160	
  0.672425	  0.040081	  0.179628	  0.107866	
  0.197985	  0.109748	  0.606795	  0.085472	
  0.020276	  0.028773	  0.924656	  0.026296	
  0.003890	  0.062703	  0.000398	  0.933009	
  0.011365	  0.014304	  0.973157	  0.001174	
  0.090981	  0.133040	  0.018005	  0.757974	
  0.038779	  0.216564	  0.449388	  0.295269	
  0.873100	  0.020533	  0.080002	  0.026365	
  0.522605	  0.163829	  0.139606	  0.173960	

URL http://cisbp.ccbr.utoronto.ca/TFreport.php?versionNumber=2.00&searchTF=T342026_2.00

MOTIF M01481_2.00 (TMUE_s0095001200)_(Mus_musculus)_(DBD_0.80)

letter-probability matrix: alength= 4 w= 10 nsites= 1 E= 0
  0.276546	  0.257850	  0.250229	  0.215374	
  0.410218	  0.140708	  0.306951	  0.142122	
  0.125944	  0.623803	  0.164982	  0.085271	
  0.111066	  0.862749	  0.019888	  0.006297	
  0.002234	  0.000095	  0.996033	  0.001638	
  0.002038	  0.001118	  0.994227	  0.002617	
  0.960448	  0.004746	  0.008563	  0.026243	
  0.757690	  0.043828	  0.015337	  0.183144	
  0.262154	  0.154305	  0.522660	  0.060882	
  0.128267	  0.297113	  0.103971	  0.470649	

URL http://cisbp.ccbr.utoronto.ca/TFreport.php?versionNumber=2.00&searchTF=T178876_2.00

MOTIF M01658_2.00 (TMUE_s0285000200)_(Microcebus_murinus)_(DBD_0.86)

letter-probability matrix: alength= 4 w= 9 nsites= 1 E= 0
  0.249746	  0.228250	  0.225979	  0.296025	
  0.367305	  0.115145	  0.222782	  0.294769	
  0.999306	  0.000101	  0.000207	  0.000386	
  0.011416	  0.010644	  0.010125	  0.967814	
  0.260879	  0.312329	  0.049110	  0.377683	
  0.725817	  0.056673	  0.102237	  0.115272	
  0.636466	  0.102098	  0.122233	  0.139203	
  0.489639	  0.107090	  0.176561	  0.226709	
  0.310029	  0.225127	  0.184318	  0.280526	

URL http://cisbp.ccbr.utoronto.ca/TFreport.php?versionNumber=2.00&searchTF=T016746_2.00

MOTIF M01718_2.00 (TMUE_s0004013100)_(Mus_musculus)_(DBD_0.94)

letter-probability matrix: alength= 4 w= 10 nsites= 1 E= 0
  0.365483	  0.272271	  0.181123	  0.181123	
  0.744728	  0.154736	  0.050268	  0.050268	
  0.000139	  0.999582	  0.000139	  0.000139	
  0.999582	  0.000139	  0.000139	  0.000139	
  0.000139	  0.210614	  0.000139	  0.789108	
  0.782721	  0.000139	  0.217001	  0.000139	
  0.000139	  0.000139	  0.000139	  0.999582	
  0.000139	  0.000139	  0.999582	  0.000139	
  0.069016	  0.069016	  0.579511	  0.282456	
  0.199871	  0.298430	  0.199871	  0.301828	

URL http://cisbp.ccbr.utoronto.ca/TFreport.php?versionNumber=2.00&searchTF=T055292_2.00

MOTIF M01821_2.00 (TMUE_s0169000400)_(Mus_musculus)_(DBD_0.85)

letter-probability matrix: alength= 4 w= 10 nsites= 1 E= 0
  0.183122	  0.183122	  0.270541	  0.363215	
  0.645397	  0.087274	  0.180054	  0.087274	
  0.000184	  0.000184	  0.000184	  0.999448	
  0.000184	  0.000184	  0.724689	  0.274944	
  0.999448	  0.000184	  0.000184	  0.000184	
  0.000184	  0.999448	  0.000184	  0.000184	
  0.000184	  0.000184	  0.999448	  0.000184	
  0.000184	  0.000184	  0.000184	  0.999448	
  0.547966	  0.317911	  0.067062	  0.067062	
  0.511272	  0.162909	  0.162909	  0.162909	

URL http://cisbp.ccbr.utoronto.ca/TFreport.php?versionNumber=2.00&searchTF=T075413_2.00

MOTIF M01903_2.00 (TMUE_s0011007500)_(Caenorhabditis_elegans)_(DBD_0.83)

letter-probability matrix: alength= 4 w= 9 nsites= 1 E= 0
  0.230911	  0.224086	  0.262968	  0.282035	
  0.269525	  0.209906	  0.264188	  0.256380	
  0.283198	  0.178778	  0.291823	  0.246201	
  0.153491	  0.064952	  0.745191	  0.036366	
  0.485724	  0.054907	  0.315968	  0.143400	
  0.185229	  0.092907	  0.000174	  0.721690	
  0.451981	  0.073969	  0.434259	  0.039791	
  0.183594	  0.056414	  0.557089	  0.202902	
  0.369364	  0.118130	  0.213105	  0.299401	

URL http://cisbp.ccbr.utoronto.ca/TFreport.php?versionNumber=2.00&searchTF=T165935_2.00

MOTIF M01978_2.00 (TMUE_s0015008700)_(Homo_sapiens)_(DBD_0.92)

letter-probability matrix: alength= 4 w= 8 nsites= 1 E= 0
  0.374378	  0.001244	  0.623134	  0.001244	
  0.001106	  0.001106	  0.001106	  0.996681	
  0.996681	  0.001106	  0.001106	  0.001106	
  0.996681	  0.001106	  0.001106	  0.001106	
  0.996681	  0.001106	  0.001106	  0.001106	
  0.001106	  0.996681	  0.001106	  0.001106	
  0.996681	  0.001106	  0.001106	  0.001106	
  0.498344	  0.167219	  0.001656	  0.332781	

URL http://cisbp.ccbr.utoronto.ca/TFreport.php?versionNumber=2.00&searchTF=T191262_2.00

MOTIF M01983_2.00 (TMUE_s0064000400)_(Mus_musculus)_(DBD_0.81)

letter-probability matrix: alength= 4 w= 10 nsites= 1 E= 0
  0.102112	  0.067092	  0.053307	  0.777489	
  0.362449	  0.058726	  0.519509	  0.059316	
  0.054231	  0.043959	  0.036352	  0.865457	
  0.070983	  0.066184	  0.133278	  0.729556	
  0.058529	  0.070072	  0.232646	  0.638753	
  0.740400	  0.032694	  0.155585	  0.071321	
  0.055893	  0.701648	  0.033229	  0.209230	
  0.506065	  0.128595	  0.081996	  0.283345	
  0.116043	  0.255689	  0.108198	  0.520070	
  0.527746	  0.060257	  0.082156	  0.329842	

URL http://cisbp.ccbr.utoronto.ca/TFreport.php?versionNumber=2.00&searchTF=T191268_2.00

MOTIF M01989_2.00 (TMUE_s0073000800)_(Caenorhabditis_elegans)_(DBD_0.83)

letter-probability matrix: alength= 4 w= 10 nsites= 1 E= 0
  0.259111	  0.218603	  0.241594	  0.280692	
  0.227954	  0.262210	  0.239641	  0.270195	
  0.343013	  0.106460	  0.496592	  0.053934	
  0.238807	  0.129756	  0.044065	  0.587372	
  0.586793	  0.294321	  0.041045	  0.077841	
  0.799746	  0.117248	  0.029794	  0.053213	
  0.865620	  0.030068	  0.050071	  0.054241	
  0.033723	  0.691019	  0.013305	  0.261953	
  0.852964	  0.038812	  0.039596	  0.068629	
  0.355570	  0.215664	  0.195141	  0.233626	

URL http://cisbp.ccbr.utoronto.ca/TFreport.php?versionNumber=2.00&searchTF=T191269_2.00

MOTIF M02087_2.00 (TMUE_s0007001000)_(Homo_sapiens)_(DBD_0.82)

letter-probability matrix: alength= 4 w= 10 nsites= 1 E= 0
  0.282120	  0.189111	  0.191011	  0.337759	
  0.048567	  0.293812	  0.035621	  0.622000	
  0.679396	  0.029114	  0.290384	  0.001107	
  0.556725	  0.084951	  0.138666	  0.219658	
  0.290498	  0.156272	  0.153177	  0.400053	
  0.222887	  0.212017	  0.248804	  0.316292	
  0.284099	  0.198209	  0.340129	  0.177563	
  0.221959	  0.276578	  0.302625	  0.198838	
  0.216114	  0.261336	  0.224934	  0.297617	
  0.239894	  0.252194	  0.214905	  0.293007	

URL http://cisbp.ccbr.utoronto.ca/TFreport.php?versionNumber=2.00&searchTF=T236918_2.00

MOTIF M02112_2.00 (TMUE_s0079002100)_(Drosophila_melanogaster)_(DBD_0.96)

letter-probability matrix: alength= 4 w= 10 nsites= 1 E= 0
  0.248652	  0.156039	  0.439269	  0.156039	
  0.235559	  0.409426	  0.243856	  0.111159	
  0.000140	  0.000140	  0.000140	  0.999581	
  0.999581	  0.000140	  0.000140	  0.000140	
  0.999581	  0.000140	  0.000140	  0.000140	
  0.000140	  0.000140	  0.000140	  0.999581	
  0.000140	  0.000140	  0.000140	  0.999581	
  0.999581	  0.000140	  0.000140	  0.000140	
  0.270161	  0.309740	  0.212726	  0.207374	
  0.227694	  0.227694	  0.227694	  0.316917	

URL http://cisbp.ccbr.utoronto.ca/TFreport.php?versionNumber=2.00&searchTF=T236947_2.00

MOTIF M02114_2.00 (TMUE_s0011000900)_(Drosophila_melanogaster)_(DBD_0.74)

letter-probability matrix: alength= 4 w= 9 nsites= 1 E= 0
  0.134584	  0.408378	  0.129307	  0.327731	
  0.081007	  0.082644	  0.003760	  0.832588	
  0.917579	  0.035224	  0.037403	  0.009794	
  0.976827	  0.001575	  0.006199	  0.015399	
  0.023296	  0.008071	  0.016916	  0.951717	
  0.078443	  0.045258	  0.284968	  0.591331	
  0.706465	  0.016950	  0.244759	  0.031826	
  0.168184	  0.356045	  0.318957	  0.156814	
  0.118714	  0.360221	  0.248817	  0.272249	

URL http://cisbp.ccbr.utoronto.ca/TFreport.php?versionNumber=2.00&searchTF=T236922_2.00

MOTIF M02116_2.00 (TMUE_s0069003400)_(Drosophila_melanogaster)_(DBD_0.87)

letter-probability matrix: alength= 4 w= 10 nsites= 1 E= 0
  0.253051	  0.238314	  0.279665	  0.228970	
  0.242653	  0.302365	  0.260248	  0.194734	
  0.195915	  0.264458	  0.272512	  0.267116	
  0.289959	  0.184886	  0.184886	  0.340270	
  0.356070	  0.158401	  0.280095	  0.205435	
  0.793922	  0.007822	  0.142164	  0.056092	
  0.130027	  0.075773	  0.143702	  0.650499	
  0.108948	  0.192650	  0.185096	  0.513306	
  0.487798	  0.044252	  0.372375	  0.095574	
  0.230097	  0.239487	  0.313720	  0.216697	

URL http://cisbp.ccbr.utoronto.ca/TFreport.php?versionNumber=2.00&searchTF=T236944_2.00

MOTIF M02120_2.00 (TMUE_s0021003200)_(Drosophila_melanogaster)_(DBD_0.88)

letter-probability matrix: alength= 4 w= 8 nsites= 1 E= 0
  0.207448	  0.325343	  0.141866	  0.325343	
  0.070500	  0.046787	  0.081909	  0.800803	
  0.823901	  0.041432	  0.064978	  0.069690	
  0.800902	  0.045410	  0.085263	  0.068425	
  0.078337	  0.041722	  0.098595	  0.781347	
  0.084961	  0.693803	  0.089317	  0.131919	
  0.101356	  0.577459	  0.132772	  0.188413	
  0.148880	  0.348326	  0.299807	  0.202987	

URL http://cisbp.ccbr.utoronto.ca/TFreport.php?versionNumber=2.00&searchTF=T236929_2.00

MOTIF M02154_2.00 (TMUE_s0046003700)_(Nematostella_vectensis)_(DBD_0.61)

letter-probability matrix: alength= 4 w= 10 nsites= 1 E= 0
  0.192273	  0.317005	  0.170531	  0.320191	
  0.116674	  0.062764	  0.000496	  0.820066	
  0.859425	  0.071971	  0.067780	  0.000824	
  0.959463	  0.001047	  0.018660	  0.020830	
  0.035049	  0.025965	  0.035049	  0.903936	
  0.160799	  0.026580	  0.343832	  0.468789	
  0.536165	  0.050121	  0.341874	  0.071840	
  0.234394	  0.277828	  0.307048	  0.180730	
  0.173039	  0.312161	  0.240692	  0.274107	
  0.177059	  0.322623	  0.241407	  0.258911	

URL http://cisbp.ccbr.utoronto.ca/TFreport.php?versionNumber=2.00&searchTF=T236933_2.00

MOTIF M02388_2.00 (TMUE_s0002001200)_(Aedes_aegypti)_(DBD_0.93)

letter-probability matrix: alength= 4 w= 7 nsites= 1 E= 0
  0.216235	  0.261482	  0.332409	  0.189875	
  0.458281	  0.091605	  0.427298	  0.022816	
  0.000000	  0.000000	  0.882881	  0.117119	
  0.000000	  0.000000	  0.959301	  0.040699	
  0.000001	  0.000000	  0.010252	  0.989748	
  0.001291	  0.884772	  0.042748	  0.071188	
  0.722899	  0.000287	  0.276793	  0.000020	

URL http://cisbp.ccbr.utoronto.ca/TFreport.php?versionNumber=2.00&searchTF=T310865_2.00

MOTIF M02394_2.00 (TMUE_s0002021300)_(Homo_sapiens)_(DBD_0.64)

letter-probability matrix: alength= 4 w= 10 nsites= 1 E= 0
  0.346956	  0.221671	  0.130706	  0.300668	
  0.153582	  0.051885	  0.742649	  0.051885	
  0.906497	  0.093236	  0.000133	  0.000133	
  0.000133	  0.085093	  0.914640	  0.000133	
  0.000133	  0.000133	  0.999600	  0.000133	
  0.000133	  0.000133	  0.000133	  0.999600	
  0.000133	  0.999600	  0.000133	  0.000133	
  0.999600	  0.000133	  0.000133	  0.000133	
  0.433349	  0.119428	  0.327796	  0.119428	
  0.198249	  0.198249	  0.198249	  0.405254	

URL http://cisbp.ccbr.utoronto.ca/TFreport.php?versionNumber=2.00&searchTF=T310867_2.00

MOTIF M02397_2.00 (TMUE_s0022010900)_(Homo_sapiens)_(DBD_0.69)

letter-probability matrix: alength= 4 w= 8 nsites= 1 E= 0
  0.446216	  0.173579	  0.380122	  0.000083	
  0.000059	  0.000059	  0.999824	  0.000059	
  0.000058	  0.000058	  0.970592	  0.029291	
  0.000058	  0.000058	  0.000058	  0.999825	
  0.000058	  0.999825	  0.000058	  0.000058	
  0.993943	  0.000059	  0.005940	  0.000059	
  0.284605	  0.299985	  0.161566	  0.253845	
  0.227283	  0.284075	  0.284075	  0.204566	

URL http://cisbp.ccbr.utoronto.ca/TFreport.php?versionNumber=2.00&searchTF=T310872_2.00

MOTIF M02408_2.00 (TMUE_s0114001400)_(Drosophila_melanogaster)_(DBD_0.81)

letter-probability matrix: alength= 4 w= 12 nsites= 1 E= 0
  0.200832	  0.200832	  0.200832	  0.397504	
  0.198971	  0.109814	  0.581401	  0.109814	
  0.760318	  0.194141	  0.022771	  0.022771	
  0.106323	  0.329688	  0.541218	  0.022771	
  0.000202	  0.000202	  0.999393	  0.000202	
  0.000202	  0.000202	  0.000202	  0.999393	
  0.000202	  0.999393	  0.000202	  0.000202	
  0.999393	  0.000202	  0.000202	  0.000202	
  0.756390	  0.049370	  0.144869	  0.049370	
  0.226166	  0.140388	  0.230661	  0.402784	
  0.227432	  0.227432	  0.227432	  0.317705	
  0.227432	  0.227432	  0.227432	  0.317705	

URL http://cisbp.ccbr.utoronto.ca/TFreport.php?versionNumber=2.00&searchTF=T310877_2.00

MOTIF M02422_2.00 (TMUE_s0001000700)_(Brugia_pahangi)_(DBD_0.90)

letter-probability matrix: alength= 4 w= 8 nsites= 1 E= 0
  0.277757	  0.222243	  0.259252	  0.240748	
  0.587331	  0.000125	  0.412419	  0.000125	
  0.000107	  0.000107	  0.999678	  0.000107	
  0.000107	  0.000107	  0.999678	  0.000107	
  0.000107	  0.000107	  0.000107	  0.999678	
  0.000107	  0.999678	  0.000107	  0.000107	
  0.988929	  0.000107	  0.010856	  0.000107	
  0.338407	  0.276907	  0.138530	  0.246156	

URL http://cisbp.ccbr.utoronto.ca/TFreport.php?versionNumber=2.00&searchTF=T310864_2.00

MOTIF M02424_2.00 (TMUE_s0091003400)_(Acropora_millepora)_(DBD_0.71)

letter-probability matrix: alength= 4 w= 9 nsites= 1 E= 0
  0.445561	  0.243383	  0.155528	  0.155528	
  0.456324	  0.000121	  0.543434	  0.000121	
  0.999636	  0.000121	  0.000121	  0.000121	
  0.000121	  0.000121	  0.999636	  0.000121	
  0.000121	  0.000121	  0.999636	  0.000121	
  0.000121	  0.000121	  0.000121	  0.999636	
  0.000121	  0.999636	  0.000121	  0.000121	
  0.999636	  0.000121	  0.000121	  0.000121	
  0.279656	  0.294605	  0.177165	  0.248575	

URL http://cisbp.ccbr.utoronto.ca/TFreport.php?versionNumber=2.00&searchTF=T310876_2.00

MOTIF M02425_2.00 (TMUE_s0017010200)_(Danio_rerio)_(DBD_0.89)

letter-probability matrix: alength= 4 w= 10 nsites= 1 E= 0
  0.160399	  0.501531	  0.057264	  0.280806	
  0.488862	  0.167684	  0.242761	  0.100693	
  0.231052	  0.247805	  0.305712	  0.215431	
  0.015981	  0.317798	  0.063524	  0.602697	
  0.084598	  0.458476	  0.406631	  0.050295	
  0.622700	  0.008620	  0.258285	  0.110395	
  0.394790	  0.162123	  0.126261	  0.316826	
  0.085544	  0.336647	  0.522715	  0.055094	
  0.064856	  0.751575	  0.036313	  0.147256	
  0.306352	  0.055965	  0.575210	  0.062473	

URL http://cisbp.ccbr.utoronto.ca/TFreport.php?versionNumber=2.00&searchTF=T313000_2.00

MOTIF M02453_2.00 (TMUE_s0029001200)_(Apis_mellifera)_(DBD_0.89)

letter-probability matrix: alength= 4 w= 10 nsites= 1 E= 0
  0.064581	  0.002968	  0.923263	  0.009188	
  0.023968	  0.045912	  0.044112	  0.886008	
  0.223272	  0.210269	  0.028174	  0.538285	
  0.256252	  0.036458	  0.521214	  0.186077	
  0.035172	  0.706451	  0.057989	  0.200388	
  0.022564	  0.435435	  0.088796	  0.453205	
  0.725050	  0.058924	  0.103156	  0.112870	
  0.323945	  0.156112	  0.259972	  0.259972	
  0.139259	  0.160186	  0.611759	  0.088796	
  0.167826	  0.260585	  0.362465	  0.209124	

URL http://cisbp.ccbr.utoronto.ca/TFreport.php?versionNumber=2.00&searchTF=T319263_2.00

MOTIF M02490_2.00 (TMUE_s0011001600)_(Neurospora_crassa)_(DBD_0.36)

letter-probability matrix: alength= 4 w= 10 nsites= 1 E= 0
  0.329130	  0.229626	  0.220622	  0.220622	
  0.346994	  0.223477	  0.251969	  0.177560	
  0.448098	  0.134965	  0.110500	  0.306437	
  0.335755	  0.153912	  0.139266	  0.371067	
  0.248453	  0.220358	  0.178619	  0.352571	
  0.233539	  0.293933	  0.209213	  0.263315	
  0.195880	  0.356917	  0.275201	  0.172001	
  0.140053	  0.396240	  0.262965	  0.200742	
  0.596865	  0.017317	  0.262878	  0.122939	
  0.143083	  0.219956	  0.147441	  0.489520	

URL http://cisbp.ccbr.utoronto.ca/TFreport.php?versionNumber=2.00&searchTF=T337184_2.00

MOTIF M02531_2.00 (TMUE_s0018003400)_(Strongylocentrotus_purpuratus)_(DBD_0.80)

letter-probability matrix: alength= 4 w= 10 nsites= 1 E= 0
  0.329088	  0.211945	  0.207748	  0.251219	
  0.341064	  0.190961	  0.215308	  0.252666	
  0.380265	  0.141297	  0.226075	  0.252363	
  0.182256	  0.140529	  0.140529	  0.536686	
  0.184768	  0.106602	  0.125098	  0.583532	
  0.070854	  0.464339	  0.099546	  0.365262	
  0.678507	  0.007463	  0.257210	  0.056820	
  0.773469	  0.036266	  0.079114	  0.111151	
  0.727567	  0.064053	  0.109915	  0.098465	
  0.299483	  0.260358	  0.105854	  0.334306	

URL http://cisbp.ccbr.utoronto.ca/TFreport.php?versionNumber=2.00&searchTF=T346352_2.00

MOTIF M02680_2.00 (TMUE_s0032003300)_(Homo_sapiens)_(DBD_0.76)

letter-probability matrix: alength= 4 w= 14 nsites= 1 E= 0
  0.037037	  0.370370	  0.259259	  0.333333	
  0.370370	  0.259259	  0.185185	  0.185185	
  0.629630	  0.148148	  0.074074	  0.148148	
  0.464286	  0.178571	  0.178571	  0.178571	
  0.136364	  0.500000	  0.363636	  0.000000	
  0.259259	  0.000000	  0.740741	  0.000000	
  0.000000	  0.000000	  0.000000	  1.000000	
  1.000000	  0.000000	  0.000000	  0.000000	
  1.000000	  0.000000	  0.000000	  0.000000	
  1.000000	  0.000000	  0.000000	  0.000000	
  0.000000	  0.925926	  0.000000	  0.074074	
  1.000000	  0.000000	  0.000000	  0.000000	
  0.592593	  0.148148	  0.074074	  0.185185	
  0.259259	  0.148148	  0.222222	  0.370370	

URL http://cisbp.ccbr.utoronto.ca/TFreport.php?versionNumber=2.00&searchTF=T191265_2.00

MOTIF M02698_2.00 (TMUE_s0089002900)_(Arabidopsis_thaliana)_(DBD_0.87)

letter-probability matrix: alength= 4 w= 11 nsites= 1 E= 0
  0.140000	  0.450000	  0.230000	  0.180000	
  0.160000	  0.270000	  0.550000	  0.020000	
  0.000000	  0.919192	  0.040404	  0.040404	
  0.000000	  0.050000	  0.930000	  0.020000	
  0.040404	  0.939394	  0.000000	  0.020202	
  0.040404	  0.020202	  0.020202	  0.919192	
  0.080808	  0.000000	  0.858586	  0.060606	
  0.960000	  0.000000	  0.020000	  0.020000	
