MEME version 5.5.8 (Fri May 2 15:43:49 2025 -0700)

ALPHABET= ACGT

strands: + -

Background letter frequencies (from uniform background):
A 0.25000 C 0.25000 G 0.25000 T 0.25000 

MOTIF M00008_2.00 (TRIUR3_18859)_(Saccharomyces_cerevisiae)_(DBD_0.58)

letter-probability matrix: alength= 4 w= 7 nsites= 1 E= 0
  0.282959	  0.248465	  0.245993	  0.222583	
  0.316659	  0.184532	  0.236944	  0.261864	
  0.377778	  0.112652	  0.209413	  0.300157	
  0.616393	  0.068985	  0.111484	  0.203138	
  0.675764	  0.042770	  0.063171	  0.218294	
  0.326032	  0.133887	  0.082023	  0.458058	
  0.321153	  0.137266	  0.112384	  0.429198	

URL http://cisbp.ccbr.utoronto.ca/TFreport.php?versionNumber=2.00&searchTF=T017851_2.00

MOTIF M00719_2.00 (TRIUR3_28474)_(Arabidopsis_thaliana)_(DBD_0.80)

letter-probability matrix: alength= 4 w= 8 nsites= 1 E= 0
  0.253340	  0.238587	  0.213734	  0.294339	
  0.238515	  0.217986	  0.263600	  0.279900	
  0.216235	  0.071978	  0.581939	  0.129848	
  0.114251	  0.501900	  0.244301	  0.139547	
  0.009576	  0.664640	  0.002269	  0.323515	
  0.203540	  0.004463	  0.777326	  0.014671	
  0.148179	  0.326497	  0.281018	  0.244306	
  0.239004	  0.346014	  0.225085	  0.189897	

URL http://cisbp.ccbr.utoronto.ca/TFreport.php?versionNumber=2.00&searchTF=T006004_2.00

MOTIF M00726_2.00 (TRIUR3_30860)_(Physcomitrella_patens)_(DBD_0.74)

letter-probability matrix: alength= 4 w= 10 nsites= 1 E= 0
  0.239472	  0.270004	  0.198033	  0.292491	
  0.357704	  0.210546	  0.194359	  0.237390	
  0.230071	  0.198024	  0.419217	  0.152687	
  0.430091	  0.023196	  0.413227	  0.133486	
  0.177508	  0.014865	  0.080561	  0.727066	
  0.379546	  0.073624	  0.223402	  0.323428	
  0.157762	  0.686144	  0.060406	  0.095688	
  0.574252	  0.086753	  0.193073	  0.145921	
  0.116242	  0.222666	  0.238811	  0.422281	
  0.232475	  0.239555	  0.246850	  0.281120	

URL http://cisbp.ccbr.utoronto.ca/TFreport.php?versionNumber=2.00&searchTF=T175270_2.00

MOTIF M00852_2.00 (TRIUR3_33948)_(Arabidopsis_thaliana)_(DBD_0.93)

letter-probability matrix: alength= 4 w= 8 nsites= 1 E= 0
  0.214109	  0.272186	  0.209869	  0.303835	
  0.028040	  0.085083	  0.334832	  0.552045	
  0.029468	  0.061149	  0.882985	  0.026399	
  0.000039	  0.183899	  0.008202	  0.807860	
  0.110608	  0.636503	  0.087882	  0.165007	
  0.091509	  0.246272	  0.418399	  0.243821	
  0.168399	  0.288973	  0.367357	  0.175271	
  0.221967	  0.293692	  0.257889	  0.226451	

URL http://cisbp.ccbr.utoronto.ca/TFreport.php?versionNumber=2.00&searchTF=T021869_2.00

MOTIF M00873_2.00 (TRIUR3_25342)_(Arabidopsis_thaliana)_(DBD_0.92)

letter-probability matrix: alength= 4 w= 10 nsites= 1 E= 0
  0.226420	  0.226420	  0.320739	  0.226420	
  0.528872	  0.125806	  0.125806	  0.219517	
  0.999768	  0.000077	  0.000077	  0.000077	
  0.000077	  0.000077	  0.999768	  0.000077	
  0.999768	  0.000077	  0.000077	  0.000077	
  0.000077	  0.000077	  0.000077	  0.999768	
  0.402884	  0.201777	  0.000077	  0.395261	
  0.000077	  0.798068	  0.000077	  0.201777	
  0.023657	  0.023657	  0.724305	  0.228381	
  0.124272	  0.330831	  0.420625	  0.124272	

URL http://cisbp.ccbr.utoronto.ca/TFreport.php?versionNumber=2.00&searchTF=T281542_2.00

MOTIF M00874_2.00 (TRIUR3_15856)_(Arabidopsis_thaliana)_(DBD_0.87)

letter-probability matrix: alength= 4 w= 7 nsites= 1 E= 0
  0.297316	  0.201300	  0.359530	  0.141854	
  0.335160	  0.176727	  0.274406	  0.213707	
  0.477536	  0.090798	  0.172197	  0.259469	
  0.915843	  0.004305	  0.044694	  0.035158	
  0.074325	  0.014857	  0.005357	  0.905461	
  0.161206	  0.568320	  0.095840	  0.174633	
  0.184011	  0.280057	  0.213790	  0.322142	

URL http://cisbp.ccbr.utoronto.ca/TFreport.php?versionNumber=2.00&searchTF=T281478_2.00

MOTIF M00875_2.00 (TRIUR3_06252)_(Arabidopsis_thaliana)_(DBD_0.74)

letter-probability matrix: alength= 4 w= 9 nsites= 1 E= 0
  0.313607	  0.212330	  0.234661	  0.239401	
  0.480259	  0.124503	  0.161471	  0.233767	
  0.589939	  0.144030	  0.129027	  0.137005	
  0.578989	  0.121666	  0.187033	  0.112312	
  0.200785	  0.043044	  0.102743	  0.653428	
  0.882598	  0.028019	  0.023170	  0.066213	
  0.132783	  0.065938	  0.021730	  0.779549	
  0.084134	  0.806268	  0.057536	  0.052061	
  0.196750	  0.245166	  0.157896	  0.400188	

URL http://cisbp.ccbr.utoronto.ca/TFreport.php?versionNumber=2.00&searchTF=T281426_2.00

MOTIF M00877_2.00 (TRIUR3_33254)_(Arabidopsis_thaliana)_(DBD_0.87)

letter-probability matrix: alength= 4 w= 9 nsites= 1 E= 0
  0.185199	  0.317803	  0.194694	  0.302304	
  0.778645	  0.000277	  0.118814	  0.102264	
  0.353245	  0.462738	  0.069907	  0.114110	
  0.000060	  0.914173	  0.084607	  0.001160	
  0.269503	  0.211999	  0.220651	  0.297847	
  0.425775	  0.111487	  0.282566	  0.180172	
  0.341786	  0.389236	  0.094084	  0.174895	
  0.211015	  0.388359	  0.124204	  0.276422	
  0.252103	  0.230404	  0.270382	  0.247111	

URL http://cisbp.ccbr.utoronto.ca/TFreport.php?versionNumber=2.00&searchTF=T281597_2.00

MOTIF M00882_2.00 (TRIUR3_09734)_(Arabidopsis_thaliana)_(DBD_0.74)

letter-probability matrix: alength= 4 w= 10 nsites= 1 E= 0
  0.149434	  0.294964	  0.275023	  0.280579	
  0.225904	  0.270456	  0.273174	  0.230467	
  0.165608	  0.340230	  0.167272	  0.326890	
  0.762395	  0.089699	  0.062581	  0.085325	
  0.309605	  0.623467	  0.065059	  0.001869	
  0.050240	  0.801767	  0.142141	  0.005852	
  0.286254	  0.122349	  0.137948	  0.453448	
  0.754695	  0.053320	  0.132464	  0.059520	
  0.388169	  0.534558	  0.005649	  0.071625	
  0.118059	  0.503298	  0.107898	  0.270746	

URL http://cisbp.ccbr.utoronto.ca/TFreport.php?versionNumber=2.00&searchTF=T281440_2.00

MOTIF M00883_2.00 (TRIUR3_16862)_(Arabidopsis_thaliana)_(DBD_0.88)

letter-probability matrix: alength= 4 w= 10 nsites= 1 E= 0
  0.204715	  0.204715	  0.204715	  0.385854	
  0.100337	  0.100337	  0.381117	  0.418209	
  0.999371	  0.000210	  0.000210	  0.000210	
  0.000210	  0.999371	  0.000210	  0.000210	
  0.000210	  0.999371	  0.000210	  0.000210	
  0.000210	  0.000210	  0.000210	  0.999371	
  0.999371	  0.000210	  0.000210	  0.000210	
  0.999371	  0.000210	  0.000210	  0.000210	
  0.045494	  0.460182	  0.045494	  0.448829	
  0.236945	  0.237675	  0.149873	  0.375508	

URL http://cisbp.ccbr.utoronto.ca/TFreport.php?versionNumber=2.00&searchTF=T281483_2.00

MOTIF M00890_2.00 (TRIUR3_27479)_(Arabidopsis_thaliana)_(DBD_0.98)

letter-probability matrix: alength= 4 w= 8 nsites= 1 E= 0
  0.795635	  0.001984	  0.001984	  0.200397	
  0.996681	  0.001106	  0.001106	  0.001106	
  0.001106	  0.001106	  0.001106	  0.996681	
  0.664823	  0.111726	  0.111726	  0.111726	
  0.775442	  0.001106	  0.001106	  0.222345	
  0.111726	  0.001106	  0.001106	  0.886062	
  0.554204	  0.111726	  0.001106	  0.332965	
  0.996269	  0.001244	  0.001244	  0.001244	

URL http://cisbp.ccbr.utoronto.ca/TFreport.php?versionNumber=2.00&searchTF=T333062_2.00

MOTIF M00898_2.00 (TRIUR3_22178)_(Arabidopsis_thaliana)_(DBD_0.95)

letter-probability matrix: alength= 4 w= 11 nsites= 1 E= 0
  0.227799	  0.316602	  0.227799	  0.227799	
  0.304548	  0.391205	  0.106861	  0.197385	
  0.200497	  0.022592	  0.754320	  0.022592	
  0.000231	  0.000231	  0.999306	  0.000231	
  0.000231	  0.000231	  0.000231	  0.999306	
  0.000231	  0.999306	  0.000231	  0.000231	
  0.999306	  0.000231	  0.000231	  0.000231	
  0.999306	  0.000231	  0.000231	  0.000231	
  0.114025	  0.841111	  0.022432	  0.022432	
  0.143370	  0.143370	  0.465072	  0.248188	
  0.317081	  0.227640	  0.227640	  0.227640	

URL http://cisbp.ccbr.utoronto.ca/TFreport.php?versionNumber=2.00&searchTF=T355099_2.00

MOTIF M00901_2.00 (TRIUR3_14306)_(Arabidopsis_thaliana)_(DBD_0.50)

letter-probability matrix: alength= 4 w= 11 nsites= 1 E= 0
  0.228599	  0.228599	  0.314204	  0.228599	
  0.214045	  0.234090	  0.222723	  0.329143	
  0.301191	  0.023278	  0.652253	  0.023278	
  0.000162	  0.000162	  0.999515	  0.000162	
  0.000162	  0.000162	  0.000162	  0.999515	
  0.000162	  0.999515	  0.000162	  0.000162	
  0.999515	  0.000162	  0.000162	  0.000162	
  0.999515	  0.000162	  0.000162	  0.000162	
  0.104888	  0.851987	  0.021563	  0.021563	
  0.123588	  0.206913	  0.455315	  0.214184	
  0.226884	  0.319349	  0.226884	  0.226884	

URL http://cisbp.ccbr.utoronto.ca/TFreport.php?versionNumber=2.00&searchTF=T355081_2.00

MOTIF M01052_2.00 (TRIUR3_16992)_(Arabidopsis_thaliana)_(DBD_0.96)

letter-probability matrix: alength= 4 w= 10 nsites= 1 E= 0
  0.304312	  0.231896	  0.231896	  0.231896	
  0.299252	  0.134777	  0.359742	  0.206229	
  0.000039	  0.999882	  0.000039	  0.000039	
  0.999882	  0.000039	  0.000039	  0.000039	
  0.000039	  0.999882	  0.000039	  0.000039	
  0.000039	  0.000039	  0.999882	  0.000039	
  0.000039	  0.000039	  0.000039	  0.999882	
  0.000039	  0.000039	  0.999882	  0.000039	
  0.090411	  0.808940	  0.082505	  0.018143	
  0.212500	  0.338255	  0.237241	  0.212004	

URL http://cisbp.ccbr.utoronto.ca/TFreport.php?versionNumber=2.00&searchTF=T045920_2.00

MOTIF M01064_2.00 (TRIUR3_30726)_(Arabidopsis_thaliana)_(DBD_0.67)

letter-probability matrix: alength= 4 w= 8 nsites= 1 E= 0
  0.143466	  0.001420	  0.001420	  0.853693	
  0.001106	  0.001106	  0.996681	  0.001106	
  0.996681	  0.001106	  0.001106	  0.001106	
  0.001106	  0.996681	  0.001106	  0.001106	
  0.498756	  0.001244	  0.498756	  0.001244	
  0.001244	  0.001244	  0.374378	  0.623134	
  0.001244	  0.747512	  0.250000	  0.001244	
  0.167219	  0.001656	  0.001656	  0.829470	

URL http://cisbp.ccbr.utoronto.ca/TFreport.php?versionNumber=2.00&searchTF=T224379_2.00

MOTIF M01090_2.00 (TRIUR3_12546)_(Arabidopsis_thaliana)_(DBD_0.73)

letter-probability matrix: alength= 4 w= 9 nsites= 1 E= 0
  0.426335	  0.115034	  0.401507	  0.057124	
  0.007902	  0.000086	  0.979618	  0.012393	
  0.000409	  0.000393	  0.001266	  0.997932	
  0.045912	  0.950250	  0.001386	  0.002452	
  0.895975	  0.055585	  0.009659	  0.038780	
  0.895657	  0.007520	  0.075759	  0.021064	
  0.084755	  0.706102	  0.056247	  0.152896	
  0.136430	  0.193603	  0.485806	  0.184161	
  0.204341	  0.314124	  0.262378	  0.219157	

URL http://cisbp.ccbr.utoronto.ca/TFreport.php?versionNumber=2.00&searchTF=T355077_2.00

MOTIF M01097_2.00 (TRIUR3_17973)_(Cannabis_sativa)_(DBD_0.88)

letter-probability matrix: alength= 4 w= 9 nsites= 1 E= 0
  0.138239	  0.346882	  0.272867	  0.242011	
  0.190987	  0.534968	  0.166036	  0.108008	
  0.608475	  0.002140	  0.384120	  0.005264	
  0.000376	  0.993425	  0.005059	  0.001140	
  0.000934	  0.994484	  0.000044	  0.004537	
  0.010438	  0.001546	  0.977987	  0.010029	
  0.441186	  0.411359	  0.042926	  0.104529	
  0.075346	  0.790043	  0.031883	  0.102728	
  0.367281	  0.227267	  0.086153	  0.319299	

URL http://cisbp.ccbr.utoronto.ca/TFreport.php?versionNumber=2.00&searchTF=T005985_2.00

MOTIF M01104_2.00 (TRIUR3_33243)_(Fusarium_graminearum)_(DBD_0.63)

letter-probability matrix: alength= 4 w= 10 nsites= 1 E= 0
  0.275242	  0.208023	  0.170315	  0.346420	
  0.354896	  0.194771	  0.226292	  0.224040	
  0.393688	  0.199449	  0.175135	  0.231727	
  0.446255	  0.101584	  0.226080	  0.226080	
  0.369831	  0.085888	  0.123106	  0.421174	
  0.504457	  0.044857	  0.076975	  0.373711	
  0.796844	  0.000336	  0.000336	  0.202484	
  0.605595	  0.000062	  0.000397	  0.393945	
  0.296896	  0.000116	  0.028887	  0.674102	
  0.306380	  0.261080	  0.107214	  0.325326	

URL http://cisbp.ccbr.utoronto.ca/TFreport.php?versionNumber=2.00&searchTF=T017854_2.00

MOTIF M01122_2.00 (TRIUR3_06081)_(Cannabis_sativa)_(DBD_0.94)

letter-probability matrix: alength= 4 w= 8 nsites= 1 E= 0
  0.167219	  0.498344	  0.167219	  0.167219	
  0.000996	  0.997012	  0.000996	  0.000996	
  0.997012	  0.000996	  0.000996	  0.000996	
  0.000996	  0.997012	  0.000996	  0.000996	
  0.000996	  0.000996	  0.997012	  0.000996	
  0.000996	  0.000996	  0.000996	  0.997012	
  0.000996	  0.000996	  0.997012	  0.000996	
  0.125622	  0.747512	  0.125622	  0.001244	

URL http://cisbp.ccbr.utoronto.ca/TFreport.php?versionNumber=2.00&searchTF=T045886_2.00

MOTIF M01123_2.00 (TRIUR3_31897)_(Cannabis_sativa)_(DBD_0.94)

letter-probability matrix: alength= 4 w= 8 nsites= 1 E= 0
  0.235329	  0.294014	  0.059272	  0.411385	
  0.000434	  0.998698	  0.000434	  0.000434	
  0.998698	  0.000434	  0.000434	  0.000434	
  0.000434	  0.998698	  0.000434	  0.000434	
  0.000434	  0.000434	  0.998698	  0.000434	
  0.000434	  0.000434	  0.000434	  0.998698	
  0.000434	  0.000434	  0.998698	  0.000434	
  0.067154	  0.532580	  0.200133	  0.200133	

URL http://cisbp.ccbr.utoronto.ca/TFreport.php?versionNumber=2.00&searchTF=T045966_2.00

MOTIF M01155_2.00 (TRIUR3_33475)_(Cannabis_sativa)_(DBD_0.86)

letter-probability matrix: alength= 4 w= 10 nsites= 1 E= 0
  0.217604	  0.253155	  0.282338	  0.246903	
  0.295478	  0.243192	  0.282871	  0.178459	
  0.000014	  0.000014	  0.000014	  0.999958	
  0.000014	  0.000014	  0.999958	  0.000014	
  0.999958	  0.000014	  0.000014	  0.000014	
  0.000014	  0.999958	  0.000014	  0.000014	
  0.000014	  0.000014	  0.999958	  0.000014	
  0.000014	  0.000014	  0.000014	  0.999958	
  0.265769	  0.669411	  0.032410	  0.032410	
  0.711390	  0.071555	  0.109812	  0.107243	

URL http://cisbp.ccbr.utoronto.ca/TFreport.php?versionNumber=2.00&searchTF=T068954_2.00

MOTIF M01156_2.00 (TRIUR3_18341)_(Cannabis_sativa)_(DBD_0.73)

letter-probability matrix: alength= 4 w= 10 nsites= 1 E= 0
  0.185651	  0.213549	  0.285393	  0.315408	
  0.133202	  0.183436	  0.404181	  0.279182	
  0.363231	  0.495238	  0.105113	  0.036417	
  0.029585	  0.834874	  0.000269	  0.135271	
  0.937984	  0.000034	  0.061789	  0.000193	
  0.088378	  0.602820	  0.187095	  0.121707	
  0.146644	  0.194029	  0.560040	  0.099286	
  0.162411	  0.177706	  0.146956	  0.512926	
  0.246395	  0.269599	  0.286270	  0.197736	
  0.293459	  0.147192	  0.337558	  0.221791	

URL http://cisbp.ccbr.utoronto.ca/TFreport.php?versionNumber=2.00&searchTF=T068912_2.00

MOTIF M01158_2.00 (TRIUR3_31111)_(Cannabis_sativa)_(DBD_0.59)

letter-probability matrix: alength= 4 w= 10 nsites= 1 E= 0
  0.233043	  0.233043	  0.300870	  0.233043	
  0.153669	  0.153669	  0.419654	  0.273008	
  0.749635	  0.137770	  0.000082	  0.112514	
  0.056549	  0.831095	  0.056309	  0.056047	
  0.999755	  0.000082	  0.000082	  0.000082	
  0.112776	  0.887060	  0.000082	  0.000082	
  0.056309	  0.000082	  0.887562	  0.056047	
  0.000082	  0.000082	  0.000082	  0.999755	
  0.185698	  0.017039	  0.780225	  0.017039	
  0.152378	  0.152880	  0.220818	  0.473924	

URL http://cisbp.ccbr.utoronto.ca/TFreport.php?versionNumber=2.00&searchTF=T068947_2.00

MOTIF M01159_2.00 (TRIUR3_16287)_(Cannabis_sativa)_(DBD_0.82)

letter-probability matrix: alength= 4 w= 13 nsites= 1 E= 0
  0.227379	  0.227379	  0.227379	  0.317864	
  0.301390	  0.202708	  0.293194	  0.202708	
  0.202708	  0.202708	  0.202708	  0.391875	
  0.202708	  0.202708	  0.202708	  0.391875	
  0.347050	  0.063248	  0.161972	  0.427730	
  0.725392	  0.100069	  0.090041	  0.084499	
  0.279049	  0.621962	  0.000154	  0.098835	
  0.815016	  0.094789	  0.000154	  0.090041	
  0.112662	  0.022775	  0.657528	  0.207035	
  0.147360	  0.663113	  0.047445	  0.142081	
  0.131790	  0.047445	  0.047445	  0.773319	
  0.321593	  0.047445	  0.488881	  0.142081	
  0.186906	  0.186906	  0.307608	  0.318580	

URL http://cisbp.ccbr.utoronto.ca/TFreport.php?versionNumber=2.00&searchTF=T068907_2.00

MOTIF M01160_2.00 (TRIUR3_34165)_(Cannabis_sativa)_(DBD_0.80)

letter-probability matrix: alength= 4 w= 10 nsites= 1 E= 0
  0.373896	  0.117211	  0.250630	  0.258263	
  0.132714	  0.167033	  0.272651	  0.427602	
  0.045729	  0.047596	  0.540634	  0.366040	
  0.268831	  0.716289	  0.014645	  0.000236	
  0.016751	  0.942443	  0.001614	  0.039192	
  0.960392	  0.000777	  0.037613	  0.001218	
  0.052931	  0.787600	  0.100383	  0.059086	
  0.088521	  0.064279	  0.831506	  0.015693	
  0.050501	  0.049008	  0.027440	  0.873051	
  0.277511	  0.218298	  0.452985	  0.051206	

URL http://cisbp.ccbr.utoronto.ca/TFreport.php?versionNumber=2.00&searchTF=T068958_2.00

MOTIF M01163_2.00 (TRIUR3_12877)_(Cannabis_sativa)_(DBD_0.90)

letter-probability matrix: alength= 4 w= 8 nsites= 1 E= 0
  0.037352	  0.037352	  0.703033	  0.222263	
  0.743084	  0.205174	  0.000256	  0.051486	
  0.000244	  0.926170	  0.024610	  0.048977	
  0.999269	  0.000244	  0.000244	  0.000244	
  0.048977	  0.000244	  0.950536	  0.000244	
  0.000244	  0.950536	  0.000244	  0.048977	
  0.000270	  0.000270	  0.000270	  0.999190	
  0.185281	  0.111317	  0.666050	  0.037352	

URL http://cisbp.ccbr.utoronto.ca/TFreport.php?versionNumber=2.00&searchTF=T068900_2.00

MOTIF M01168_2.00 (TRIUR3_29692)_(Arabidopsis_thaliana)_(DBD_0.80)

letter-probability matrix: alength= 4 w= 7 nsites= 1 E= 0
  0.212045	  0.261595	  0.234346	  0.292013	
  0.233994	  0.288674	  0.205469	  0.271863	
  0.243988	  0.280653	  0.088865	  0.386495	
  0.648280	  0.001848	  0.285523	  0.064349	
  0.012052	  0.705706	  0.259615	  0.022628	
  0.160826	  0.041693	  0.000905	  0.796576	
  0.260991	  0.250758	  0.224637	  0.263614	

URL http://cisbp.ccbr.utoronto.ca/TFreport.php?versionNumber=2.00&searchTF=T130809_2.00

MOTIF M01223_2.00 (TRIUR3_22971)_(Cannabis_sativa)_(DBD_0.81)

letter-probability matrix: alength= 4 w= 10 nsites= 1 E= 0
  0.237545	  0.217099	  0.214939	  0.330417	
  0.233515	  0.189283	  0.305896	  0.271306	
  0.212486	  0.407026	  0.107649	  0.272838	
  0.420576	  0.157847	  0.317864	  0.103713	
  0.024815	  0.890206	  0.005821	  0.079159	
  0.029934	  0.104479	  0.054000	  0.811586	
  0.052089	  0.000233	  0.019746	  0.927932	
  0.039096	  0.012014	  0.018102	  0.930788	
  0.338283	  0.073250	  0.025126	  0.563341	
  0.176468	  0.226590	  0.162901	  0.434042	

URL http://cisbp.ccbr.utoronto.ca/TFreport.php?versionNumber=2.00&searchTF=T171293_2.00

MOTIF M01225_2.00 (TRIUR3_22525)_(Physcomitrella_patens)_(DBD_0.87)

letter-probability matrix: alength= 4 w= 10 nsites= 1 E= 0
  0.190589	  0.347275	  0.407531	  0.054605	
  0.053131	  0.125558	  0.759581	  0.061730	
  0.006389	  0.948224	  0.000029	  0.045358	
  0.045581	  0.000042	  0.924726	  0.029651	
  0.016651	  0.814394	  0.092060	  0.076895	
  0.118839	  0.496592	  0.220913	  0.163656	
  0.407444	  0.259798	  0.072960	  0.259798	
  0.440817	  0.140982	  0.104442	  0.313760	
  0.395676	  0.129101	  0.157685	  0.317538	
  0.315183	  0.176470	  0.156515	  0.351832	

URL http://cisbp.ccbr.utoronto.ca/TFreport.php?versionNumber=2.00&searchTF=T173558_2.00

MOTIF M01252_2.00 (TRIUR3_19363)_(Cannabis_sativa)_(DBD_0.84)

letter-probability matrix: alength= 4 w= 10 nsites= 1 E= 0
  0.253147	  0.215718	  0.189421	  0.341713	
  0.294580	  0.229419	  0.160060	  0.315940	
  0.258517	  0.220293	  0.150650	  0.370540	
  0.218917	  0.182855	  0.157384	  0.440844	
  0.292598	  0.167135	  0.145300	  0.394967	
  0.359756	  0.271898	  0.189697	  0.178650	
  0.272857	  0.295582	  0.221174	  0.210387	
  0.207409	  0.285629	  0.045363	  0.461598	
  0.248926	  0.087984	  0.476828	  0.186262	
  0.226411	  0.215369	  0.111314	  0.446907	

URL http://cisbp.ccbr.utoronto.ca/TFreport.php?versionNumber=2.00&searchTF=T224352_2.00

MOTIF M01263_2.00 (TRIUR3_29570)_(Cannabis_sativa)_(DBD_0.75)

letter-probability matrix: alength= 4 w= 10 nsites= 1 E= 0
  0.312257	  0.191297	  0.274191	  0.222255	
  0.197170	  0.373930	  0.168018	  0.260882	
  0.319070	  0.150718	  0.328788	  0.201424	
  0.125819	  0.081032	  0.716835	  0.076313	
  0.145126	  0.075009	  0.039158	  0.740707	
  0.623370	  0.106180	  0.127121	  0.143329	
  0.711425	  0.087994	  0.104300	  0.096281	
  0.471232	  0.166559	  0.116204	  0.246005	
  0.391109	  0.101391	  0.104479	  0.403020	
  0.320648	  0.219279	  0.164078	  0.295995	

URL http://cisbp.ccbr.utoronto.ca/TFreport.php?versionNumber=2.00&searchTF=T249980_2.00

MOTIF M01268_2.00 (TRIUR3_18158)_(Arabidopsis_thaliana)_(DBD_0.72)

letter-probability matrix: alength= 4 w= 10 nsites= 1 E= 0
  0.301191	  0.195956	  0.306897	  0.195956	
  0.358547	  0.048843	  0.048843	  0.543768	
  0.806293	  0.000238	  0.094058	  0.099411	
  0.094058	  0.596188	  0.000238	  0.309517	
  0.905892	  0.000238	  0.000238	  0.093633	
  0.000238	  0.000238	  0.000238	  0.999287	
  0.200943	  0.000238	  0.093633	  0.705187	
  0.000238	  0.798582	  0.000238	  0.200943	
  0.147677	  0.260756	  0.054282	  0.537285	
  0.299771	  0.201395	  0.201395	  0.297439	

URL http://cisbp.ccbr.utoronto.ca/TFreport.php?versionNumber=2.00&searchTF=T281496_2.00

MOTIF M01277_2.00 (TRIUR3_08319)_(Cannabis_sativa)_(DBD_0.85)

letter-probability matrix: alength= 4 w= 9 nsites= 1 E= 0
  0.175885	  0.320484	  0.066675	  0.436956	
  0.926784	  0.029421	  0.035935	  0.007859	
  0.748924	  0.249295	  0.000886	  0.000895	
  0.001293	  0.960341	  0.012645	  0.025720	
  0.090301	  0.274005	  0.358936	  0.276758	
  0.285930	  0.071218	  0.553216	  0.089635	
  0.260789	  0.315359	  0.068286	  0.355566	
  0.246001	  0.389684	  0.086950	  0.277365	
  0.294736	  0.222757	  0.207697	  0.274810	

URL http://cisbp.ccbr.utoronto.ca/TFreport.php?versionNumber=2.00&searchTF=T281435_2.00

MOTIF M01279_2.00 (TRIUR3_24658)_(Cannabis_sativa)_(DBD_0.84)

letter-probability matrix: alength= 4 w= 10 nsites= 1 E= 0
  0.138518	  0.287436	  0.085713	  0.488334	
  0.985369	  0.000224	  0.012466	  0.001941	
  0.926257	  0.058041	  0.007108	  0.008595	
  0.003541	  0.986708	  0.000504	  0.009248	
  0.035960	  0.080834	  0.798228	  0.084978	
  0.112592	  0.024138	  0.701888	  0.161382	
  0.213897	  0.266532	  0.113920	  0.405651	
  0.288297	  0.312308	  0.108201	  0.291194	
  0.363881	  0.216335	  0.180698	  0.239087	
  0.265702	  0.228692	  0.209009	  0.296597	

URL http://cisbp.ccbr.utoronto.ca/TFreport.php?versionNumber=2.00&searchTF=T281535_2.00

MOTIF M01281_2.00 (TRIUR3_16495)_(Cannabis_sativa)_(DBD_0.85)

letter-probability matrix: alength= 4 w= 8 nsites= 1 E= 0
  0.150067	  0.483178	  0.050133	  0.316622	
  0.999663	  0.000112	  0.000112	  0.000112	
  0.123763	  0.845115	  0.010408	  0.020713	
  0.000101	  0.979503	  0.000101	  0.020295	
  0.282815	  0.070779	  0.000101	  0.646305	
  0.999697	  0.000101	  0.000101	  0.000101	
  0.260412	  0.739379	  0.000104	  0.000104	
  0.054901	  0.616238	  0.013828	  0.315033	

URL http://cisbp.ccbr.utoronto.ca/TFreport.php?versionNumber=2.00&searchTF=T281481_2.00

MOTIF M01283_2.00 (TRIUR3_10881)_(Cannabis_sativa)_(DBD_0.94)

letter-probability matrix: alength= 4 w= 10 nsites= 1 E= 0
  0.384152	  0.148567	  0.196574	  0.270707	
  0.558330	  0.069058	  0.063114	  0.309497	
  0.269366	  0.349349	  0.098108	  0.283177	
  0.960051	  0.005089	  0.020025	  0.014835	
  0.027536	  0.012623	  0.010756	  0.949085	
  0.070529	  0.028963	  0.032656	  0.867852	
  0.041568	  0.904445	  0.014840	  0.039147	
  0.032252	  0.417203	  0.137493	  0.413052	
  0.243880	  0.286196	  0.197685	  0.272238	
  0.180086	  0.274084	  0.164587	  0.381243	

URL http://cisbp.ccbr.utoronto.ca/TFreport.php?versionNumber=2.00&searchTF=T281446_2.00

MOTIF M01312_2.00 (TRIUR3_31795)_(Oryza_sativa)_(DBD_0.64)

letter-probability matrix: alength= 4 w= 10 nsites= 1 E= 0
  0.000000	  0.000000	  0.999930	  0.000069	
  0.000000	  0.000008	  0.999063	  0.000929	
  0.084087	  0.308541	  0.518974	  0.088398	
  0.000280	  0.998623	  0.000986	  0.000110	
  0.000001	  0.999999	  0.000000	  0.000000	
  0.041487	  0.958511	  0.000000	  0.000002	
  0.037730	  0.953789	  0.000787	  0.007694	
  0.153284	  0.839071	  0.004147	  0.003498	
  0.143211	  0.648277	  0.013254	  0.195257	
  0.385524	  0.405290	  0.119654	  0.089533	

URL http://cisbp.ccbr.utoronto.ca/TFreport.php?versionNumber=2.00&searchTF=T344486_2.00

MOTIF M01316_2.00 (TRIUR3_29014)_(Cannabis_sativa)_(DBD_0.46)

letter-probability matrix: alength= 4 w= 10 nsites= 1 E= 0
  0.135782	  0.302189	  0.177870	  0.384158	
  0.169715	  0.211478	  0.421627	  0.197181	
  0.022206	  0.015338	  0.862938	  0.099518	
  0.041433	  0.008449	  0.919729	  0.030389	
  0.155903	  0.167207	  0.482622	  0.194267	
  0.072245	  0.727823	  0.052988	  0.146945	
  0.000481	  0.991323	  0.006613	  0.001583	
  0.014314	  0.908015	  0.000095	  0.077576	
  0.828201	  0.046958	  0.105557	  0.019284	
  0.006063	  0.806098	  0.077649	  0.110190	

URL http://cisbp.ccbr.utoronto.ca/TFreport.php?versionNumber=2.00&searchTF=T344485_2.00

MOTIF M01324_2.00 (TRIUR3_21018)_(Cannabis_sativa)_(DBD_0.84)

letter-probability matrix: alength= 4 w= 9 nsites= 1 E= 0
  0.263074	  0.231004	  0.242848	  0.263074	
  0.220573	  0.264074	  0.220573	  0.294780	
  0.384531	  0.103754	  0.451252	  0.060463	
  0.004332	  0.001181	  0.894390	  0.100097	
  0.008620	  0.002596	  0.002349	  0.986434	
  0.034161	  0.963991	  0.000060	  0.001788	
  0.725897	  0.132609	  0.035072	  0.106422	
  0.622335	  0.047157	  0.201035	  0.129474	
  0.314929	  0.408441	  0.121796	  0.154833	

URL http://cisbp.ccbr.utoronto.ca/TFreport.php?versionNumber=2.00&searchTF=T355094_2.00

MOTIF M01325_2.00 (TRIUR3_29978)_(Cannabis_sativa)_(DBD_0.83)

letter-probability matrix: alength= 4 w= 8 nsites= 1 E= 0
  0.303533	  0.196467	  0.178622	  0.321378	
  0.392333	  0.012778	  0.594762	  0.000127	
  0.000101	  0.000101	  0.969406	  0.030392	
  0.020295	  0.000101	  0.030392	  0.949212	
  0.020295	  0.949212	  0.030392	  0.000101	
  0.999697	  0.000101	  0.000101	  0.000101	
  0.999684	  0.000105	  0.000105	  0.000105	
  0.434676	  0.376738	  0.058082	  0.130504	

URL http://cisbp.ccbr.utoronto.ca/TFreport.php?versionNumber=2.00&searchTF=T355128_2.00

MOTIF M01567_2.00 (TRIUR3_20012)_(Saccharomyces_cerevisiae)_(DBD_0.85)

letter-probability matrix: alength= 4 w= 7 nsites= 1 E= 0
  0.315311	  0.189343	  0.207174	  0.288172	
  0.345705	  0.141966	  0.211788	  0.300541	
  0.271982	  0.110580	  0.155359	  0.462079	
  0.583542	  0.000869	  0.110954	  0.304636	
  0.219565	  0.006434	  0.188981	  0.585020	
  0.934996	  0.000354	  0.051964	  0.012687	
  0.422777	  0.000471	  0.095282	  0.481470	

URL http://cisbp.ccbr.utoronto.ca/TFreport.php?versionNumber=2.00&searchTF=T342972_2.00

MOTIF M01602_2.00 (TRIUR3_16508)_(Arabidopsis_thaliana)_(DBD_0.81)

letter-probability matrix: alength= 4 w= 8 nsites= 1 E= 0
  0.346006	  0.461214	  0.192396	  0.000384	
  0.000250	  0.000250	  0.999251	  0.000250	
  0.000244	  0.999269	  0.000244	  0.000244	
  0.122076	  0.877437	  0.000244	  0.000244	
  0.024610	  0.000244	  0.974903	  0.000244	
  0.000244	  0.950536	  0.048977	  0.000244	
  0.000244	  0.999269	  0.000244	  0.000244	
  0.241391	  0.103650	  0.482438	  0.172521	

URL http://cisbp.ccbr.utoronto.ca/TFreport.php?versionNumber=2.00&searchTF=T005982_2.00

MOTIF M01603_2.00 (TRIUR3_22374)_(Arabidopsis_thaliana)_(DBD_0.96)

letter-probability matrix: alength= 4 w= 10 nsites= 1 E= 0
  0.248762	  0.390137	  0.266799	  0.094302	
  0.136992	  0.720483	  0.132943	  0.009582	
  0.384131	  0.000678	  0.614608	  0.000583	
  0.001029	  0.795182	  0.186526	  0.017263	
  0.001119	  0.955576	  0.000685	  0.042620	
  0.201865	  0.009185	  0.711658	  0.077293	
  0.164166	  0.679174	  0.079113	  0.077547	
  0.348470	  0.351972	  0.155019	  0.144539	
  0.253096	  0.163003	  0.425715	  0.158186	
  0.184070	  0.238726	  0.171626	  0.405579	

URL http://cisbp.ccbr.utoronto.ca/TFreport.php?versionNumber=2.00&searchTF=T005992_2.00

MOTIF M01630_2.00 (TRIUR3_22798)_(Arabidopsis_thaliana)_(DBD_0.81)

letter-probability matrix: alength= 4 w= 10 nsites= 1 E= 0
  0.193276	  0.300101	  0.279812	  0.226811	
  0.289447	  0.467767	  0.166996	  0.075790	
  0.033966	  0.013268	  0.939499	  0.013268	
  0.032073	  0.905066	  0.035802	  0.027059	
  0.097055	  0.850038	  0.020600	  0.032307	
  0.042649	  0.010412	  0.927966	  0.018973	
  0.129323	  0.591296	  0.130623	  0.148757	
  0.034651	  0.902636	  0.024418	  0.038295	
  0.383810	  0.175941	  0.239882	  0.200367	
  0.232502	  0.254398	  0.223385	  0.289715	

URL http://cisbp.ccbr.utoronto.ca/TFreport.php?versionNumber=2.00&searchTF=T005993_2.00

MOTIF M01646_2.00 (TRIUR3_10779)_(Arabidopsis_thaliana)_(DBD_0.73)

letter-probability matrix: alength= 4 w= 10 nsites= 1 E= 0
  0.284732	  0.169623	  0.277066	  0.268579	
  0.089372	  0.731883	  0.089372	  0.089372	
  0.913910	  0.000152	  0.000152	  0.085787	
  0.085787	  0.822081	  0.091981	  0.000152	
  0.171527	  0.736340	  0.000152	  0.091981	
  0.091981	  0.000152	  0.000152	  0.907715	
  0.171527	  0.000152	  0.736340	  0.091981	
  0.913804	  0.085893	  0.000152	  0.000152	
  0.473480	  0.175462	  0.080529	  0.270528	
  0.340197	  0.160780	  0.160780	  0.338244	

URL http://cisbp.ccbr.utoronto.ca/TFreport.php?versionNumber=2.00&searchTF=T021790_2.00

MOTIF M01648_2.00 (TRIUR3_24851)_(Arabidopsis_thaliana)_(DBD_0.75)

letter-probability matrix: alength= 4 w= 8 nsites= 1 E= 0
  0.427557	  0.001420	  0.569602	  0.001420	
  0.001106	  0.996681	  0.001106	  0.001106	
  0.996681	  0.001106	  0.001106	  0.001106	
  0.996681	  0.001106	  0.001106	  0.001106	
  0.001106	  0.996681	  0.001106	  0.001106	
  0.996681	  0.001106	  0.001106	  0.001106	
  0.001106	  0.001106	  0.332965	  0.664823	
  0.853693	  0.001420	  0.001420	  0.143466	

URL http://cisbp.ccbr.utoronto.ca/TFreport.php?versionNumber=2.00&searchTF=T010537_2.00

MOTIF M01673_2.00 (TRIUR3_02710)_(Brachypodium_distachyon)_(DBD_1.00)

letter-probability matrix: alength= 4 w= 9 nsites= 1 E= 0
  0.272464	  0.249013	  0.236869	  0.241654	
  0.261998	  0.275431	  0.237066	  0.225504	
  0.238381	  0.240777	  0.294086	  0.226755	
  0.286283	  0.225198	  0.256462	  0.232057	
  0.594823	  0.008570	  0.343183	  0.053424	
  0.349996	  0.216572	  0.014410	  0.419022	
  0.394922	  0.092637	  0.162177	  0.350264	
  0.379104	  0.115332	  0.192061	  0.313504	
  0.355375	  0.183676	  0.195034	  0.265914	

URL http://cisbp.ccbr.utoronto.ca/TFreport.php?versionNumber=2.00&searchTF=T017849_2.00

MOTIF M01674_2.00 (TRIUR3_15744)_(Brachypodium_distachyon)_(DBD_0.61)

letter-probability matrix: alength= 4 w= 9 nsites= 1 E= 0
  0.374501	  0.137771	  0.378264	  0.109464	
  0.226206	  0.276289	  0.249996	  0.247509	
  0.606765	  0.056721	  0.230014	  0.106500	
  0.428552	  0.111098	  0.200420	  0.259930	
  0.475920	  0.046770	  0.205460	  0.271850	
  0.400042	  0.099641	  0.159424	  0.340893	
  0.337415	  0.202616	  0.115736	  0.344232	
  0.546503	  0.072497	  0.224425	  0.156576	
  0.462607	  0.040726	  0.319538	  0.177129	

URL http://cisbp.ccbr.utoronto.ca/TFreport.php?versionNumber=2.00&searchTF=T017850_2.00

MOTIF M01690_2.00 (TRIUR3_30242)_(Caenorhabditis_elegans)_(DBD_0.46)

letter-probability matrix: alength= 4 w= 12 nsites= 1 E= 0
  0.321078	  0.226307	  0.226307	  0.226307	
  0.226307	  0.226307	  0.226307	  0.321078	
  0.761759	  0.046465	  0.145311	  0.046465	
  0.632674	  0.116336	  0.023174	  0.227815	
  0.669170	  0.000176	  0.000176	  0.330479	
  0.195762	  0.000176	  0.000176	  0.803887	
  0.804397	  0.000176	  0.000176	  0.195252	
  0.517902	  0.000176	  0.000176	  0.481747	
  0.321162	  0.023868	  0.023868	  0.631102	
  0.023868	  0.122715	  0.023868	  0.829549	
  0.295706	  0.203711	  0.296873	  0.203711	
  0.318996	  0.227001	  0.227001	  0.227001	

URL http://cisbp.ccbr.utoronto.ca/TFreport.php?versionNumber=2.00&searchTF=T017853_2.00

MOTIF M01697_2.00 (TRIUR3_10132)_(Arabidopsis_thaliana)_(DBD_0.89)

letter-probability matrix: alength= 4 w= 9 nsites= 1 E= 0
  0.270286	  0.232638	  0.204278	  0.292798	
  0.224984	  0.258793	  0.106275	  0.409948	
  0.004011	  0.000000	  0.089936	  0.906053	
  0.038180	  0.001408	  0.899931	  0.060480	
  0.000090	  0.012865	  0.000229	  0.986816	
  0.053557	  0.863282	  0.001650	  0.081511	
  0.061072	  0.027441	  0.797958	  0.113529	
  0.121391	  0.138244	  0.651331	  0.089034	
  0.227842	  0.336519	  0.216730	  0.218909	

URL http://cisbp.ccbr.utoronto.ca/TFreport.php?versionNumber=2.00&searchTF=T021786_2.00

MOTIF M01699_2.00 (TRIUR3_13265)_(Arabidopsis_thaliana)_(DBD_0.92)

letter-probability matrix: alength= 4 w= 10 nsites= 1 E= 0
  0.266536	  0.276659	  0.209724	  0.247081	
  0.259609	  0.198312	  0.365220	  0.176859	
  0.115829	  0.853161	  0.003499	  0.027512	
  0.853318	  0.012182	  0.073662	  0.060837	
  0.013981	  0.855506	  0.000019	  0.130494	
  0.130494	  0.000019	  0.855506	  0.013981	
  0.060837	  0.073662	  0.012182	  0.853318	
  0.027512	  0.003499	  0.853161	  0.115829	
  0.176859	  0.365220	  0.198312	  0.259609	
  0.247081	  0.209724	  0.276659	  0.266536	

URL http://cisbp.ccbr.utoronto.ca/TFreport.php?versionNumber=2.00&searchTF=T045903_2.00

MOTIF M01703_2.00 (TRIUR3_34817)_(Arabidopsis_thaliana)_(DBD_0.88)

letter-probability matrix: alength= 4 w= 10 nsites= 1 E= 0
  0.287752	  0.219802	  0.295644	  0.196803	
  0.143693	  0.275383	  0.279230	  0.301693	
  0.020717	  0.940292	  0.014443	  0.024547	
  0.956610	  0.000000	  0.026694	  0.016696	
  0.001633	  0.907850	  0.000000	  0.090517	
  0.090517	  0.000000	  0.907850	  0.001633	
  0.016696	  0.026694	  0.000000	  0.956610	
  0.024547	  0.014443	  0.940292	  0.020717	
  0.301693	  0.279230	  0.275383	  0.143693	
  0.196803	  0.295644	  0.219802	  0.287752	

URL http://cisbp.ccbr.utoronto.ca/TFreport.php?versionNumber=2.00&searchTF=T045977_2.00

MOTIF M01713_2.00 (TRIUR3_34826)_(Arabidopsis_thaliana)_(DBD_0.94)

letter-probability matrix: alength= 4 w= 8 nsites= 1 E= 0
  0.009615	  0.009615	  0.971154	  0.009615	
  0.009615	  0.971154	  0.009615	  0.009615	
  0.971154	  0.009615	  0.009615	  0.009615	
  0.009615	  0.971154	  0.009615	  0.009615	
  0.009615	  0.009615	  0.971154	  0.009615	
  0.009615	  0.009615	  0.009615	  0.971154	
  0.009615	  0.009615	  0.971154	  0.009615	
  0.009615	  0.971154	  0.009615	  0.009615	

URL http://cisbp.ccbr.utoronto.ca/TFreport.php?versionNumber=2.00&searchTF=T045978_2.00

MOTIF M01755_2.00 (TRIUR3_26625)_(Oryza_sativa)_(DBD_0.98)

letter-probability matrix: alength= 4 w= 9 nsites= 1 E= 0
  0.221115	  0.250179	  0.306228	  0.222477	
  0.000142	  0.999574	  0.000142	  0.000142	
  0.177014	  0.822701	  0.000142	  0.000142	
  0.999574	  0.000142	  0.000142	  0.000142	
  0.000142	  0.999574	  0.000142	  0.000142	
  0.000142	  0.000142	  0.000142	  0.999574	
  0.000142	  0.000142	  0.000142	  0.999574	
  0.000142	  0.000142	  0.999574	  0.000142	
  0.217847	  0.343012	  0.216602	  0.222539	

URL http://cisbp.ccbr.utoronto.ca/TFreport.php?versionNumber=2.00&searchTF=T045948_2.00

MOTIF M01756_2.00 (TRIUR3_33768)_(Physcomitrella_patens)_(DBD_0.96)

letter-probability matrix: alength= 4 w= 10 nsites= 1 E= 0
  0.249633	  0.272331	  0.222488	  0.255548	
  0.207994	  0.230574	  0.392066	  0.169365	
  0.105898	  0.844263	  0.012262	  0.037577	
  0.923118	  0.000000	  0.010419	  0.066463	
  0.021853	  0.939508	  0.000000	  0.038640	
  0.038640	  0.000000	  0.939508	  0.021853	
  0.066463	  0.010419	  0.000000	  0.923118	
  0.037577	  0.012262	  0.844263	  0.105898	
  0.169365	  0.392066	  0.230574	  0.207994	
  0.255548	  0.222488	  0.272331	  0.249633	

URL http://cisbp.ccbr.utoronto.ca/TFreport.php?versionNumber=2.00&searchTF=T045973_2.00

MOTIF M01758_2.00 (TRIUR3_13053)_(Physcomitrella_patens)_(DBD_0.85)

letter-probability matrix: alength= 4 w= 8 nsites= 1 E= 0
  0.154141	  0.460890	  0.154141	  0.230828	
  0.000525	  0.998424	  0.000525	  0.000525	
  0.998424	  0.000525	  0.000525	  0.000525	
  0.000525	  0.998424	  0.000525	  0.000525	
  0.053046	  0.000525	  0.945903	  0.000525	
  0.000525	  0.000525	  0.000525	  0.998424	
  0.000525	  0.000525	  0.998424	  0.000525	
  0.143162	  0.641738	  0.071937	  0.143162	

URL http://cisbp.ccbr.utoronto.ca/TFreport.php?versionNumber=2.00&searchTF=T045901_2.00

MOTIF M01778_2.00 (TRIUR3_02784)_(Arabidopsis_thaliana)_(DBD_0.75)

letter-probability matrix: alength= 4 w= 10 nsites= 1 E= 0
  0.256096	  0.205522	  0.322323	  0.216059	
  0.346225	  0.182562	  0.300994	  0.170220	
  0.181073	  0.223386	  0.098386	  0.497155	
  0.119246	  0.192711	  0.508360	  0.179682	
  0.783113	  0.052629	  0.081718	  0.082539	
  0.008951	  0.805786	  0.007256	  0.178006	
  0.176911	  0.000520	  0.777163	  0.045406	
  0.135250	  0.190020	  0.031098	  0.643632	
  0.236571	  0.105240	  0.537134	  0.121055	
  0.152185	  0.144763	  0.393507	  0.309544	

URL http://cisbp.ccbr.utoronto.ca/TFreport.php?versionNumber=2.00&searchTF=T068887_2.00

MOTIF M01825_2.00 (TRIUR3_19588)_(Oryza_sativa)_(DBD_0.78)

letter-probability matrix: alength= 4 w= 8 nsites= 1 E= 0
  0.495098	  0.495098	  0.004902	  0.004902	
  0.003289	  0.990132	  0.003289	  0.003289	
  0.990132	  0.003289	  0.003289	  0.003289	
  0.003289	  0.990132	  0.003289	  0.003289	
  0.003289	  0.003289	  0.990132	  0.003289	
  0.003289	  0.003289	  0.003289	  0.990132	
  0.003289	  0.003289	  0.990132	  0.003289	
  0.003289	  0.003289	  0.332237	  0.661184	

URL http://cisbp.ccbr.utoronto.ca/TFreport.php?versionNumber=2.00&searchTF=T068917_2.00

MOTIF M01851_2.00 (TRIUR3_22340)_(Arabidopsis_thaliana)_(DBD_0.70)

letter-probability matrix: alength= 4 w= 8 nsites= 1 E= 0
  0.526320	  0.067756	  0.216136	  0.189788	
  0.011263	  0.400013	  0.534588	  0.054136	
  0.279852	  0.064992	  0.000400	  0.654756	
  0.106357	  0.088837	  0.049740	  0.755066	
  0.261504	  0.306878	  0.175292	  0.256326	
  0.270317	  0.247051	  0.254575	  0.228057	
  0.280202	  0.266537	  0.243596	  0.209665	
  0.264607	  0.244263	  0.239427	  0.251702	

URL http://cisbp.ccbr.utoronto.ca/TFreport.php?versionNumber=2.00&searchTF=T130800_2.00

MOTIF M01858_2.00 (TRIUR3_04794)_(Arabidopsis_thaliana)_(DBD_0.96)

letter-probability matrix: alength= 4 w= 7 nsites= 1 E= 0
  0.298649	  0.192341	  0.251960	  0.257050	
  0.243080	  0.268645	  0.173017	  0.315258	
  0.330003	  0.307693	  0.149770	  0.212534	
  0.793061	  0.025943	  0.129788	  0.051208	
  0.001638	  0.557486	  0.344963	  0.095913	
  0.290094	  0.002387	  0.021982	  0.685538	
  0.240664	  0.260708	  0.243083	  0.255546	

URL http://cisbp.ccbr.utoronto.ca/TFreport.php?versionNumber=2.00&searchTF=T130784_2.00

MOTIF M01901_2.00 (TRIUR3_23792)_(Arabidopsis_thaliana)_(DBD_0.83)

letter-probability matrix: alength= 4 w= 9 nsites= 1 E= 0
  0.312611	  0.203356	  0.220293	  0.263739	
  0.326944	  0.237410	  0.175878	  0.259768	
  0.392951	  0.120746	  0.243152	  0.243152	
  0.219861	  0.438339	  0.305819	  0.035981	
  0.026347	  0.954655	  0.007624	  0.011374	
  0.018307	  0.010562	  0.969973	  0.001159	
  0.031325	  0.681579	  0.007202	  0.279894	
  0.007983	  0.006601	  0.969971	  0.015445	
  0.007485	  0.010945	  0.053674	  0.927896	

URL http://cisbp.ccbr.utoronto.ca/TFreport.php?versionNumber=2.00&searchTF=T163416_2.00

MOTIF M01946_2.00 (TRIUR3_07552)_(Arabidopsis_thaliana)_(DBD_0.88)

letter-probability matrix: alength= 4 w= 10 nsites= 1 E= 0
  0.263734	  0.155438	  0.281901	  0.298926	
  0.200036	  0.394523	  0.077146	  0.328295	
  0.497717	  0.154396	  0.294766	  0.053121	
  0.006064	  0.969144	  0.007305	  0.017486	
  0.022276	  0.080511	  0.028990	  0.868223	
  0.008523	  0.002417	  0.010071	  0.978989	
  0.005363	  0.003782	  0.010382	  0.980472	
  0.250488	  0.040592	  0.016082	  0.692838	
  0.149815	  0.150049	  0.092419	  0.607717	
  0.147759	  0.234835	  0.283880	  0.333526	

URL http://cisbp.ccbr.utoronto.ca/TFreport.php?versionNumber=2.00&searchTF=T171291_2.00

MOTIF M01970_2.00 (TRIUR3_28079)_(Oryza_sativa)_(DBD_0.80)

letter-probability matrix: alength= 4 w= 11 nsites= 1 E= 0
  0.202089	  0.303751	  0.202089	  0.292071	
  0.617933	  0.186925	  0.097571	  0.097571	
  0.020795	  0.020795	  0.937614	  0.020795	
  0.519310	  0.000126	  0.480439	  0.000126	
  0.000126	  0.000126	  0.000126	  0.999623	
  0.779146	  0.000126	  0.000126	  0.220603	
  0.000126	  0.999623	  0.000126	  0.000126	
  0.999623	  0.000126	  0.000126	  0.000126	
  0.048037	  0.048037	  0.048037	  0.855889	
  0.152555	  0.235264	  0.152555	  0.459626	
  0.229330	  0.312009	  0.229330	  0.229330	

URL http://cisbp.ccbr.utoronto.ca/TFreport.php?versionNumber=2.00&searchTF=T175269_2.00

MOTIF M02004_2.00 (TRIUR3_22272)_(Arabidopsis_thaliana)_(DBD_0.94)

