MEME version 5.5.8 (Fri May 2 15:43:49 2025 -0700)

ALPHABET= ACGT

strands: + -

Background letter frequencies (from uniform background):
A 0.25000 C 0.25000 G 0.25000 T 0.25000 

MOTIF M00111_2.00 (TFAP2D)_(Mus_musculus)_(DBD_0.80)

letter-probability matrix: alength= 4 w= 10 nsites= 1 E= 0
  0.220377	  0.335405	  0.102037	  0.342181	
  0.111784	  0.193750	  0.669524	  0.024942	
  0.009553	  0.989147	  0.000370	  0.000929	
  0.000437	  0.891193	  0.000324	  0.108046	
  0.046223	  0.377462	  0.191229	  0.385087	
  0.132612	  0.336106	  0.329451	  0.201830	
  0.430307	  0.248265	  0.229178	  0.092250	
  0.301624	  0.024759	  0.651437	  0.022180	
  0.055101	  0.000431	  0.943092	  0.001376	
  0.095237	  0.349453	  0.435445	  0.119865	

URL http://cisbp.ccbr.utoronto.ca/TFreport.php?versionNumber=2.00&searchTF=T011011_2.00

MOTIF M00120_2.00 (MYF6)_(Mus_musculus)_(DBD_0.94)

letter-probability matrix: alength= 4 w= 9 nsites= 1 E= 0
  0.289475	  0.254187	  0.269905	  0.186433	
  0.052590	  0.774738	  0.052067	  0.120605	
  0.533145	  0.105509	  0.232478	  0.128869	
  0.266544	  0.300527	  0.261266	  0.171664	
  0.190214	  0.458588	  0.173843	  0.177355	
  0.000604	  0.000378	  0.000312	  0.998705	
  0.001765	  0.002135	  0.869844	  0.126256	
  0.234495	  0.165246	  0.146560	  0.453699	
  0.018343	  0.468373	  0.072187	  0.441097	

URL http://cisbp.ccbr.utoronto.ca/TFreport.php?versionNumber=2.00&searchTF=T037588_2.00

MOTIF M00124_2.00 (ATF1)_(Mus_musculus)_(DBD_0.98)

letter-probability matrix: alength= 4 w= 10 nsites= 1 E= 0
  0.260600	  0.193057	  0.290902	  0.255440	
  0.297930	  0.203743	  0.261611	  0.236716	
  0.174845	  0.166318	  0.245649	  0.413188	
  0.186210	  0.177128	  0.390283	  0.246379	
  0.445741	  0.112139	  0.281389	  0.160732	
  0.171869	  0.422731	  0.182497	  0.222903	
  0.256025	  0.100011	  0.480715	  0.163249	
  0.268049	  0.185151	  0.235372	  0.311428	
  0.340203	  0.183010	  0.278534	  0.198253	
  0.336613	  0.151250	  0.270138	  0.241999	

URL http://cisbp.ccbr.utoronto.ca/TFreport.php?versionNumber=2.00&searchTF=T061526_2.00

MOTIF M00128_2.00 (BCL6B)_(Mus_musculus)_(DBD_0.99)

letter-probability matrix: alength= 4 w= 12 nsites= 1 E= 0
  0.204139	  0.204139	  0.297022	  0.294700	
  0.075511	  0.258693	  0.075511	  0.590285	
  0.075511	  0.475764	  0.075511	  0.373214	
  0.024714	  0.227200	  0.117305	  0.630781	
  0.000191	  0.204678	  0.000191	  0.794940	
  0.000191	  0.297041	  0.000191	  0.702578	
  0.000191	  0.813622	  0.000191	  0.185997	
  0.000191	  0.273933	  0.112087	  0.613789	
  0.585740	  0.136642	  0.046052	  0.231566	
  0.174679	  0.174679	  0.475962	  0.174679	
  0.386441	  0.174679	  0.264200	  0.174679	
  0.323570	  0.225477	  0.225477	  0.225477	

URL http://cisbp.ccbr.utoronto.ca/TFreport.php?versionNumber=2.00&searchTF=T111116_2.00

MOTIF M00144_2.00 (OSR1)_(Mus_musculus)_(DBD_1.00)

letter-probability matrix: alength= 4 w= 9 nsites= 1 E= 0
  0.239345	  0.218745	  0.246634	  0.295275	
  0.191857	  0.178887	  0.532058	  0.097198	
  0.021077	  0.835642	  0.002359	  0.140921	
  0.032784	  0.170704	  0.000247	  0.796265	
  0.546729	  0.158215	  0.044432	  0.250624	
  0.007923	  0.906640	  0.002363	  0.083075	
  0.000350	  0.507322	  0.000000	  0.492328	
  0.126341	  0.131497	  0.544020	  0.198142	
  0.176151	  0.179710	  0.240169	  0.403971	

URL http://cisbp.ccbr.utoronto.ca/TFreport.php?versionNumber=2.00&searchTF=T111093_2.00

MOTIF M00153_2.00 (E2F3)_(Mus_musculus)_(DBD_1.00)

letter-probability matrix: alength= 4 w= 10 nsites= 1 E= 0
  0.328844	  0.158473	  0.193559	  0.319125	
  0.340062	  0.138259	  0.138259	  0.383419	
  0.250781	  0.152106	  0.248285	  0.348828	
  0.146662	  0.212328	  0.477294	  0.163716	
  0.049148	  0.109382	  0.841214	  0.000255	
  0.098666	  0.881603	  0.000009	  0.019722	
  0.001228	  0.000013	  0.977948	  0.020810	
  0.022581	  0.624590	  0.326064	  0.026765	
  0.135566	  0.284138	  0.361210	  0.219085	
  0.234821	  0.292605	  0.182879	  0.289694	

URL http://cisbp.ccbr.utoronto.ca/TFreport.php?versionNumber=2.00&searchTF=T172981_2.00

MOTIF M00160_2.00 (FOXJ3)_(Mus_musculus)_(DBD_0.94)

letter-probability matrix: alength= 4 w= 10 nsites= 1 E= 0
  0.272342	  0.213287	  0.238265	  0.276106	
  0.383328	  0.071216	  0.521888	  0.023568	
  0.117428	  0.105265	  0.021002	  0.756305	
  0.834939	  0.152266	  0.000007	  0.012788	
  0.908292	  0.059096	  0.002967	  0.029645	
  0.977393	  0.014489	  0.001628	  0.006490	
  0.001282	  0.843632	  0.000001	  0.155085	
  0.965165	  0.012083	  0.006831	  0.015922	
  0.479654	  0.164189	  0.114694	  0.241463	
  0.417043	  0.185221	  0.142285	  0.255451	

URL http://cisbp.ccbr.utoronto.ca/TFreport.php?versionNumber=2.00&searchTF=T187136_2.00

MOTIF M00161_2.00 (FOXJ1)_(Mus_musculus)_(DBD_1.00)

letter-probability matrix: alength= 4 w= 12 nsites= 1 E= 0
  0.394926	  0.201691	  0.201691	  0.201691	
  0.357836	  0.147163	  0.347838	  0.147163	
  0.159006	  0.172368	  0.068783	  0.599842	
  0.841382	  0.113021	  0.022798	  0.022798	
  0.999531	  0.000156	  0.000156	  0.000156	
  0.999531	  0.000156	  0.000156	  0.000156	
  0.000156	  0.999531	  0.000156	  0.000156	
  0.999531	  0.000156	  0.000156	  0.000156	
  0.854605	  0.048465	  0.048465	  0.048465	
  0.691020	  0.102993	  0.102993	  0.102993	
  0.181373	  0.360053	  0.181373	  0.277201	
  0.317926	  0.227358	  0.227358	  0.227358	

URL http://cisbp.ccbr.utoronto.ca/TFreport.php?versionNumber=2.00&searchTF=T187127_2.00

MOTIF M00170_2.00 (ENSTBEG00000002319)_(Mus_musculus)_(DBD_1.00)

letter-probability matrix: alength= 4 w= 10 nsites= 1 E= 0
  0.209374	  0.233720	  0.159832	  0.397074	
  0.163450	  0.121087	  0.144967	  0.570496	
  0.767485	  0.012467	  0.178238	  0.041809	
  0.971535	  0.004091	  0.015625	  0.008748	
  0.011394	  0.002492	  0.856692	  0.129422	
  0.130487	  0.022903	  0.095706	  0.750904	
  0.343268	  0.018147	  0.613089	  0.025496	
  0.097817	  0.321534	  0.373569	  0.207080	
  0.177217	  0.319698	  0.207966	  0.295118	
  0.190838	  0.262808	  0.198626	  0.347729	

URL http://cisbp.ccbr.utoronto.ca/TFreport.php?versionNumber=2.00&searchTF=T216120_2.00

MOTIF M00176_2.00 (IRF6)_(Mus_musculus)_(DBD_1.00)

letter-probability matrix: alength= 4 w= 10 nsites= 1 E= 0
  0.262254	  0.230284	  0.292748	  0.214715	
  0.353402	  0.201866	  0.295186	  0.149546	
  0.198546	  0.337316	  0.221633	  0.242505	
  0.182675	  0.527267	  0.071358	  0.218701	
  0.094054	  0.029485	  0.832033	  0.044428	
  0.794160	  0.031415	  0.119975	  0.054450	
  0.454503	  0.027638	  0.163891	  0.353967	
  0.942619	  0.008488	  0.011231	  0.037662	
  0.070785	  0.664903	  0.170655	  0.093657	
  0.130404	  0.380178	  0.138468	  0.350949	

URL http://cisbp.ccbr.utoronto.ca/TFreport.php?versionNumber=2.00&searchTF=T244408_2.00

MOTIF M00186_2.00 (RFX4)_(Mus_musculus)_(DBD_1.00)

letter-probability matrix: alength= 4 w= 10 nsites= 1 E= 0
  0.071969	  0.027556	  0.876757	  0.023718	
  0.043751	  0.062085	  0.082972	  0.811192	
  0.263828	  0.195449	  0.035350	  0.505373	
  0.277657	  0.050219	  0.476462	  0.195662	
  0.040535	  0.621518	  0.064210	  0.273736	
  0.027735	  0.451560	  0.091168	  0.429537	
  0.579359	  0.135900	  0.150193	  0.134548	
  0.268595	  0.156524	  0.265923	  0.308958	
  0.108591	  0.168610	  0.656936	  0.065864	
  0.169606	  0.263349	  0.369991	  0.197054	

URL http://cisbp.ccbr.utoronto.ca/TFreport.php?versionNumber=2.00&searchTF=T318526_2.00

MOTIF M00192_2.00 (ENSTBEG00000003884)_(Mus_musculus)_(DBD_1.00)

letter-probability matrix: alength= 4 w= 10 nsites= 1 E= 0
  0.288710	  0.216031	  0.234024	  0.261235	
  0.267885	  0.210726	  0.228276	  0.293113	
  0.254675	  0.244689	  0.210606	  0.290031	
  0.178353	  0.381367	  0.197110	  0.243170	
  0.142077	  0.390086	  0.214084	  0.253754	
  0.577609	  0.339984	  0.075861	  0.006546	
  0.069047	  0.067007	  0.858163	  0.005782	
  0.628592	  0.263350	  0.048110	  0.059948	
  0.080759	  0.917332	  0.000028	  0.001880	
  0.388991	  0.137491	  0.312172	  0.161347	

URL http://cisbp.ccbr.utoronto.ca/TFreport.php?versionNumber=2.00&searchTF=T324972_2.00

MOTIF M00193_2.00 (ENSTBEG00000015456)_(Mus_musculus)_(DBD_1.00)

letter-probability matrix: alength= 4 w= 9 nsites= 1 E= 0
  0.181253	  0.200316	  0.105625	  0.512805	
  0.193981	  0.157238	  0.162027	  0.486755	
  0.165856	  0.190780	  0.108975	  0.534388	
  0.214521	  0.234724	  0.386994	  0.163761	
  0.366461	  0.201118	  0.166316	  0.266105	
  0.245754	  0.197223	  0.159866	  0.397157	
  0.204582	  0.302164	  0.324073	  0.169181	
  0.226849	  0.220145	  0.217954	  0.335052	
  0.257350	  0.221503	  0.242363	  0.278784	

URL http://cisbp.ccbr.utoronto.ca/TFreport.php?versionNumber=2.00&searchTF=T329204_2.00

MOTIF M00194_2.00 (HBP1)_(Mus_musculus)_(DBD_1.00)

letter-probability matrix: alength= 4 w= 8 nsites= 1 E= 0
  0.226419	  0.257852	  0.260443	  0.255286	
  0.256789	  0.177373	  0.194077	  0.371762	
  0.185974	  0.312814	  0.363438	  0.137773	
  0.505770	  0.103139	  0.144906	  0.246185	
  0.528531	  0.076715	  0.198364	  0.196390	
  0.225196	  0.166830	  0.131233	  0.476741	
  0.220657	  0.150899	  0.414308	  0.214136	
  0.349045	  0.129697	  0.335359	  0.185899	

URL http://cisbp.ccbr.utoronto.ca/TFreport.php?versionNumber=2.00&searchTF=T329188_2.00

MOTIF M00195_2.00 (CIC)_(Mus_musculus)_(DBD_1.00)

letter-probability matrix: alength= 4 w= 10 nsites= 1 E= 0
  0.279067	  0.181426	  0.181426	  0.358081	
  0.289551	  0.189085	  0.212315	  0.309049	
  0.000105	  0.000105	  0.000105	  0.999685	
  0.000105	  0.000105	  0.999685	  0.000105	
  0.000105	  0.999685	  0.000105	  0.000105	
  0.000105	  0.000105	  0.000105	  0.999685	
  0.000105	  0.000105	  0.999685	  0.000105	
  0.999685	  0.000105	  0.000105	  0.000105	
  0.068679	  0.613130	  0.162332	  0.155859	
  0.241038	  0.147190	  0.147190	  0.464583	

URL http://cisbp.ccbr.utoronto.ca/TFreport.php?versionNumber=2.00&searchTF=T329189_2.00

MOTIF M00200_2.00 (LEF1)_(Mus_musculus)_(DBD_1.00)

letter-probability matrix: alength= 4 w= 10 nsites= 1 E= 0
  0.487159	  0.134101	  0.192210	  0.186530	
  0.103241	  0.367628	  0.410375	  0.118756	
  0.639521	  0.041709	  0.022663	  0.296107	
  0.118677	  0.035037	  0.012139	  0.834147	
  0.107632	  0.677712	  0.134118	  0.080537	
  0.874585	  0.017180	  0.013247	  0.094988	
  0.809823	  0.058957	  0.086213	  0.045007	
  0.758453	  0.014031	  0.099612	  0.127904	
  0.182254	  0.175107	  0.575592	  0.067047	
  0.284337	  0.183124	  0.403494	  0.129045	

URL http://cisbp.ccbr.utoronto.ca/TFreport.php?versionNumber=2.00&searchTF=T329194_2.00

MOTIF M00201_2.00 (SOX30)_(Mus_musculus)_(DBD_1.00)

letter-probability matrix: alength= 4 w= 10 nsites= 1 E= 0
  0.806958	  0.018417	  0.014929	  0.159696	
  0.000158	  0.063550	  0.009411	  0.926882	
  0.000162	  0.000157	  0.000079	  0.999602	
  0.261590	  0.078790	  0.649875	  0.009745	
  0.083298	  0.023393	  0.028572	  0.864737	
  0.102484	  0.262358	  0.142552	  0.492606	
  0.245858	  0.288517	  0.199289	  0.266335	
  0.201761	  0.272348	  0.161917	  0.363974	
  0.224773	  0.248413	  0.285743	  0.241071	
  0.193695	  0.309911	  0.195642	  0.300752	

URL http://cisbp.ccbr.utoronto.ca/TFreport.php?versionNumber=2.00&searchTF=T329190_2.00

MOTIF M00203_2.00 (SOX5)_(Mus_musculus)_(DBD_1.00)

letter-probability matrix: alength= 4 w= 8 nsites= 1 E= 0
  0.711397	  0.062629	  0.074981	  0.150993	
  0.013623	  0.102692	  0.036662	  0.847024	
  0.035706	  0.005341	  0.000489	  0.958464	
  0.163603	  0.110768	  0.676843	  0.048786	
  0.083974	  0.035892	  0.034141	  0.845992	
  0.117419	  0.271985	  0.139177	  0.471419	
  0.223078	  0.342928	  0.166921	  0.267073	
  0.215726	  0.282593	  0.176621	  0.325060	

URL http://cisbp.ccbr.utoronto.ca/TFreport.php?versionNumber=2.00&searchTF=T329193_2.00

MOTIF M00242_2.00 (KLF11)_(Homo_sapiens)_(DBD_0.94)

letter-probability matrix: alength= 4 w= 8 nsites= 1 E= 0
  0.356838	  0.641738	  0.000712	  0.000712	
  0.000525	  0.998424	  0.000525	  0.000525	
  0.053046	  0.105567	  0.840861	  0.000525	
  0.053046	  0.945903	  0.000525	  0.000525	
  0.000525	  0.945903	  0.053046	  0.000525	
  0.000525	  0.998424	  0.000525	  0.000525	
  0.210609	  0.788340	  0.000525	  0.000525	
  0.000767	  0.921012	  0.000767	  0.077454	

URL http://cisbp.ccbr.utoronto.ca/TFreport.php?versionNumber=2.00&searchTF=T111160_2.00

MOTIF M00290_2.00 (MSX2)_(Homo_sapiens)_(DBD_1.00)

letter-probability matrix: alength= 4 w= 8 nsites= 1 E= 0
  0.157555	  0.127712	  0.069392	  0.645340	
  0.632466	  0.076679	  0.146882	  0.143973	
  0.886949	  0.005685	  0.055025	  0.052341	
  0.068959	  0.060553	  0.110335	  0.760153	
  0.143566	  0.126064	  0.153975	  0.576395	
  0.315323	  0.085080	  0.443012	  0.156585	
  0.236009	  0.260830	  0.300026	  0.203135	
  0.240835	  0.263516	  0.226810	  0.268839	

URL http://cisbp.ccbr.utoronto.ca/TFreport.php?versionNumber=2.00&searchTF=T216188_2.00

MOTIF M00309_2.00 (HESX1)_(Homo_sapiens)_(DBD_0.96)

letter-probability matrix: alength= 4 w= 9 nsites= 1 E= 0
  0.197779	  0.303944	  0.100202	  0.398075	
  0.000090	  0.000090	  0.000090	  0.999730	
  0.999730	  0.000090	  0.000090	  0.000090	
  0.999730	  0.000090	  0.000090	  0.000090	
  0.000090	  0.000090	  0.000090	  0.999730	
  0.000090	  0.000090	  0.000090	  0.999730	
  0.505959	  0.000090	  0.493861	  0.000090	
  0.104421	  0.000090	  0.895399	  0.000090	
  0.149888	  0.347965	  0.149888	  0.352259	

URL http://cisbp.ccbr.utoronto.ca/TFreport.php?versionNumber=2.00&searchTF=T216213_2.00

MOTIF M00313_2.00 (PITX3)_(Homo_sapiens)_(DBD_1.00)

letter-probability matrix: alength= 4 w= 8 nsites= 1 E= 0
  0.236754	  0.264283	  0.191909	  0.307053	
  0.206447	  0.060343	  0.054601	  0.678609	
  0.695907	  0.033623	  0.143339	  0.127131	
  0.911180	  0.028638	  0.048654	  0.011528	
  0.071152	  0.047220	  0.245873	  0.635756	
  0.157348	  0.600920	  0.093547	  0.148185	
  0.119260	  0.534486	  0.103680	  0.242574	
  0.228531	  0.327560	  0.213081	  0.230828	

URL http://cisbp.ccbr.utoronto.ca/TFreport.php?versionNumber=2.00&searchTF=T216136_2.00

MOTIF M00317_2.00 (ENSTBEG00000011769)_(Homo_sapiens)_(DBD_0.95)

letter-probability matrix: alength= 4 w= 10 nsites= 1 E= 0
  0.157801	  0.167558	  0.059820	  0.614822	
  0.655185	  0.062484	  0.140459	  0.141871	
  0.908582	  0.026361	  0.038164	  0.026894	
  0.070259	  0.192902	  0.076875	  0.659964	
  0.179443	  0.212695	  0.196342	  0.411520	
  0.313165	  0.180680	  0.291993	  0.214161	
  0.268057	  0.202593	  0.344193	  0.185156	
  0.315986	  0.236441	  0.246091	  0.201482	
  0.177958	  0.194717	  0.185220	  0.442105	
  0.234421	  0.236777	  0.182567	  0.346235	

URL http://cisbp.ccbr.utoronto.ca/TFreport.php?versionNumber=2.00&searchTF=T216175_2.00

MOTIF M00326_2.00 (SIX6)_(Homo_sapiens)_(DBD_1.00)

letter-probability matrix: alength= 4 w= 7 nsites= 1 E= 0
  0.273376	  0.198512	  0.270656	  0.257456	
  0.166014	  0.211045	  0.153250	  0.469690	
  0.159910	  0.071137	  0.616841	  0.152111	
  0.913679	  0.031108	  0.053919	  0.001294	
  0.045977	  0.132706	  0.065244	  0.756073	
  0.648564	  0.291419	  0.019782	  0.040236	
  0.077620	  0.451161	  0.162687	  0.308532	

URL http://cisbp.ccbr.utoronto.ca/TFreport.php?versionNumber=2.00&searchTF=T216211_2.00

MOTIF M00342_2.00 (PAX6)_(Homo_sapiens)_(DBD_1.00)

letter-probability matrix: alength= 4 w= 14 nsites= 1 E= 0
  0.222869	  0.222869	  0.222869	  0.331393	
  0.301150	  0.196775	  0.305300	  0.196775	
  0.173218	  0.173218	  0.173218	  0.480345	
  0.290347	  0.101116	  0.507421	  0.101116	
  0.147808	  0.755127	  0.048533	  0.048533	
  0.226946	  0.118673	  0.128567	  0.525813	
  0.692134	  0.307374	  0.000246	  0.000246	
  0.999261	  0.000246	  0.000246	  0.000246	
  0.027377	  0.027377	  0.027377	  0.917868	
  0.053471	  0.053471	  0.053471	  0.839587	
  0.768916	  0.077028	  0.077028	  0.077028	
  0.342275	  0.149130	  0.260189	  0.248406	
  0.201714	  0.201714	  0.201714	  0.394859	
  0.226053	  0.226053	  0.321841	  0.226053	

URL http://cisbp.ccbr.utoronto.ca/TFreport.php?versionNumber=2.00&searchTF=T237504_2.00

MOTIF M00358_2.00 (PAX3)_(Homo_sapiens)_(DBD_1.00)

letter-probability matrix: alength= 4 w= 7 nsites= 1 E= 0
  0.286355	  0.241588	  0.313322	  0.158734	
  0.702444	  0.017541	  0.261012	  0.019002	
  0.019868	  0.216834	  0.014001	  0.749296	
  0.209688	  0.149249	  0.140558	  0.500505	
  0.414902	  0.160460	  0.214443	  0.210196	
  0.247979	  0.250472	  0.288111	  0.213438	
  0.224226	  0.276622	  0.265776	  0.233376	

URL http://cisbp.ccbr.utoronto.ca/TFreport.php?versionNumber=2.00&searchTF=T237505_2.00

MOTIF M00361_2.00 (POU4F3)_(Homo_sapiens)_(DBD_1.00)

letter-probability matrix: alength= 4 w= 8 nsites= 1 E= 0
  0.258343	  0.143207	  0.205262	  0.393188	
  0.222395	  0.274364	  0.055393	  0.447848	
  0.882030	  0.018958	  0.059277	  0.039735	
  0.099562	  0.049938	  0.053559	  0.796941	
  0.094743	  0.068797	  0.257538	  0.578922	
  0.422529	  0.266736	  0.074162	  0.236573	
  0.655429	  0.071186	  0.146246	  0.127140	
  0.237712	  0.162562	  0.170897	  0.428829	

URL http://cisbp.ccbr.utoronto.ca/TFreport.php?versionNumber=2.00&searchTF=T238635_2.00

MOTIF M00363_2.00 (POU6F2)_(Homo_sapiens)_(DBD_1.00)

letter-probability matrix: alength= 4 w= 8 nsites= 1 E= 0
  0.274670	  0.263900	  0.238787	  0.222643	
  0.130038	  0.155684	  0.002454	  0.711823	
  0.725207	  0.082802	  0.191801	  0.000189	
  0.676996	  0.138057	  0.036880	  0.148067	
  0.106575	  0.146767	  0.157409	  0.589249	
  0.193933	  0.188201	  0.319741	  0.298125	
  0.299294	  0.245041	  0.200623	  0.255042	
  0.237497	  0.242294	  0.323809	  0.196400	

URL http://cisbp.ccbr.utoronto.ca/TFreport.php?versionNumber=2.00&searchTF=T238632_2.00

MOTIF M00373_2.00 (NR2E3)_(Homo_sapiens)_(DBD_0.94)

letter-probability matrix: alength= 4 w= 10 nsites= 1 E= 0
  0.411914	  0.258114	  0.164986	  0.164986	
  0.583368	  0.042923	  0.330786	  0.042923	
  0.999612	  0.000129	  0.000129	  0.000129	
  0.000129	  0.000129	  0.999612	  0.000129	
  0.839516	  0.000129	  0.160225	  0.000129	
  0.000129	  0.000129	  0.000129	  0.999612	
  0.000129	  0.999612	  0.000129	  0.000129	
  0.999612	  0.000129	  0.000129	  0.000129	
  0.477760	  0.351954	  0.085143	  0.085143	
  0.207207	  0.207207	  0.288317	  0.297270	

URL http://cisbp.ccbr.utoronto.ca/TFreport.php?versionNumber=2.00&searchTF=T304904_2.00

MOTIF M00377_2.00 (POU2F1)_(Homo_sapiens)_(DBD_1.00)

letter-probability matrix: alength= 4 w= 10 nsites= 1 E= 0
  0.167408	  0.262548	  0.149970	  0.420075	
  0.419877	  0.154464	  0.135634	  0.290024	
  0.086602	  0.147131	  0.073063	  0.693204	
  0.160945	  0.033151	  0.679300	  0.126604	
  0.398008	  0.516188	  0.039904	  0.045900	
  0.719327	  0.048343	  0.058458	  0.173871	
  0.272217	  0.000461	  0.057777	  0.669545	
  0.793448	  0.022118	  0.028974	  0.155460	
  0.455101	  0.074479	  0.046086	  0.424333	
  0.272938	  0.136899	  0.170587	  0.419576	

URL http://cisbp.ccbr.utoronto.ca/TFreport.php?versionNumber=2.00&searchTF=T238630_2.00

MOTIF M00381_2.00 (HOXB6)_(Mus_musculus)_(DBD_1.00)

letter-probability matrix: alength= 4 w= 7 nsites= 1 E= 0
  0.154837	  0.144369	  0.176333	  0.524462	
  0.423924	  0.128967	  0.174087	  0.273022	
  0.477586	  0.116599	  0.158974	  0.246841	
  0.139209	  0.211870	  0.101086	  0.547835	
  0.172621	  0.202573	  0.337342	  0.287464	
  0.266719	  0.175247	  0.356451	  0.201582	
  0.239474	  0.307490	  0.264659	  0.188377	

URL http://cisbp.ccbr.utoronto.ca/TFreport.php?versionNumber=2.00&searchTF=T216125_2.00

MOTIF M00382_2.00 (HOXA10)_(Mus_musculus)_(DBD_1.00)

letter-probability matrix: alength= 4 w= 9 nsites= 1 E= 0
  0.187731	  0.158382	  0.173298	  0.480589	
  0.167569	  0.131814	  0.115745	  0.584872	
  0.349023	  0.092309	  0.110514	  0.448155	
  0.651686	  0.088196	  0.113246	  0.146872	
  0.112866	  0.256262	  0.099107	  0.531765	
  0.157200	  0.146572	  0.349855	  0.346373	
  0.360306	  0.132549	  0.322774	  0.184371	
  0.161159	  0.348065	  0.238028	  0.252747	
  0.234266	  0.294847	  0.234266	  0.236621	

URL http://cisbp.ccbr.utoronto.ca/TFreport.php?versionNumber=2.00&searchTF=T216172_2.00

MOTIF M00383_2.00 (HOXA4)_(Mus_musculus)_(DBD_1.00)

letter-probability matrix: alength= 4 w= 9 nsites= 1 E= 0
  0.196847	  0.282147	  0.169428	  0.351577	
  0.155907	  0.072187	  0.051897	  0.720008	
  0.696670	  0.087035	  0.095232	  0.121063	
  0.798358	  0.042630	  0.032219	  0.126793	
  0.067221	  0.146641	  0.081287	  0.704851	
  0.114380	  0.141109	  0.368533	  0.375978	
  0.447955	  0.095078	  0.322046	  0.134922	
  0.226418	  0.284970	  0.217540	  0.271072	
  0.214998	  0.296080	  0.212859	  0.276063	

URL http://cisbp.ccbr.utoronto.ca/TFreport.php?versionNumber=2.00&searchTF=T216164_2.00

MOTIF M00384_2.00 (ENSTBEG00000013303)_(Mus_musculus)_(DBD_1.00)

letter-probability matrix: alength= 4 w= 9 nsites= 1 E= 0
  0.260011	  0.244869	  0.186928	  0.308192	
  0.121246	  0.118845	  0.033711	  0.726198	
  0.700489	  0.000333	  0.270908	  0.028269	
  0.962122	  0.009292	  0.000107	  0.028478	
  0.024775	  0.111032	  0.068021	  0.796173	
  0.075798	  0.088950	  0.394680	  0.440572	
  0.541591	  0.066321	  0.277137	  0.114952	
  0.183583	  0.341268	  0.255359	  0.219789	
  0.201776	  0.326086	  0.199769	  0.272370	

URL http://cisbp.ccbr.utoronto.ca/TFreport.php?versionNumber=2.00&searchTF=T216182_2.00

MOTIF M00389_2.00 (HOXC13)_(Mus_musculus)_(DBD_1.00)

letter-probability matrix: alength= 4 w= 10 nsites= 1 E= 0
  0.244352	  0.152721	  0.200059	  0.402869	
  0.112366	  0.042172	  0.086640	  0.758821	
  0.122987	  0.043907	  0.010827	  0.822278	
  0.271439	  0.066270	  0.039795	  0.622496	
  0.894248	  0.000505	  0.058908	  0.046339	
  0.067680	  0.355950	  0.023684	  0.552686	
  0.252481	  0.054127	  0.369199	  0.324192	
  0.440104	  0.070599	  0.356741	  0.132557	
  0.145106	  0.244072	  0.418829	  0.191994	
  0.238314	  0.279665	  0.253051	  0.228970	

URL http://cisbp.ccbr.utoronto.ca/TFreport.php?versionNumber=2.00&searchTF=T216206_2.00

MOTIF M00393_2.00 (EVX2)_(Mus_musculus)_(DBD_1.00)

letter-probability matrix: alength= 4 w= 8 nsites= 1 E= 0
  0.235698	  0.265748	  0.314993	  0.183561	
  0.194613	  0.361771	  0.230676	  0.212940	
  0.142042	  0.092400	  0.025949	  0.739610	
  0.699379	  0.079059	  0.175949	  0.045613	
  0.870945	  0.043362	  0.006683	  0.079010	
  0.058490	  0.192260	  0.064641	  0.684609	
  0.137513	  0.209290	  0.328232	  0.324966	
  0.380775	  0.133247	  0.314885	  0.171093	

URL http://cisbp.ccbr.utoronto.ca/TFreport.php?versionNumber=2.00&searchTF=T216163_2.00

MOTIF M00396_2.00 (OTX1)_(Mus_musculus)_(DBD_1.00)

letter-probability matrix: alength= 4 w= 8 nsites= 1 E= 0
  0.243137	  0.255603	  0.173058	  0.328201	
  0.180751	  0.050761	  0.028138	  0.740350	
  0.754094	  0.029830	  0.091425	  0.124651	
  0.948503	  0.020184	  0.016361	  0.014953	
  0.061921	  0.014525	  0.234126	  0.689428	
  0.144617	  0.648127	  0.069692	  0.137564	
  0.112198	  0.502838	  0.114465	  0.270499	
  0.173843	  0.301314	  0.278148	  0.246695	

URL http://cisbp.ccbr.utoronto.ca/TFreport.php?versionNumber=2.00&searchTF=T216183_2.00

MOTIF M00399_2.00 (PKNOX1)_(Mus_musculus)_(DBD_1.00)

letter-probability matrix: alength= 4 w= 8 nsites= 1 E= 0
  0.145807	  0.166050	  0.102749	  0.585395	
  0.047416	  0.026548	  0.887984	  0.038052	
  0.795904	  0.000436	  0.143952	  0.059709	
  0.041428	  0.910466	  0.001396	  0.046710	
  0.672067	  0.019113	  0.247239	  0.061581	
  0.160336	  0.171961	  0.418748	  0.248954	
  0.200186	  0.289816	  0.301643	  0.208355	
  0.204146	  0.262129	  0.190345	  0.343380	

URL http://cisbp.ccbr.utoronto.ca/TFreport.php?versionNumber=2.00&searchTF=T216184_2.00

MOTIF M00405_2.00 (LHX5)_(Mus_musculus)_(DBD_1.00)

letter-probability matrix: alength= 4 w= 9 nsites= 1 E= 0
  0.166699	  0.079535	  0.057179	  0.696587	
  0.658460	  0.072959	  0.164006	  0.104575	
  0.860814	  0.014554	  0.044163	  0.080469	
  0.057497	  0.058075	  0.037402	  0.847026	
  0.146493	  0.115235	  0.184376	  0.553896	
  0.427710	  0.071410	  0.368133	  0.132747	
  0.333758	  0.210696	  0.276004	  0.179543	
  0.279203	  0.233210	  0.202743	  0.284843	
  0.269584	  0.207863	  0.189973	  0.332580	

URL http://cisbp.ccbr.utoronto.ca/TFreport.php?versionNumber=2.00&searchTF=T216131_2.00

MOTIF M00411_2.00 (GSC)_(Mus_musculus)_(DBD_0.96)

letter-probability matrix: alength= 4 w= 9 nsites= 1 E= 0
  0.240681	  0.253021	  0.279632	  0.226665	
  0.227219	  0.312909	  0.182347	  0.277525	
  0.152629	  0.043729	  0.032395	  0.771247	
  0.781271	  0.024069	  0.108954	  0.085706	
  0.946629	  0.020346	  0.018971	  0.014054	
  0.079369	  0.043125	  0.124475	  0.753031	
  0.124675	  0.611374	  0.090532	  0.173419	
  0.108349	  0.531316	  0.137739	  0.222596	
  0.186346	  0.310320	  0.277995	  0.225339	

URL http://cisbp.ccbr.utoronto.ca/TFreport.php?versionNumber=2.00&searchTF=T216195_2.00

MOTIF M00415_2.00 (PITX1)_(Mus_musculus)_(DBD_1.00)

letter-probability matrix: alength= 4 w= 9 nsites= 1 E= 0
  0.214819	  0.275834	  0.165637	  0.343710	
  0.156468	  0.031590	  0.029162	  0.782780	
  0.812989	  0.018187	  0.092825	  0.075999	
  0.970114	  0.005298	  0.018493	  0.006095	
  0.033505	  0.020526	  0.194747	  0.751222	
  0.084599	  0.778927	  0.049300	  0.087175	
  0.054735	  0.673516	  0.068890	  0.202859	
  0.203348	  0.355996	  0.215922	  0.224734	
  0.226520	  0.293780	  0.211205	  0.268495	

URL http://cisbp.ccbr.utoronto.ca/TFreport.php?versionNumber=2.00&searchTF=T216208_2.00

MOTIF M00418_2.00 (OTX2)_(Mus_musculus)_(DBD_1.00)

letter-probability matrix: alength= 4 w= 8 nsites= 1 E= 0
  0.244685	  0.262426	  0.184929	  0.307960	
  0.195722	  0.063860	  0.036477	  0.703941	
  0.712083	  0.037645	  0.106505	  0.143767	
  0.921471	  0.039884	  0.018840	  0.019806	
  0.072358	  0.024572	  0.250040	  0.653030	
  0.149500	  0.630995	  0.082872	  0.136633	
  0.112604	  0.499634	  0.129525	  0.258237	
  0.173100	  0.309164	  0.276959	  0.240777	

URL http://cisbp.ccbr.utoronto.ca/TFreport.php?versionNumber=2.00&searchTF=T216126_2.00

MOTIF M00419_2.00 (HMBOX1)_(Mus_musculus)_(DBD_0.82)

letter-probability matrix: alength= 4 w= 8 nsites= 1 E= 0
  0.185619	  0.362743	  0.201079	  0.250559	
  0.199750	  0.175399	  0.218561	  0.406289	
  0.364381	  0.146672	  0.346610	  0.142337	
  0.136241	  0.057652	  0.661442	  0.144665	
  0.187515	  0.094053	  0.108187	  0.610245	
  0.293166	  0.154584	  0.148523	  0.403727	
  0.426725	  0.129819	  0.216186	  0.227270	
  0.308388	  0.196637	  0.247487	  0.247487	

URL http://cisbp.ccbr.utoronto.ca/TFreport.php?versionNumber=2.00&searchTF=T216207_2.00

MOTIF M00423_2.00 (DLX2)_(Mus_musculus)_(DBD_1.00)

letter-probability matrix: alength= 4 w= 9 nsites= 1 E= 0
  0.304718	  0.228009	  0.194297	  0.272977	
  0.151961	  0.073967	  0.021405	  0.752667	
  0.823630	  0.052653	  0.108172	  0.015545	
  0.943177	  0.000270	  0.024761	  0.031793	
  0.083189	  0.065438	  0.100596	  0.750777	
  0.166825	  0.139344	  0.182536	  0.511295	
  0.341885	  0.086011	  0.430296	  0.141808	
  0.195606	  0.309854	  0.288906	  0.205635	
  0.223337	  0.278296	  0.225582	  0.272785	

URL http://cisbp.ccbr.utoronto.ca/TFreport.php?versionNumber=2.00&searchTF=T216159_2.00

MOTIF M00426_2.00 (RAX)_(Mus_musculus)_(DBD_1.00)

letter-probability matrix: alength= 4 w= 9 nsites= 1 E= 0
  0.269860	  0.244180	  0.310413	  0.175547	
  0.222956	  0.322782	  0.189991	  0.264271	
  0.095770	  0.046616	  0.010402	  0.847212	
  0.799391	  0.056478	  0.097891	  0.046240	
  0.967307	  0.000597	  0.022077	  0.010019	
  0.039713	  0.048993	  0.055795	  0.855498	
  0.112128	  0.104548	  0.131584	  0.651740	
  0.377268	  0.097803	  0.400597	  0.124332	
  0.274391	  0.207380	  0.363054	  0.155175	

URL http://cisbp.ccbr.utoronto.ca/TFreport.php?versionNumber=2.00&searchTF=T216114_2.00

MOTIF M00427_2.00 (ENSTBEG00000001197)_(Mus_musculus)_(DBD_0.98)

letter-probability matrix: alength= 4 w= 9 nsites= 1 E= 0
  0.168479	  0.163500	  0.146469	  0.521553	
  0.211125	  0.111324	  0.092061	  0.585490	
  0.332803	  0.037621	  0.152559	  0.477017	
  0.833329	  0.023463	  0.043182	  0.100026	
  0.015491	  0.177732	  0.064089	  0.742688	
  0.151377	  0.075927	  0.326939	  0.445757	
  0.427605	  0.074307	  0.394730	  0.103358	
  0.140060	  0.392316	  0.217472	  0.250152	
  0.235202	  0.305040	  0.214958	  0.244800	

URL http://cisbp.ccbr.utoronto.ca/TFreport.php?versionNumber=2.00&searchTF=T216115_2.00

MOTIF M00432_2.00 (LMX1A)_(Mus_musculus)_(DBD_1.00)

letter-probability matrix: alength= 4 w= 8 nsites= 1 E= 0
  0.233021	  0.233021	  0.237729	  0.296228	
  0.299569	  0.128040	  0.147281	  0.425109	
  0.394212	  0.088845	  0.184360	  0.332583	
  0.791037	  0.010521	  0.120704	  0.077738	
  0.125342	  0.030909	  0.107883	  0.735866	
  0.111249	  0.116952	  0.215243	  0.556556	
  0.502249	  0.069345	  0.330001	  0.098405	
  0.304872	  0.239820	  0.275859	  0.179449	

URL http://cisbp.ccbr.utoronto.ca/TFreport.php?versionNumber=2.00&searchTF=T216194_2.00

MOTIF M00438_2.00 (NKX2-2)_(Mus_musculus)_(DBD_1.00)

letter-probability matrix: alength= 4 w= 9 nsites= 1 E= 0
  0.211292	  0.263287	  0.243044	  0.282377	
  0.249961	  0.185175	  0.148607	  0.416257	
  0.165668	  0.301867	  0.221404	  0.311061	
  0.494881	  0.045346	  0.355781	  0.103992	
  0.869196	  0.000051	  0.015449	  0.115304	
  0.101810	  0.062998	  0.673917	  0.161274	
  0.247088	  0.045139	  0.174120	  0.533653	
  0.334033	  0.038522	  0.503326	  0.124119	
  0.129395	  0.311957	  0.305780	  0.252868	

URL http://cisbp.ccbr.utoronto.ca/TFreport.php?versionNumber=2.00&searchTF=T216204_2.00

MOTIF M00441_2.00 (DMBX1)_(Mus_musculus)_(DBD_1.00)

letter-probability matrix: alength= 4 w= 9 nsites= 1 E= 0
  0.212858	  0.299055	  0.164125	  0.323962	
  0.153798	  0.038307	  0.030742	  0.777153	
  0.777780	  0.031389	  0.089698	  0.101134	
  0.945835	  0.014470	  0.014615	  0.025080	
  0.045414	  0.028101	  0.156932	  0.769554	
  0.119773	  0.689246	  0.071208	  0.119773	
  0.076693	  0.566686	  0.114412	  0.242210	
  0.157784	  0.314576	  0.287500	  0.240141	
  0.219437	  0.296208	  0.221642	  0.262713	

URL http://cisbp.ccbr.utoronto.ca/TFreport.php?versionNumber=2.00&searchTF=T216138_2.00

MOTIF M00446_2.00 (PDX1)_(Mus_musculus)_(DBD_1.00)

letter-probability matrix: alength= 4 w= 8 nsites= 1 E= 0
  0.207406	  0.312522	  0.197290	  0.282782	
  0.212544	  0.078190	  0.070750	  0.638516	
  0.637557	  0.086284	  0.186353	  0.089805	
  0.761956	  0.050194	  0.052767	  0.135083	
  0.078717	  0.160109	  0.131087	  0.630087	
  0.157976	  0.172853	  0.344620	  0.324551	
  0.338739	  0.140503	  0.342143	  0.178615	
  0.200480	  0.314415	  0.267927	  0.217177	

URL http://cisbp.ccbr.utoronto.ca/TFreport.php?versionNumber=2.00&searchTF=T216193_2.00

MOTIF M00449_2.00 (DLX5)_(Mus_musculus)_(DBD_1.00)

letter-probability matrix: alength= 4 w= 7 nsites= 1 E= 0
  0.204525	  0.110023	  0.089183	  0.596269	
  0.636768	  0.083630	  0.182437	  0.097165	
  0.800513	  0.006654	  0.071898	  0.120935	
  0.095734	  0.118105	  0.133163	  0.652998	
  0.161720	  0.173446	  0.211847	  0.452988	
  0.313028	  0.103161	  0.448673	  0.135138	
  0.200270	  0.304803	  0.275797	  0.219130	

URL http://cisbp.ccbr.utoronto.ca/TFreport.php?versionNumber=2.00&searchTF=T216145_2.00

MOTIF M00450_2.00 (HOXA1)_(Mus_musculus)_(DBD_1.00)

letter-probability matrix: alength= 4 w= 9 nsites= 1 E= 0
  0.196325	  0.259764	  0.216973	  0.326938	
  0.168024	  0.144619	  0.100897	  0.586460	
  0.700378	  0.000665	  0.217374	  0.081583	
  0.964678	  0.000287	  0.006765	  0.028270	
  0.099760	  0.022937	  0.086727	  0.790576	
  0.079382	  0.133523	  0.297160	  0.489935	
  0.592997	  0.034302	  0.309572	  0.063130	
  0.209422	  0.321935	  0.297183	  0.171460	
  0.160609	  0.343427	  0.206226	  0.289737	

URL http://cisbp.ccbr.utoronto.ca/TFreport.php?versionNumber=2.00&searchTF=T216161_2.00

MOTIF M00453_2.00 (IRX3)_(Mus_musculus)_(DBD_1.00)

letter-probability matrix: alength= 4 w= 10 nsites= 1 E= 0
  0.292956	  0.212730	  0.247157	  0.247157	
  0.199110	  0.213547	  0.268770	  0.318574	
  0.308532	  0.060450	  0.242700	  0.388318	
  0.885224	  0.000434	  0.056027	  0.058314	
  0.069002	  0.849069	  0.012233	  0.069696	
  0.762058	  0.078730	  0.049701	  0.109511	
  0.312091	  0.226624	  0.087645	  0.373640	
  0.225409	  0.218747	  0.398583	  0.157262	
  0.285673	  0.236240	  0.224718	  0.253369	
  0.255374	  0.231072	  0.219803	  0.293750	

URL http://cisbp.ccbr.utoronto.ca/TFreport.php?versionNumber=2.00&searchTF=T216154_2.00

MOTIF M00457_2.00 (BARX2)_(Mus_musculus)_(DBD_1.00)

letter-probability matrix: alength= 4 w= 9 nsites= 1 E= 0
  0.238173	  0.273964	  0.196959	  0.290905	
  0.148488	  0.053544	  0.024792	  0.773176	
  0.809421	  0.043655	  0.075665	  0.071259	
  0.862133	  0.036944	  0.030858	  0.070064	
  0.112524	  0.137438	  0.140214	  0.609824	
  0.139816	  0.237538	  0.278754	  0.343892	
  0.259102	  0.111857	  0.444620	  0.184421	
  0.203569	  0.288878	  0.246166	  0.261388	
  0.198960	  0.282338	  0.187374	  0.331327	

URL http://cisbp.ccbr.utoronto.ca/TFreport.php?versionNumber=2.00&searchTF=T216112_2.00

MOTIF M00458_2.00 (ISL2)_(Mus_musculus)_(DBD_1.00)

letter-probability matrix: alength= 4 w= 7 nsites= 1 E= 0
  0.207112	  0.268610	  0.252968	  0.271310	
  0.229210	  0.070431	  0.130927	  0.569432	
  0.521448	  0.073450	  0.236656	  0.168445	
  0.627941	  0.108034	  0.128053	  0.135972	
  0.172464	  0.088251	  0.270478	  0.468806	
  0.209059	  0.140136	  0.302661	  0.348144	
  0.255000	  0.139947	  0.428917	  0.176137	

URL http://cisbp.ccbr.utoronto.ca/TFreport.php?versionNumber=2.00&searchTF=T216180_2.00

MOTIF M00462_2.00 (ENSTBEG00000016155)_(Mus_musculus)_(DBD_1.00)

letter-probability matrix: alength= 4 w= 7 nsites= 1 E= 0
  0.198929	  0.327978	  0.255430	  0.217663	
  0.220805	  0.126126	  0.131273	  0.521797	
  0.509991	  0.118438	  0.182070	  0.189501	
  0.706385	  0.038868	  0.107787	  0.146960	
  0.169953	  0.139146	  0.120967	  0.569934	
  0.143686	  0.234541	  0.190115	  0.431657	
  0.324622	  0.125544	  0.396494	  0.153340	

URL http://cisbp.ccbr.utoronto.ca/TFreport.php?versionNumber=2.00&searchTF=T216205_2.00

MOTIF M00469_2.00 (GSX2)_(Mus_musculus)_(DBD_1.00)

letter-probability matrix: alength= 4 w= 9 nsites= 1 E= 0
  0.180487	  0.322358	  0.168285	  0.328870	
  0.103026	  0.115005	  0.065038	  0.716930	
  0.775551	  0.063661	  0.107080	  0.053709	
  0.897628	  0.006358	  0.000454	  0.095560	
  0.077016	  0.098890	  0.055925	  0.768169	
  0.180572	  0.058917	  0.288913	  0.471598	
  0.490098	  0.081013	  0.288474	  0.140415	
  0.197887	  0.298180	  0.280815	  0.223117	
  0.176121	  0.347641	  0.210855	  0.265382	

URL http://cisbp.ccbr.utoronto.ca/TFreport.php?versionNumber=2.00&searchTF=T216132_2.00

MOTIF M00471_2.00 (ALX1)_(Mus_musculus)_(DBD_1.00)

letter-probability matrix: alength= 4 w= 8 nsites= 1 E= 0
  0.244872	  0.260014	  0.144133	  0.350982	
  0.077444	  0.034798	  0.008081	  0.879677	
  0.867505	  0.035010	  0.060680	  0.036805	
  0.982723	  0.000589	  0.009586	  0.007102	
  0.016319	  0.031259	  0.025086	  0.927336	
  0.092665	  0.083846	  0.096446	  0.727043	
  0.388672	  0.095845	  0.384805	  0.130678	
  0.289713	  0.198123	  0.368297	  0.143867	

URL http://cisbp.ccbr.utoronto.ca/TFreport.php?versionNumber=2.00&searchTF=T216135_2.00

MOTIF M00476_2.00 (HOXA7)_(Mus_musculus)_(DBD_1.00)

letter-probability matrix: alength= 4 w= 9 nsites= 1 E= 0
  0.219817	  0.202917	  0.222026	  0.355240	
  0.214850	  0.129017	  0.132946	  0.523188	
  0.513373	  0.061621	  0.131763	  0.293243	
  0.787783	  0.015788	  0.077418	  0.119012	
  0.061583	  0.194490	  0.104625	  0.639303	
  0.168088	  0.140399	  0.363030	  0.328483	
  0.320844	  0.119218	  0.380298	  0.179640	
  0.183628	  0.344782	  0.238153	  0.233437	
  0.224687	  0.297291	  0.224687	  0.253334	

URL http://cisbp.ccbr.utoronto.ca/TFreport.php?versionNumber=2.00&searchTF=T216168_2.00

MOTIF M00485_2.00 (HLX)_(Mus_musculus)_(DBD_1.00)

letter-probability matrix: alength= 4 w= 7 nsites= 1 E= 0
  0.187295	  0.271153	  0.247815	  0.293737	
  0.250771	  0.201249	  0.229188	  0.318793	
  0.296001	  0.169078	  0.244781	  0.290140	
  0.718437	  0.000173	  0.207904	  0.073485	
  0.249149	  0.003519	  0.152635	  0.594697	
  0.242601	  0.126649	  0.230769	  0.399981	
  0.470117	  0.042224	  0.321495	  0.166165	

URL http://cisbp.ccbr.utoronto.ca/TFreport.php?versionNumber=2.00&searchTF=T216189_2.00

MOTIF M00486_2.00 (ENSTBEG00000013018)_(Mus_musculus)_(DBD_1.00)

letter-probability matrix: alength= 4 w= 7 nsites= 1 E= 0
  0.153626	  0.124527	  0.117275	  0.604572	
  0.593609	  0.094275	  0.189847	  0.122269	
  0.704175	  0.030785	  0.098202	  0.166839	
  0.084709	  0.138271	  0.119011	  0.658009	
  0.158625	  0.155484	  0.189908	  0.495983	
  0.362402	  0.126818	  0.341297	  0.169483	
  0.274738	  0.195550	  0.352771	  0.176941	

URL http://cisbp.ccbr.utoronto.ca/TFreport.php?versionNumber=2.00&searchTF=T216181_2.00

MOTIF M00491_2.00 (DLX1)_(Mus_musculus)_(DBD_1.00)

letter-probability matrix: alength= 4 w= 9 nsites= 1 E= 0
  0.308862	  0.217651	  0.204976	  0.268511	
  0.162560	  0.093789	  0.036637	  0.707014	
  0.804281	  0.032784	  0.144020	  0.018915	
  0.924954	  0.003353	  0.032451	  0.039242	
  0.084100	  0.081615	  0.097711	  0.736574	
  0.173718	  0.152541	  0.191988	  0.481753	
  0.336856	  0.096511	  0.419748	  0.146886	
  0.197434	  0.312750	  0.280172	  0.209643	
  0.224674	  0.282775	  0.231517	  0.261034	

URL http://cisbp.ccbr.utoronto.ca/TFreport.php?versionNumber=2.00&searchTF=T216158_2.00

MOTIF M00494_2.00 (ENSTBEG00000010861)_(Mus_musculus)_(DBD_1.00)

letter-probability matrix: alength= 4 w= 9 nsites= 1 E= 0
  0.211874	  0.191712	  0.182362	  0.414052	
  0.162671	  0.088388	  0.089276	  0.659665	
  0.635240	  0.026417	  0.087707	  0.250636	
  0.841058	  0.027790	  0.054853	  0.076299	
  0.060485	  0.134613	  0.075370	  0.729532	
  0.126207	  0.093496	  0.357066	  0.423232	
  0.406948	  0.066599	  0.390992	  0.135461	
  0.160293	  0.398219	  0.220744	  0.220744	
  0.214080	  0.319370	  0.186112	  0.280437	

URL http://cisbp.ccbr.utoronto.ca/TFreport.php?versionNumber=2.00&searchTF=T216167_2.00

MOTIF M00495_2.00 (EMX2)_(Mus_musculus)_(DBD_1.00)

letter-probability matrix: alength= 4 w= 9 nsites= 1 E= 0
  0.184447	  0.364076	  0.184447	  0.267030	
  0.116544	  0.046445	  0.001308	  0.835703	
  0.822965	  0.097799	  0.078485	  0.000750	
  0.891592	  0.011056	  0.021179	  0.076173	
  0.116988	  0.045699	  0.100693	  0.736620	
  0.189372	  0.123188	  0.282510	  0.404930	
  0.430266	  0.105047	  0.303203	  0.161484	
  0.227412	  0.274998	  0.297901	  0.199689	
  0.184723	  0.307617	  0.234829	  0.272832	

URL http://cisbp.ccbr.utoronto.ca/TFreport.php?versionNumber=2.00&searchTF=T216185_2.00

MOTIF M00497_2.00 (NKX2-3)_(Mus_musculus)_(DBD_1.00)

letter-probability matrix: alength= 4 w= 9 nsites= 1 E= 0
  0.245645	  0.217868	  0.155072	  0.381415	
  0.155646	  0.286456	  0.182652	  0.375247	
  0.590071	  0.027667	  0.267800	  0.114462	
  0.898778	  0.013079	  0.023360	  0.064783	
  0.070908	  0.007549	  0.728793	  0.192749	
  0.205889	  0.053375	  0.175447	  0.565289	
  0.315679	  0.022081	  0.558205	  0.104035	
  0.130473	  0.305262	  0.324138	  0.240127	
  0.222604	  0.274622	  0.222604	  0.280170	

URL http://cisbp.ccbr.utoronto.ca/TFreport.php?versionNumber=2.00&searchTF=T216173_2.00

MOTIF M00499_2.00 (DBX2)_(Mus_musculus)_(DBD_0.93)

letter-probability matrix: alength= 4 w= 7 nsites= 1 E= 0
  0.205746	  0.158641	  0.149402	  0.486211	
  0.341989	  0.189574	  0.168137	  0.300299	
  0.552624	  0.086028	  0.147625	  0.213722	
  0.141773	  0.059396	  0.130873	  0.667958	
  0.161183	  0.245315	  0.204904	  0.388597	
  0.328916	  0.132397	  0.363509	  0.175178	
  0.272587	  0.292352	  0.254159	  0.180902	

