MEME version 5.5.8 (Fri May 2 15:43:49 2025 -0700)

ALPHABET= ACGT

strands: + -

Background letter frequencies (from uniform background):
A 0.25000 C 0.25000 G 0.25000 T 0.25000 

MOTIF M00111_2.00 (Tal_R008010)_(Mus_musculus)_(DBD_0.80)

letter-probability matrix: alength= 4 w= 10 nsites= 1 E= 0
  0.220377	  0.335405	  0.102037	  0.342181	
  0.111784	  0.193750	  0.669524	  0.024942	
  0.009553	  0.989147	  0.000370	  0.000929	
  0.000437	  0.891193	  0.000324	  0.108046	
  0.046223	  0.377462	  0.191229	  0.385087	
  0.132612	  0.336106	  0.329451	  0.201830	
  0.430307	  0.248265	  0.229178	  0.092250	
  0.301624	  0.024759	  0.651437	  0.022180	
  0.055101	  0.000431	  0.943092	  0.001376	
  0.095237	  0.349453	  0.435445	  0.119865	

URL http://cisbp.ccbr.utoronto.ca/TFreport.php?versionNumber=2.00&searchTF=T011205_2.00

MOTIF M00124_2.00 (Tal_R007501)_(Mus_musculus)_(DBD_0.97)

letter-probability matrix: alength= 4 w= 10 nsites= 1 E= 0
  0.260600	  0.193057	  0.290902	  0.255440	
  0.297930	  0.203743	  0.261611	  0.236716	
  0.174845	  0.166318	  0.245649	  0.413188	
  0.186210	  0.177128	  0.390283	  0.246379	
  0.445741	  0.112139	  0.281389	  0.160732	
  0.171869	  0.422731	  0.182497	  0.222903	
  0.256025	  0.100011	  0.480715	  0.163249	
  0.268049	  0.185151	  0.235372	  0.311428	
  0.340203	  0.183010	  0.278534	  0.198253	
  0.336613	  0.151250	  0.270138	  0.241999	

URL http://cisbp.ccbr.utoronto.ca/TFreport.php?versionNumber=2.00&searchTF=T070464_2.00

MOTIF M00125_2.00 (Tal_R007524)_(Mus_musculus)_(DBD_0.61)

letter-probability matrix: alength= 4 w= 10 nsites= 1 E= 0
  0.226159	  0.202601	  0.358252	  0.212988	
  0.460836	  0.137420	  0.369830	  0.031914	
  0.004173	  0.013179	  0.001614	  0.981035	
  0.044273	  0.036980	  0.742765	  0.175982	
  0.987799	  0.000325	  0.000224	  0.011652	
  0.041156	  0.637382	  0.123639	  0.197822	
  0.166793	  0.107421	  0.496090	  0.229696	
  0.203168	  0.294133	  0.136187	  0.366512	
  0.366588	  0.277061	  0.220135	  0.136216	
  0.350480	  0.202210	  0.214714	  0.232596	

URL http://cisbp.ccbr.utoronto.ca/TFreport.php?versionNumber=2.00&searchTF=T070465_2.00

MOTIF M00136_2.00 (Tal_R009432)_(Mus_musculus)_(DBD_0.98)

letter-probability matrix: alength= 4 w= 9 nsites= 1 E= 0
  0.004902	  0.985294	  0.004902	  0.004902	
  0.002475	  0.002475	  0.992574	  0.002475	
  0.002475	  0.002475	  0.002475	  0.992574	
  0.002475	  0.002475	  0.992574	  0.002475	
  0.002475	  0.497525	  0.002475	  0.497525	
  0.002475	  0.002475	  0.992574	  0.002475	
  0.002475	  0.992574	  0.002475	  0.002475	
  0.992574	  0.002475	  0.002475	  0.002475	
  0.495098	  0.495098	  0.004902	  0.004902	

URL http://cisbp.ccbr.utoronto.ca/TFreport.php?versionNumber=2.00&searchTF=T137679_2.00

MOTIF M00140_2.00 (Tal_R011336)_(Mus_musculus)_(DBD_0.96)

letter-probability matrix: alength= 4 w= 8 nsites= 1 E= 0
  0.200397	  0.795635	  0.001984	  0.001984	
  0.001244	  0.747512	  0.001244	  0.250000	
  0.996681	  0.001106	  0.001106	  0.001106	
  0.001106	  0.001106	  0.001106	  0.996681	
  0.001106	  0.996681	  0.001106	  0.001106	
  0.001106	  0.996681	  0.001106	  0.001106	
  0.001106	  0.996681	  0.001106	  0.001106	
  0.995739	  0.001420	  0.001420	  0.001420	

URL http://cisbp.ccbr.utoronto.ca/TFreport.php?versionNumber=2.00&searchTF=T137710_2.00

MOTIF M00144_2.00 (Tal_R009607)_(Mus_musculus)_(DBD_1.00)

letter-probability matrix: alength= 4 w= 9 nsites= 1 E= 0
  0.239345	  0.218745	  0.246634	  0.295275	
  0.191857	  0.178887	  0.532058	  0.097198	
  0.021077	  0.835642	  0.002359	  0.140921	
  0.032784	  0.170704	  0.000247	  0.796265	
  0.546729	  0.158215	  0.044432	  0.250624	
  0.007923	  0.906640	  0.002363	  0.083075	
  0.000350	  0.507322	  0.000000	  0.492328	
  0.126341	  0.131497	  0.544020	  0.198142	
  0.176151	  0.179710	  0.240169	  0.403971	

URL http://cisbp.ccbr.utoronto.ca/TFreport.php?versionNumber=2.00&searchTF=T137682_2.00

MOTIF M00156_2.00 (Tal_R004685)_(Mus_musculus)_(DBD_0.96)

letter-probability matrix: alength= 4 w= 10 nsites= 1 E= 0
  0.411349	  0.141096	  0.190460	  0.257094	
  0.256228	  0.286021	  0.214019	  0.243731	
  0.255689	  0.345145	  0.285420	  0.113745	
  0.360725	  0.386880	  0.177348	  0.075047	
  0.143150	  0.028047	  0.745381	  0.083421	
  0.125128	  0.023321	  0.756981	  0.094570	
  0.888187	  0.000017	  0.039614	  0.072181	
  0.787696	  0.000028	  0.029345	  0.182932	
  0.390316	  0.110715	  0.414452	  0.084517	
  0.222956	  0.197744	  0.143592	  0.435709	

URL http://cisbp.ccbr.utoronto.ca/TFreport.php?versionNumber=2.00&searchTF=T177923_2.00

MOTIF M00161_2.00 (Tal_R007079)_(Mus_musculus)_(DBD_0.90)

letter-probability matrix: alength= 4 w= 12 nsites= 1 E= 0
  0.394926	  0.201691	  0.201691	  0.201691	
  0.357836	  0.147163	  0.347838	  0.147163	
  0.159006	  0.172368	  0.068783	  0.599842	
  0.841382	  0.113021	  0.022798	  0.022798	
  0.999531	  0.000156	  0.000156	  0.000156	
  0.999531	  0.000156	  0.000156	  0.000156	
  0.000156	  0.999531	  0.000156	  0.000156	
  0.999531	  0.000156	  0.000156	  0.000156	
  0.854605	  0.048465	  0.048465	  0.048465	
  0.691020	  0.102993	  0.102993	  0.102993	
  0.181373	  0.360053	  0.181373	  0.277201	
  0.317926	  0.227358	  0.227358	  0.227358	

URL http://cisbp.ccbr.utoronto.ca/TFreport.php?versionNumber=2.00&searchTF=T189239_2.00

MOTIF M00163_2.00 (Tal_R009325)_(Mus_musculus)_(DBD_0.99)

letter-probability matrix: alength= 4 w= 8 nsites= 1 E= 0
  0.309467	  0.142959	  0.547336	  0.000238	
  0.295052	  0.000164	  0.000164	  0.704620	
  0.619510	  0.295749	  0.000141	  0.084600	
  0.888534	  0.069545	  0.000139	  0.041782	
  0.999584	  0.000139	  0.000139	  0.000139	
  0.000139	  0.957940	  0.000139	  0.041782	
  0.999572	  0.000143	  0.000143	  0.000143	
  0.660068	  0.132164	  0.056750	  0.151018	

URL http://cisbp.ccbr.utoronto.ca/TFreport.php?versionNumber=2.00&searchTF=T189242_2.00

MOTIF M00172_2.00 (Tal_R008384)_(Mus_musculus)_(DBD_1.00)

letter-probability matrix: alength= 4 w= 10 nsites= 1 E= 0
  0.183789	  0.303016	  0.164644	  0.348551	
  0.107098	  0.054258	  0.023191	  0.815454	
  0.868219	  0.022566	  0.074176	  0.035038	
  0.965411	  0.017682	  0.000907	  0.015999	
  0.018285	  0.097133	  0.050708	  0.833874	
  0.113053	  0.096338	  0.418995	  0.371615	
  0.447592	  0.063681	  0.359201	  0.129526	
  0.204977	  0.311967	  0.273937	  0.209118	
  0.227740	  0.286634	  0.210231	  0.275395	
  0.212729	  0.249640	  0.210612	  0.327019	

URL http://cisbp.ccbr.utoronto.ca/TFreport.php?versionNumber=2.00&searchTF=T226896_2.00

MOTIF M00180_2.00 (Tal_R003498)_(Mus_musculus)_(DBD_0.96)

letter-probability matrix: alength= 4 w= 9 nsites= 1 E= 0
  0.165458	  0.343340	  0.036919	  0.454283	
  0.975103	  0.000330	  0.019936	  0.004630	
  0.948213	  0.047209	  0.003613	  0.000965	
  0.001692	  0.998220	  0.000045	  0.000043	
  0.033377	  0.182706	  0.625079	  0.158837	
  0.098345	  0.035110	  0.748805	  0.117740	
  0.262572	  0.281611	  0.064105	  0.391712	
  0.191940	  0.427171	  0.082863	  0.298027	
  0.317812	  0.187065	  0.252512	  0.242611	

URL http://cisbp.ccbr.utoronto.ca/TFreport.php?versionNumber=2.00&searchTF=T283682_2.00

MOTIF M00192_2.00 (Tal_R001210)_(Mus_musculus)_(DBD_0.97)

letter-probability matrix: alength= 4 w= 10 nsites= 1 E= 0
  0.288710	  0.216031	  0.234024	  0.261235	
  0.267885	  0.210726	  0.228276	  0.293113	
  0.254675	  0.244689	  0.210606	  0.290031	
  0.178353	  0.381367	  0.197110	  0.243170	
  0.142077	  0.390086	  0.214084	  0.253754	
  0.577609	  0.339984	  0.075861	  0.006546	
  0.069047	  0.067007	  0.858163	  0.005782	
  0.628592	  0.263350	  0.048110	  0.059948	
  0.080759	  0.917332	  0.000028	  0.001880	
  0.388991	  0.137491	  0.312172	  0.161347	

URL http://cisbp.ccbr.utoronto.ca/TFreport.php?versionNumber=2.00&searchTF=T325347_2.00

MOTIF M00194_2.00 (Tal_R010197)_(Mus_musculus)_(DBD_1.00)

letter-probability matrix: alength= 4 w= 8 nsites= 1 E= 0
  0.226419	  0.257852	  0.260443	  0.255286	
  0.256789	  0.177373	  0.194077	  0.371762	
  0.185974	  0.312814	  0.363438	  0.137773	
  0.505770	  0.103139	  0.144906	  0.246185	
  0.528531	  0.076715	  0.198364	  0.196390	
  0.225196	  0.166830	  0.131233	  0.476741	
  0.220657	  0.150899	  0.414308	  0.214136	
  0.349045	  0.129697	  0.335359	  0.185899	

URL http://cisbp.ccbr.utoronto.ca/TFreport.php?versionNumber=2.00&searchTF=T333874_2.00

MOTIF M00200_2.00 (Tal_R002068)_(Mus_musculus)_(DBD_1.00)

letter-probability matrix: alength= 4 w= 10 nsites= 1 E= 0
  0.487159	  0.134101	  0.192210	  0.186530	
  0.103241	  0.367628	  0.410375	  0.118756	
  0.639521	  0.041709	  0.022663	  0.296107	
  0.118677	  0.035037	  0.012139	  0.834147	
  0.107632	  0.677712	  0.134118	  0.080537	
  0.874585	  0.017180	  0.013247	  0.094988	
  0.809823	  0.058957	  0.086213	  0.045007	
  0.758453	  0.014031	  0.099612	  0.127904	
  0.182254	  0.175107	  0.575592	  0.067047	
  0.284337	  0.183124	  0.403494	  0.129045	

URL http://cisbp.ccbr.utoronto.ca/TFreport.php?versionNumber=2.00&searchTF=T333869_2.00

MOTIF M00201_2.00 (Tal_R002362)_(Mus_musculus)_(DBD_0.93)

letter-probability matrix: alength= 4 w= 10 nsites= 1 E= 0
  0.806958	  0.018417	  0.014929	  0.159696	
  0.000158	  0.063550	  0.009411	  0.926882	
  0.000162	  0.000157	  0.000079	  0.999602	
  0.261590	  0.078790	  0.649875	  0.009745	
  0.083298	  0.023393	  0.028572	  0.864737	
  0.102484	  0.262358	  0.142552	  0.492606	
  0.245858	  0.288517	  0.199289	  0.266335	
  0.201761	  0.272348	  0.161917	  0.363974	
  0.224773	  0.248413	  0.285743	  0.241071	
  0.193695	  0.309911	  0.195642	  0.300752	

URL http://cisbp.ccbr.utoronto.ca/TFreport.php?versionNumber=2.00&searchTF=T333870_2.00

MOTIF M00221_2.00 (Tal_R003673)_(Homo_sapiens)_(DBD_0.99)

letter-probability matrix: alength= 4 w= 7 nsites= 1 E= 0
  0.218481	  0.542778	  0.065150	  0.173591	
  0.993489	  0.000140	  0.000130	  0.006242	
  0.074476	  0.854462	  0.000219	  0.070843	
  0.072024	  0.697147	  0.031093	  0.199736	
  0.051165	  0.000005	  0.000166	  0.948664	
  0.102037	  0.001304	  0.776918	  0.119741	
  0.189254	  0.355345	  0.058738	  0.396664	

URL http://cisbp.ccbr.utoronto.ca/TFreport.php?versionNumber=2.00&searchTF=T137611_2.00

MOTIF M00235_2.00 (Tal_R010801)_(Homo_sapiens)_(DBD_0.95)

letter-probability matrix: alength= 4 w= 10 nsites= 1 E= 0
  0.334335	  0.215324	  0.171082	  0.279260	
  0.108131	  0.791037	  0.042664	  0.058169	
  0.082134	  0.811069	  0.030215	  0.076581	
  0.073553	  0.010783	  0.852356	  0.063308	
  0.015879	  0.389564	  0.024904	  0.569653	
  0.065308	  0.000232	  0.000794	  0.933666	
  0.680212	  0.062328	  0.125512	  0.131948	
  0.198096	  0.239548	  0.232468	  0.329888	
  0.261279	  0.243615	  0.220432	  0.274675	
  0.217333	  0.276284	  0.151628	  0.354756	

URL http://cisbp.ccbr.utoronto.ca/TFreport.php?versionNumber=2.00&searchTF=T137705_2.00

MOTIF M00238_2.00 (Tal_R006464)_(Homo_sapiens)_(DBD_0.99)

letter-probability matrix: alength= 4 w= 9 nsites= 1 E= 0
  0.351796	  0.247906	  0.191148	  0.209150	
  0.666768	  0.093920	  0.052062	  0.187250	
  0.650725	  0.113079	  0.088066	  0.148130	
  0.152463	  0.094342	  0.103226	  0.649969	
  0.166062	  0.615454	  0.125507	  0.092978	
  0.356325	  0.175185	  0.149283	  0.319208	
  0.216526	  0.289371	  0.298183	  0.195920	
  0.281196	  0.175748	  0.272885	  0.270170	
  0.256671	  0.199896	  0.313499	  0.229935	

URL http://cisbp.ccbr.utoronto.ca/TFreport.php?versionNumber=2.00&searchTF=T137641_2.00

MOTIF M00242_2.00 (Tal_R013154)_(Homo_sapiens)_(DBD_0.90)

letter-probability matrix: alength= 4 w= 8 nsites= 1 E= 0
  0.356838	  0.641738	  0.000712	  0.000712	
  0.000525	  0.998424	  0.000525	  0.000525	
  0.053046	  0.105567	  0.840861	  0.000525	
  0.053046	  0.945903	  0.000525	  0.000525	
  0.000525	  0.945903	  0.053046	  0.000525	
  0.000525	  0.998424	  0.000525	  0.000525	
  0.210609	  0.788340	  0.000525	  0.000525	
  0.000767	  0.921012	  0.000767	  0.077454	

URL http://cisbp.ccbr.utoronto.ca/TFreport.php?versionNumber=2.00&searchTF=T137726_2.00

MOTIF M00287_2.00 (Tal_R000347)_(Homo_sapiens)_(DBD_1.00)

letter-probability matrix: alength= 4 w= 10 nsites= 1 E= 0
  0.276533	  0.274138	  0.272562	  0.176767	
  0.096569	  0.200738	  0.096569	  0.606124	
  0.000039	  0.000039	  0.000039	  0.999883	
  0.999883	  0.000039	  0.000039	  0.000039	
  0.999883	  0.000039	  0.000039	  0.000039	
  0.000039	  0.000039	  0.000039	  0.999883	
  0.000039	  0.000039	  0.000039	  0.999883	
  0.999883	  0.000039	  0.000039	  0.000039	
  0.187323	  0.073272	  0.666133	  0.073272	
  0.248701	  0.250739	  0.247869	  0.252690	

URL http://cisbp.ccbr.utoronto.ca/TFreport.php?versionNumber=2.00&searchTF=T226857_2.00

MOTIF M00290_2.00 (Tal_R005997)_(Homo_sapiens)_(DBD_1.00)

letter-probability matrix: alength= 4 w= 8 nsites= 1 E= 0
  0.157555	  0.127712	  0.069392	  0.645340	
  0.632466	  0.076679	  0.146882	  0.143973	
  0.886949	  0.005685	  0.055025	  0.052341	
  0.068959	  0.060553	  0.110335	  0.760153	
  0.143566	  0.126064	  0.153975	  0.576395	
  0.315323	  0.085080	  0.443012	  0.156585	
  0.236009	  0.260830	  0.300026	  0.203135	
  0.240835	  0.263516	  0.226810	  0.268839	

URL http://cisbp.ccbr.utoronto.ca/TFreport.php?versionNumber=2.00&searchTF=T226882_2.00

MOTIF M00299_2.00 (Tal_R011386)_(Homo_sapiens)_(DBD_1.00)

letter-probability matrix: alength= 4 w= 9 nsites= 1 E= 0
  0.246631	  0.170357	  0.218742	  0.364270	
  0.146319	  0.069116	  0.122216	  0.662348	
  0.162793	  0.064876	  0.028008	  0.744324	
  0.268819	  0.112622	  0.066290	  0.552270	
  0.850146	  0.001641	  0.098043	  0.050170	
  0.071014	  0.344772	  0.054211	  0.530003	
  0.273384	  0.084849	  0.327300	  0.314466	
  0.382416	  0.107394	  0.363765	  0.146424	
  0.160580	  0.259510	  0.360970	  0.218939	

URL http://cisbp.ccbr.utoronto.ca/TFreport.php?versionNumber=2.00&searchTF=T226916_2.00

MOTIF M00309_2.00 (Tal_R005145)_(Homo_sapiens)_(DBD_0.86)

letter-probability matrix: alength= 4 w= 9 nsites= 1 E= 0
  0.197779	  0.303944	  0.100202	  0.398075	
  0.000090	  0.000090	  0.000090	  0.999730	
  0.999730	  0.000090	  0.000090	  0.000090	
  0.999730	  0.000090	  0.000090	  0.000090	
  0.000090	  0.000090	  0.000090	  0.999730	
  0.000090	  0.000090	  0.000090	  0.999730	
  0.505959	  0.000090	  0.493861	  0.000090	
  0.104421	  0.000090	  0.895399	  0.000090	
  0.149888	  0.347965	  0.149888	  0.352259	

URL http://cisbp.ccbr.utoronto.ca/TFreport.php?versionNumber=2.00&searchTF=T226876_2.00

MOTIF M00313_2.00 (Tal_R009587)_(Homo_sapiens)_(DBD_1.00)

letter-probability matrix: alength= 4 w= 8 nsites= 1 E= 0
  0.236754	  0.264283	  0.191909	  0.307053	
  0.206447	  0.060343	  0.054601	  0.678609	
  0.695907	  0.033623	  0.143339	  0.127131	
  0.911180	  0.028638	  0.048654	  0.011528	
  0.071152	  0.047220	  0.245873	  0.635756	
  0.157348	  0.600920	  0.093547	  0.148185	
  0.119260	  0.534486	  0.103680	  0.242574	
  0.228531	  0.327560	  0.213081	  0.230828	

URL http://cisbp.ccbr.utoronto.ca/TFreport.php?versionNumber=2.00&searchTF=T226902_2.00

MOTIF M00319_2.00 (Tal_R012298)_(Homo_sapiens)_(DBD_0.88)

letter-probability matrix: alength= 4 w= 8 nsites= 1 E= 0
  0.188828	  0.042016	  0.188828	  0.580327	
  0.049768	  0.105004	  0.000055	  0.845172	
  0.944304	  0.020248	  0.020248	  0.015199	
  0.989750	  0.005100	  0.000050	  0.005100	
  0.005100	  0.000050	  0.000050	  0.994799	
  0.036503	  0.020881	  0.046917	  0.895699	
  0.648166	  0.027648	  0.234487	  0.089699	
  0.057766	  0.134660	  0.624856	  0.182718	

URL http://cisbp.ccbr.utoronto.ca/TFreport.php?versionNumber=2.00&searchTF=T226918_2.00

MOTIF M00330_2.00 (Tal_R008067)_(Homo_sapiens)_(DBD_1.00)

letter-probability matrix: alength= 4 w= 8 nsites= 1 E= 0
  0.050417	  0.165492	  0.143915	  0.640175	
  0.016355	  0.103293	  0.000054	  0.880298	
  0.854797	  0.119198	  0.005232	  0.020773	
  0.984304	  0.005232	  0.010412	  0.000052	
  0.010412	  0.020773	  0.005232	  0.963583	
  0.047915	  0.037279	  0.196820	  0.717986	
  0.736714	  0.000066	  0.250000	  0.013220	
  0.063130	  0.198217	  0.225234	  0.513419	

URL http://cisbp.ccbr.utoronto.ca/TFreport.php?versionNumber=2.00&searchTF=T226892_2.00

MOTIF M00363_2.00 (Tal_R002298)_(Homo_sapiens)_(DBD_0.99)

letter-probability matrix: alength= 4 w= 8 nsites= 1 E= 0
  0.274670	  0.263900	  0.238787	  0.222643	
  0.130038	  0.155684	  0.002454	  0.711823	
  0.725207	  0.082802	  0.191801	  0.000189	
  0.676996	  0.138057	  0.036880	  0.148067	
  0.106575	  0.146767	  0.157409	  0.589249	
  0.193933	  0.188201	  0.319741	  0.298125	
  0.299294	  0.245041	  0.200623	  0.255042	
  0.237497	  0.242294	  0.323809	  0.196400	

URL http://cisbp.ccbr.utoronto.ca/TFreport.php?versionNumber=2.00&searchTF=T238997_2.00

MOTIF M00384_2.00 (Tal_R000536)_(Mus_musculus)_(DBD_0.96)

letter-probability matrix: alength= 4 w= 9 nsites= 1 E= 0
  0.260011	  0.244869	  0.186928	  0.308192	
  0.121246	  0.118845	  0.033711	  0.726198	
  0.700489	  0.000333	  0.270908	  0.028269	
  0.962122	  0.009292	  0.000107	  0.028478	
  0.024775	  0.111032	  0.068021	  0.796173	
  0.075798	  0.088950	  0.394680	  0.440572	
  0.541591	  0.066321	  0.277137	  0.114952	
  0.183583	  0.341268	  0.255359	  0.219789	
  0.201776	  0.326086	  0.199769	  0.272370	

URL http://cisbp.ccbr.utoronto.ca/TFreport.php?versionNumber=2.00&searchTF=T226859_2.00

MOTIF M00389_2.00 (Tal_R009649)_(Mus_musculus)_(DBD_0.98)

letter-probability matrix: alength= 4 w= 10 nsites= 1 E= 0
  0.244352	  0.152721	  0.200059	  0.402869	
  0.112366	  0.042172	  0.086640	  0.758821	
  0.122987	  0.043907	  0.010827	  0.822278	
  0.271439	  0.066270	  0.039795	  0.622496	
  0.894248	  0.000505	  0.058908	  0.046339	
  0.067680	  0.355950	  0.023684	  0.552686	
  0.252481	  0.054127	  0.369199	  0.324192	
  0.440104	  0.070599	  0.356741	  0.132557	
  0.145106	  0.244072	  0.418829	  0.191994	
  0.238314	  0.279665	  0.253051	  0.228970	

URL http://cisbp.ccbr.utoronto.ca/TFreport.php?versionNumber=2.00&searchTF=T226903_2.00

MOTIF M00390_2.00 (Tal_R005688)_(Mus_musculus)_(DBD_1.00)

letter-probability matrix: alength= 4 w= 10 nsites= 1 E= 0
  0.243261	  0.166357	  0.201167	  0.389216	
  0.150809	  0.096160	  0.097127	  0.655904	
  0.132509	  0.071283	  0.033671	  0.762537	
  0.375039	  0.047800	  0.050251	  0.526910	
  0.786702	  0.022598	  0.070658	  0.120043	
  0.049934	  0.380205	  0.076762	  0.493099	
  0.144111	  0.083145	  0.473703	  0.299041	
  0.480914	  0.085258	  0.283068	  0.150760	
  0.111427	  0.385049	  0.255538	  0.247986	
  0.205443	  0.332012	  0.201375	  0.261170	

URL http://cisbp.ccbr.utoronto.ca/TFreport.php?versionNumber=2.00&searchTF=T226880_2.00

MOTIF M00431_2.00 (Tal_R008504)_(Mus_musculus)_(DBD_1.00)

letter-probability matrix: alength= 4 w= 8 nsites= 1 E= 0
  0.097409	  0.113174	  0.032751	  0.756666	
  0.789979	  0.041763	  0.110168	  0.058091	
  0.961786	  0.000398	  0.018152	  0.019664	
  0.015867	  0.053209	  0.038253	  0.892672	
  0.109607	  0.104261	  0.116385	  0.669747	
  0.466764	  0.086127	  0.316026	  0.131082	
  0.311503	  0.148622	  0.408058	  0.131816	
  0.205307	  0.309360	  0.213686	  0.271648	

URL http://cisbp.ccbr.utoronto.ca/TFreport.php?versionNumber=2.00&searchTF=T226897_2.00

MOTIF M00437_2.00 (Tal_R002601)_(Mus_musculus)_(DBD_1.00)

letter-probability matrix: alength= 4 w= 9 nsites= 1 E= 0
  0.279714	  0.187498	  0.226732	  0.306056	
  0.133384	  0.136078	  0.089410	  0.641128	
  0.028209	  0.031489	  0.906531	  0.033772	
  0.787150	  0.003969	  0.102352	  0.106529	
  0.042661	  0.891832	  0.004969	  0.060538	
  0.758156	  0.019315	  0.172585	  0.049943	
  0.174931	  0.152077	  0.461457	  0.211535	
  0.174360	  0.324123	  0.333994	  0.167523	
  0.196701	  0.255107	  0.167617	  0.380575	

URL http://cisbp.ccbr.utoronto.ca/TFreport.php?versionNumber=2.00&searchTF=T226863_2.00

MOTIF M00441_2.00 (Tal_R012809)_(Mus_musculus)_(DBD_1.00)

letter-probability matrix: alength= 4 w= 9 nsites= 1 E= 0
  0.212858	  0.299055	  0.164125	  0.323962	
  0.153798	  0.038307	  0.030742	  0.777153	
  0.777780	  0.031389	  0.089698	  0.101134	
  0.945835	  0.014470	  0.014615	  0.025080	
  0.045414	  0.028101	  0.156932	  0.769554	
  0.119773	  0.689246	  0.071208	  0.119773	
  0.076693	  0.566686	  0.114412	  0.242210	
  0.157784	  0.314576	  0.287500	  0.240141	
  0.219437	  0.296208	  0.221642	  0.262713	

URL http://cisbp.ccbr.utoronto.ca/TFreport.php?versionNumber=2.00&searchTF=T226920_2.00

MOTIF M00450_2.00 (Tal_R004011)_(Mus_musculus)_(DBD_0.93)

letter-probability matrix: alength= 4 w= 9 nsites= 1 E= 0
  0.196325	  0.259764	  0.216973	  0.326938	
  0.168024	  0.144619	  0.100897	  0.586460	
  0.700378	  0.000665	  0.217374	  0.081583	
  0.964678	  0.000287	  0.006765	  0.028270	
  0.099760	  0.022937	  0.086727	  0.790576	
  0.079382	  0.133523	  0.297160	  0.489935	
  0.592997	  0.034302	  0.309572	  0.063130	
  0.209422	  0.321935	  0.297183	  0.171460	
  0.160609	  0.343427	  0.206226	  0.289737	

URL http://cisbp.ccbr.utoronto.ca/TFreport.php?versionNumber=2.00&searchTF=T226869_2.00

MOTIF M00451_2.00 (Tal_R010631)_(Mus_musculus)_(DBD_0.96)

letter-probability matrix: alength= 4 w= 8 nsites= 1 E= 0
  0.745050	  0.002475	  0.002475	  0.250000	
  0.200397	  0.001984	  0.001984	  0.795635	
  0.001984	  0.001984	  0.001984	  0.994048	
  0.795635	  0.001984	  0.001984	  0.200397	
  0.994048	  0.001984	  0.001984	  0.001984	
  0.001984	  0.001984	  0.001984	  0.994048	
  0.200397	  0.001984	  0.001984	  0.795635	
  0.992574	  0.002475	  0.002475	  0.002475	

URL http://cisbp.ccbr.utoronto.ca/TFreport.php?versionNumber=2.00&searchTF=T226912_2.00

MOTIF M00453_2.00 (Tal_R006144)_(Mus_musculus)_(DBD_1.00)

letter-probability matrix: alength= 4 w= 10 nsites= 1 E= 0
  0.292956	  0.212730	  0.247157	  0.247157	
  0.199110	  0.213547	  0.268770	  0.318574	
  0.308532	  0.060450	  0.242700	  0.388318	
  0.885224	  0.000434	  0.056027	  0.058314	
  0.069002	  0.849069	  0.012233	  0.069696	
  0.762058	  0.078730	  0.049701	  0.109511	
  0.312091	  0.226624	  0.087645	  0.373640	
  0.225409	  0.218747	  0.398583	  0.157262	
  0.285673	  0.236240	  0.224718	  0.253369	
  0.255374	  0.231072	  0.219803	  0.293750	

URL http://cisbp.ccbr.utoronto.ca/TFreport.php?versionNumber=2.00&searchTF=T226883_2.00

MOTIF M00471_2.00 (Tal_R010080)_(Mus_musculus)_(DBD_1.00)

letter-probability matrix: alength= 4 w= 8 nsites= 1 E= 0
  0.244872	  0.260014	  0.144133	  0.350982	
  0.077444	  0.034798	  0.008081	  0.879677	
  0.867505	  0.035010	  0.060680	  0.036805	
  0.982723	  0.000589	  0.009586	  0.007102	
  0.016319	  0.031259	  0.025086	  0.927336	
  0.092665	  0.083846	  0.096446	  0.727043	
  0.388672	  0.095845	  0.384805	  0.130678	
  0.289713	  0.198123	  0.368297	  0.143867	

URL http://cisbp.ccbr.utoronto.ca/TFreport.php?versionNumber=2.00&searchTF=T226907_2.00

MOTIF M00473_2.00 (Tal_R009960)_(Mus_musculus)_(DBD_1.00)

letter-probability matrix: alength= 4 w= 9 nsites= 1 E= 0
  0.244490	  0.160642	  0.219023	  0.375845	
  0.124284	  0.061718	  0.105908	  0.708090	
  0.123768	  0.059645	  0.037278	  0.779309	
  0.271565	  0.077805	  0.058218	  0.592412	
  0.809605	  0.019425	  0.090608	  0.080362	
  0.076476	  0.382594	  0.034708	  0.506222	
  0.250689	  0.067641	  0.381540	  0.300130	
  0.436308	  0.082134	  0.350145	  0.131413	
  0.141495	  0.242806	  0.420844	  0.194856	

URL http://cisbp.ccbr.utoronto.ca/TFreport.php?versionNumber=2.00&searchTF=T226906_2.00

MOTIF M00486_2.00 (Tal_R007358)_(Mus_musculus)_(DBD_1.00)

letter-probability matrix: alength= 4 w= 7 nsites= 1 E= 0
  0.153626	  0.124527	  0.117275	  0.604572	
  0.593609	  0.094275	  0.189847	  0.122269	
  0.704175	  0.030785	  0.098202	  0.166839	
  0.084709	  0.138271	  0.119011	  0.658009	
  0.158625	  0.155484	  0.189908	  0.495983	
  0.362402	  0.126818	  0.341297	  0.169483	
  0.274738	  0.195550	  0.352771	  0.176941	

URL http://cisbp.ccbr.utoronto.ca/TFreport.php?versionNumber=2.00&searchTF=T226888_2.00

MOTIF M00487_2.00 (Tal_R007109)_(Mus_musculus)_(DBD_1.00)

letter-probability matrix: alength= 4 w= 8 nsites= 1 E= 0
  0.245580	  0.266033	  0.173057	  0.315330	
  0.119000	  0.042484	  0.026819	  0.811696	
  0.775973	  0.070395	  0.099895	  0.053738	
  0.952272	  0.000511	  0.019863	  0.027354	
  0.039124	  0.063862	  0.062598	  0.834416	
  0.140547	  0.106223	  0.141959	  0.611271	
  0.355145	  0.111333	  0.377106	  0.156417	
  0.288606	  0.209571	  0.335312	  0.166511	

URL http://cisbp.ccbr.utoronto.ca/TFreport.php?versionNumber=2.00&searchTF=T226887_2.00

MOTIF M00499_2.00 (Tal_R005491)_(Mus_musculus)_(DBD_0.93)

letter-probability matrix: alength= 4 w= 7 nsites= 1 E= 0
  0.205746	  0.158641	  0.149402	  0.486211	
  0.341989	  0.189574	  0.168137	  0.300299	
  0.552624	  0.086028	  0.147625	  0.213722	
  0.141773	  0.059396	  0.130873	  0.667958	
  0.161183	  0.245315	  0.204904	  0.388597	
  0.328916	  0.132397	  0.363509	  0.175178	
  0.272587	  0.292352	  0.254159	  0.180902	

URL http://cisbp.ccbr.utoronto.ca/TFreport.php?versionNumber=2.00&searchTF=T226879_2.00

MOTIF M00508_2.00 (Tal_R008153)_(Mus_musculus)_(DBD_0.96)

letter-probability matrix: alength= 4 w= 10 nsites= 1 E= 0
  0.254480	  0.177545	  0.210444	  0.357531	
  0.174738	  0.101828	  0.137454	  0.585980	
  0.162033	  0.069951	  0.063295	  0.704721	
  0.290350	  0.070887	  0.125347	  0.513416	
  0.735952	  0.035915	  0.110075	  0.118057	
  0.070733	  0.387190	  0.105522	  0.436555	
  0.153114	  0.153114	  0.372853	  0.320918	
  0.438653	  0.107094	  0.315358	  0.138894	
  0.124257	  0.377040	  0.235651	  0.263052	
  0.213885	  0.309649	  0.220399	  0.256067	

URL http://cisbp.ccbr.utoronto.ca/TFreport.php?versionNumber=2.00&searchTF=T226893_2.00

MOTIF M00513_2.00 (Tal_R007899)_(Mus_musculus)_(DBD_1.00)

letter-probability matrix: alength= 4 w= 9 nsites= 1 E= 0
  0.266112	  0.222276	  0.229045	  0.282568	
  0.237101	  0.188385	  0.227804	  0.346709	
  0.168681	  0.122488	  0.165341	  0.543490	
  0.135910	  0.075339	  0.627657	  0.161095	
  0.670614	  0.096370	  0.100303	  0.132714	
  0.153825	  0.312879	  0.143425	  0.389871	
  0.261540	  0.143536	  0.378641	  0.216283	
  0.251042	  0.207601	  0.277444	  0.263913	
  0.263023	  0.226386	  0.344550	  0.166042	

URL http://cisbp.ccbr.utoronto.ca/TFreport.php?versionNumber=2.00&searchTF=T226891_2.00

MOTIF M00538_2.00 (Tal_R000506)_(PBM_CONSTRUCTS)_(DBD_0.98)

letter-probability matrix: alength= 4 w= 10 nsites= 1 E= 0
  0.265831	  0.178192	  0.211212	  0.344765	
  0.193737	  0.108473	  0.127295	  0.570495	
  0.162686	  0.077620	  0.086645	  0.673050	
  0.297385	  0.085202	  0.127107	  0.490305	
  0.677597	  0.073593	  0.112006	  0.136804	
  0.076497	  0.375124	  0.121177	  0.427202	
  0.139819	  0.152986	  0.380067	  0.327127	
  0.471111	  0.108320	  0.280085	  0.140484	
  0.122190	  0.367080	  0.238789	  0.271940	
  0.231072	  0.293750	  0.219803	  0.255374	

URL http://cisbp.ccbr.utoronto.ca/TFreport.php?versionNumber=2.00&searchTF=T226858_2.00

MOTIF M00758_2.00 (Tal_R002996)_(Mus_musculus)_(DBD_0.95)

letter-probability matrix: alength= 4 w= 9 nsites= 1 E= 0
  0.180173	  0.245653	  0.229045	  0.345129	
  0.180819	  0.146569	  0.458287	  0.214325	
  0.556878	  0.113562	  0.235650	  0.093911	
  0.020212	  0.000716	  0.000325	  0.978747	
  0.084476	  0.056062	  0.643206	  0.216256	
  0.854376	  0.000259	  0.030888	  0.114477	
  0.078044	  0.669994	  0.033357	  0.218605	
  0.230071	  0.132739	  0.463306	  0.173884	
  0.217065	  0.252194	  0.200376	  0.330365	

URL http://cisbp.ccbr.utoronto.ca/TFreport.php?versionNumber=2.00&searchTF=T070457_2.00

MOTIF M00759_2.00 (Tal_R009484)_(Mus_musculus)_(DBD_0.89)

letter-probability matrix: alength= 4 w= 13 nsites= 1 E= 0
  0.225953	  0.322141	  0.225953	  0.225953	
  0.275447	  0.272623	  0.179259	  0.272671	
  0.419876	  0.225846	  0.223845	  0.130433	
  0.143666	  0.141617	  0.150860	  0.563858	
  0.117391	  0.119440	  0.152771	  0.610399	
  0.607710	  0.000238	  0.289208	  0.102844	
  0.093650	  0.713348	  0.000238	  0.192764	
  0.190971	  0.093650	  0.522049	  0.193330	
  0.220303	  0.311922	  0.024285	  0.443490	
  0.562908	  0.199722	  0.166391	  0.070979	
  0.345918	  0.317568	  0.119805	  0.216709	
  0.297141	  0.298889	  0.201985	  0.201985	
  0.226211	  0.226211	  0.226211	  0.321368	

URL http://cisbp.ccbr.utoronto.ca/TFreport.php?versionNumber=2.00&searchTF=T070471_2.00

MOTIF M00775_2.00 (Tal_R000310)_(Mus_musculus)_(DBD_0.98)

letter-probability matrix: alength= 4 w= 10 nsites= 1 E= 0
  0.279683	  0.220006	  0.282494	  0.217817	
  0.223901	  0.305273	  0.108985	  0.361841	
  0.265567	  0.567855	  0.080791	  0.085787	
  0.345729	  0.558724	  0.061908	  0.033638	
  0.063628	  0.891628	  0.011859	  0.032886	
  0.020228	  0.000112	  0.979540	  0.000120	
  0.025232	  0.905174	  0.000316	  0.069278	
  0.715054	  0.041362	  0.219721	  0.023864	
  0.307829	  0.304766	  0.094589	  0.292816	
  0.277589	  0.300708	  0.211906	  0.209797	

URL http://cisbp.ccbr.utoronto.ca/TFreport.php?versionNumber=2.00&searchTF=T137571_2.00

MOTIF M00790_2.00 (Tal_R003697)_(Mus_musculus)_(DBD_0.99)

letter-probability matrix: alength= 4 w= 9 nsites= 1 E= 0
  0.337606	  0.151696	  0.424910	  0.085788	
  0.214462	  0.151129	  0.074301	  0.560108	
  0.593218	  0.291652	  0.036436	  0.078694	
  0.697590	  0.152571	  0.033369	  0.116470	
  0.810620	  0.060208	  0.065878	  0.063295	
  0.020715	  0.679160	  0.040079	  0.260046	
  0.798255	  0.049523	  0.065525	  0.086698	
  0.354392	  0.210693	  0.192559	  0.242355	
  0.307967	  0.221405	  0.177681	  0.292947	

URL http://cisbp.ccbr.utoronto.ca/TFreport.php?versionNumber=2.00&searchTF=T189238_2.00

MOTIF M00807_2.00 (Tal_R007942)_(Mus_musculus)_(DBD_0.92)

letter-probability matrix: alength= 4 w= 9 nsites= 1 E= 0
  0.197613	  0.269430	  0.051744	  0.481213	
  0.943616	  0.001197	  0.043368	  0.011819	
  0.880381	  0.087388	  0.023112	  0.009119	
  0.000292	  0.983016	  0.000237	  0.016455	
  0.037703	  0.198292	  0.620015	  0.143990	
  0.081059	  0.085215	  0.688953	  0.144774	
  0.230213	  0.259565	  0.073627	  0.436595	
  0.106959	  0.429424	  0.051032	  0.412586	
  0.284524	  0.230630	  0.290271	  0.194575	

URL http://cisbp.ccbr.utoronto.ca/TFreport.php?versionNumber=2.00&searchTF=T283688_2.00

MOTIF M00812_2.00 (Tal_R000757)_(Mus_musculus)_(DBD_0.97)

letter-probability matrix: alength= 4 w= 10 nsites= 1 E= 0
  0.379815	  0.194355	  0.181215	  0.244615	
  0.407372	  0.085604	  0.411467	  0.095557	
  0.554847	  0.019860	  0.402902	  0.022392	
  0.040332	  0.042826	  0.860178	  0.056664	
  0.039304	  0.043874	  0.855183	  0.061640	
  0.038125	  0.034497	  0.019705	  0.907672	
  0.038345	  0.826032	  0.024944	  0.110679	
  0.828935	  0.008672	  0.108869	  0.053525	
  0.272965	  0.307768	  0.154369	  0.264898	
  0.238917	  0.258816	  0.300701	  0.201566	

URL http://cisbp.ccbr.utoronto.ca/TFreport.php?versionNumber=2.00&searchTF=T306921_2.00

MOTIF M00817_2.00 (Tal_R006566)_(Mus_musculus)_(DBD_1.00)

letter-probability matrix: alength= 4 w= 8 nsites= 1 E= 0
  0.186667	  0.506667	  0.226667	  0.080000	
  0.796610	  0.008475	  0.135593	  0.059322	
  0.892086	  0.007194	  0.093525	  0.007194	
  0.021127	  0.007042	  0.915493	  0.056338	
  0.007042	  0.007042	  0.978873	  0.007042	
  0.140845	  0.007042	  0.105634	  0.746479	
  0.007246	  0.855072	  0.036232	  0.101449	
  0.752294	  0.009174	  0.220183	  0.018349	

URL http://cisbp.ccbr.utoronto.ca/TFreport.php?versionNumber=2.00&searchTF=T306933_2.00

MOTIF M00820_2.00 (Tal_R010110)_(Mus_musculus)_(DBD_1.00)

letter-probability matrix: alength= 4 w= 9 nsites= 1 E= 0
  0.170296	  0.143673	  0.283593	  0.402438	
  0.522054	  0.017423	  0.453852	  0.006671	
  0.001380	  0.000572	  0.964866	  0.033181	
  0.003697	  0.000059	  0.979842	  0.016402	
  0.025517	  0.045121	  0.049866	  0.879495	
  0.004749	  0.951419	  0.000105	  0.043727	
  0.896156	  0.008399	  0.093514	  0.001931	
  0.314254	  0.333687	  0.181309	  0.170750	
  0.211439	  0.352108	  0.243213	  0.193241	

URL http://cisbp.ccbr.utoronto.ca/TFreport.php?versionNumber=2.00&searchTF=T306940_2.00

MOTIF M00821_2.00 (Tal_R012706)_(Mus_musculus)_(DBD_0.97)

letter-probability matrix: alength= 4 w= 10 nsites= 1 E= 0
  0.291813	  0.205938	  0.205938	  0.296311	
  0.676244	  0.073540	  0.176676	  0.073540	
  0.265717	  0.000144	  0.630860	  0.103279	
  0.000144	  0.000144	  0.999568	  0.000144	
  0.784225	  0.000144	  0.000144	  0.215487	
  0.999568	  0.000144	  0.000144	  0.000144	
  0.000144	  0.999568	  0.000144	  0.000144	
  0.999568	  0.000144	  0.000144	  0.000144	
  0.044206	  0.339883	  0.044206	  0.571704	
  0.281522	  0.267366	  0.274508	  0.176604	

URL http://cisbp.ccbr.utoronto.ca/TFreport.php?versionNumber=2.00&searchTF=T306944_2.00

MOTIF M00823_2.00 (Tal_R011248)_(Mus_musculus)_(DBD_0.94)

letter-probability matrix: alength= 4 w= 10 nsites= 1 E= 0
  0.059337	  0.000621	  0.928182	  0.011861	
  0.018760	  0.033505	  0.039319	  0.908416	
  0.149151	  0.185853	  0.022759	  0.642237	
  0.267523	  0.020475	  0.560711	  0.151291	
  0.048693	  0.717326	  0.051704	  0.182278	
  0.060788	  0.307168	  0.088890	  0.543155	
  0.623033	  0.036401	  0.279947	  0.060619	
  0.227931	  0.165512	  0.292669	  0.313889	
  0.107270	  0.169924	  0.611157	  0.111648	
  0.120378	  0.281643	  0.340577	  0.257402	

URL http://cisbp.ccbr.utoronto.ca/TFreport.php?versionNumber=2.00&searchTF=T319024_2.00

MOTIF M00831_2.00 (Tal_R011807)_(Mus_musculus)_(DBD_0.62)

letter-probability matrix: alength= 4 w= 8 nsites= 1 E= 0
  0.902439	  0.024390	  0.048780	  0.024390	
  0.062500	  0.020833	  0.875000	  0.041667	
  0.020408	  0.020408	  0.938776	  0.020408	
  0.020408	  0.020408	  0.020408	  0.938776	
  0.020408	  0.020408	  0.938776	  0.020408	
  0.061224	  0.040816	  0.020408	  0.877551	
  0.054054	  0.216216	  0.432432	  0.297297	
  0.740741	  0.037037	  0.148148	  0.074074	

URL http://cisbp.ccbr.utoronto.ca/TFreport.php?versionNumber=2.00&searchTF=T341164_2.00

MOTIF M00997_2.00 (Tal_R011314)_(Mus_musculus)_(DBD_1.00)

letter-probability matrix: alength= 4 w= 9 nsites= 1 E= 0
  0.284381	  0.238540	  0.238540	  0.238540	
  0.000009	  0.000009	  0.000009	  0.999973	
  0.000009	  0.000009	  0.228234	  0.771748	
  0.537328	  0.000009	  0.292941	  0.169722	
  0.000009	  0.836914	  0.000009	  0.163067	
  0.000009	  0.000009	  0.999973	  0.000009	
  0.000009	  0.794728	  0.000009	  0.205254	
  0.999973	  0.000009	  0.000009	  0.000009	
  0.965592	  0.011469	  0.011469	  0.011469	

URL http://cisbp.ccbr.utoronto.ca/TFreport.php?versionNumber=2.00&searchTF=T070473_2.00

MOTIF M01010_2.00 (Tal_R011069)_(Mus_musculus)_(DBD_0.98)

letter-probability matrix: alength= 4 w= 10 nsites= 1 E= 0
  0.240020	  0.265263	  0.361667	  0.133050	
  0.654451	  0.148978	  0.085097	  0.111475	
  0.264298	  0.462699	  0.000655	  0.272347	
  0.263303	  0.001774	  0.667344	  0.067580	
  0.121265	  0.869556	  0.000611	  0.008568	
  0.226532	  0.255414	  0.282276	  0.235777	
  0.301736	  0.234992	  0.239740	  0.223532	
  0.275508	  0.246809	  0.210317	  0.267365	
  0.255566	  0.248013	  0.258134	  0.238288	
  0.255642	  0.248086	  0.243174	  0.253098	

URL http://cisbp.ccbr.utoronto.ca/TFreport.php?versionNumber=2.00&searchTF=T189245_2.00

MOTIF M01011_2.00 (Tal_R000657)_(Mus_musculus)_(DBD_0.92)

letter-probability matrix: alength= 4 w= 10 nsites= 1 E= 0
  0.285797	  0.209617	  0.245987	  0.258599	
  0.285774	  0.231644	  0.250937	  0.231644	
  0.254581	  0.237370	  0.273041	  0.235008	
  0.208047	  0.179067	  0.491647	  0.121239	
  0.735571	  0.087413	  0.094694	  0.082323	
  0.116122	  0.723892	  0.000071	  0.159915	
  0.047995	  0.000972	  0.863582	  0.087452	
  0.000297	  0.999397	  0.000014	  0.000291	
  0.185087	  0.262651	  0.278892	  0.273370	
  0.319081	  0.213886	  0.250998	  0.216036	

URL http://cisbp.ccbr.utoronto.ca/TFreport.php?versionNumber=2.00&searchTF=T189236_2.00

MOTIF M01024_2.00 (Tal_R006208)_(Mus_musculus)_(DBD_0.97)

letter-probability matrix: alength= 4 w= 10 nsites= 1 E= 0
  0.299086	  0.195603	  0.309707	  0.195603	
  0.048953	  0.048953	  0.853141	  0.048953	
  0.718839	  0.092890	  0.188205	  0.000066	
  0.000066	  0.999802	  0.000066	  0.000066	
  0.000066	  0.999802	  0.000066	  0.000066	
  0.899287	  0.100581	  0.000066	  0.000066	
  0.000066	  0.999802	  0.000066	  0.000066	
  0.000066	  0.999802	  0.000066	  0.000066	
  0.141617	  0.651146	  0.054463	  0.152774	
  0.396661	  0.201113	  0.201113	  0.201113	

URL http://cisbp.ccbr.utoronto.ca/TFreport.php?versionNumber=2.00&searchTF=T137637_2.00

MOTIF M01106_2.00 (Tal_R013425)_(Trichomonas_vaginalis)_(DBD_0.65)

letter-probability matrix: alength= 4 w= 8 nsites= 1 E= 0
  0.483861	  0.092001	  0.215250	  0.208888	
  0.550968	  0.140005	  0.167616	  0.141412	
  0.561595	  0.058603	  0.114524	  0.265279	
  0.513647	  0.040106	  0.069515	  0.376733	
  0.597236	  0.037424	  0.030948	  0.334392	
  0.763937	  0.036910	  0.033733	  0.165420	
  0.582011	  0.007741	  0.027840	  0.382408	
  0.380653	  0.020326	  0.002038	  0.596983	

URL http://cisbp.ccbr.utoronto.ca/TFreport.php?versionNumber=2.00&searchTF=T017926_2.00

MOTIF M01142_2.00 (Tal_R003683)_(Gallus_gallus)_(DBD_0.95)

letter-probability matrix: alength= 4 w= 9 nsites= 1 E= 0
  0.206311	  0.289857	  0.317154	  0.186678	
  0.262281	  0.278500	  0.264917	  0.194303	
  0.544796	  0.120351	  0.257343	  0.077510	
  0.103856	  0.162879	  0.031913	  0.701351	
  0.149691	  0.029329	  0.638148	  0.182832	
  0.887380	  0.056728	  0.002999	  0.052893	
  0.069039	  0.604659	  0.070433	  0.255869	
  0.303527	  0.153772	  0.322296	  0.220406	
  0.277069	  0.233753	  0.250702	  0.238475	

URL http://cisbp.ccbr.utoronto.ca/TFreport.php?versionNumber=2.00&searchTF=T070460_2.00

MOTIF M01143_2.00 (Tal_R001519)_(Monodelphis_domestica)_(DBD_0.95)

letter-probability matrix: alength= 4 w= 8 nsites= 1 E= 0
  0.127712	  0.223416	  0.255317	  0.393556	
  0.918921	  0.014775	  0.036827	  0.029477	
  0.000066	  0.966917	  0.013220	  0.019797	
  0.013134	  0.000065	  0.980201	  0.006600	
  0.000065	  0.019668	  0.000065	  0.980201	
  0.027087	  0.054107	  0.898473	  0.020332	
  0.076389	  0.000076	  0.595314	  0.328220	
  0.142901	  0.622297	  0.081701	  0.153101	

URL http://cisbp.ccbr.utoronto.ca/TFreport.php?versionNumber=2.00&searchTF=T070454_2.00

MOTIF M01172_2.00 (Tal_R013318)_(Homo_sapiens)_(DBD_0.99)

letter-probability matrix: alength= 4 w= 10 nsites= 1 E= 0
  0.071730	  0.790692	  0.137402	  0.000176	
  0.001742	  0.997338	  0.000840	  0.000080	
  0.004275	  0.995102	  0.000167	  0.000455	
  0.002128	  0.997526	  0.000014	  0.000331	
  0.006664	  0.989066	  0.000021	  0.004249	
  0.010027	  0.977743	  0.003338	  0.008893	
  0.406850	  0.357253	  0.110880	  0.125016	
  0.044770	  0.550887	  0.070213	  0.334130	
  0.240490	  0.171174	  0.211173	  0.377163	
  0.333261	  0.173977	  0.152769	  0.339993	

URL http://cisbp.ccbr.utoronto.ca/TFreport.php?versionNumber=2.00&searchTF=T137728_2.00

MOTIF M01173_2.00 (Tal_R000886)_(Homo_sapiens)_(DBD_1.00)

letter-probability matrix: alength= 4 w= 11 nsites= 1 E= 0
  0.220330	  0.220330	  0.220330	  0.339009	
  0.180243	  0.251463	  0.298922	  0.269372	
  0.293745	  0.155849	  0.513235	  0.037171	
  0.680558	  0.248676	  0.000086	  0.070681	
  0.000086	  0.000086	  0.000086	  0.999743	
  0.070155	  0.000086	  0.929673	  0.000086	
  0.000086	  0.929673	  0.000086	  0.070155	
  0.999743	  0.000086	  0.000086	  0.000086	
  0.100351	  0.029755	  0.278345	  0.591548	
  0.069843	  0.535274	  0.069843	  0.325040	
  0.212915	  0.212915	  0.212915	  0.361254	

URL http://cisbp.ccbr.utoronto.ca/TFreport.php?versionNumber=2.00&searchTF=T137581_2.00

MOTIF M01259_2.00 (Tal_R010083)_(Homo_sapiens)_(DBD_0.96)

letter-probability matrix: alength= 4 w= 10 nsites= 1 E= 0
  0.098019	  0.269120	  0.515511	  0.117350	
