MEME version 5.5.8 (Fri May 2 15:43:49 2025 -0700)

ALPHABET= ACGT

strands: + -

Background letter frequencies (from uniform background):
A 0.25000 C 0.25000 G 0.25000 T 0.25000 

MOTIF M01567_2.00 (VICG_00833)_(Saccharomyces_cerevisiae)_(DBD_0.78)

letter-probability matrix: alength= 4 w= 7 nsites= 1 E= 0
  0.315311	  0.189343	  0.207174	  0.288172	
  0.345705	  0.141966	  0.211788	  0.300541	
  0.271982	  0.110580	  0.155359	  0.462079	
  0.583542	  0.000869	  0.110954	  0.304636	
  0.219565	  0.006434	  0.188981	  0.585020	
  0.934996	  0.000354	  0.051964	  0.012687	
  0.422777	  0.000471	  0.095282	  0.481470	

URL http://cisbp.ccbr.utoronto.ca/TFreport.php?versionNumber=2.00&searchTF=T342995_2.00

MOTIF M01965_2.00 (VICG_01356)_(Paramecium_tetraurelia)_(DBD_0.55)

letter-probability matrix: alength= 4 w= 9 nsites= 1 E= 0
  0.293583	  0.156360	  0.208963	  0.341094	
  0.174137	  0.132933	  0.273102	  0.419828	
  0.122080	  0.240971	  0.552624	  0.084325	
  0.019346	  0.115870	  0.864773	  0.000012	
  0.000133	  0.985790	  0.000015	  0.014062	
  0.000867	  0.000013	  0.999041	  0.000079	
  0.012336	  0.647113	  0.331134	  0.009417	
  0.016731	  0.280692	  0.532328	  0.170249	
  0.129939	  0.363967	  0.239143	  0.266951	

URL http://cisbp.ccbr.utoronto.ca/TFreport.php?versionNumber=2.00&searchTF=T173571_2.00

MOTIF M02055_2.00 (VICG_01325)_(Encephalitozoon_cuniculi)_(DBD_0.49)

letter-probability matrix: alength= 4 w= 9 nsites= 1 E= 0
  0.259454	  0.234764	  0.210309	  0.295473	
  0.174519	  0.228614	  0.282036	  0.314831	
  0.058202	  0.248121	  0.089471	  0.604206	
  0.740913	  0.151091	  0.033713	  0.074283	
  0.897687	  0.051926	  0.014877	  0.035510	
  0.000090	  0.021879	  0.000025	  0.978006	
  0.271104	  0.088456	  0.049033	  0.591406	
  0.383479	  0.034788	  0.026557	  0.555176	
  0.666246	  0.107949	  0.156282	  0.069523	

URL http://cisbp.ccbr.utoronto.ca/TFreport.php?versionNumber=2.00&searchTF=T224505_2.00

MOTIF M02060_2.00 (VICG_02118)_(Candida_glabrata)_(DBD_0.55)

letter-probability matrix: alength= 4 w= 10 nsites= 1 E= 0
  0.220056	  0.189404	  0.231339	  0.359201	
  0.228777	  0.119432	  0.191091	  0.460700	
  0.135092	  0.079516	  0.067759	  0.717633	
  0.147662	  0.063747	  0.617033	  0.171558	
  0.840037	  0.006010	  0.076206	  0.077746	
  0.035440	  0.843734	  0.000785	  0.120041	
  0.593562	  0.010981	  0.329028	  0.066430	
  0.062207	  0.221512	  0.368881	  0.347399	
  0.233276	  0.334362	  0.257810	  0.174552	
  0.326237	  0.163633	  0.205948	  0.304182	

URL http://cisbp.ccbr.utoronto.ca/TFreport.php?versionNumber=2.00&searchTF=T224507_2.00

MOTIF M08120_2.00 (VICG_01255)_(Homo_sapiens)_(DBD_0.56)

letter-probability matrix: alength= 4 w= 14 nsites= 1 E= 0
  0.311553	  0.174242	  0.244318	  0.269886	
  0.393939	  0.165720	  0.255682	  0.184659	
  0.233902	  0.134470	  0.257576	  0.374053	
  0.135417	  0.026515	  0.821970	  0.016098	
  0.056818	  0.004735	  0.041667	  0.896780	
  0.949811	  0.035038	  0.009470	  0.005682	
  0.946023	  0.035038	  0.010417	  0.008523	
  0.967803	  0.012311	  0.009470	  0.010417	
  0.009470	  0.907197	  0.011364	  0.071970	
  0.961174	  0.015152	  0.011364	  0.012311	
  0.484848	  0.188447	  0.193182	  0.133523	
  0.175189	  0.190341	  0.537879	  0.096591	
  0.229167	  0.254735	  0.342803	  0.173295	
  0.267992	  0.272727	  0.255682	  0.203598	

URL http://cisbp.ccbr.utoronto.ca/TFreport.php?versionNumber=2.00&searchTF=T188789_2.00

