MEME version 5.5.8 (Fri May 2 15:43:49 2025 -0700)

ALPHABET= ACGT

strands: + -

Background letter frequencies (from uniform background):
A 0.25000 C 0.25000 G 0.25000 T 0.25000 

MOTIF M01675_2.00 (fgenesh4_pg.C_scaffold_6000195)_(Aspergillus_nidulans)_(DBD_0.59)

letter-probability matrix: alength= 4 w= 9 nsites= 1 E= 0
  0.245292	  0.273814	  0.242851	  0.238043	
  0.237806	  0.293376	  0.242610	  0.226208	
  0.216345	  0.251357	  0.297935	  0.234364	
  0.258630	  0.241145	  0.263855	  0.236370	
  0.502489	  0.000517	  0.411403	  0.085591	
  0.353817	  0.295533	  0.000353	  0.350297	
  0.360997	  0.114305	  0.184725	  0.339974	
  0.355533	  0.121951	  0.207186	  0.315330	
  0.338774	  0.180428	  0.203432	  0.277365	

URL http://cisbp.ccbr.utoronto.ca/TFreport.php?versionNumber=2.00&searchTF=T017964_2.00

MOTIF M01953_2.00 (estExt_fgenesh4_pg.C_850048)_(Physcomitrella_patens)_(DBD_0.73)

letter-probability matrix: alength= 4 w= 9 nsites= 1 E= 0
  0.260448	  0.296606	  0.157970	  0.284976	
  0.377628	  0.195177	  0.288273	  0.138921	
  0.004805	  0.897572	  0.026835	  0.070788	
  0.129060	  0.051950	  0.146977	  0.672013	
  0.038497	  0.000247	  0.035537	  0.925720	
  0.064556	  0.012904	  0.062025	  0.860516	
  0.329633	  0.117681	  0.070667	  0.482018	
  0.217501	  0.255239	  0.192906	  0.334354	
  0.222339	  0.260917	  0.263539	  0.253206	

URL http://cisbp.ccbr.utoronto.ca/TFreport.php?versionNumber=2.00&searchTF=T171536_2.00

MOTIF M01968_2.00 (e_gw1.10.89.1)_(Physcomitrella_patens)_(DBD_0.81)

letter-probability matrix: alength= 4 w= 10 nsites= 1 E= 0
  0.233790	  0.138993	  0.425993	  0.201225	
  0.151778	  0.438088	  0.392454	  0.017680	
  0.020553	  0.048571	  0.839679	  0.091197	
  0.006893	  0.992712	  0.000031	  0.000364	
  0.013922	  0.000083	  0.985791	  0.000205	
  0.013288	  0.979343	  0.002765	  0.004604	
  0.083385	  0.551953	  0.224407	  0.140255	
  0.409276	  0.238505	  0.118438	  0.233782	
  0.379447	  0.181039	  0.122574	  0.316940	
  0.306627	  0.222657	  0.201468	  0.269248	

URL http://cisbp.ccbr.utoronto.ca/TFreport.php?versionNumber=2.00&searchTF=T173813_2.00

MOTIF M02018_2.00 (fgenesh4_pg.C_scaffold_83000006)_(Ostreococcus_tauri)_(DBD_0.89)

letter-probability matrix: alength= 4 w= 8 nsites= 1 E= 0
  0.278095	  0.275328	  0.199929	  0.246648	
  0.251817	  0.249311	  0.223341	  0.275531	
  0.340194	  0.242140	  0.170633	  0.247032	
  0.055050	  0.124991	  0.644352	  0.175606	
  0.961705	  0.000618	  0.001490	  0.036187	
  0.097122	  0.071950	  0.029843	  0.801085	
  0.119255	  0.665982	  0.061637	  0.153126	
  0.256866	  0.163785	  0.283881	  0.295467	

URL http://cisbp.ccbr.utoronto.ca/TFreport.php?versionNumber=2.00&searchTF=T196228_2.00

MOTIF M02227_2.00 (e_gw1.9.109.1)_(Oikopleura_dioica)_(DBD_0.63)

letter-probability matrix: alength= 4 w= 8 nsites= 1 E= 0
  0.308789	  0.191211	  0.250000	  0.250000	
  0.009525	  0.037816	  0.000094	  0.952565	
  0.000083	  0.000083	  0.999752	  0.000083	
  0.958784	  0.000082	  0.000082	  0.041052	
  0.000082	  0.999754	  0.000082	  0.000082	
  0.950590	  0.000082	  0.049246	  0.000082	
  0.074832	  0.056147	  0.635370	  0.233651	
  0.132587	  0.277095	  0.397519	  0.192799	

URL http://cisbp.ccbr.utoronto.ca/TFreport.php?versionNumber=2.00&searchTF=T227271_2.00

MOTIF M02297_2.00 (e_gw1.83.144.1)_(Arabidopsis_thaliana)_(DBD_0.91)

letter-probability matrix: alength= 4 w= 10 nsites= 1 E= 0
  0.385779	  0.204740	  0.204740	  0.204740	
  0.686588	  0.075889	  0.075889	  0.161635	
  0.999533	  0.000156	  0.000156	  0.000156	
  0.000156	  0.000156	  0.999533	  0.000156	
  0.999533	  0.000156	  0.000156	  0.000156	
  0.000156	  0.000156	  0.000156	  0.999533	
  0.309282	  0.214129	  0.000156	  0.476433	
  0.000156	  0.785559	  0.000156	  0.214129	
  0.045415	  0.045415	  0.571659	  0.337510	
  0.174267	  0.394339	  0.257127	  0.174267	

URL http://cisbp.ccbr.utoronto.ca/TFreport.php?versionNumber=2.00&searchTF=T284646_2.00

MOTIF M02305_2.00 (gw1.37.160.1)_(Arabidopsis_thaliana)_(DBD_0.72)

letter-probability matrix: alength= 4 w= 11 nsites= 1 E= 0
  0.325083	  0.224972	  0.224972	  0.224972	
  0.248785	  0.260211	  0.048443	  0.442561	
  0.825532	  0.024528	  0.024528	  0.125413	
  0.000222	  0.000222	  0.999335	  0.000222	
  0.999335	  0.000222	  0.000222	  0.000222	
  0.000222	  0.000222	  0.000222	  0.999335	
  0.287819	  0.317618	  0.000222	  0.394341	
  0.000222	  0.776894	  0.000222	  0.222663	
  0.025249	  0.025249	  0.723019	  0.226482	
  0.299003	  0.201779	  0.297439	  0.201779	
  0.322918	  0.225694	  0.225694	  0.225694	

URL http://cisbp.ccbr.utoronto.ca/TFreport.php?versionNumber=2.00&searchTF=T285103_2.00

MOTIF M02327_2.00 (estExt_fgenesh4_pg.C_10375)_(Oryza_sativa)_(DBD_0.70)

letter-probability matrix: alength= 4 w= 10 nsites= 1 E= 0
  0.306176	  0.198775	  0.198775	  0.296275	
  0.149180	  0.041175	  0.041175	  0.768471	
  0.999522	  0.000159	  0.000159	  0.000159	
  0.383652	  0.616029	  0.000159	  0.000159	
  0.000159	  0.999522	  0.000159	  0.000159	
  0.000159	  0.000159	  0.699913	  0.299768	
  0.104053	  0.000159	  0.895628	  0.000159	
  0.000159	  0.104053	  0.000159	  0.895628	
  0.171676	  0.536540	  0.051385	  0.240399	
  0.292036	  0.208985	  0.208985	  0.289994	

URL http://cisbp.ccbr.utoronto.ca/TFreport.php?versionNumber=2.00&searchTF=T284747_2.00

MOTIF M02330_2.00 (gw1.8.161.1)_(Oryza_sativa)_(DBD_0.83)

letter-probability matrix: alength= 4 w= 9 nsites= 1 E= 0
  0.454430	  0.120186	  0.204189	  0.221195	
  0.575829	  0.155370	  0.133728	  0.135072	
  0.618195	  0.085354	  0.225158	  0.071293	
  0.193102	  0.012721	  0.078509	  0.715668	
  0.986506	  0.001794	  0.004281	  0.007420	
  0.000860	  0.005982	  0.002157	  0.991002	
  0.014385	  0.959280	  0.000124	  0.026211	
  0.129797	  0.191708	  0.113975	  0.564520	
  0.251559	  0.241695	  0.223113	  0.283632	

URL http://cisbp.ccbr.utoronto.ca/TFreport.php?versionNumber=2.00&searchTF=T285138_2.00

MOTIF M02534_2.00 (fgenesh4_pg.C_scaffold_69000048)_(Chlorella_vulgaris)_(DBD_0.81)

letter-probability matrix: alength= 4 w= 10 nsites= 1 E= 0
  0.325158	  0.217960	  0.193313	  0.263568	
  0.358359	  0.188960	  0.202661	  0.250019	
  0.376331	  0.147005	  0.219306	  0.257358	
  0.184463	  0.155625	  0.138027	  0.521885	
  0.198756	  0.111283	  0.133230	  0.556730	
  0.071722	  0.451598	  0.138766	  0.337914	
  0.700958	  0.002209	  0.240435	  0.056399	
  0.752532	  0.046221	  0.081732	  0.119515	
  0.746615	  0.060072	  0.100038	  0.093275	
  0.297928	  0.261609	  0.101175	  0.339288	

URL http://cisbp.ccbr.utoronto.ca/TFreport.php?versionNumber=2.00&searchTF=T345976_2.00

MOTIF M02698_2.00 (estExt_fgenesh4_pg.C_570064)_(Arabidopsis_thaliana)_(DBD_0.94)

letter-probability matrix: alength= 4 w= 11 nsites= 1 E= 0
  0.140000	  0.450000	  0.230000	  0.180000	
  0.160000	  0.270000	  0.550000	  0.020000	
  0.000000	  0.919192	  0.040404	  0.040404	
  0.000000	  0.050000	  0.930000	  0.020000	
  0.040404	  0.939394	  0.000000	  0.020202	
  0.040404	  0.020202	  0.020202	  0.919192	
  0.080808	  0.000000	  0.858586	  0.060606	
  0.960000	  0.000000	  0.020000	  0.020000	
  0.040000	  0.040000	  0.920000	  0.000000	
  0.020000	  0.550000	  0.260000	  0.170000	
  0.151515	  0.323232	  0.242424	  0.282828	

URL http://cisbp.ccbr.utoronto.ca/TFreport.php?versionNumber=2.00&searchTF=T284753_2.00

MOTIF M06562_2.00 (fgenesh4_pg.C_scaffold_15000094)_(Arabidopsis_thaliana)_(DBD_0.71)

letter-probability matrix: alength= 4 w= 21 nsites= 1 E= 0
  0.255692	  0.204904	  0.241681	  0.297723	
  0.138354	  0.504378	  0.129597	  0.227671	
  0.192644	  0.478109	  0.119089	  0.210158	
  0.309982	  0.154116	  0.309982	  0.225919	
  0.187391	  0.500875	  0.129597	  0.182137	
  0.147110	  0.544658	  0.098074	  0.210158	
  0.243433	  0.168126	  0.306480	  0.281961	
  0.157618	  0.495622	  0.085814	  0.260946	
  0.201401	  0.567426	  0.017513	  0.213660	
  0.264448	  0.112084	  0.302977	  0.320490	
  0.061296	  0.598949	  0.131349	  0.208406	
  0.040280	  0.942207	  0.010508	  0.007005	
  0.066550	  0.000000	  0.784588	  0.148862	
  0.000000	  1.000000	  0.000000	  0.000000	
  0.000000	  1.000000	  0.000000	  0.000000	
  0.047285	  0.000000	  0.952715	  0.000000	
  0.008757	  0.894921	  0.000000	  0.096322	
  0.059545	  0.924693	  0.000000	  0.015762	
  0.341506	  0.000000	  0.565674	  0.092820	
  0.077058	  0.542907	  0.073555	  0.306480	
  0.250438	  0.318739	  0.150613	  0.280210	

URL http://cisbp.ccbr.utoronto.ca/TFreport.php?versionNumber=2.00&searchTF=T007243_2.00

MOTIF M06638_2.00 (estExt_fgenesh4_pg.C_290069)_(Arabidopsis_thaliana)_(DBD_0.82)

letter-probability matrix: alength= 4 w= 17 nsites= 1 E= 0
  0.270019	  0.154562	  0.338920	  0.236499	
  0.145251	  0.540038	  0.126629	  0.188082	
  0.156425	  0.556796	  0.093110	  0.193669	
  0.223464	  0.134078	  0.411546	  0.230912	
  0.135940	  0.536314	  0.089385	  0.238361	
  0.156425	  0.627560	  0.046555	  0.169460	
  0.225326	  0.059590	  0.381750	  0.333333	
  0.009311	  0.703910	  0.128492	  0.158287	
  0.096834	  0.878958	  0.013035	  0.011173	
  0.035382	  0.000000	  0.940409	  0.024209	
  0.000000	  1.000000	  0.000000	  0.000000	
  0.000000	  1.000000	  0.000000	  0.000000	
  0.020484	  0.000000	  0.979516	  0.000000	
  0.000000	  0.936685	  0.000000	  0.063315	
  0.005587	  0.994413	  0.000000	  0.000000	
  0.316574	  0.000000	  0.538175	  0.145251	
  0.065177	  0.489758	  0.096834	  0.348231	

URL http://cisbp.ccbr.utoronto.ca/TFreport.php?versionNumber=2.00&searchTF=T007204_2.00

MOTIF M06936_2.00 (estExt_fgenesh4_pg.C_530076)_(Arabidopsis_thaliana)_(DBD_0.77)

letter-probability matrix: alength= 4 w= 15 nsites= 1 E= 0
  0.700000	  0.055000	  0.205000	  0.040000	
  0.000000	  0.005000	  0.995000	  0.000000	
  0.985000	  0.000000	  0.005000	  0.010000	
  0.965000	  0.005000	  0.015000	  0.015000	
  0.120000	  0.155000	  0.630000	  0.095000	
  0.190000	  0.510000	  0.170000	  0.130000	
  0.110000	  0.025000	  0.010000	  0.855000	
  0.015000	  0.010000	  0.020000	  0.955000	
  0.000000	  0.985000	  0.015000	  0.000000	
  0.025000	  0.130000	  0.045000	  0.800000	
  0.815000	  0.015000	  0.170000	  0.000000	
  0.000000	  0.000000	  1.000000	  0.000000	
  0.980000	  0.000000	  0.000000	  0.020000	
  0.920000	  0.000000	  0.035000	  0.045000	
  0.230000	  0.145000	  0.495000	  0.130000	

URL http://cisbp.ccbr.utoronto.ca/TFreport.php?versionNumber=2.00&searchTF=T242835_2.00

MOTIF M07040_2.00 (gw1.22.163.1)_(Arabidopsis_thaliana)_(DBD_0.81)

letter-probability matrix: alength= 4 w= 15 nsites= 1 E= 0
  0.367450	  0.124161	  0.275168	  0.233221	
  0.243289	  0.087248	  0.536913	  0.132550	
  0.550336	  0.135906	  0.125839	  0.187919	
  0.979866	  0.000000	  0.000000	  0.020134	
  0.000000	  0.000000	  0.419463	  0.580537	
  1.000000	  0.000000	  0.000000	  0.000000	
  0.008389	  0.000000	  0.000000	  0.991611	
  0.046980	  0.008389	  0.110738	  0.833893	
  0.001678	  0.998322	  0.000000	  0.000000	
  0.001678	  0.318792	  0.241611	  0.437919	
  0.290268	  0.179530	  0.161074	  0.369128	
  0.268456	  0.181208	  0.095638	  0.454698	
  0.239933	  0.134228	  0.164430	  0.461409	
  0.270134	  0.156040	  0.208054	  0.365772	
  0.224832	  0.226510	  0.169463	  0.379195	

URL http://cisbp.ccbr.utoronto.ca/TFreport.php?versionNumber=2.00&searchTF=T285081_2.00

MOTIF M07128_2.00 (gw1.1.364.1)_(Arabidopsis_thaliana)_(DBD_0.85)

letter-probability matrix: alength= 4 w= 14 nsites= 1 E= 0
  0.390000	  0.195000	  0.176667	  0.238333	
  0.338333	  0.245000	  0.168333	  0.248333	
  0.395000	  0.206667	  0.236667	  0.161667	
  0.553333	  0.070000	  0.096667	  0.280000	
  0.876667	  0.000000	  0.000000	  0.123333	
  1.000000	  0.000000	  0.000000	  0.000000	
  0.976667	  0.008333	  0.006667	  0.008333	
  0.006667	  0.000000	  0.016667	  0.976666	
  1.000000	  0.000000	  0.000000	  0.000000	
  0.000000	  0.000000	  0.000000	  1.000000	
  0.000000	  1.000000	  0.000000	  0.000000	
  0.141667	  0.070000	  0.020000	  0.768333	
  0.341667	  0.171667	  0.128333	  0.358333	
  0.423333	  0.216667	  0.145000	  0.215000	

URL http://cisbp.ccbr.utoronto.ca/TFreport.php?versionNumber=2.00&searchTF=T285059_2.00

MOTIF M07155_2.00 (gw1.18.142.1)_(Arabidopsis_thaliana)_(DBD_0.70)

letter-probability matrix: alength= 4 w= 11 nsites= 1 E= 0
  0.409949	  0.185249	  0.096055	  0.308748	
  0.406518	  0.116638	  0.144082	  0.332762	
  0.073756	  0.132075	  0.000000	  0.794169	
  1.000000	  0.000000	  0.000000	  0.000000	
  1.000000	  0.000000	  0.000000	  0.000000	
  0.000000	  1.000000	  0.000000	  0.000000	
  0.003431	  0.554030	  0.243568	  0.198971	
  0.000000	  0.000000	  1.000000	  0.000000	
  0.271012	  0.073756	  0.008576	  0.646656	
  0.535163	  0.202401	  0.003431	  0.259005	
  0.569468	  0.020583	  0.024014	  0.385935	

URL http://cisbp.ccbr.utoronto.ca/TFreport.php?versionNumber=2.00&searchTF=T285071_2.00

MOTIF M07297_2.00 (fgenesh4_pg.C_scaffold_35000067)_(Arabidopsis_thaliana)_(DBD_0.71)

letter-probability matrix: alength= 4 w= 15 nsites= 1 E= 0
  0.518334	  0.095000	  0.193333	  0.193333	
  0.581666	  0.001667	  0.100000	  0.316667	
  0.000000	  0.000000	  0.000000	  1.000000	
  0.000000	  0.000000	  0.000000	  1.000000	
  0.000000	  0.451667	  0.003333	  0.545000	
  0.650000	  0.000000	  0.350000	  0.000000	
  1.000000	  0.000000	  0.000000	  0.000000	
  0.996666	  0.000000	  0.001667	  0.001667	
  0.233333	  0.033333	  0.000000	  0.733334	
  0.055000	  0.045000	  0.016667	  0.883333	
  0.033333	  0.125000	  0.021667	  0.820000	
  0.125000	  0.298333	  0.256667	  0.320000	
  0.690000	  0.073333	  0.116667	  0.120000	
  0.801667	  0.010000	  0.033333	  0.155000	
  0.646667	  0.038333	  0.088333	  0.226667	

URL http://cisbp.ccbr.utoronto.ca/TFreport.php?versionNumber=2.00&searchTF=T345975_2.00

MOTIF M07383_2.00 (gw1.26.202.1)_(Arabidopsis_thaliana)_(DBD_0.65)

letter-probability matrix: alength= 4 w= 12 nsites= 1 E= 0
  0.639866	  0.130653	  0.110553	  0.118928	
  0.852596	  0.016750	  0.065327	  0.065327	
  0.911223	  0.005025	  0.011725	  0.072027	
  0.968174	  0.000000	  0.026801	  0.005025	
  0.000000	  0.000000	  1.000000	  0.000000	
  0.000000	  0.000000	  0.000000	  1.000000	
  0.001675	  0.998325	  0.000000	  0.000000	
  1.000000	  0.000000	  0.000000	  0.000000	
  1.000000	  0.000000	  0.000000	  0.000000	
  0.100503	  0.884422	  0.000000	  0.015075	
  0.068677	  0.115578	  0.633165	  0.182580	
  0.279732	  0.306533	  0.175879	  0.237856	

URL http://cisbp.ccbr.utoronto.ca/TFreport.php?versionNumber=2.00&searchTF=T355680_2.00

MOTIF M08108_2.00 (estExt_fgenesh5_synt.C_480006)_(Homo_sapiens)_(DBD_0.79)

letter-probability matrix: alength= 4 w= 11 nsites= 1 E= 0
  0.204783	  0.244644	  0.387145	  0.163428	
  0.131041	  0.340807	  0.468361	  0.059791	
  0.023916	  0.035376	  0.927753	  0.012955	
  0.013951	  0.939711	  0.010962	  0.035376	
  0.006976	  0.026906	  0.962631	  0.003488	
  0.017937	  0.039860	  0.929248	  0.012955	
  0.013453	  0.015944	  0.956153	  0.014449	
  0.924265	  0.011958	  0.048829	  0.014948	
  0.819631	  0.084704	  0.068261	  0.027404	
  0.231689	  0.322372	  0.322870	  0.123069	
  0.189836	  0.300947	  0.322870	  0.186348	

URL http://cisbp.ccbr.utoronto.ca/TFreport.php?versionNumber=2.00&searchTF=T173824_2.00

MOTIF M08231_2.00 (estExt_Genewise1.C_90019)_(Homo_sapiens)_(DBD_0.79)

letter-probability matrix: alength= 4 w= 10 nsites= 1 E= 0
  0.117647	  0.205882	  0.044118	  0.632353	
  0.808823	  0.029412	  0.044118	  0.117647	
  0.102941	  0.000000	  0.088235	  0.808824	
  0.000000	  0.161765	  0.000000	  0.838235	
  0.220588	  0.000000	  0.000000	  0.779412	
  0.220588	  0.000000	  0.779412	  0.000000	
  0.117647	  0.691177	  0.000000	  0.191176	
  0.955882	  0.029412	  0.000000	  0.014706	
  0.000000	  0.000000	  0.000000	  1.000000	
  0.617646	  0.058824	  0.161765	  0.161765	

URL http://cisbp.ccbr.utoronto.ca/TFreport.php?versionNumber=2.00&searchTF=T343121_2.00

