MEME version 5.5.8 (Fri May 2 15:43:49 2025 -0700)

ALPHABET= ACGT

strands: + -

Background letter frequencies (from uniform background):
A 0.25000 C 0.25000 G 0.25000 T 0.25000 

MOTIF M00049_2.00 (WUBG_05335)_(Saccharomyces_cerevisiae)_(DBD_0.57)

letter-probability matrix: alength= 4 w= 10 nsites= 1 E= 0
  0.252983	  0.240645	  0.243064	  0.263308	
  0.269403	  0.251189	  0.220568	  0.258839	
  0.252879	  0.285121	  0.209121	  0.252879	
  0.266753	  0.280430	  0.166721	  0.286095	
  0.113406	  0.053569	  0.750675	  0.082350	
  0.849031	  0.039809	  0.035662	  0.075497	
  0.162404	  0.054603	  0.055152	  0.727842	
  0.690436	  0.055552	  0.065846	  0.188166	
  0.445770	  0.151381	  0.208471	  0.194378	
  0.236453	  0.251075	  0.335543	  0.176929	

URL http://cisbp.ccbr.utoronto.ca/TFreport.php?versionNumber=2.00&searchTF=T191536_2.00

MOTIF M00159_2.00 (WUBG_02585)_(Mus_musculus)_(DBD_0.63)

letter-probability matrix: alength= 4 w= 10 nsites= 1 E= 0
  0.401213	  0.134894	  0.189519	  0.274374	
  0.288005	  0.299758	  0.235798	  0.176439	
  0.207310	  0.504826	  0.205247	  0.082617	
  0.276376	  0.615087	  0.084925	  0.023612	
  0.001256	  0.018138	  0.980434	  0.000172	
  0.005077	  0.055966	  0.893136	  0.045821	
  0.810468	  0.028435	  0.076525	  0.084573	
  0.293995	  0.181919	  0.067597	  0.456488	
  0.285185	  0.231166	  0.308937	  0.174712	
  0.171414	  0.277017	  0.125723	  0.425847	

URL http://cisbp.ccbr.utoronto.ca/TFreport.php?versionNumber=2.00&searchTF=T175445_2.00

MOTIF M00163_2.00 (WUBG_17008)_(Mus_musculus)_(DBD_0.73)

letter-probability matrix: alength= 4 w= 8 nsites= 1 E= 0
  0.309467	  0.142959	  0.547336	  0.000238	
  0.295052	  0.000164	  0.000164	  0.704620	
  0.619510	  0.295749	  0.000141	  0.084600	
  0.888534	  0.069545	  0.000139	  0.041782	
  0.999584	  0.000139	  0.000139	  0.000139	
  0.000139	  0.957940	  0.000139	  0.041782	
  0.999572	  0.000143	  0.000143	  0.000143	
  0.660068	  0.132164	  0.056750	  0.151018	

URL http://cisbp.ccbr.utoronto.ca/TFreport.php?versionNumber=2.00&searchTF=T184433_2.00

MOTIF M00195_2.00 (WUBG_04884)_(Mus_musculus)_(DBD_0.88)

letter-probability matrix: alength= 4 w= 10 nsites= 1 E= 0
  0.279067	  0.181426	  0.181426	  0.358081	
  0.289551	  0.189085	  0.212315	  0.309049	
  0.000105	  0.000105	  0.000105	  0.999685	
  0.000105	  0.000105	  0.999685	  0.000105	
  0.000105	  0.999685	  0.000105	  0.000105	
  0.000105	  0.000105	  0.000105	  0.999685	
  0.000105	  0.000105	  0.999685	  0.000105	
  0.999685	  0.000105	  0.000105	  0.000105	
  0.068679	  0.613130	  0.162332	  0.155859	
  0.241038	  0.147190	  0.147190	  0.464583	

URL http://cisbp.ccbr.utoronto.ca/TFreport.php?versionNumber=2.00&searchTF=T326175_2.00

MOTIF M00208_2.00 (WUBG_03553)_(Mus_musculus)_(DBD_0.96)

letter-probability matrix: alength= 4 w= 9 nsites= 1 E= 0
  0.610507	  0.080181	  0.080181	  0.229130	
  0.027959	  0.087421	  0.055188	  0.829432	
  0.077434	  0.030859	  0.020893	  0.870814	
  0.237747	  0.206688	  0.478765	  0.076800	
  0.240465	  0.078459	  0.077678	  0.603397	
  0.222149	  0.224382	  0.205070	  0.348399	
  0.230661	  0.273404	  0.181445	  0.314490	
  0.236240	  0.248352	  0.218077	  0.297331	
  0.240132	  0.254981	  0.252444	  0.252444	

URL http://cisbp.ccbr.utoronto.ca/TFreport.php?versionNumber=2.00&searchTF=T326171_2.00

MOTIF M00264_2.00 (WUBG_01089)_(Homo_sapiens)_(DBD_0.82)

letter-probability matrix: alength= 4 w= 9 nsites= 1 E= 0
  0.233408	  0.265811	  0.293767	  0.207014	
  0.218699	  0.307260	  0.229912	  0.244129	
  0.170035	  0.133754	  0.053303	  0.642908	
  0.615562	  0.090246	  0.171149	  0.123043	
  0.889185	  0.026584	  0.061578	  0.022653	
  0.050885	  0.155955	  0.072935	  0.720226	
  0.195427	  0.193483	  0.209597	  0.401492	
  0.262679	  0.206630	  0.324061	  0.206630	
  0.264075	  0.227292	  0.322542	  0.186091	

URL http://cisbp.ccbr.utoronto.ca/TFreport.php?versionNumber=2.00&searchTF=T203839_2.00

MOTIF M00282_2.00 (WUBG_03381)_(Homo_sapiens)_(DBD_0.90)

letter-probability matrix: alength= 4 w= 8 nsites= 1 E= 0
  0.000303	  0.091102	  0.000303	  0.908293	
  0.972192	  0.000270	  0.027268	  0.000270	
  0.999190	  0.000270	  0.000270	  0.000270	
  0.000270	  0.000270	  0.000270	  0.999190	
  0.000270	  0.000270	  0.000270	  0.999190	
  0.742295	  0.000285	  0.257135	  0.000285	
  0.143010	  0.107347	  0.642297	  0.107347	
  0.105567	  0.210609	  0.105567	  0.578256	

URL http://cisbp.ccbr.utoronto.ca/TFreport.php?versionNumber=2.00&searchTF=T203857_2.00

MOTIF M00287_2.00 (WUBG_06036)_(Homo_sapiens)_(DBD_0.82)

letter-probability matrix: alength= 4 w= 10 nsites= 1 E= 0
  0.276533	  0.274138	  0.272562	  0.176767	
  0.096569	  0.200738	  0.096569	  0.606124	
  0.000039	  0.000039	  0.000039	  0.999883	
  0.999883	  0.000039	  0.000039	  0.000039	
  0.999883	  0.000039	  0.000039	  0.000039	
  0.000039	  0.000039	  0.000039	  0.999883	
  0.000039	  0.000039	  0.000039	  0.999883	
  0.999883	  0.000039	  0.000039	  0.000039	
  0.187323	  0.073272	  0.666133	  0.073272	
  0.248701	  0.250739	  0.247869	  0.252690	

URL http://cisbp.ccbr.utoronto.ca/TFreport.php?versionNumber=2.00&searchTF=T203869_2.00

MOTIF M00290_2.00 (WUBG_01783)_(Homo_sapiens)_(DBD_0.86)

letter-probability matrix: alength= 4 w= 8 nsites= 1 E= 0
  0.157555	  0.127712	  0.069392	  0.645340	
  0.632466	  0.076679	  0.146882	  0.143973	
  0.886949	  0.005685	  0.055025	  0.052341	
  0.068959	  0.060553	  0.110335	  0.760153	
  0.143566	  0.126064	  0.153975	  0.576395	
  0.315323	  0.085080	  0.443012	  0.156585	
  0.236009	  0.260830	  0.300026	  0.203135	
  0.240835	  0.263516	  0.226810	  0.268839	

URL http://cisbp.ccbr.utoronto.ca/TFreport.php?versionNumber=2.00&searchTF=T203843_2.00

MOTIF M00376_2.00 (WUBG_01060)_(Caenorhabditis_elegans)_(DBD_0.90)

letter-probability matrix: alength= 4 w= 10 nsites= 1 E= 0
  0.214617	  0.090818	  0.075102	  0.619463	
  0.069859	  0.360136	  0.209869	  0.360136	
  0.722064	  0.000065	  0.260373	  0.017498	
  0.991898	  0.000023	  0.004261	  0.003818	
  0.000309	  0.000156	  0.977664	  0.021871	
  0.127581	  0.009014	  0.083827	  0.779578	
  0.331797	  0.010325	  0.629247	  0.028632	
  0.038565	  0.396364	  0.362249	  0.202823	
  0.184394	  0.295029	  0.197764	  0.322813	
  0.196154	  0.281154	  0.168832	  0.353860	

URL http://cisbp.ccbr.utoronto.ca/TFreport.php?versionNumber=2.00&searchTF=T203838_2.00

MOTIF M00393_2.00 (WUBG_08887)_(Mus_musculus)_(DBD_0.88)

letter-probability matrix: alength= 4 w= 8 nsites= 1 E= 0
  0.235698	  0.265748	  0.314993	  0.183561	
  0.194613	  0.361771	  0.230676	  0.212940	
  0.142042	  0.092400	  0.025949	  0.739610	
  0.699379	  0.079059	  0.175949	  0.045613	
  0.870945	  0.043362	  0.006683	  0.079010	
  0.058490	  0.192260	  0.064641	  0.684609	
  0.137513	  0.209290	  0.328232	  0.324966	
  0.380775	  0.133247	  0.314885	  0.171093	

URL http://cisbp.ccbr.utoronto.ca/TFreport.php?versionNumber=2.00&searchTF=T203878_2.00

MOTIF M00396_2.00 (WUBG_07990)_(Mus_musculus)_(DBD_0.81)

letter-probability matrix: alength= 4 w= 8 nsites= 1 E= 0
  0.243137	  0.255603	  0.173058	  0.328201	
  0.180751	  0.050761	  0.028138	  0.740350	
  0.754094	  0.029830	  0.091425	  0.124651	
  0.948503	  0.020184	  0.016361	  0.014953	
  0.061921	  0.014525	  0.234126	  0.689428	
  0.144617	  0.648127	  0.069692	  0.137564	
  0.112198	  0.502838	  0.114465	  0.270499	
  0.173843	  0.301314	  0.278148	  0.246695	

URL http://cisbp.ccbr.utoronto.ca/TFreport.php?versionNumber=2.00&searchTF=T203874_2.00

MOTIF M00405_2.00 (WUBG_04132)_(Mus_musculus)_(DBD_0.72)

letter-probability matrix: alength= 4 w= 9 nsites= 1 E= 0
  0.166699	  0.079535	  0.057179	  0.696587	
  0.658460	  0.072959	  0.164006	  0.104575	
  0.860814	  0.014554	  0.044163	  0.080469	
  0.057497	  0.058075	  0.037402	  0.847026	
  0.146493	  0.115235	  0.184376	  0.553896	
  0.427710	  0.071410	  0.368133	  0.132747	
  0.333758	  0.210696	  0.276004	  0.179543	
  0.279203	  0.233210	  0.202743	  0.284843	
  0.269584	  0.207863	  0.189973	  0.332580	

URL http://cisbp.ccbr.utoronto.ca/TFreport.php?versionNumber=2.00&searchTF=T203861_2.00

MOTIF M00426_2.00 (WUBG_12371)_(Mus_musculus)_(DBD_0.86)

letter-probability matrix: alength= 4 w= 9 nsites= 1 E= 0
  0.269860	  0.244180	  0.310413	  0.175547	
  0.222956	  0.322782	  0.189991	  0.264271	
  0.095770	  0.046616	  0.010402	  0.847212	
  0.799391	  0.056478	  0.097891	  0.046240	
  0.967307	  0.000597	  0.022077	  0.010019	
  0.039713	  0.048993	  0.055795	  0.855498	
  0.112128	  0.104548	  0.131584	  0.651740	
  0.377268	  0.097803	  0.400597	  0.124332	
  0.274391	  0.207380	  0.363054	  0.155175	

URL http://cisbp.ccbr.utoronto.ca/TFreport.php?versionNumber=2.00&searchTF=T203885_2.00

MOTIF M00432_2.00 (WUBG_03029)_(Mus_musculus)_(DBD_0.84)

letter-probability matrix: alength= 4 w= 8 nsites= 1 E= 0
  0.233021	  0.233021	  0.237729	  0.296228	
  0.299569	  0.128040	  0.147281	  0.425109	
  0.394212	  0.088845	  0.184360	  0.332583	
  0.791037	  0.010521	  0.120704	  0.077738	
  0.125342	  0.030909	  0.107883	  0.735866	
  0.111249	  0.116952	  0.215243	  0.556556	
  0.502249	  0.069345	  0.330001	  0.098405	
  0.304872	  0.239820	  0.275859	  0.179449	

URL http://cisbp.ccbr.utoronto.ca/TFreport.php?versionNumber=2.00&searchTF=T203855_2.00

MOTIF M00458_2.00 (WUBG_01719)_(Mus_musculus)_(DBD_0.90)

letter-probability matrix: alength= 4 w= 7 nsites= 1 E= 0
  0.207112	  0.268610	  0.252968	  0.271310	
  0.229210	  0.070431	  0.130927	  0.569432	
  0.521448	  0.073450	  0.236656	  0.168445	
  0.627941	  0.108034	  0.128053	  0.135972	
  0.172464	  0.088251	  0.270478	  0.468806	
  0.209059	  0.140136	  0.302661	  0.348144	
  0.255000	  0.139947	  0.428917	  0.176137	

URL http://cisbp.ccbr.utoronto.ca/TFreport.php?versionNumber=2.00&searchTF=T203842_2.00

MOTIF M00483_2.00 (WUBG_00045)_(Mus_musculus)_(DBD_0.91)

letter-probability matrix: alength= 4 w= 7 nsites= 1 E= 0
  0.247356	  0.242458	  0.265291	  0.244895	
  0.187686	  0.245862	  0.203318	  0.363134	
  0.206531	  0.145540	  0.437226	  0.210703	
  0.818609	  0.111900	  0.033704	  0.035788	
  0.126658	  0.170970	  0.099632	  0.602740	
  0.539508	  0.337193	  0.043409	  0.079890	
  0.146793	  0.419484	  0.179294	  0.254430	

URL http://cisbp.ccbr.utoronto.ca/TFreport.php?versionNumber=2.00&searchTF=T203837_2.00

MOTIF M00484_2.00 (WUBG_02861)_(Mus_musculus)_(DBD_0.77)

letter-probability matrix: alength= 4 w= 8 nsites= 1 E= 0
  0.260569	  0.255410	  0.285108	  0.198913	
  0.177845	  0.320830	  0.230652	  0.270673	
  0.114497	  0.403649	  0.048938	  0.432917	
  0.580843	  0.152091	  0.107177	  0.159889	
  0.790662	  0.111371	  0.053137	  0.044830	
  0.121087	  0.104221	  0.012262	  0.762430	
  0.136206	  0.248183	  0.120804	  0.494807	
  0.509367	  0.130735	  0.162905	  0.196993	

URL http://cisbp.ccbr.utoronto.ca/TFreport.php?versionNumber=2.00&searchTF=T203852_2.00

MOTIF M00516_2.00 (WUBG_07700)_(Mus_musculus)_(DBD_0.90)

letter-probability matrix: alength= 4 w= 9 nsites= 1 E= 0
  0.266806	  0.229642	  0.205721	  0.297830	
  0.116229	  0.082729	  0.031676	  0.769366	
  0.886269	  0.000274	  0.097224	  0.016233	
  0.956010	  0.016164	  0.000365	  0.027461	
  0.057873	  0.196026	  0.082125	  0.663976	
  0.104695	  0.230685	  0.333971	  0.330648	
  0.326888	  0.077449	  0.441252	  0.154411	
  0.189730	  0.271946	  0.338866	  0.199458	
  0.170012	  0.319216	  0.175189	  0.335583	

URL http://cisbp.ccbr.utoronto.ca/TFreport.php?versionNumber=2.00&searchTF=T203872_2.00

MOTIF M00531_2.00 (WUBG_03574)_(Mus_musculus)_(DBD_0.70)

letter-probability matrix: alength= 4 w= 8 nsites= 1 E= 0
  0.197705	  0.297905	  0.188063	  0.316327	
  0.149881	  0.075932	  0.046518	  0.727668	
  0.769845	  0.044088	  0.131130	  0.054937	
  0.865682	  0.028037	  0.030070	  0.076212	
  0.059224	  0.157799	  0.096672	  0.686305	
  0.154873	  0.134640	  0.362348	  0.348140	
  0.399402	  0.099481	  0.340348	  0.160769	
  0.198563	  0.308310	  0.260111	  0.233016	

URL http://cisbp.ccbr.utoronto.ca/TFreport.php?versionNumber=2.00&searchTF=T203858_2.00

MOTIF M00554_2.00 (WUBG_14236)_(Drosophila_melanogaster)_(DBD_0.84)

letter-probability matrix: alength= 4 w= 10 nsites= 1 E= 0
  0.251496	  0.177226	  0.199822	  0.371455	
  0.148997	  0.073254	  0.136173	  0.641576	
  0.122081	  0.052704	  0.056525	  0.768690	
  0.381649	  0.037883	  0.070422	  0.510046	
  0.882245	  0.000299	  0.060489	  0.056967	
  0.048121	  0.268735	  0.096905	  0.586239	
  0.165526	  0.087281	  0.407129	  0.340063	
  0.403411	  0.084771	  0.354234	  0.157584	
  0.125944	  0.405791	  0.231791	  0.236474	
  0.189990	  0.335953	  0.201738	  0.272318	

URL http://cisbp.ccbr.utoronto.ca/TFreport.php?versionNumber=2.00&searchTF=T203889_2.00

MOTIF M00587_2.00 (WUBG_08027)_(Caenorhabditis_elegans)_(DBD_0.82)

letter-probability matrix: alength= 4 w= 8 nsites= 1 E= 0
  0.074832	  0.102859	  0.037463	  0.784847	
  0.000066	  0.999803	  0.000066	  0.000066	
  0.000066	  0.026375	  0.973494	  0.000066	
  0.592015	  0.032952	  0.374967	  0.000066	
  0.000066	  0.000066	  0.999803	  0.000066	
  0.993225	  0.000066	  0.006643	  0.000066	
  0.140532	  0.280981	  0.363599	  0.214888	
  0.092027	  0.402229	  0.034582	  0.471163	

URL http://cisbp.ccbr.utoronto.ca/TFreport.php?versionNumber=2.00&searchTF=T025255_2.00

MOTIF M00605_2.00 (WUBG_00008)_(Caenorhabditis_elegans)_(DBD_0.67)

letter-probability matrix: alength= 4 w= 13 nsites= 1 E= 0
  0.230644	  0.230644	  0.230644	  0.308069	
  0.230644	  0.230644	  0.308069	  0.230644	
  0.195361	  0.042431	  0.042431	  0.719777	
  0.105121	  0.022865	  0.128036	  0.743978	
  0.853680	  0.022865	  0.100590	  0.022865	
  0.000176	  0.673192	  0.000176	  0.326456	
  0.236202	  0.000176	  0.687605	  0.076018	
  0.076018	  0.420964	  0.077601	  0.425417	
  0.790056	  0.095374	  0.019532	  0.095037	
  0.780883	  0.097796	  0.019532	  0.101789	
  0.376765	  0.207745	  0.207745	  0.207745	
  0.227311	  0.227311	  0.227311	  0.318067	
  0.318067	  0.227311	  0.227311	  0.227311	

URL http://cisbp.ccbr.utoronto.ca/TFreport.php?versionNumber=2.00&searchTF=T056317_2.00

MOTIF M00622_2.00 (WUBG_00846)_(Caenorhabditis_elegans)_(DBD_0.97)

letter-probability matrix: alength= 4 w= 8 nsites= 1 E= 0
  0.042013	  0.915557	  0.000416	  0.042013	
  0.133489	  0.233356	  0.566245	  0.066911	
  0.000303	  0.999092	  0.000303	  0.000303	
  0.000303	  0.999092	  0.000303	  0.000303	
  0.000303	  0.968826	  0.000303	  0.030569	
  0.575363	  0.333232	  0.091102	  0.000303	
  0.000303	  0.999092	  0.000303	  0.000303	
  0.166805	  0.083611	  0.665973	  0.083611	

URL http://cisbp.ccbr.utoronto.ca/TFreport.php?versionNumber=2.00&searchTF=T078416_2.00

MOTIF M00638_2.00 (WUBG_01471)_(Caenorhabditis_elegans)_(DBD_0.80)

letter-probability matrix: alength= 4 w= 10 nsites= 1 E= 0
  0.210067	  0.246516	  0.190077	  0.353339	
  0.208071	  0.223158	  0.264511	  0.304260	
  0.273165	  0.099492	  0.172444	  0.454899	
  0.377830	  0.255813	  0.134888	  0.231469	
  0.223435	  0.756818	  0.000076	  0.019671	
  0.002609	  0.971445	  0.014714	  0.011232	
  0.010416	  0.002468	  0.001382	  0.985734	
  0.008187	  0.965392	  0.000305	  0.026116	
  0.575778	  0.180498	  0.152280	  0.091444	
  0.290872	  0.279467	  0.181796	  0.247865	

URL http://cisbp.ccbr.utoronto.ca/TFreport.php?versionNumber=2.00&searchTF=T078418_2.00

MOTIF M00641_2.00 (WUBG_02612)_(Caenorhabditis_elegans)_(DBD_0.90)

letter-probability matrix: alength= 4 w= 10 nsites= 1 E= 0
  0.423533	  0.155809	  0.281078	  0.139579	
  0.237052	  0.254240	  0.246726	  0.261983	
  0.030814	  0.031436	  0.032719	  0.905030	
  0.022675	  0.003426	  0.973874	  0.000025	
  0.814440	  0.000029	  0.035251	  0.150280	
  0.015413	  0.958364	  0.007208	  0.019015	
  0.025164	  0.968160	  0.002260	  0.004417	
  0.560196	  0.106515	  0.269963	  0.063325	
  0.199576	  0.322529	  0.241337	  0.236558	
  0.194301	  0.267577	  0.146849	  0.391273	

URL http://cisbp.ccbr.utoronto.ca/TFreport.php?versionNumber=2.00&searchTF=T078425_2.00

MOTIF M00649_2.00 (WUBG_05161)_(PBM_CONSTRUCTS)_(DBD_0.79)

letter-probability matrix: alength= 4 w= 9 nsites= 1 E= 0
  0.267836	  0.287257	  0.157650	  0.287257	
  0.202870	  0.396456	  0.106972	  0.293702	
  0.119236	  0.459946	  0.036639	  0.384179	
  0.458684	  0.016749	  0.360813	  0.163753	
  0.223303	  0.371865	  0.123783	  0.281049	
  0.240921	  0.309349	  0.124520	  0.325210	
  0.265437	  0.279046	  0.156238	  0.299279	
  0.238733	  0.303488	  0.163260	  0.294519	
  0.285522	  0.359358	  0.159863	  0.195257	

URL http://cisbp.ccbr.utoronto.ca/TFreport.php?versionNumber=2.00&searchTF=T078438_2.00

MOTIF M00652_2.00 (WUBG_12123)_(Caenorhabditis_elegans)_(DBD_0.87)

letter-probability matrix: alength= 4 w= 7 nsites= 1 E= 0
  0.184698	  0.237157	  0.179240	  0.398905	
  0.193622	  0.297648	  0.090551	  0.418179	
  0.105524	  0.010902	  0.533222	  0.350352	
  0.000005	  0.999851	  0.000007	  0.000138	
  0.000006	  0.075843	  0.923961	  0.000190	
  0.008049	  0.184102	  0.784849	  0.023000	
  0.452392	  0.109349	  0.222416	  0.215843	

URL http://cisbp.ccbr.utoronto.ca/TFreport.php?versionNumber=2.00&searchTF=T167720_2.00

MOTIF M00654_2.00 (WUBG_07178)_(Caenorhabditis_elegans)_(DBD_0.96)

letter-probability matrix: alength= 4 w= 8 nsites= 1 E= 0
  0.397132	  0.217951	  0.185725	  0.199192	
  0.397053	  0.211467	  0.117222	  0.274258	
  0.342138	  0.117356	  0.087813	  0.452693	
  0.230192	  0.118975	  0.101384	  0.549449	
  0.113255	  0.152879	  0.200266	  0.533600	
  0.076011	  0.270664	  0.050952	  0.602373	
  0.319738	  0.110775	  0.322952	  0.246535	
  0.227337	  0.261499	  0.238992	  0.272171	

URL http://cisbp.ccbr.utoronto.ca/TFreport.php?versionNumber=2.00&searchTF=T168859_2.00

MOTIF M00664_2.00 (WUBG_11506)_(Caenorhabditis_elegans)_(DBD_0.73)

letter-probability matrix: alength= 4 w= 8 nsites= 1 E= 0
  0.597222	  0.001984	  0.398810	  0.001984	
  0.001656	  0.001656	  0.001656	  0.995033	
  0.995033	  0.001656	  0.001656	  0.001656	
  0.995033	  0.001656	  0.001656	  0.001656	
  0.995033	  0.001656	  0.001656	  0.001656	
  0.001656	  0.995033	  0.001656	  0.001656	
  0.995033	  0.001656	  0.001656	  0.001656	
  0.745050	  0.002475	  0.002475	  0.250000	

URL http://cisbp.ccbr.utoronto.ca/TFreport.php?versionNumber=2.00&searchTF=T184428_2.00

MOTIF M00665_2.00 (WUBG_04707)_(Caenorhabditis_elegans)_(DBD_0.90)

letter-probability matrix: alength= 4 w= 11 nsites= 1 E= 0
  0.290290	  0.211015	  0.287681	  0.211015	
  0.243370	  0.086173	  0.086173	  0.584284	
  0.215478	  0.060026	  0.664470	  0.060026	
  0.151281	  0.076299	  0.000121	  0.772299	
  0.919668	  0.080090	  0.000121	  0.000121	
  0.922970	  0.076788	  0.000121	  0.000121	
  0.999637	  0.000121	  0.000121	  0.000121	
  0.000121	  0.668017	  0.000121	  0.331741	
  0.882680	  0.039107	  0.039107	  0.039107	
  0.508155	  0.163948	  0.163948	  0.163948	
  0.429714	  0.190095	  0.190095	  0.190095	

URL http://cisbp.ccbr.utoronto.ca/TFreport.php?versionNumber=2.00&searchTF=T184423_2.00

MOTIF M00671_2.00 (WUBG_10381)_(Caenorhabditis_elegans)_(DBD_0.67)

letter-probability matrix: alength= 4 w= 10 nsites= 1 E= 0
  0.271803	  0.163217	  0.084359	  0.480621	
  0.100398	  0.101407	  0.033755	  0.764439	
  0.843498	  0.017246	  0.067192	  0.072064	
  0.923696	  0.014417	  0.007377	  0.054510	
  0.030333	  0.028566	  0.032208	  0.908893	
  0.073324	  0.018447	  0.099971	  0.808259	
  0.601590	  0.017986	  0.323622	  0.056802	
  0.201761	  0.297997	  0.346223	  0.154020	
  0.139530	  0.323202	  0.194081	  0.343187	
  0.146951	  0.379972	  0.174181	  0.298896	

URL http://cisbp.ccbr.utoronto.ca/TFreport.php?versionNumber=2.00&searchTF=T203883_2.00

MOTIF M00674_2.00 (WUBG_05751)_(Caenorhabditis_elegans)_(DBD_0.77)

letter-probability matrix: alength= 4 w= 8 nsites= 1 E= 0
  0.327533	  0.155238	  0.120779	  0.396451	
  0.012942	  0.000128	  0.000128	  0.986802	
  0.999616	  0.000128	  0.000128	  0.000128	
  0.986802	  0.000128	  0.000128	  0.012942	
  0.000128	  0.012942	  0.025756	  0.961174	
  0.013110	  0.986630	  0.000130	  0.000130	
  0.000149	  0.745973	  0.000149	  0.253729	
  0.155639	  0.311057	  0.244449	  0.288854	

URL http://cisbp.ccbr.utoronto.ca/TFreport.php?versionNumber=2.00&searchTF=T203868_2.00

MOTIF M00679_2.00 (WUBG_08564)_(Caenorhabditis_elegans)_(DBD_0.61)

letter-probability matrix: alength= 4 w= 8 nsites= 1 E= 0
  0.194710	  0.274328	  0.106246	  0.424717	
  0.041153	  0.000068	  0.000068	  0.958710	
  0.999801	  0.000066	  0.000066	  0.000066	
  0.993181	  0.000066	  0.006687	  0.000066	
  0.006687	  0.000066	  0.046412	  0.946835	
  0.006687	  0.973318	  0.000066	  0.019928	
  0.000087	  0.573800	  0.069628	  0.356485	
  0.151948	  0.341726	  0.265815	  0.240511	

URL http://cisbp.ccbr.utoronto.ca/TFreport.php?versionNumber=2.00&searchTF=T203876_2.00

MOTIF M00686_2.00 (WUBG_08038)_(Caenorhabditis_elegans)_(DBD_0.61)

letter-probability matrix: alength= 4 w= 8 nsites= 1 E= 0
  0.844325	  0.000767	  0.154141	  0.000767	
  0.263130	  0.105567	  0.578256	  0.053046	
  0.083611	  0.042013	  0.042013	  0.832363	
  0.000416	  0.000416	  0.998752	  0.000416	
  0.998752	  0.000416	  0.000416	  0.000416	
  0.000416	  0.000416	  0.000416	  0.998752	
  0.000416	  0.998752	  0.000416	  0.000416	
  0.998503	  0.000499	  0.000499	  0.000499	

URL http://cisbp.ccbr.utoronto.ca/TFreport.php?versionNumber=2.00&searchTF=T301192_2.00

MOTIF M00687_2.00 (WUBG_08518)_(Caenorhabditis_elegans)_(DBD_0.88)

letter-probability matrix: alength= 4 w= 10 nsites= 1 E= 0
  0.424708	  0.167570	  0.181526	  0.226196	
  0.394760	  0.138142	  0.230046	  0.237052	
  0.621952	  0.129394	  0.123084	  0.125570	
  0.127104	  0.096063	  0.661826	  0.115008	
  0.473338	  0.032454	  0.247104	  0.247104	
  0.178424	  0.238451	  0.102942	  0.480182	
  0.124009	  0.620395	  0.086518	  0.169077	
  0.778907	  0.000116	  0.190165	  0.030812	
  0.331200	  0.215448	  0.235738	  0.217614	
  0.270667	  0.235307	  0.206622	  0.287404	

URL http://cisbp.ccbr.utoronto.ca/TFreport.php?versionNumber=2.00&searchTF=T301194_2.00

MOTIF M00708_2.00 (WUBG_06449)_(Caenorhabditis_elegans)_(DBD_0.96)

letter-probability matrix: alength= 4 w= 10 nsites= 1 E= 0
  0.168663	  0.275311	  0.239344	  0.316683	
  0.176492	  0.296864	  0.205054	  0.321589	
  0.099868	  0.334905	  0.233655	  0.331572	
  0.572889	  0.124051	  0.200475	  0.102585	
  0.711682	  0.128719	  0.063284	  0.096316	
  0.139239	  0.068456	  0.676002	  0.116303	
  0.601869	  0.036600	  0.275901	  0.085630	
  0.375126	  0.319661	  0.021699	  0.283514	
  0.395081	  0.114330	  0.326716	  0.163873	
  0.242351	  0.212807	  0.230531	  0.314312	

URL http://cisbp.ccbr.utoronto.ca/TFreport.php?versionNumber=2.00&searchTF=T316397_2.00

MOTIF M00710_2.00 (WUBG_01152)_(Caenorhabditis_elegans)_(DBD_0.96)

letter-probability matrix: alength= 4 w= 10 nsites= 1 E= 0
  0.450923	  0.148771	  0.148771	  0.251536	
  0.298333	  0.204180	  0.289058	  0.208429	
  0.896801	  0.000144	  0.000144	  0.102910	
  0.910076	  0.089635	  0.000144	  0.000144	
  0.089635	  0.807310	  0.000144	  0.102910	
  0.999567	  0.000144	  0.000144	  0.000144	
  0.999567	  0.000144	  0.000144	  0.000144	
  0.000144	  0.000144	  0.000144	  0.999567	
  0.609680	  0.101374	  0.101374	  0.187572	
  0.240264	  0.237286	  0.371677	  0.150773	

URL http://cisbp.ccbr.utoronto.ca/TFreport.php?versionNumber=2.00&searchTF=T326168_2.00

MOTIF M00712_2.00 (WUBG_00857)_(Caenorhabditis_elegans)_(DBD_0.70)

letter-probability matrix: alength= 4 w= 10 nsites= 1 E= 0
  0.180597	  0.342500	  0.170080	  0.306823	
  0.160976	  0.372879	  0.157788	  0.308356	
  0.176732	  0.163144	  0.118467	  0.541657	
  0.186902	  0.088286	  0.157683	  0.567128	
  0.197962	  0.101299	  0.030207	  0.670533	
  0.236652	  0.225110	  0.457872	  0.080366	
  0.326313	  0.199908	  0.140873	  0.332905	
  0.262324	  0.221313	  0.223537	  0.292826	
  0.220694	  0.261589	  0.283376	  0.234341	
  0.203636	  0.220597	  0.222814	  0.352953	

URL http://cisbp.ccbr.utoronto.ca/TFreport.php?versionNumber=2.00&searchTF=T326167_2.00

MOTIF M00796_2.00 (WUBG_02313)_(Mus_musculus)_(DBD_0.64)

letter-probability matrix: alength= 4 w= 10 nsites= 1 E= 0
  0.359371	  0.149061	  0.090410	  0.401158	
  0.421728	  0.136232	  0.263581	  0.178459	
  0.287711	  0.194796	  0.208921	  0.308572	
  0.387293	  0.104499	  0.432326	  0.075882	
  0.213252	  0.166081	  0.058118	  0.562548	
  0.555669	  0.284341	  0.048919	  0.111071	
  0.768444	  0.096967	  0.051130	  0.083460	
  0.771861	  0.058487	  0.089910	  0.079743	
  0.062825	  0.561351	  0.051953	  0.323871	
  0.748482	  0.072099	  0.068583	  0.110835	

URL http://cisbp.ccbr.utoronto.ca/TFreport.php?versionNumber=2.00&searchTF=T184421_2.00

MOTIF M00829_2.00 (WUBG_09252)_(Mus_musculus)_(DBD_0.58)

letter-probability matrix: alength= 4 w= 8 nsites= 1 E= 0
  0.260870	  0.173913	  0.130435	  0.434783	
  0.806452	  0.032258	  0.032258	  0.129032	
  0.914286	  0.028571	  0.028571	  0.028571	
  0.028571	  0.885714	  0.028571	  0.057143	
  0.914286	  0.028571	  0.028571	  0.028571	
  0.914286	  0.028571	  0.028571	  0.028571	
  0.028571	  0.028571	  0.028571	  0.914286	
  0.320000	  0.120000	  0.360000	  0.200000	

URL http://cisbp.ccbr.utoronto.ca/TFreport.php?versionNumber=2.00&searchTF=T326179_2.00

MOTIF M00937_2.00 (WUBG_15170)_(Caenorhabditis_elegans)_(DBD_0.89)

letter-probability matrix: alength= 4 w= 8 nsites= 1 E= 0
  0.333333	  0.000000	  0.000000	  0.666667	
  0.000000	  1.000000	  0.000000	  0.000000	
  1.000000	  0.000000	  0.000000	  0.000000	
  0.000000	  1.000000	  0.000000	  0.000000	
  0.000000	  0.000000	  1.000000	  0.000000	
  0.000000	  0.000000	  0.000000	  1.000000	
  0.000000	  0.000000	  1.000000	  0.000000	
  1.000000	  0.000000	  0.000000	  0.000000	

URL http://cisbp.ccbr.utoronto.ca/TFreport.php?versionNumber=2.00&searchTF=T030085_2.00

MOTIF M01141_2.00 (WUBG_08190)_(Caenorhabditis_briggsae)_(DBD_0.79)

letter-probability matrix: alength= 4 w= 10 nsites= 1 E= 0
  0.396695	  0.167866	  0.144484	  0.290955	
  0.555037	  0.047420	  0.379568	  0.017976	
  0.002357	  0.007982	  0.000117	  0.989544	
  0.003280	  0.003849	  0.990076	  0.002795	
  0.956624	  0.000420	  0.009056	  0.033900	
  0.002941	  0.779543	  0.011344	  0.206172	
  0.146554	  0.034035	  0.818434	  0.000978	
  0.022269	  0.029172	  0.011059	  0.937500	
  0.135371	  0.516987	  0.272603	  0.075040	
  0.635454	  0.133532	  0.127019	  0.103995	

URL http://cisbp.ccbr.utoronto.ca/TFreport.php?versionNumber=2.00&searchTF=T056328_2.00

MOTIF M01225_2.00 (WUBG_04376)_(Physcomitrella_patens)_(DBD_0.66)

letter-probability matrix: alength= 4 w= 10 nsites= 1 E= 0
  0.190589	  0.347275	  0.407531	  0.054605	
  0.053131	  0.125558	  0.759581	  0.061730	
  0.006389	  0.948224	  0.000029	  0.045358	
  0.045581	  0.000042	  0.924726	  0.029651	
  0.016651	  0.814394	  0.092060	  0.076895	
  0.118839	  0.496592	  0.220913	  0.163656	
  0.407444	  0.259798	  0.072960	  0.259798	
  0.440817	  0.140982	  0.104442	  0.313760	
  0.395676	  0.129101	  0.157685	  0.317538	
  0.315183	  0.176470	  0.156515	  0.351832	

URL http://cisbp.ccbr.utoronto.ca/TFreport.php?versionNumber=2.00&searchTF=T172250_2.00

MOTIF M01226_2.00 (WUBG_05169)_(Caenorhabditis_briggsae)_(DBD_0.94)

letter-probability matrix: alength= 4 w= 8 nsites= 1 E= 0
  0.527071	  0.236374	  0.236374	  0.000182	
  0.809169	  0.016022	  0.000159	  0.174651	
  0.655996	  0.093848	  0.000156	  0.250000	
  0.983916	  0.015771	  0.000156	  0.000156	
  0.999532	  0.000156	  0.000156	  0.000156	
  0.047002	  0.780918	  0.000156	  0.171924	
  0.968301	  0.000156	  0.000156	  0.031387	
  0.574675	  0.075175	  0.075175	  0.274975	

URL http://cisbp.ccbr.utoronto.ca/TFreport.php?versionNumber=2.00&searchTF=T184424_2.00

MOTIF M01231_2.00 (WUBG_10387)_(Caenorhabditis_briggsae)_(DBD_0.89)

letter-probability matrix: alength= 4 w= 8 nsites= 1 E= 0
  0.170017	  0.359926	  0.338965	  0.131092	
  0.041665	  0.018535	  0.005639	  0.934162	
  0.002064	  0.000107	  0.996804	  0.001025	
  0.956878	  0.001885	  0.000233	  0.041004	
  0.001041	  0.005314	  0.000961	  0.992683	
  0.801570	  0.044548	  0.008905	  0.144977	
  0.731075	  0.036764	  0.099935	  0.132226	
  0.195054	  0.302862	  0.318390	  0.183695	

URL http://cisbp.ccbr.utoronto.ca/TFreport.php?versionNumber=2.00&searchTF=T191540_2.00

MOTIF M01298_2.00 (WUBG_14756)_(Caenorhabditis_elegans)_(DBD_0.81)

letter-probability matrix: alength= 4 w= 8 nsites= 1 E= 0
  0.990132	  0.003289	  0.003289	  0.003289	
  0.990132	  0.003289	  0.003289	  0.003289	
  0.990132	  0.003289	  0.003289	  0.003289	
  0.003289	  0.003289	  0.661184	  0.332237	
  0.003289	  0.003289	  0.990132	  0.003289	
  0.003289	  0.003289	  0.003289	  0.990132	
  0.003289	  0.990132	  0.003289	  0.003289	
  0.985294	  0.004902	  0.004902	  0.004902	

URL http://cisbp.ccbr.utoronto.ca/TFreport.php?versionNumber=2.00&searchTF=T301203_2.00

MOTIF M01667_2.00 (WUBG_12491)_(Caenorhabditis_elegans)_(DBD_0.98)

letter-probability matrix: alength= 4 w= 8 nsites= 1 E= 0
  0.245252	  0.271045	  0.215355	  0.268348	
  0.308320	  0.196593	  0.254968	  0.240120	
  0.941882	  0.000249	  0.000593	  0.057276	
  0.051763	  0.035046	  0.000248	  0.912942	
  0.191668	  0.309749	  0.088745	  0.409838	
  0.562171	  0.100666	  0.162683	  0.174479	
  0.502612	  0.159145	  0.175883	  0.162360	
  0.416728	  0.148775	  0.235670	  0.198827	

URL http://cisbp.ccbr.utoronto.ca/TFreport.php?versionNumber=2.00&searchTF=T014065_2.00

MOTIF M01830_2.00 (WUBG_01294)_(Caenorhabditis_elegans)_(DBD_0.64)

letter-probability matrix: alength= 4 w= 9 nsites= 1 E= 0
  0.990132	  0.003289	  0.003289	  0.003289	
  0.001656	  0.001656	  0.001656	  0.995033	
  0.167219	  0.001656	  0.001656	  0.829470	
  0.995033	  0.001656	  0.001656	  0.001656	
  0.001656	  0.663907	  0.001656	  0.332781	
  0.498344	  0.001656	  0.498344	  0.001656	
  0.001656	  0.167219	  0.001656	  0.829470	
  0.995033	  0.001656	  0.001656	  0.001656	
  0.990132	  0.003289	  0.003289	  0.003289	

URL http://cisbp.ccbr.utoronto.ca/TFreport.php?versionNumber=2.00&searchTF=T056319_2.00

MOTIF M01850_2.00 (WUBG_19064)_(Caenorhabditis_elegans)_(DBD_0.81)

letter-probability matrix: alength= 4 w= 11 nsites= 1 E= 0
  0.270063	  0.270350	  0.189307	  0.270281	
  0.094647	  0.608681	  0.094647	  0.202025	
  0.023932	  0.023932	  0.023932	  0.928205	
  0.999867	  0.000044	  0.000044	  0.000044	
  0.999867	  0.000044	  0.000044	  0.000044	
  0.000044	  0.000044	  0.000044	  0.999867	
  0.000044	  0.000044	  0.000044	  0.999867	
  0.999867	  0.000044	  0.000044	  0.000044	
  0.665362	  0.060737	  0.213164	  0.060737	
  0.155397	  0.266149	  0.233341	  0.345113	
  0.226112	  0.226112	  0.226112	  0.321663	

URL http://cisbp.ccbr.utoronto.ca/TFreport.php?versionNumber=2.00&searchTF=T203893_2.00

MOTIF M01922_2.00 WUBG_11979

letter-probability matrix: alength= 4 w= 8 nsites= 1 E= 0
  0.990132	  0.003289	  0.003289	  0.003289	
  0.003289	  0.003289	  0.003289	  0.990132	
  0.003289	  0.003289	  0.990132	  0.003289	
  0.003289	  0.003289	  0.003289	  0.990132	
  0.332237	  0.003289	  0.003289	  0.661184	
  0.003289	  0.003289	  0.003289	  0.990132	
  0.003289	  0.990132	  0.003289	  0.003289	
  0.985294	  0.004902	  0.004902	  0.004902	

URL http://cisbp.ccbr.utoronto.ca/TFreport.php?versionNumber=2.00&searchTF=T168862_2.00

MOTIF M01930_2.00 (WUBG_07254)_(Homo_sapiens)_(DBD_0.94)

letter-probability matrix: alength= 4 w= 10 nsites= 1 E= 0
  0.391936	  0.183295	  0.148576	  0.276193	
  0.378242	  0.182278	  0.150737	  0.288742	
  0.278003	  0.143686	  0.091618	  0.486692	
  0.161592	  0.078655	  0.558398	  0.201355	
  0.131885	  0.106904	  0.107979	  0.653232	
  0.417907	  0.098029	  0.168218	  0.315847	
  0.288677	  0.108344	  0.224822	  0.378157	
  0.189159	  0.451505	  0.137357	  0.221980	
  0.330255	  0.192455	  0.235066	  0.242224	
  0.345463	  0.193424	  0.222491	  0.238623	

URL http://cisbp.ccbr.utoronto.ca/TFreport.php?versionNumber=2.00&searchTF=T168860_2.00

MOTIF M01971_2.00 (WUBG_00149)_(Tetraodon_nigroviridis)_(DBD_0.80)

letter-probability matrix: alength= 4 w= 8 nsites= 1 E= 0
  0.001420	  0.995739	  0.001420	  0.001420	
  0.001106	  0.996681	  0.001106	  0.001106	
  0.001106	  0.001106	  0.996681	  0.001106	
  0.001106	  0.001106	  0.996681	  0.001106	
  0.996681	  0.001106	  0.001106	  0.001106	
  0.886062	  0.001106	  0.001106	  0.111726	
  0.222345	  0.001106	  0.775442	  0.001106	
  0.001656	  0.167219	  0.001656	  0.829470	

URL http://cisbp.ccbr.utoronto.ca/TFreport.php?versionNumber=2.00&searchTF=T175443_2.00

MOTIF M01974_2.00 (WUBG_03767)_(Caenorhabditis_briggsae)_(DBD_0.90)

letter-probability matrix: alength= 4 w= 8 nsites= 1 E= 0
  0.416389	  0.000416	  0.541181	  0.042013	
  0.028824	  0.000285	  0.000285	  0.970605	
  0.827911	  0.171518	  0.000285	  0.000285	
  0.942066	  0.000285	  0.000285	  0.057363	
  0.999144	  0.000285	  0.000285	  0.000285	
  0.057363	  0.913527	  0.000285	  0.028824	
  0.999144	  0.000285	  0.000285	  0.000285	
  0.434462	  0.217448	  0.130642	  0.217448	

URL http://cisbp.ccbr.utoronto.ca/TFreport.php?versionNumber=2.00&searchTF=T184422_2.00

MOTIF M02084_2.00 (WUBG_04567)_(Homo_sapiens)_(DBD_1.00)

letter-probability matrix: alength= 4 w= 10 nsites= 1 E= 0
  0.210009	  0.307093	  0.264318	  0.218580	
  0.229725	  0.241503	  0.168491	  0.360281	
  0.219200	  0.167332	  0.063433	  0.550035	
  0.490926	  0.121061	  0.216219	  0.171794	
  0.861810	  0.024024	  0.048864	  0.065303	
  0.070986	  0.119401	  0.129345	  0.680268	
  0.138026	  0.117618	  0.179010	  0.565347	
  0.336039	  0.093431	  0.481655	  0.088875	
  0.244137	  0.214375	  0.364209	  0.177279	
  0.224703	  0.291424	  0.195348	  0.288525	

URL http://cisbp.ccbr.utoronto.ca/TFreport.php?versionNumber=2.00&searchTF=T203862_2.00

MOTIF M02116_2.00 (WUBG_13886)_(Drosophila_melanogaster)_(DBD_0.86)

letter-probability matrix: alength= 4 w= 10 nsites= 1 E= 0
  0.253051	  0.238314	  0.279665	  0.228970	
  0.242653	  0.302365	  0.260248	  0.194734	
  0.195915	  0.264458	  0.272512	  0.267116	
  0.289959	  0.184886	  0.184886	  0.340270	
  0.356070	  0.158401	  0.280095	  0.205435	
  0.793922	  0.007822	  0.142164	  0.056092	
  0.130027	  0.075773	  0.143702	  0.650499	
  0.108948	  0.192650	  0.185096	  0.513306	
  0.487798	  0.044252	  0.372375	  0.095574	
  0.230097	  0.239487	  0.313720	  0.216697	

URL http://cisbp.ccbr.utoronto.ca/TFreport.php?versionNumber=2.00&searchTF=T203887_2.00

MOTIF M02120_2.00 (WUBG_06681)_(Drosophila_melanogaster)_(DBD_0.77)

letter-probability matrix: alength= 4 w= 8 nsites= 1 E= 0
  0.207448	  0.325343	  0.141866	  0.325343	
  0.070500	  0.046787	  0.081909	  0.800803	
  0.823901	  0.041432	  0.064978	  0.069690	
  0.800902	  0.045410	  0.085263	  0.068425	
  0.078337	  0.041722	  0.098595	  0.781347	
  0.084961	  0.693803	  0.089317	  0.131919	
  0.101356	  0.577459	  0.132772	  0.188413	
  0.148880	  0.348326	  0.299807	  0.202987	

URL http://cisbp.ccbr.utoronto.ca/TFreport.php?versionNumber=2.00&searchTF=T203871_2.00

MOTIF M02147_2.00 (WUBG_04585)_(Nematostella_vectensis)_(DBD_0.54)

letter-probability matrix: alength= 4 w= 10 nsites= 1 E= 0
  0.278816	  0.247673	  0.255282	  0.218229	
  0.193819	  0.291332	  0.190112	  0.324737	
  0.267659	  0.193115	  0.126695	  0.412532	
  0.419900	  0.162984	  0.208787	  0.208330	
  0.569557	  0.167110	  0.130840	  0.132493	
  0.132493	  0.130840	  0.167110	  0.569557	
  0.208330	  0.208787	  0.162984	  0.419900	
  0.412532	  0.126695	  0.193115	  0.267659	
  0.324737	  0.190112	  0.291332	  0.193819	
  0.218229	  0.255282	  0.247673	  0.278816	

URL http://cisbp.ccbr.utoronto.ca/TFreport.php?versionNumber=2.00&searchTF=T203864_2.00

MOTIF M02182_2.00 (WUBG_04904)_(Caenorhabditis_elegans)_(DBD_0.88)

letter-probability matrix: alength= 4 w= 9 nsites= 1 E= 0
  0.102760	  0.331092	  0.052060	  0.514088	
  0.037888	  0.013258	  0.010021	  0.938833	
  0.838941	  0.048528	  0.102734	  0.009798	
  0.985048	  0.003500	  0.004405	  0.007048	
  0.001644	  0.011673	  0.006940	  0.979743	
  0.011338	  0.019651	  0.116530	  0.852480	
  0.680890	  0.006255	  0.291022	  0.021833	
  0.180951	  0.304365	  0.402714	  0.111970	
  0.176341	  0.311818	  0.238035	  0.273806	

URL http://cisbp.ccbr.utoronto.ca/TFreport.php?versionNumber=2.00&searchTF=T203866_2.00

MOTIF M02183_2.00 (WUBG_02562)_(Caenorhabditis_elegans)_(DBD_0.81)

letter-probability matrix: alength= 4 w= 8 nsites= 1 E= 0
  0.091486	  0.000906	  0.906703	  0.000906	
  0.000767	  0.307515	  0.000767	  0.690951	
  0.921012	  0.077454	  0.000767	  0.000767	
  0.997699	  0.000767	  0.000767	  0.000767	
  0.000767	  0.000767	  0.000767	  0.997699	
  0.537577	  0.000767	  0.000767	  0.460890	
  0.997508	  0.000831	  0.000831	  0.000831	
  0.886062	  0.111726	  0.001106	  0.001106	

URL http://cisbp.ccbr.utoronto.ca/TFreport.php?versionNumber=2.00&searchTF=T203848_2.00

MOTIF M02184_2.00 (WUBG_10995)_(Caenorhabditis_elegans)_(DBD_0.90)

letter-probability matrix: alength= 4 w= 10 nsites= 1 E= 0
  0.196206	  0.267513	  0.196206	  0.340075	
  0.206027	  0.289457	  0.269888	  0.234629	
  0.264340	  0.165213	  0.253975	  0.316472	
  0.736792	  0.022028	  0.159542	  0.081639	
  0.022762	  0.173314	  0.115020	  0.688905	
  0.178968	  0.190035	  0.203814	  0.427182	
  0.311224	  0.124029	  0.395643	  0.169104	
  0.172860	  0.341204	  0.250255	  0.235681	
  0.205780	  0.286233	  0.227422	  0.280565	
  0.260873	  0.271519	  0.226792	  0.240816	

URL http://cisbp.ccbr.utoronto.ca/TFreport.php?versionNumber=2.00&searchTF=T203884_2.00

MOTIF M02213_2.00 (WUBG_06106)_(Podocoryne_carnea)_(DBD_0.28)

letter-probability matrix: alength= 4 w= 10 nsites= 1 E= 0
  0.225846	  0.322461	  0.225846	  0.225846	
  0.152897	  0.220775	  0.251282	  0.375046	
  0.000130	  0.085698	  0.000130	  0.914042	
  0.918263	  0.000130	  0.000130	  0.081477	
  0.999610	  0.000130	  0.000130	  0.000130	
  0.000130	  0.000130	  0.000130	  0.999610	
  0.081477	  0.000130	  0.000130	  0.918263	
  0.915764	  0.000130	  0.083976	  0.000130	
  0.232887	  0.120901	  0.457466	  0.188745	
  0.178580	  0.178580	  0.261207	  0.381632	

URL http://cisbp.ccbr.utoronto.ca/TFreport.php?versionNumber=2.00&searchTF=T203870_2.00

MOTIF M02235_2.00 WUBG_18372

letter-probability matrix: alength= 4 w= 8 nsites= 1 E= 0
  0.167458	  0.368975	  0.167458	  0.296110	
  0.206674	  0.130470	  0.188886	  0.473970	
  0.382364	  0.288985	  0.140664	  0.187987	
  0.850777	  0.022786	  0.061323	  0.065115	
  0.073337	  0.001278	  0.049653	  0.875733	
  0.013710	  0.041188	  0.030819	  0.914283	
  0.801857	  0.016231	  0.059557	  0.122355	
  0.354113	  0.149847	  0.200260	  0.295780	

URL http://cisbp.ccbr.utoronto.ca/TFreport.php?versionNumber=2.00&searchTF=T237914_2.00

MOTIF M02388_2.00 (WUBG_01907)_(Aedes_aegypti)_(DBD_0.87)

letter-probability matrix: alength= 4 w= 7 nsites= 1 E= 0
  0.216235	  0.261482	  0.332409	  0.189875	
  0.458281	  0.091605	  0.427298	  0.022816	
  0.000000	  0.000000	  0.882881	  0.117119	
  0.000000	  0.000000	  0.959301	  0.040699	
  0.000001	  0.000000	  0.010252	  0.989748	
  0.001291	  0.884772	  0.042748	  0.071188	
  0.722899	  0.000287	  0.276793	  0.000020	

URL http://cisbp.ccbr.utoronto.ca/TFreport.php?versionNumber=2.00&searchTF=T301180_2.00

MOTIF M02408_2.00 (WUBG_10076)_(Drosophila_melanogaster)_(DBD_0.81)

letter-probability matrix: alength= 4 w= 12 nsites= 1 E= 0
  0.200832	  0.200832	  0.200832	  0.397504	
  0.198971	  0.109814	  0.581401	  0.109814	
  0.760318	  0.194141	  0.022771	  0.022771	
  0.106323	  0.329688	  0.541218	  0.022771	
  0.000202	  0.000202	  0.999393	  0.000202	
  0.000202	  0.000202	  0.000202	  0.999393	
  0.000202	  0.999393	  0.000202	  0.000202	
  0.999393	  0.000202	  0.000202	  0.000202	
  0.756390	  0.049370	  0.144869	  0.049370	
  0.226166	  0.140388	  0.230661	  0.402784	
