FPR	TPR
0.0	0.0
0.0	8.561643835616438e-05
0.0	0.015839041095890412
0.0	0.016095890410958904
0.0	0.04349315068493151
0.0	0.04366438356164384
0.0	0.06113013698630137
0.0	0.0613013698630137
0.0	0.07910958904109588
0.0	0.07928082191780822
0.0	0.09306506849315069
0.0	0.09323630136986301
0.0	0.1365582191780822
0.0	0.13672945205479453
0.0	0.15522260273972602
0.0	0.15539383561643835
0.0	0.16789383561643836
0.0	0.16806506849315067
0.0	0.21327054794520547
0.002544529262086514	0.21327054794520547
0.002544529262086514	0.23193493150684932
0.002544529262086514	0.2321917808219178
0.002544529262086514	0.23904109589041095
0.002544529262086514	0.23921232876712328
0.002544529262086514	0.2551369863013699
0.005089058524173028	0.255222602739726
0.005089058524173028	0.30847602739726027
0.005089058524173028	0.3086472602739726
0.005089058524173028	0.3199486301369863
0.007633587786259542	0.3199486301369863
0.007633587786259542	0.3253424657534247
0.007633587786259542	0.32551369863013696
0.007633587786259542	0.3528253424657534
0.01272264631043257	0.3528253424657534
0.01272264631043257	0.36626712328767125
0.015267175572519083	0.36626712328767125
0.015267175572519083	0.3716609589041096
0.017811704834605598	0.3716609589041096
0.017811704834605598	0.379708904109589
0.020356234096692113	0.379708904109589
0.020356234096692113	0.3999143835616438
0.022900763358778626	0.3999143835616438
0.022900763358778626	0.40008561643835616
0.02544529262086514	0.40008561643835616
0.02544529262086514	0.4058219178082192
0.027989821882951654	0.4058219178082192
0.027989821882951654	0.4088184931506849
0.027989821882951654	0.40898972602739725
0.027989821882951654	0.4125856164383562
0.027989821882951654	0.4127568493150685
0.027989821882951654	0.4267123287671233
0.030534351145038167	0.4267123287671233
0.030534351145038167	0.43261986301369865
0.030534351145038167	0.432791095890411
0.030534351145038167	0.4360445205479452
0.03307888040712468	0.4360445205479452
0.03307888040712468	0.43981164383561644
0.035623409669211195	0.43981164383561644
0.035623409669211195	0.4444349315068493
0.035623409669211195	0.44460616438356165
0.035623409669211195	0.4468321917808219
0.03816793893129771	0.4469178082191781
0.03816793893129771	0.44743150684931504
0.04071246819338423	0.44743150684931504
0.04071246819338423	0.45316780821917807
0.043256997455470736	0.45316780821917807
0.043256997455470736	0.4559075342465753
0.04580152671755725	0.4559075342465753
0.04580152671755725	0.4605308219178082
0.04834605597964377	0.4605308219178082
0.04834605597964377	0.4610445205479452
0.05089058524173028	0.4610445205479452
0.05089058524173028	0.4636130136986301
0.05343511450381679	0.4636130136986301
0.05343511450381679	0.4641267123287671
0.05597964376590331	0.4641267123287671
0.05597964376590331	0.46481164383561646
0.058524173027989825	0.46481164383561646
0.058524173027989825	0.4648972602739726
0.061068702290076333	0.4648972602739726
0.061068702290076333	0.4679794520547945
0.06361323155216285	0.4679794520547945
0.06361323155216285	0.4726027397260274
0.06615776081424936	0.47268835616438354
0.06615776081424936	0.473458904109589
0.06870229007633588	0.473458904109589
0.06870229007633588	0.473972602739726
0.07124681933842239	0.473972602739726
0.07124681933842239	0.4743150684931507
0.07124681933842239	0.47448630136986303
0.07124681933842239	0.4810787671232877
0.0737913486005089	0.4811643835616438
0.0737913486005089	0.48261986301369864
0.07633587786259542	0.48261986301369864
0.07633587786259542	0.4828767123287671
0.07888040712468193	0.4828767123287671
0.07888040712468193	0.49409246575342464
0.07888040712468193	0.49426369863013697
0.07888040712468193	0.49503424657534245
0.08142493638676845	0.49511986301369865
0.08142493638676845	0.4966609589041096
0.08396946564885496	0.4966609589041096
0.08396946564885496	0.4976027397260274
0.089058524173028	0.4976027397260274
0.0916030534351145	0.4976027397260274
0.0916030534351145	0.5066780821917808
0.0916030534351145	0.5068493150684932
0.0916030534351145	0.5074486301369863
0.09414758269720101	0.5074486301369863
0.09414758269720101	0.5087328767123288
0.09669211195928754	0.5087328767123288
0.09669211195928754	0.511986301369863
0.09923664122137404	0.511986301369863
0.09923664122137404	0.5154109589041096
0.09923664122137404	0.5155821917808219
0.09923664122137404	0.5178082191780822
0.10178117048346055	0.5178082191780822
0.10178117048346055	0.5242294520547945
0.10432569974554708	0.5242294520547945
0.10432569974554708	0.5295376712328768
0.10687022900763359	0.5295376712328768
0.10687022900763359	0.5297945205479452
0.10941475826972011	0.5297945205479452
0.10941475826972011	0.5314212328767123
0.10941475826972011	0.5315924657534247
0.10941475826972011	0.5330479452054795
0.10941475826972011	0.5332191780821918
0.10941475826972011	0.5345034246575342
0.11195928753180662	0.5345034246575342
0.11195928753180662	0.5377568493150685
0.11450381679389313	0.5377568493150685
0.11450381679389313	0.540068493150685
0.11704834605597965	0.540068493150685
0.11704834605597965	0.5407534246575343
0.11959287531806616	0.5407534246575343
0.11959287531806616	0.5411815068493151
0.12213740458015267	0.5412671232876712
0.12213740458015267	0.5413527397260274
0.12468193384223919	0.5413527397260274
0.12468193384223919	0.5428082191780822
0.1272264631043257	0.5428938356164383
0.1272264631043257	0.5441780821917809
0.1297709923664122	0.5441780821917809
0.1297709923664122	0.5457191780821918
0.13231552162849872	0.5457191780821918
0.13231552162849872	0.5494006849315068
0.13231552162849872	0.5495719178082191
0.13231552162849872	0.5565068493150684
0.13486005089058525	0.5565068493150684
0.13486005089058525	0.5575342465753425
0.13486005089058525	0.5577054794520548
0.13486005089058525	0.5615582191780822
0.13740458015267176	0.5616438356164384
0.13740458015267176	0.5633561643835616
0.13994910941475827	0.5633561643835616
0.13994910941475827	0.5686643835616438
0.14249363867684478	0.56875
0.14249363867684478	0.5701198630136987
0.1450381679389313	0.5701198630136987
0.1450381679389313	0.5717465753424658
0.1450381679389313	0.571917808219178
0.1450381679389313	0.5741438356164383
0.1475826972010178	0.5741438356164383
0.1475826972010178	0.5746575342465754
0.1475826972010178	0.5748287671232877
0.1475826972010178	0.5765410958904109
0.15012722646310434	0.5765410958904109
0.15012722646310434	0.5820205479452055
0.15521628498727735	0.5820205479452055
0.15521628498727735	0.5822773972602739
0.15776081424936386	0.5822773972602739
0.15776081424936386	0.5832191780821918
0.16030534351145037	0.5832191780821918
0.16030534351145037	0.5837328767123288
0.16030534351145037	0.583904109589041
0.16030534351145037	0.5855308219178083
0.1628498727735369	0.5855308219178083
0.1628498727735369	0.5893835616438357
0.16539440203562342	0.5893835616438357
0.16539440203562342	0.5903253424657534
0.16793893129770993	0.5903253424657534
0.16793893129770993	0.5946917808219178
0.17048346055979643	0.5946917808219178
0.17048346055979643	0.5982876712328767
0.17302798982188294	0.5982876712328767
0.17302798982188294	0.600513698630137
0.17557251908396945	0.6005993150684932
0.17557251908396945	0.6026541095890411
0.17557251908396945	0.6028253424657535
0.17557251908396945	0.6044520547945206
0.178117048346056	0.6044520547945206
0.178117048346056	0.6045376712328767
0.1806615776081425	0.6045376712328767
0.1806615776081425	0.6060787671232877
0.1806615776081425	0.60625
0.1806615776081425	0.6064212328767123
0.1806615776081425	0.6065924657534246
0.1806615776081425	0.6068493150684932
0.183206106870229	0.6068493150684932
0.183206106870229	0.6074486301369864
0.183206106870229	0.6076198630136986
0.183206106870229	0.614041095890411
0.18575063613231552	0.614041095890411
0.18575063613231552	0.6142979452054794
0.18575063613231552	0.6144691780821918
0.18575063613231552	0.6210616438356165
0.18575063613231552	0.6212328767123287
0.18575063613231552	0.6236301369863013
0.18829516539440203	0.6236301369863013
0.18829516539440203	0.623972602739726
0.19083969465648856	0.623972602739726
0.19083969465648856	0.6268835616438356
0.19338422391857507	0.6268835616438356
0.19338422391857507	0.6287671232876713
0.19592875318066158	0.6287671232876713
0.19592875318066158	0.6306506849315069
0.1984732824427481	0.6306506849315069
0.1984732824427481	0.6325342465753425
0.2010178117048346	0.6325342465753425
0.2010178117048346	0.6360445205479452
0.2035623409669211	0.6360445205479452
0.2035623409669211	0.6372431506849315
0.20610687022900764	0.6373287671232877
0.20610687022900764	0.64375
0.20865139949109415	0.64375
0.20865139949109415	0.6439212328767123
0.21119592875318066	0.6439212328767123
0.21119592875318066	0.6443493150684931
0.21119592875318066	0.6445205479452055
0.21119592875318066	0.6483732876712329
0.21374045801526717	0.6483732876712329
0.21374045801526717	0.6491438356164384
0.21628498727735368	0.6491438356164384
0.21628498727735368	0.6538527397260274
0.21882951653944022	0.6539383561643836
0.21882951653944022	0.6576198630136987
0.21882951653944022	0.657791095890411
0.21882951653944022	0.6649828767123288
0.22137404580152673	0.665068493150685
0.22137404580152673	0.6657534246575343
0.22137404580152673	0.6659246575342466
0.22137404580152673	0.667208904109589
0.22391857506361323	0.667208904109589
0.22391857506361323	0.6678938356164383
0.22391857506361323	0.6680650684931507
0.22391857506361323	0.6719178082191781
0.22646310432569974	0.6719178082191781
0.22646310432569974	0.6720890410958904
0.23155216284987276	0.6720890410958904
0.23155216284987276	0.6801369863013699
0.2366412213740458	0.6801369863013699
0.2366412213740458	0.6810787671232876
0.23918575063613232	0.6810787671232876
0.23918575063613232	0.6850171232876713
0.24173027989821882	0.6850171232876713
0.24173027989821882	0.6898116438356164
0.24173027989821882	0.6899828767123287
0.24173027989821882	0.6910102739726027
0.24173027989821882	0.6911815068493151
0.24173027989821882	0.694777397260274
0.24427480916030533	0.694777397260274
0.24427480916030533	0.6948630136986301
0.24681933842239187	0.6948630136986301
0.24681933842239187	0.6958904109589041
0.24681933842239187	0.6960616438356164
0.24681933842239187	0.697345890410959
0.24936386768447838	0.697345890410959
0.24936386768447838	0.6996575342465754
0.25190839694656486	0.6996575342465754
0.25190839694656486	0.7009417808219178
0.2544529262086514	0.701027397260274
0.2544529262086514	0.7029965753424657
0.25699745547073793	0.7029965753424657
0.25699745547073793	0.7090753424657534
0.25699745547073793	0.7092465753424657
0.25699745547073793	0.7107020547945205
0.2595419847328244	0.7107020547945205
0.2595419847328244	0.7154965753424658
0.26208651399491095	0.7154965753424658
0.26208651399491095	0.7157534246575342
0.26463104325699743	0.7157534246575342
0.26463104325699743	0.7165239726027397
0.26717557251908397	0.7165239726027397
0.26717557251908397	0.719263698630137
0.2697201017811705	0.719263698630137
0.2697201017811705	0.7208904109589042
0.272264631043257	0.7208904109589042
0.272264631043257	0.7297945205479452
0.2748091603053435	0.7297945205479452
0.2748091603053435	0.7337328767123288
0.2748091603053435	0.7339041095890411
0.2748091603053435	0.7347602739726027
0.27735368956743	0.7347602739726027
0.27735368956743	0.7375856164383562
0.27735368956743	0.7377568493150685
0.27735368956743	0.7422945205479452
0.27735368956743	0.7424657534246575
0.27735368956743	0.7439212328767123
0.27989821882951654	0.7439212328767123
0.27989821882951654	0.7440068493150684
0.2824427480916031	0.7440068493150684
0.2824427480916031	0.7450342465753425
0.28498727735368956	0.7450342465753425
0.28498727735368956	0.7469178082191781
0.2875318066157761	0.7469178082191781
0.2875318066157761	0.7501712328767123
0.2900763358778626	0.7502568493150685
0.2900763358778626	0.7520547945205479
0.2926208651399491	0.7520547945205479
0.2926208651399491	0.7523116438356164
0.2951653944020356	0.7523972602739726
0.2951653944020356	0.7589897260273972
0.29770992366412213	0.7591609589041096
0.29770992366412213	0.7614726027397261
0.30025445292620867	0.7614726027397261
0.30025445292620867	0.7620719178082191
0.30279898218829515	0.7620719178082191
0.30279898218829515	0.7668664383561644
0.3053435114503817	0.7668664383561644
0.3053435114503817	0.7672089041095891
0.30788804071246817	0.7672089041095891
0.30788804071246817	0.7686643835616438
0.3104325699745547	0.7686643835616438
0.3104325699745547	0.7711472602739726
0.3104325699745547	0.7713184931506849
0.3104325699745547	0.7731164383561644
0.31297709923664124	0.7732020547945205
0.31297709923664124	0.7755993150684931
0.31297709923664124	0.7757705479452055
0.31297709923664124	0.7763698630136986
0.31806615776081426	0.7763698630136986
0.31806615776081426	0.778681506849315
0.32061068702290074	0.778681506849315
0.32061068702290074	0.7800513698630137
0.3231552162849873	0.7800513698630137
0.3231552162849873	0.7801369863013699
0.3256997455470738	0.7801369863013699
0.3256997455470738	0.780736301369863
0.3282442748091603	0.780736301369863
0.3282442748091603	0.7830479452054795
0.33078880407124683	0.7830479452054795
0.33078880407124683	0.7836472602739726
0.3333333333333333	0.7836472602739726
0.3333333333333333	0.7879280821917808
0.33587786259541985	0.7879280821917808
0.33587786259541985	0.7894691780821917
0.3384223918575064	0.7894691780821917
0.3384223918575064	0.7913527397260274
0.3384223918575064	0.7915239726027398
0.3384223918575064	0.7916095890410959
0.34096692111959287	0.7916095890410959
0.34096692111959287	0.7965753424657535
0.3435114503816794	0.7965753424657535
0.3435114503816794	0.7977739726027397
0.3460559796437659	0.7978595890410959
0.3460559796437659	0.8011986301369863
0.3511450381679389	0.8011986301369863
0.3511450381679389	0.8027397260273973
0.35368956743002544	0.8027397260273973
0.35368956743002544	0.8047089041095891
0.356234096692112	0.8047945205479452
0.356234096692112	0.8053082191780822
0.35877862595419846	0.8053082191780822
0.35877862595419846	0.8053938356164384
0.361323155216285	0.8053938356164384
0.361323155216285	0.8064212328767123
0.3638676844783715	0.8064212328767123
0.3638676844783715	0.8069349315068494
0.36895674300254455	0.8069349315068494
0.36895674300254455	0.807791095890411
0.37150127226463103	0.807791095890411
0.37150127226463103	0.8082191780821918
0.37404580152671757	0.8082191780821918
0.37404580152671757	0.8120719178082192
0.37659033078880405	0.8120719178082192
0.37659033078880405	0.8121575342465753
0.3791348600508906	0.8121575342465753
0.3791348600508906	0.8134417808219178
0.3816793893129771	0.8134417808219178
0.3816793893129771	0.8148116438356164
0.3842239185750636	0.8148116438356164
0.3842239185750636	0.8149828767123287
0.3893129770992366	0.8149828767123287
0.3893129770992366	0.8165239726027397
0.39185750636132316	0.8165239726027397
0.39185750636132316	0.8172945205479452
0.3944020356234097	0.8172945205479452
0.3944020356234097	0.8174657534246575
0.3969465648854962	0.8174657534246575
0.3969465648854962	0.8208904109589041
0.3969465648854962	0.8210616438356164
0.3969465648854962	0.8211472602739726
0.3994910941475827	0.8212328767123288
0.3994910941475827	0.8225171232876712
0.3994910941475827	0.8226883561643835
0.3994910941475827	0.826027397260274
0.4020356234096692	0.826027397260274
0.4020356234096692	0.8272260273972603
0.40458015267175573	0.8272260273972603
0.40458015267175573	0.8283390410958904
0.4071246819338422	0.8283390410958904
0.4071246819338422	0.829195205479452
0.40966921119592875	0.829195205479452
0.40966921119592875	0.8298801369863014
0.4122137404580153	0.8298801369863014
0.4122137404580153	0.8301369863013699
0.41475826972010177	0.8301369863013699
0.41475826972010177	0.8310787671232877
0.41475826972010177	0.83125
0.41475826972010177	0.832791095890411
0.41475826972010177	0.8329623287671233
0.41475826972010177	0.8338184931506849
0.4173027989821883	0.8338184931506849
0.4173027989821883	0.8355308219178083
0.4198473282442748	0.8355308219178083
0.4198473282442748	0.8365582191780822
0.4198473282442748	0.8367294520547945
0.4198473282442748	0.8385273972602739
0.4223918575063613	0.8385273972602739
0.4223918575063613	0.8400684931506849
0.4223918575063613	0.8402397260273973
0.4223918575063613	0.8407534246575342
0.42493638676844786	0.8407534246575342
0.42493638676844786	0.8416095890410958
0.42748091603053434	0.8416095890410958
0.42748091603053434	0.8448630136986301
0.4300254452926209	0.8448630136986301
0.4300254452926209	0.8453767123287671
0.4300254452926209	0.8455479452054795
0.4300254452926209	0.8470034246575342
0.43256997455470736	0.8470034246575342
0.43256997455470736	0.8515410958904109
0.4351145038167939	0.8515410958904109
0.4351145038167939	0.8551369863013699
0.43765903307888043	0.8551369863013699
0.43765903307888043	0.8553082191780822
0.4402035623409669	0.8554794520547945
0.44274809160305345	0.8554794520547945
0.44274809160305345	0.8563356164383562
0.44529262086513993	0.8563356164383562
0.44529262086513993	0.8648972602739726
0.44783715012722647	0.8648972602739726
0.44783715012722647	0.8663527397260274
0.45038167938931295	0.8663527397260274
0.45038167938931295	0.8730308219178082
0.4529262086513995	0.8730308219178082
0.4529262086513995	0.8740582191780822
0.4529262086513995	0.8744006849315068
0.4529262086513995	0.8759417808219178
0.455470737913486	0.8759417808219178
0.455470737913486	0.8767123287671232
0.4580152671755725	0.8767123287671232
0.4580152671755725	0.8773972602739726
0.46055979643765904	0.8773972602739726
0.46055979643765904	0.8799657534246575
0.46055979643765904	0.8801369863013698
0.46055979643765904	0.8815068493150685
0.4631043256997455	0.8815068493150685
0.4631043256997455	0.8816780821917808
0.46564885496183206	0.8816780821917808
0.46564885496183206	0.8818493150684932
0.4681933842239186	0.8818493150684932
0.4681933842239186	0.8834760273972603
0.4707379134860051	0.8834760273972603
0.4707379134860051	0.8877568493150685
0.4732824427480916	0.8877568493150685
0.4732824427480916	0.8896404109589041
0.4758269720101781	0.8896404109589041
0.4758269720101781	0.8898116438356164
0.47837150127226463	0.8898116438356164
0.47837150127226463	0.8900684931506849
0.48091603053435117	0.8901541095890411
0.48091603053435117	0.891695205479452
0.48346055979643765	0.891695205479452
0.48346055979643765	0.8958904109589041
0.4860050890585242	0.8958904109589041
0.4860050890585242	0.8976027397260274
0.48854961832061067	0.8976027397260274
0.48854961832061067	0.8981164383561644
0.4910941475826972	0.8981164383561644
0.4910941475826972	0.8994006849315068
0.49363867684478374	0.8994006849315068
0.49363867684478374	0.9
0.4961832061068702	0.9
0.4961832061068702	0.9000856164383562
0.49872773536895676	0.9000856164383562
0.49872773536895676	0.9011986301369863
0.5012722646310432	0.9011986301369863
0.5012722646310432	0.9017123287671233
0.5038167938931297	0.9017123287671233
0.5038167938931297	0.9023116438356165
0.5063613231552163	0.9023116438356165
0.5063613231552163	0.9025684931506849
0.5089058524173028	0.9025684931506849
0.5089058524173028	0.9044520547945205
0.5114503816793893	0.9044520547945205
0.5114503816793893	0.908818493150685
0.5139949109414759	0.9089041095890411
0.5139949109414759	0.9090753424657534
0.5139949109414759	0.9092465753424658
0.5139949109414759	0.9106164383561643
0.5165394402035624	0.9106164383561643
0.5165394402035624	0.9112157534246575
0.5165394402035624	0.9113869863013698
0.5165394402035624	0.9116438356164384
0.5216284987277354	0.9117294520547945
0.5216284987277354	0.9119006849315069
0.5241730279898219	0.9119006849315069
0.5241730279898219	0.9122431506849316
0.5267175572519084	0.9123287671232877
0.5267175572519084	0.9125856164383561
0.5292620865139949	0.9125856164383561
0.5292620865139949	0.9146404109589041
0.5343511450381679	0.9146404109589041
0.5343511450381679	0.9165239726027398
0.5368956743002544	0.9165239726027398
0.5368956743002544	0.9205479452054794
0.539440203562341	0.9205479452054794
0.539440203562341	0.9213184931506849
0.5419847328244275	0.9213184931506849
0.5419847328244275	0.9215753424657535
0.544529262086514	0.9215753424657535
0.544529262086514	0.9222602739726027
0.5470737913486005	0.9222602739726027
0.5470737913486005	0.9247431506849315
0.549618320610687	0.9247431506849315
0.549618320610687	0.9263698630136986
0.5521628498727735	0.9263698630136986
0.5521628498727735	0.9266267123287671
0.55470737913486	0.9266267123287671
0.55470737913486	0.9284246575342465
0.5572519083969466	0.9284246575342465
0.5572519083969466	0.9300513698630137
0.5597964376590331	0.9300513698630137
0.5597964376590331	0.930222602739726
0.5623409669211196	0.930222602739726
0.5623409669211196	0.9329623287671233
0.5623409669211196	0.9331335616438357
0.5623409669211196	0.9337328767123287
0.5648854961832062	0.9337328767123287
0.5648854961832062	0.9350171232876713
0.5648854961832062	0.9351883561643836
0.5648854961832062	0.9367294520547945
0.5674300254452926	0.9368150684931507
0.5674300254452926	0.936986301369863
0.5699745547073791	0.936986301369863
0.5699745547073791	0.9383561643835616
0.5725190839694656	0.9383561643835616
0.5725190839694656	0.9428082191780822
0.5725190839694656	0.9429794520547945
0.5725190839694656	0.9435787671232877
0.5750636132315522	0.9435787671232877
0.5750636132315522	0.9500856164383562
0.5776081424936387	0.9500856164383562
0.5776081424936387	0.9503424657534246
0.5776081424936387	0.950513698630137
0.5776081424936387	0.951027397260274
0.5801526717557252	0.951027397260274
0.5801526717557252	0.9517979452054794
0.5826972010178118	0.9517979452054794
0.5826972010178118	0.9518835616438356
0.5852417302798982	0.9518835616438356
0.5852417302798982	0.9521404109589041
0.5877862595419847	0.9521404109589041
0.5877862595419847	0.9547089041095891
0.5877862595419847	0.9548801369863014
0.5877862595419847	0.9561643835616438
0.5903307888040712	0.95625
0.5903307888040712	0.9568493150684931
0.5928753180661578	0.9568493150684931
0.5928753180661578	0.9622431506849315
0.5928753180661578	0.9624143835616439
0.5954198473282443	0.9624143835616439
0.5954198473282443	0.9626712328767123
0.5979643765903307	0.9628424657534247
0.5979643765903307	0.963013698630137
0.6005089058524173	0.963013698630137
0.6005089058524173	0.9633561643835616
0.6030534351145038	0.9633561643835616
0.6030534351145038	0.9641267123287671
0.6030534351145038	0.9642979452054794
0.6030534351145038	0.9653253424657534
0.6081424936386769	0.9653253424657534
0.6081424936386769	0.9658390410958904
0.6132315521628499	0.9658390410958904
0.6132315521628499	0.9660958904109589
0.6157760814249363	0.9660958904109589
0.6157760814249363	0.9666095890410958
0.6183206106870229	0.9666095890410958
0.6183206106870229	0.9671232876712329
0.6208651399491094	0.967208904109589
0.6208651399491094	0.9678938356164384
0.6234096692111959	0.9678938356164384
0.6234096692111959	0.9688356164383561
0.6259541984732825	0.9688356164383561
0.6259541984732825	0.9689212328767123
0.6310432569974554	0.9689212328767123
0.6361323155216285	0.9689212328767123
0.6361323155216285	0.969263698630137
0.638676844783715	0.969263698630137
0.638676844783715	0.9698630136986301
0.6412213740458015	0.9698630136986301
0.6412213740458015	0.9703767123287671
0.6437659033078881	0.9703767123287671
0.6437659033078881	0.9704623287671232
0.6437659033078881	0.9706335616438356
0.6437659033078881	0.9708904109589042
0.648854961832061	0.9708904109589042
0.6513994910941476	0.9708904109589042
0.6513994910941476	0.9720890410958904
0.6539440203562341	0.9720890410958904
0.6539440203562341	0.9722602739726027
0.6564885496183206	0.9722602739726027
0.6564885496183206	0.9726027397260274
0.6590330788804071	0.9726027397260274
0.6590330788804071	0.9732020547945206
0.6615776081424937	0.9732020547945206
0.6615776081424937	0.9754280821917808
0.6615776081424937	0.9755993150684932
0.6615776081424937	0.9757705479452055
0.6641221374045801	0.9757705479452055
0.6641221374045801	0.9762842465753425
0.6666666666666666	0.9762842465753425
0.6666666666666666	0.9763698630136987
0.6692111959287532	0.9764554794520548
0.6692111959287532	0.9768835616438356
0.6717557251908397	0.9768835616438356
0.6717557251908397	0.9769691780821917
0.6768447837150128	0.9769691780821917
0.6768447837150128	0.9778253424657535
0.6793893129770993	0.9778253424657535
0.6819338422391857	0.9779109589041096
0.6844783715012722	0.9779109589041096
0.6844783715012722	0.978595890410959
0.6870229007633588	0.978595890410959
0.6870229007633588	0.9786815068493151
0.6921119592875318	0.9786815068493151
0.6921119592875318	0.9787671232876712
0.6946564885496184	0.9787671232876712
0.6946564885496184	0.9789383561643835
0.6972010178117048	0.9790239726027398
0.6972010178117048	0.9791095890410959
0.6997455470737913	0.9791095890410959
0.7022900763358778	0.979195205479452
0.7022900763358778	0.9793664383561644
0.7073791348600509	0.9793664383561644
0.7073791348600509	0.9797945205479452
0.712468193384224	0.9797945205479452
0.712468193384224	0.9798801369863014
0.712468193384224	0.9800513698630137
0.712468193384224	0.9804794520547945
0.7150127226463104	0.9804794520547945
0.7150127226463104	0.9809931506849315
0.7175572519083969	0.9809931506849315
0.7175572519083969	0.9811643835616438
0.7201017811704835	0.9811643835616438
0.7201017811704835	0.9815068493150685
0.72264631043257	0.9815068493150685
0.72264631043257	0.9820205479452054
0.727735368956743	0.9820205479452054
0.727735368956743	0.9821917808219178
0.732824427480916	0.9821917808219178
0.732824427480916	0.9826198630136986
0.7353689567430025	0.9827054794520548
0.7353689567430025	0.9836472602739726
0.7379134860050891	0.9837328767123288
0.7379134860050891	0.9839897260273973
0.7379134860050891	0.9841609589041096
0.7379134860050891	0.9845890410958904
0.7430025445292621	0.9845890410958904
0.7430025445292621	0.9847602739726027
0.7455470737913485	0.9848458904109589
0.7480916030534351	0.9848458904109589
0.7480916030534351	0.9856164383561644
0.7531806615776081	0.9856164383561644
0.7582697201017812	0.9856164383561644
0.7582697201017812	0.9869006849315068
0.7608142493638677	0.9869006849315068
0.7608142493638677	0.9871575342465754
0.7684478371501272	0.9871575342465754
0.7684478371501272	0.9873287671232877
0.7735368956743003	0.9873287671232877
0.7735368956743003	0.9877568493150685
0.7760814249363868	0.9877568493150685
0.7760814249363868	0.988013698630137
0.7786259541984732	0.988013698630137
0.7786259541984732	0.9883561643835617
0.7811704834605598	0.9883561643835617
0.7862595419847328	0.9883561643835617
0.7862595419847328	0.9884417808219178
0.7888040712468194	0.9884417808219178
0.7888040712468194	0.9886986301369863
0.7888040712468194	0.9888698630136986
0.7888040712468194	0.989041095890411
0.7913486005089059	0.989041095890411
0.7913486005089059	0.9891267123287671
0.7938931297709924	0.9891267123287671
0.7938931297709924	0.9894691780821918
0.7989821882951654	0.9894691780821918
0.7989821882951654	0.9898972602739726
0.8015267175572519	0.9898972602739726
0.8015267175572519	0.990154109589041
0.8040712468193384	0.990154109589041
0.8040712468193384	0.9902397260273973
0.8091603053435115	0.9902397260273973
0.8091603053435115	0.9903253424657534
0.811704834605598	0.9903253424657534
0.811704834605598	0.9904109589041096
0.8142493638676844	0.9904109589041096
0.8142493638676844	0.990582191780822
0.816793893129771	0.990582191780822
0.816793893129771	0.9906678082191781
0.821882951653944	0.9906678082191781
0.8244274809160306	0.9907534246575342
0.8269720101781171	0.9907534246575342
0.8269720101781171	0.9912671232876712
0.8295165394402035	0.9912671232876712
0.8295165394402035	0.9914383561643836
0.8320610687022901	0.9914383561643836
0.8320610687022901	0.9915239726027397
0.8346055979643766	0.9915239726027397
0.8346055979643766	0.9919520547945205
0.8396946564885496	0.9919520547945205
0.8422391857506362	0.9920376712328767
0.8422391857506362	0.9923801369863013
0.8447837150127226	0.9923801369863013
0.8447837150127226	0.9926369863013699
0.8473282442748091	0.9926369863013699
0.8473282442748091	0.992722602739726
0.8498727735368957	0.9928082191780822
0.8524173027989822	0.9928082191780822
0.8524173027989822	0.9930650684931507
0.8549618320610687	0.9930650684931507
0.8549618320610687	0.9931506849315068
0.8575063613231552	0.9931506849315068
0.8575063613231552	0.993236301369863
0.8600508905852418	0.993236301369863
0.8600508905852418	0.9939212328767123
0.8625954198473282	0.9940068493150684
0.8625954198473282	0.9945205479452055
0.8651399491094147	0.9945205479452055
0.8651399491094147	0.9950342465753425
0.8702290076335878	0.9950342465753425
0.8702290076335878	0.9952054794520548
0.8727735368956743	0.9952054794520548
0.8727735368956743	0.995291095890411
0.8753180661577609	0.9953767123287671
0.8753180661577609	0.9958904109589041
0.8804071246819338	0.9959760273972603
0.8829516539440203	0.9960616438356165
0.8829516539440203	0.9961472602739726
0.8880407124681934	0.9961472602739726
0.8880407124681934	0.9962328767123287
0.8905852417302799	0.9962328767123287
0.8905852417302799	0.9964041095890411
0.8931297709923665	0.9964041095890411
0.8931297709923665	0.9969178082191781
0.8956743002544529	0.9969178082191781
0.8956743002544529	0.9971746575342466
0.9033078880407125	0.9971746575342466
0.9033078880407125	0.9973458904109589
0.9083969465648855	0.9973458904109589
0.9083969465648855	0.9976883561643836
0.9134860050890585	0.9976883561643836
0.916030534351145	0.9977739726027397
0.9236641221374046	0.9977739726027397
0.9236641221374046	0.9979452054794521
0.9236641221374046	0.9981164383561644
0.9236641221374046	0.9983732876712329
0.9312977099236641	0.9983732876712329
0.9363867684478372	0.9983732876712329
0.9363867684478372	0.9985445205479452
0.9389312977099237	0.9986301369863013
0.9389312977099237	0.9988013698630137
0.9414758269720102	0.9988013698630137
0.9414758269720102	0.9991438356164384
0.9440203562340967	0.9991438356164384
0.9440203562340967	0.9992294520547945
0.9541984732824428	0.9993150684931507
0.9669211195928753	0.9993150684931507
0.9669211195928753	0.9994006849315068
0.9694656488549618	0.999486301369863
0.9720101781170484	0.999486301369863
0.9720101781170484	0.9996575342465753
0.9720101781170484	0.9998287671232877
0.989821882951654	0.9998287671232877
0.989821882951654	1.0
1.0	1.0
