FPR	TPR
0.0	0.0
0.0	0.00546448087431694
0.0	0.02185792349726776
0.00546448087431694	0.02185792349726776
0.00546448087431694	0.0273224043715847
0.01092896174863388	0.0273224043715847
0.01092896174863388	0.0546448087431694
0.0273224043715847	0.0546448087431694
0.0273224043715847	0.060109289617486336
0.0273224043715847	0.07103825136612021
0.0273224043715847	0.07650273224043716
0.03278688524590164	0.07650273224043716
0.03278688524590164	0.08196721311475409
0.04371584699453552	0.08196721311475409
0.04371584699453552	0.08743169398907104
0.04371584699453552	0.09836065573770492
0.04918032786885246	0.09836065573770492
0.04918032786885246	0.10382513661202186
0.060109289617486336	0.10382513661202186
0.060109289617486336	0.1092896174863388
0.07103825136612021	0.1092896174863388
0.07103825136612021	0.11475409836065574
0.08196721311475409	0.11475409836065574
0.08196721311475409	0.13114754098360656
0.08743169398907104	0.13114754098360656
0.08743169398907104	0.1366120218579235
0.08743169398907104	0.14754098360655737
0.08743169398907104	0.15300546448087432
0.10382513661202186	0.15300546448087432
0.10382513661202186	0.15846994535519127
0.11475409836065574	0.15846994535519127
0.11475409836065574	0.16939890710382513
0.11475409836065574	0.17486338797814208
0.12021857923497267	0.17486338797814208
0.12021857923497267	0.18032786885245902
0.13114754098360656	0.18032786885245902
0.13114754098360656	0.18579234972677597
0.18579234972677597	0.18579234972677597
0.18579234972677597	0.22404371584699453
0.19672131147540983	0.22404371584699453
0.19672131147540983	0.22950819672131148
0.20765027322404372	0.22950819672131148
0.2185792349726776	0.22950819672131148
0.2185792349726776	0.24043715846994534
0.22404371584699453	0.24043715846994534
0.22404371584699453	0.2459016393442623
0.24043715846994534	0.2459016393442623
0.24043715846994534	0.25136612021857924
0.2459016393442623	0.25136612021857924
0.2459016393442623	0.2568306010928962
0.25136612021857924	0.2568306010928962
0.26229508196721313	0.2568306010928962
0.26229508196721313	0.26229508196721313
0.2677595628415301	0.26229508196721313
0.2677595628415301	0.2677595628415301
0.2786885245901639	0.2677595628415301
0.2786885245901639	0.2786885245901639
0.29508196721311475	0.2786885245901639
0.29508196721311475	0.28415300546448086
0.3114754098360656	0.28415300546448086
0.3114754098360656	0.29508196721311475
0.31693989071038253	0.29508196721311475
0.31693989071038253	0.3114754098360656
0.3224043715846995	0.3114754098360656
0.3224043715846995	0.31693989071038253
0.34972677595628415	0.31693989071038253
0.34972677595628415	0.32786885245901637
0.36065573770491804	0.32786885245901637
0.36065573770491804	0.3551912568306011
0.366120218579235	0.3551912568306011
0.366120218579235	0.36065573770491804
0.3989071038251366	0.36065573770491804
0.3989071038251366	0.366120218579235
0.3989071038251366	0.3770491803278688
0.40437158469945356	0.3770491803278688
0.40437158469945356	0.3825136612021858
0.41530054644808745	0.3825136612021858
0.41530054644808745	0.3989071038251366
0.4207650273224044	0.3989071038251366
0.4207650273224044	0.40437158469945356
0.43169398907103823	0.40437158469945356
0.43169398907103823	0.4207650273224044
0.44808743169398907	0.4207650273224044
0.44808743169398907	0.4262295081967213
0.44808743169398907	0.4371584699453552
0.44808743169398907	0.44808743169398907
0.45901639344262296	0.44808743169398907
0.45901639344262296	0.45901639344262296
0.46994535519125685	0.45901639344262296
0.46994535519125685	0.46994535519125685
0.48633879781420764	0.46994535519125685
0.48633879781420764	0.47540983606557374
0.4918032786885246	0.47540983606557374
0.4918032786885246	0.4918032786885246
0.5027322404371585	0.5081967213114754
0.5027322404371585	0.5136612021857924
0.5136612021857924	0.5136612021857924
0.5136612021857924	0.5191256830601093
0.5245901639344263	0.5191256830601093
0.5245901639344263	0.5300546448087432
0.5245901639344263	0.5355191256830601
0.5300546448087432	0.5355191256830601
0.5300546448087432	0.5409836065573771
0.546448087431694	0.5409836065573771
0.546448087431694	0.5628415300546448
0.5519125683060109	0.5628415300546448
0.5519125683060109	0.5846994535519126
0.5628415300546448	0.5846994535519126
0.5628415300546448	0.5901639344262295
0.5901639344262295	0.5901639344262295
0.5901639344262295	0.5956284153005464
0.5956284153005464	0.5956284153005464
0.5956284153005464	0.6120218579234973
0.6120218579234973	0.6120218579234973
0.6120218579234973	0.6229508196721312
0.6120218579234973	0.6338797814207651
0.6174863387978142	0.6338797814207651
0.6174863387978142	0.644808743169399
0.6229508196721312	0.644808743169399
0.6229508196721312	0.6502732240437158
0.6338797814207651	0.6502732240437158
0.6338797814207651	0.6557377049180327
0.6612021857923497	0.6557377049180327
0.6612021857923497	0.6612021857923497
0.6885245901639344	0.6612021857923497
0.6885245901639344	0.6830601092896175
0.6939890710382514	0.6830601092896175
0.6939890710382514	0.7049180327868853
0.6939890710382514	0.7158469945355191
0.6994535519125683	0.7158469945355191
0.6994535519125683	0.73224043715847
0.7049180327868853	0.73224043715847
0.7049180327868853	0.7431693989071039
0.7103825136612022	0.7431693989071039
0.7103825136612022	0.7540983606557377
0.7103825136612022	0.7704918032786885
0.726775956284153	0.7704918032786885
0.726775956284153	0.7868852459016393
0.7650273224043715	0.7868852459016393
0.7650273224043715	0.7923497267759563
0.7759562841530054	0.7923497267759563
0.7759562841530054	0.7978142076502732
0.7814207650273224	0.7978142076502732
0.7814207650273224	0.819672131147541
0.7868852459016393	0.819672131147541
0.7868852459016393	0.825136612021858
0.7923497267759563	0.825136612021858
0.7923497267759563	0.8306010928961749
0.7923497267759563	0.8415300546448088
0.7978142076502732	0.8415300546448088
0.7978142076502732	0.8469945355191257
0.8087431693989071	0.8469945355191257
0.8087431693989071	0.8579234972677595
0.8142076502732241	0.8579234972677595
0.8142076502732241	0.8688524590163934
0.819672131147541	0.8688524590163934
0.819672131147541	0.8797814207650273
0.825136612021858	0.8797814207650273
0.8306010928961749	0.8852459016393442
0.8306010928961749	0.8907103825136612
0.8415300546448088	0.8961748633879781
0.8469945355191257	0.8961748633879781
0.8469945355191257	0.9016393442622951
0.8524590163934426	0.912568306010929
0.8524590163934426	0.9180327868852459
0.8633879781420765	0.9180327868852459
0.8633879781420765	0.9234972677595629
0.8743169398907104	0.9234972677595629
0.8743169398907104	0.9289617486338798
0.8907103825136612	0.9289617486338798
0.8907103825136612	0.9398907103825137
0.8961748633879781	0.9398907103825137
0.8961748633879781	0.9453551912568307
0.907103825136612	0.9453551912568307
0.907103825136612	0.9617486338797814
0.912568306010929	0.9617486338797814
0.912568306010929	0.9672131147540983
0.9234972677595629	0.9672131147540983
0.9234972677595629	0.9726775956284153
0.9289617486338798	0.9726775956284153
0.9289617486338798	0.9781420765027322
0.9289617486338798	0.9890710382513661
0.9289617486338798	0.994535519125683
0.9836065573770492	0.994535519125683
0.9836065573770492	1.0
1.0	1.0
