MEME version 4

ALPHABET= ACGT

strands: + -

Background letter frequencies
A 0.25 C 0.25 G 0.25 T 0.25

MOTIF MA0271.1 ARG80
letter-probability matrix: alength= 4 w= 6 nsites= 158 E= 0
 0.563291  0.000000  0.000000  0.436709
 0.000000  0.000000  1.000000  0.000000
 1.000000  0.000000  0.000000  0.000000
 0.000000  1.000000  0.000000  0.000000
 0.229167  0.000000  0.411458  0.359375
 0.000000  0.927536  0.000000  0.072464
URL https://jaspar2024.elixir.no/matrix/MA0271.1

MOTIF MA0274.1 ARR1
letter-probability matrix: alength= 4 w= 8 nsites= 160 E= 0
 1.000000  0.000000  0.000000  0.000000
 0.119403  0.373134  0.144279  0.363184
 0.160428  0.374332  0.000000  0.465241
 0.000000  0.000000  0.000000  1.000000
 0.311966  0.000000  0.688034  0.000000
 0.708791  0.225275  0.065934  0.000000
 0.810651  0.000000  0.171598  0.017751
 0.067073  0.000000  0.146341  0.786585
URL https://jaspar2024.elixir.no/matrix/MA0274.1

MOTIF MA0275.1 ASG1
letter-probability matrix: alength= 4 w= 6 nsites= 100 E= 0
 0.000000  0.760000  0.000000  0.240000
 0.000000  1.000000  0.000000  0.000000
 0.000000  0.000000  1.000000  0.000000
 0.000000  0.000000  1.000000  0.000000
 0.727273  0.111111  0.161616  0.000000
 0.530000  0.000000  0.000000  0.470000
URL https://jaspar2024.elixir.no/matrix/MA0275.1

MOTIF MA0276.1 ASH1
letter-probability matrix: alength= 4 w= 10 nsites= 263 E= 0
 0.000000  0.836502  0.030418  0.133080
 0.000000  0.989796  0.000000  0.010204
 0.271111  0.093333  0.591111  0.044444
 0.257778  0.240000  0.448889  0.053333
 0.706522  0.000000  0.293478  0.000000
 0.000000  0.066265  0.048193  0.885542
 0.146018  0.663717  0.035398  0.154867
 0.404040  0.000000  0.464646  0.131313
 0.000000  0.028986  0.902174  0.068841
 0.000000  0.000000  0.934307  0.065693
URL https://jaspar2024.elixir.no/matrix/MA0276.1

MOTIF MA0277.1 AZF1
letter-probability matrix: alength= 4 w= 9 nsites= 102 E= 0
 0.617647  0.127451  0.127451  0.127451
 1.000000  0.000000  0.000000  0.000000
 1.000000  0.000000  0.000000  0.000000
 0.871287  0.128713  0.000000  0.000000
 0.750000  0.000000  0.250000  0.000000
 0.000000  0.000000  1.000000  0.000000
 0.780000  0.160000  0.030000  0.030000
 0.818182  0.060606  0.060606  0.060606
 0.617647  0.127451  0.127451  0.127451
URL https://jaspar2024.elixir.no/matrix/MA0277.1

MOTIF MA0283.1 CHA4
letter-probability matrix: alength= 4 w= 8 nsites= 100 E= 0
 0.220000  0.050000  0.680000  0.050000
 0.000000  0.000000  1.000000  0.000000
 0.000000  1.000000  0.000000  0.000000
 0.000000  0.000000  1.000000  0.000000
 0.000000  0.000000  1.000000  0.000000
 0.717172  0.000000  0.282828  0.000000
 0.220000  0.010000  0.760000  0.010000
 0.484848  0.101010  0.101010  0.313131
URL https://jaspar2024.elixir.no/matrix/MA0283.1

MOTIF MA0287.1 CUP2
letter-probability matrix: alength= 4 w= 11 nsites= 9 E= 0
 0.000000  0.777778  0.000000  0.222222
 1.000000  0.000000  0.000000  0.000000
 0.000000  0.000000  1.000000  0.000000
 0.222222  0.777778  0.000000  0.000000
 0.666667  0.000000  0.333333  0.000000
 0.444444  0.111111  0.444444  0.000000
 1.000000  0.000000  0.000000  0.000000
 1.000000  0.000000  0.000000  0.000000
 0.777778  0.000000  0.222222  0.000000
 0.444444  0.000000  0.000000  0.555556
 0.222222  0.000000  0.777778  0.000000
URL https://jaspar2024.elixir.no/matrix/MA0287.1

MOTIF MA0288.1 CUP9
letter-probability matrix: alength= 4 w= 9 nsites= 99 E= 0
 0.070707  0.101010  0.030303  0.797980
 0.000000  0.000000  1.000000  0.000000
 0.840000  0.000000  0.090000  0.070000
 0.010000  0.990000  0.000000  0.000000
 0.910000  0.000000  0.090000  0.000000
 0.000000  0.640000  0.090000  0.270000
 0.750000  0.150000  0.000000  0.100000
 0.400000  0.000000  0.000000  0.600000
 0.390000  0.130000  0.030000  0.450000
URL https://jaspar2024.elixir.no/matrix/MA0288.1

MOTIF MA0289.1 DAL80
letter-probability matrix: alength= 4 w= 7 nsites= 101 E= 0
 0.108911  0.663366  0.059406  0.168317
 0.000000  0.000000  1.000000  0.000000
 1.000000  0.000000  0.000000  0.000000
 0.000000  0.000000  0.000000  1.000000
 1.000000  0.000000  0.000000  0.000000
 0.909091  0.010101  0.010101  0.070707
 0.030000  0.190000  0.750000  0.030000
URL https://jaspar2024.elixir.no/matrix/MA0289.1

MOTIF MA0290.1 DAL81
letter-probability matrix: alength= 4 w= 19 nsites= 203 E= 0
 1.000000  0.000000  0.000000  0.000000
 1.000000  0.000000  0.000000  0.000000
 1.000000  0.000000  0.000000  0.000000
 1.000000  0.000000  0.000000  0.000000
 0.000000  0.000000  1.000000  0.000000
 0.000000  1.000000  0.000000  0.000000
 0.000000  1.000000  0.000000  0.000000
 0.000000  0.000000  1.000000  0.000000
 0.000000  1.000000  0.000000  0.000000
 0.000000  0.000000  1.000000  0.000000
 0.000000  0.000000  1.000000  0.000000
 0.000000  0.000000  1.000000  0.000000
 0.000000  1.000000  0.000000  0.000000
 0.000000  0.000000  1.000000  0.000000
 0.000000  0.000000  1.000000  0.000000
 0.000000  0.000000  1.000000  0.000000
 1.000000  0.000000  0.000000  0.000000
 0.000000  0.000000  0.000000  1.000000
 0.000000  0.000000  0.000000  1.000000
URL https://jaspar2024.elixir.no/matrix/MA0290.1

MOTIF MA0291.1 DAL82
letter-probability matrix: alength= 4 w= 9 nsites= 98 E= 0
 0.571429  0.142857  0.142857  0.142857
 0.524752  0.108911  0.049505  0.316832
 0.390000  0.030000  0.030000  0.550000
 0.260000  0.110000  0.420000  0.210000
 0.000000  0.260000  0.000000  0.740000
 0.000000  0.000000  1.000000  0.000000
 0.000000  1.000000  0.000000  0.000000
 0.000000  0.000000  1.000000  0.000000
 0.108911  0.673267  0.108911  0.108911
URL https://jaspar2024.elixir.no/matrix/MA0291.1

MOTIF MA0297.1 FKH2
letter-probability matrix: alength= 4 w= 7 nsites= 101 E= 0
 0.128713  0.000000  0.871287  0.000000
 0.000000  0.000000  0.000000  1.000000
 1.000000  0.000000  0.000000  0.000000
 1.000000  0.000000  0.000000  0.000000
 1.000000  0.000000  0.000000  0.000000
 0.000000  1.000000  0.000000  0.000000
 1.000000  0.000000  0.000000  0.000000
URL https://jaspar2024.elixir.no/matrix/MA0297.1

MOTIF MA0299.1 GAL4
letter-probability matrix: alength= 4 w= 15 nsites= 2779 E= 0
 0.000000  1.000000  0.000000  0.000000
 0.000000  0.000000  1.000000  0.000000
 0.000000  0.155983  0.809473  0.034544
 0.252844  0.212870  0.301267  0.233019
 0.094867  0.369396  0.373944  0.161793
 0.316361  0.251475  0.311084  0.121080
 0.786218  0.000000  0.180840  0.032941
 0.197768  0.452040  0.282525  0.067667
 0.640871  0.112228  0.000000  0.246901
 0.206002  0.185058  0.545170  0.063770
 0.030544  0.244034  0.157175  0.568247
 0.366083  0.161765  0.345745  0.126408
 0.000000  0.480602  0.243813  0.275585
 0.077125  0.128651  0.137512  0.656712
 0.000000  1.000000  0.000000  0.000000
URL https://jaspar2024.elixir.no/matrix/MA0299.1

MOTIF MA0304.1 GCR1
letter-probability matrix: alength= 4 w= 8 nsites= 2649 E= 0
 0.271423  0.011703  0.029068  0.687807
 0.000000  0.057724  0.942276  0.000000
 0.000000  0.008943  0.991057  0.000000
 1.000000  0.000000  0.000000  0.000000
 0.876473  0.004063  0.000000  0.119464
 0.003645  0.005265  0.942082  0.049008
 0.221554  0.682292  0.000000  0.096154
 0.000000  0.743649  0.005774  0.250577
URL https://jaspar2024.elixir.no/matrix/MA0304.1

MOTIF MA0307.1 GLN3
letter-probability matrix: alength= 4 w= 5 nsites= 100 E= 0
 0.000000  0.000000  1.000000  0.000000
 1.000000  0.000000  0.000000  0.000000
 0.000000  0.000000  0.000000  1.000000
 0.740000  0.000000  0.000000  0.260000
 0.610000  0.000000  0.270000  0.120000
URL https://jaspar2024.elixir.no/matrix/MA0307.1

MOTIF MA0311.1 HAL9
letter-probability matrix: alength= 4 w= 5 nsites= 99 E= 0
 0.000000  1.000000  0.000000  0.000000
 0.000000  0.000000  1.000000  0.000000
 0.000000  0.000000  1.000000  0.000000
 1.000000  0.000000  0.000000  0.000000
 0.626263  0.000000  0.373737  0.000000
URL https://jaspar2024.elixir.no/matrix/MA0311.1

MOTIF MA0313.1 HAP2
letter-probability matrix: alength= 4 w= 5 nsites= 3939 E= 0
 0.000000  0.000000  0.000000  1.000000
 0.000000  0.000000  0.010160  0.989840
 0.005578  0.000000  0.994422  0.000000
 0.000000  0.000000  0.998223  0.001777
 0.158006  0.378979  0.030665  0.432350
URL https://jaspar2024.elixir.no/matrix/MA0313.1

MOTIF MA0318.1 HMRA2
letter-probability matrix: alength= 4 w= 8 nsites= 100 E= 0
 0.060000  0.670000  0.060000  0.210000
 0.540000  0.000000  0.460000  0.000000
 0.040000  0.000000  0.000000  0.960000
 0.000000  0.000000  1.000000  0.000000
 0.000000  0.000000  0.000000  1.000000
 0.930000  0.000000  0.000000  0.070000
 0.871287  0.019802  0.019802  0.089109
 0.400000  0.080000  0.080000  0.440000
URL https://jaspar2024.elixir.no/matrix/MA0318.1

MOTIF MA0320.1 IME1
letter-probability matrix: alength= 4 w= 8 nsites= 301 E= 0
 0.000000  1.000000  0.000000  0.000000
 0.000000  0.791809  0.208191  0.000000
 0.000000  0.000000  1.000000  0.000000
 0.000000  1.000000  0.000000  0.000000
 0.000000  0.677419  0.268817  0.053763
 0.000000  0.000000  1.000000  0.000000
 1.000000  0.000000  0.000000  0.000000
 0.056738  0.000000  0.943262  0.000000
URL https://jaspar2024.elixir.no/matrix/MA0320.1

MOTIF MA0321.1 INO2
letter-probability matrix: alength= 4 w= 9 nsites= 249 E= 0
 0.072289  0.116466  0.795181  0.016064
 0.000000  1.000000  0.000000  0.000000
 0.933735  0.042169  0.000000  0.024096
 0.000000  0.142857  0.000000  0.857143
 0.026415  0.000000  0.973585  0.000000
 0.048193  0.000000  0.066265  0.885542
 0.000000  0.123636  0.876364  0.000000
 0.783333  0.088889  0.127778  0.000000
 0.812121  0.012121  0.030303  0.145455
URL https://jaspar2024.elixir.no/matrix/MA0321.1

MOTIF MA0322.1 INO4
letter-probability matrix: alength= 4 w= 9 nsites= 242 E= 0
 0.119835  0.190083  0.669421  0.020661
 0.000000  0.925490  0.000000  0.074510
 0.816568  0.082840  0.000000  0.100592
 0.000000  0.000000  0.000000  1.000000
 0.037594  0.000000  0.962406  0.000000
 0.000000  0.000000  0.000000  1.000000
 0.065891  0.000000  0.934109  0.000000
 0.829545  0.039773  0.130682  0.000000
 0.811429  0.040000  0.148571  0.000000
URL https://jaspar2024.elixir.no/matrix/MA0322.1

MOTIF MA0323.1 IXR1
letter-probability matrix: alength= 4 w= 15 nsites= 161 E= 0
 1.000000  0.000000  0.000000  0.000000
 0.765823  0.000000  0.000000  0.234177
 0.326923  0.000000  0.538462  0.134615
 0.106870  0.870229  0.000000  0.022901
 0.239837  0.760163  0.000000  0.000000
 0.239837  0.000000  0.760163  0.000000
 0.119658  0.000000  0.722222  0.158120
 0.630208  0.000000  0.369792  0.000000
 0.765823  0.000000  0.000000  0.234177
 0.000000  0.000000  1.000000  0.000000
 0.000000  1.000000  0.000000  0.000000
 0.102941  0.000000  0.897059  0.000000
 0.020619  0.000000  0.979381  0.000000
 0.000000  0.000000  0.530806  0.469194
 0.000000  0.000000  0.897059  0.102941
URL https://jaspar2024.elixir.no/matrix/MA0323.1

MOTIF MA0324.1 LEU3
letter-probability matrix: alength= 4 w= 10 nsites= 100 E= 0
 0.000000  1.000000  0.000000  0.000000
 0.000000  1.000000  0.000000  0.000000
 0.000000  0.000000  0.565657  0.434343
 0.200000  0.000000  0.350000  0.450000
 0.257426  0.336634  0.000000  0.405941
 0.470000  0.120000  0.160000  0.250000
 0.000000  0.610000  0.390000  0.000000
 0.000000  1.000000  0.000000  0.000000
 0.000000  0.000000  1.000000  0.000000
 0.000000  0.320000  0.680000  0.000000
URL https://jaspar2024.elixir.no/matrix/MA0324.1

MOTIF MA0326.1 MAC1
letter-probability matrix: alength= 4 w= 8 nsites= 1740 E= 0
 0.062069  0.000000  0.000000  0.937931
 0.050597  0.000000  0.124503  0.824901
 0.000000  0.000000  0.000000  1.000000
 0.067095  0.000000  0.932905  0.000000
 0.000000  1.000000  0.000000  0.000000
 0.000000  0.000000  0.000000  1.000000
 0.000000  1.000000  0.000000  0.000000
 0.555041  0.000000  0.379490  0.065469
URL https://jaspar2024.elixir.no/matrix/MA0326.1

MOTIF MA0327.1 HMRA1
letter-probability matrix: alength= 4 w= 7 nsites= 202 E= 0
 0.500000  0.000000  0.500000  0.000000
 0.000000  1.000000  0.000000  0.000000
 1.000000  0.000000  0.000000  0.000000
 0.000000  1.000000  0.000000  0.000000
 1.000000  0.000000  0.000000  0.000000
 1.000000  0.000000  0.000000  0.000000
 0.000000  0.000000  0.000000  1.000000
URL https://jaspar2024.elixir.no/matrix/MA0327.1

MOTIF MA0330.1 MBP1::SWI6
letter-probability matrix: alength= 4 w= 7 nsites= 22439 E= 0
 0.675297  0.000000  0.018049  0.306654
 0.003676  0.983770  0.004528  0.008025
 0.002024  0.008186  0.988755  0.001034
 0.001386  0.853144  0.008407  0.137063
 0.002652  0.008182  0.988222  0.000944
 0.032120  0.065965  0.066628  0.835287
 0.015342  0.382792  0.037073  0.564793
URL https://jaspar2024.elixir.no/matrix/MA0330.1

MOTIF MA0331.1 MCM1
letter-probability matrix: alength= 4 w= 12 nsites= 13821 E= 0
 0.122422  0.821648  0.029303  0.026626
 0.007028  0.922614  0.000000  0.070357
 0.184955  0.363317  0.186249  0.265480
 0.392778  0.144437  0.223292  0.239493
 0.556795  0.013940  0.045893  0.383373
 0.068028  0.017225  0.000000  0.914747
 0.079970  0.262710  0.036888  0.620431
 0.421619  0.074909  0.378814  0.124658
 0.044522  0.002328  0.953150  0.000000
 0.008592  0.009840  0.980394  0.001175
 0.752380  0.068618  0.022659  0.156343
 0.910663  0.029122  0.025546  0.034669
URL https://jaspar2024.elixir.no/matrix/MA0331.1

MOTIF MA0332.1 MET28
letter-probability matrix: alength= 4 w= 6 nsites= 203 E= 0
 0.000000  1.000000  0.000000  0.000000
 0.000000  0.000000  0.000000  1.000000
 0.000000  0.000000  1.000000  0.000000
 0.000000  0.000000  0.000000  1.000000
 0.000000  0.000000  1.000000  0.000000
 0.000000  0.000000  1.000000  0.000000
URL https://jaspar2024.elixir.no/matrix/MA0332.1

MOTIF MA0340.1 MOT3
letter-probability matrix: alength= 4 w= 6 nsites= 201 E= 0
 0.333333  0.333333  0.000000  0.333333
 1.000000  0.000000  0.000000  0.000000
 0.000000  0.000000  1.000000  0.000000
 0.000000  0.000000  1.000000  0.000000
 0.000000  0.500000  0.000000  0.500000
 1.000000  0.000000  0.000000  0.000000
URL https://jaspar2024.elixir.no/matrix/MA0340.1

MOTIF MA0341.1 MSN2
letter-probability matrix: alength= 4 w= 5 nsites= 99 E= 0
 0.606061  0.070707  0.323232  0.000000
 0.000000  0.000000  1.000000  0.000000
 0.000000  0.000000  1.000000  0.000000
 0.000000  0.000000  1.000000  0.000000
 0.000000  0.000000  1.000000  0.000000
URL https://jaspar2024.elixir.no/matrix/MA0341.1

MOTIF MA0342.1 MSN4
letter-probability matrix: alength= 4 w= 5 nsites= 99 E= 0
 0.838384  0.000000  0.161616  0.000000
 0.000000  0.000000  1.000000  0.000000
 0.000000  0.000000  1.000000  0.000000
 0.000000  0.000000  1.000000  0.000000
 0.000000  0.000000  0.990000  0.010000
URL https://jaspar2024.elixir.no/matrix/MA0342.1

MOTIF MA0344.1 NHP10
letter-probability matrix: alength= 4 w= 8 nsites= 100 E= 0
 0.200000  0.100000  0.600000  0.100000
 0.078431  0.764706  0.078431  0.078431
 0.000000  1.000000  0.000000  0.000000
 0.000000  0.000000  1.000000  0.000000
 0.000000  0.000000  1.000000  0.000000
 0.000000  0.000000  1.000000  0.000000
 0.000000  0.000000  1.000000  0.000000
 0.666667  0.078431  0.176471  0.078431
URL https://jaspar2024.elixir.no/matrix/MA0344.1

MOTIF MA0353.1 PDR3
letter-probability matrix: alength= 4 w= 8 nsites= 203 E= 0
 0.000000  0.000000  0.000000  1.000000
 0.000000  1.000000  0.000000  0.000000
 0.000000  1.000000  0.000000  0.000000
 0.000000  0.000000  1.000000  0.000000
 0.000000  1.000000  0.000000  0.000000
 0.000000  0.000000  1.000000  0.000000
 0.000000  0.000000  1.000000  0.000000
 1.000000  0.000000  0.000000  0.000000
URL https://jaspar2024.elixir.no/matrix/MA0353.1

MOTIF MA0356.1 PHO2
letter-probability matrix: alength= 4 w= 6 nsites= 101 E= 0
 0.514851  0.000000  0.079208  0.405941
 0.120000  0.000000  0.000000  0.880000
 1.000000  0.000000  0.000000  0.000000
 0.560000  0.000000  0.000000  0.440000
 0.230000  0.000000  0.000000  0.770000
 0.630000  0.000000  0.000000  0.370000
URL https://jaspar2024.elixir.no/matrix/MA0356.1

MOTIF MA0357.1 PHO4
letter-probability matrix: alength= 4 w= 8 nsites= 998 E= 0
 0.094188  0.393788  0.508016  0.004008
 0.097194  0.901804  0.000000  0.001002
 0.968938  0.001002  0.028056  0.002004
 0.000000  0.913741  0.001003  0.085256
 0.085256  0.001003  0.913741  0.000000
 0.002004  0.028056  0.001002  0.968938
 0.001002  0.000000  0.901804  0.097194
 0.004008  0.508016  0.393788  0.094188
URL https://jaspar2024.elixir.no/matrix/MA0357.1

MOTIF MA0364.1 REI1
letter-probability matrix: alength= 4 w= 7 nsites= 100 E= 0
 0.000000  0.950000  0.000000  0.050000
 0.050000  0.950000  0.000000  0.000000
 0.000000  1.000000  0.000000  0.000000
 0.000000  1.000000  0.000000  0.000000
 0.000000  0.000000  0.000000  1.000000
 0.000000  0.000000  0.950000  0.050000
 0.560000  0.080000  0.230000  0.130000
URL https://jaspar2024.elixir.no/matrix/MA0364.1

MOTIF MA0366.1 RGM1
letter-probability matrix: alength= 4 w= 5 nsites= 100 E= 0
 1.000000  0.000000  0.000000  0.000000
 0.000000  0.000000  1.000000  0.000000
 0.000000  0.000000  1.000000  0.000000
 0.000000  0.000000  1.000000  0.000000
 0.110000  0.120000  0.770000  0.000000
URL https://jaspar2024.elixir.no/matrix/MA0366.1

MOTIF MA0368.1 RIM101
letter-probability matrix: alength= 4 w= 7 nsites= 100 E= 0
 0.090000  0.430000  0.090000  0.390000
 0.000000  0.000000  1.000000  0.000000
 0.000000  1.000000  0.000000  0.000000
 0.000000  1.000000  0.000000  0.000000
 1.000000  0.000000  0.000000  0.000000
 1.000000  0.000000  0.000000  0.000000
 0.000000  0.000000  1.000000  0.000000
URL https://jaspar2024.elixir.no/matrix/MA0368.1

MOTIF MA0370.1 RME1
letter-probability matrix: alength= 4 w= 10 nsites= 183 E= 0
 0.000000  0.284153  0.000000  0.715847
 0.074766  0.448598  0.154206  0.322430
 0.071749  0.448430  0.219731  0.260090
 1.000000  0.000000  0.000000  0.000000
 0.708333  0.000000  0.160714  0.130952
 0.817647  0.170588  0.000000  0.011765
 0.099631  0.000000  0.900369  0.000000
 0.129278  0.000000  0.870722  0.000000
 0.489362  0.207447  0.186170  0.117021
 0.773006  0.000000  0.116564  0.110429
URL https://jaspar2024.elixir.no/matrix/MA0370.1

MOTIF MA0371.1 ROX1
letter-probability matrix: alength= 4 w= 12 nsites= 8 E= 0
 0.000000  0.500000  0.000000  0.500000
 0.000000  0.750000  0.000000  0.250000
 0.250000  0.500000  0.000000  0.250000
 0.875000  0.125000  0.000000  0.000000
 0.000000  0.000000  0.000000  1.000000
 0.000000  0.000000  0.125000  0.875000
 0.000000  0.000000  1.000000  0.000000
 0.000000  0.000000  0.000000  1.000000
 0.000000  0.000000  0.000000  1.000000
 0.000000  0.625000  0.125000  0.250000
 0.125000  0.000000  0.125000  0.750000
 0.000000  0.625000  0.250000  0.125000
URL https://jaspar2024.elixir.no/matrix/MA0371.1

MOTIF MA0373.1 RPN4
letter-probability matrix: alength= 4 w= 7 nsites= 99 E= 0
 0.232323  0.000000  0.676768  0.090909
 0.000000  0.000000  1.000000  0.000000
 0.000000  0.000000  0.120000  0.880000
 0.000000  0.000000  1.000000  0.000000
 0.000000  0.000000  1.000000  0.000000
 0.000000  1.000000  0.000000  0.000000
 0.130000  0.000000  0.870000  0.000000
URL https://jaspar2024.elixir.no/matrix/MA0373.1

MOTIF MA0379.1 MOT2
letter-probability matrix: alength= 4 w= 5 nsites= 100 E= 0
 0.930000  0.020000  0.000000  0.050000
 0.000000  0.000000  0.000000  1.000000
 1.000000  0.000000  0.000000  0.000000
 0.000000  0.000000  0.000000  1.000000
 1.000000  0.000000  0.000000  0.000000
URL https://jaspar2024.elixir.no/matrix/MA0379.1

MOTIF MA0387.1 SPT2
letter-probability matrix: alength= 4 w= 10 nsites= 157 E= 0
 0.617834  0.000000  0.019108  0.363057
 0.366667  0.244444  0.066667  0.322222
 0.000000  0.000000  0.000000  1.000000
 0.025641  0.000000  0.000000  0.974359
 0.706522  0.000000  0.293478  0.000000
 0.634921  0.121693  0.243386  0.000000
 0.393365  0.312796  0.284360  0.009479
 0.000000  0.000000  0.507246  0.492754
 1.000000  0.000000  0.000000  0.000000
 0.638743  0.000000  0.361257  0.000000
URL https://jaspar2024.elixir.no/matrix/MA0387.1

MOTIF MA0388.1 SPT23
letter-probability matrix: alength= 4 w= 8 nsites= 214 E= 0
 0.443925  0.000000  0.556075  0.000000
 1.000000  0.000000  0.000000  0.000000
 0.856287  0.000000  0.131737  0.011976
 0.853503  0.000000  0.000000  0.146497
 0.005814  0.209302  0.000000  0.784884
 0.000000  0.549801  0.266932  0.183267
 0.603352  0.206704  0.100559  0.089385
 0.963190  0.000000  0.036810  0.000000
URL https://jaspar2024.elixir.no/matrix/MA0388.1

MOTIF MA0391.1 STB4
letter-probability matrix: alength= 4 w= 7 nsites= 100 E= 0
 0.090000  0.430000  0.090000  0.390000
 0.000000  0.000000  0.000000  1.000000
 0.000000  1.000000  0.000000  0.000000
 0.000000  0.000000  1.000000  0.000000
 0.000000  0.000000  1.000000  0.000000
 1.000000  0.000000  0.000000  0.000000
 0.750000  0.010000  0.010000  0.230000
URL https://jaspar2024.elixir.no/matrix/MA0391.1

MOTIF MA0392.1 STB5
letter-probability matrix: alength= 4 w= 8 nsites= 99 E= 0
 0.000000  1.000000  0.000000  0.000000
 0.000000  0.000000  1.000000  0.000000
 0.000000  0.000000  1.000000  0.000000
 0.230000  0.190000  0.260000  0.320000
 0.227723  0.227723  0.465347  0.079208
 0.188119  0.247525  0.118812  0.445545
 0.060000  0.120000  0.060000  0.760000
 0.969697  0.010101  0.010101  0.010101
URL https://jaspar2024.elixir.no/matrix/MA0392.1

MOTIF MA0393.1 STE12
letter-probability matrix: alength= 4 w= 7 nsites= 28379 E= 0
 0.000000  0.114909  0.003383  0.881708
 0.150077  0.000000  0.843008  0.006915
 0.955000  0.000000  0.045000  0.000000
 0.898082  0.005930  0.095987  0.000000
 1.000000  0.000000  0.000000  0.000000
 0.003503  0.993029  0.000000  0.003468
 0.510629  0.100184  0.313265  0.075922
URL https://jaspar2024.elixir.no/matrix/MA0393.1

MOTIF MA0394.1 STP1
letter-probability matrix: alength= 4 w= 8 nsites= 206 E= 0
 0.019417  0.398058  0.160194  0.422330
 0.203320  0.000000  0.796680  0.000000
 0.000000  1.000000  0.000000  0.000000
 0.000000  0.000000  0.985185  0.014815
 0.044944  0.000000  0.955056  0.000000
 0.000000  1.000000  0.000000  0.000000
 0.019048  0.000000  0.566667  0.414286
 0.017778  0.417778  0.311111  0.253333
URL https://jaspar2024.elixir.no/matrix/MA0394.1

MOTIF MA0399.1 SUT1
letter-probability matrix: alength= 4 w= 7 nsites= 230 E= 0
 0.100000  0.617391  0.156522  0.126087
 0.201681  0.021008  0.777311  0.000000
 0.000000  1.000000  0.000000  0.000000
 0.031008  0.236434  0.728682  0.003876
 0.000000  0.169118  0.830882  0.000000
 0.208511  0.148936  0.642553  0.000000
 0.189655  0.060345  0.732759  0.017241
URL https://jaspar2024.elixir.no/matrix/MA0399.1

MOTIF MA0401.1 SWI4
letter-probability matrix: alength= 4 w= 8 nsites= 100 E= 0
 0.620000  0.080000  0.150000  0.150000
 0.000000  1.000000  0.000000  0.000000
 0.150000  0.000000  0.850000  0.000000
 0.000000  1.000000  0.000000  0.000000
 0.000000  0.000000  1.000000  0.000000
 1.000000  0.000000  0.000000  0.000000
 0.940000  0.020000  0.020000  0.020000
 0.613861  0.079208  0.079208  0.227723
URL https://jaspar2024.elixir.no/matrix/MA0401.1

MOTIF MA0404.1 TBS1
letter-probability matrix: alength= 4 w= 8 nsites= 100 E= 0
 0.120000  0.780000  0.050000  0.050000
 0.030303  0.030303  0.909091  0.030303
 0.019802  0.019802  0.940594  0.019802
 0.757576  0.080808  0.080808  0.080808
 0.202020  0.131313  0.131313  0.535354
 0.000000  1.000000  0.000000  0.000000
 0.000000  1.000000  0.000000  0.000000
 0.080808  0.080808  0.757576  0.080808
URL https://jaspar2024.elixir.no/matrix/MA0404.1

MOTIF MA0405.1 TEA1
letter-probability matrix: alength= 4 w= 8 nsites= 100 E= 0
 0.050000  0.050000  0.750000  0.150000
 0.000000  1.000000  0.000000  0.000000
 0.000000  0.000000  1.000000  0.000000
 0.000000  0.400000  0.600000  0.000000
 0.500000  0.000000  0.500000  0.000000
 0.000000  0.800000  0.200000  0.000000
 0.600000  0.000000  0.100000  0.300000
 0.150000  0.200000  0.050000  0.600000
URL https://jaspar2024.elixir.no/matrix/MA0405.1

MOTIF MA0407.1 THI2
letter-probability matrix: alength= 4 w= 15 nsites= 1265 E= 0
 0.081423  0.000000  0.918577  0.000000
 0.000000  0.000000  1.000000  0.000000
 0.517504  0.436073  0.000000  0.046423
 1.000000  0.000000  0.000000  0.000000
 1.000000  0.000000  0.000000  0.000000
 0.000000  0.809486  0.000000  0.190514
 0.000000  0.402819  0.000000  0.597181
 0.053343  0.450038  0.429001  0.067618
 0.346519  0.000000  0.000000  0.653481
 0.728063  0.000000  0.000000  0.271937
 1.000000  0.000000  0.000000  0.000000
 0.000000  0.000000  1.000000  0.000000
 1.000000  0.000000  0.000000  0.000000
 0.643196  0.000000  0.356804  0.000000
 0.100311  0.830482  0.069207  0.000000
URL https://jaspar2024.elixir.no/matrix/MA0407.1

MOTIF MA0409.1 TYE7
letter-probability matrix: alength= 4 w= 7 nsites= 102 E= 0
 0.029412  0.911765  0.029412  0.029412
 1.000000  0.000000  0.000000  0.000000
 0.000000  1.000000  0.000000  0.000000
 0.000000  0.100000  0.900000  0.000000
 0.000000  0.000000  0.000000  1.000000
 0.000000  0.000000  1.000000  0.000000
 0.764706  0.078431  0.078431  0.078431
URL https://jaspar2024.elixir.no/matrix/MA0409.1

MOTIF MA0417.1 YAP5
letter-probability matrix: alength= 4 w= 6 nsites= 156 E= 0
 0.782051  0.000000  0.000000  0.217949
 0.649215  0.000000  0.350785  0.000000
 0.387387  0.000000  0.612613  0.000000
 0.000000  0.939502  0.000000  0.060498
 1.000000  0.000000  0.000000  0.000000
 0.121795  0.000000  0.000000  0.878205
URL https://jaspar2024.elixir.no/matrix/MA0417.1

MOTIF MA0419.1 YAP7
letter-probability matrix: alength= 4 w= 11 nsites= 10841 E= 0
 0.663684  0.238170  0.017987  0.080159
 0.018388  0.000000  0.000000  0.981612
 0.000000  0.000000  0.202912  0.797088
 0.965177  0.009299  0.009204  0.016320
 0.117089  0.108540  0.774370  0.000000
 0.000000  0.009209  0.000000  0.990791
 0.740695  0.240457  0.018848  0.000000
 1.000000  0.000000  0.000000  0.000000
 0.009132  0.000000  0.588054  0.402814
 0.205904  0.711313  0.046663  0.036120
 0.585950  0.099876  0.205162  0.109012
URL https://jaspar2024.elixir.no/matrix/MA0419.1

MOTIF MA0421.1 NSI1
letter-probability matrix: alength= 4 w= 10 nsites= 1905 E= 0
 0.091339  0.000000  0.143832  0.764829
 0.000000  0.000000  0.021540  0.978460
 0.000000  0.054584  0.000000  0.945416
 1.000000  0.000000  0.000000  0.000000
 0.000000  1.000000  0.000000  0.000000
 0.000000  1.000000  0.000000  0.000000
 0.063543  0.936457  0.000000  0.000000
 0.000000  0.000000  1.000000  0.000000
 0.026732  0.000000  0.973268  0.000000
 0.384122  0.414694  0.057692  0.143491
URL https://jaspar2024.elixir.no/matrix/MA0421.1

MOTIF MA0426.1 YHP1
letter-probability matrix: alength= 4 w= 6 nsites= 203 E= 0
 0.000000  0.000000  0.000000  1.000000
 1.000000  0.000000  0.000000  0.000000
 1.000000  0.000000  0.000000  0.000000
 0.000000  0.000000  0.000000  1.000000
 0.000000  0.000000  0.000000  1.000000
 0.000000  0.000000  1.000000  0.000000
URL https://jaspar2024.elixir.no/matrix/MA0426.1

MOTIF MA0429.1 YLL054C
letter-probability matrix: alength= 4 w= 7 nsites= 100 E= 0
 0.000000  1.000000  0.000000  0.000000
 0.000000  0.000000  1.000000  0.000000
 0.000000  0.000000  1.000000  0.000000
 0.212121  0.646465  0.141414  0.000000
 0.090000  0.660000  0.160000  0.090000
 0.130000  0.050000  0.770000  0.050000
 0.571429  0.142857  0.071429  0.214286
URL https://jaspar2024.elixir.no/matrix/MA0429.1

MOTIF MA0432.1 YNR063W
letter-probability matrix: alength= 4 w= 8 nsites= 102 E= 0
 0.078431  0.078431  0.176471  0.666667
 0.000000  1.000000  0.000000  0.000000
 0.000000  0.000000  1.000000  0.000000
 0.000000  0.000000  1.000000  0.000000
 1.000000  0.000000  0.000000  0.000000
 0.100000  0.000000  0.800000  0.100000
 0.900000  0.000000  0.000000  0.100000
 0.323529  0.029412  0.029412  0.617647
URL https://jaspar2024.elixir.no/matrix/MA0432.1

MOTIF MA0437.1 YPR196W
letter-probability matrix: alength= 4 w= 9 nsites= 100 E= 0
 0.610000  0.000000  0.260000  0.130000
 0.320000  0.000000  0.000000  0.680000
 0.170000  0.000000  0.000000  0.830000
 0.242424  0.040404  0.020202  0.696970
 0.170000  0.440000  0.110000  0.280000
 0.120000  0.320000  0.070000  0.490000
 0.000000  0.930000  0.070000  0.000000
 0.000000  1.000000  0.000000  0.000000
 0.029703  0.000000  0.920792  0.049505
URL https://jaspar2024.elixir.no/matrix/MA0437.1

MOTIF MA0440.1 ZAP1
letter-probability matrix: alength= 4 w= 15 nsites= 169 E= 0
 1.000000  0.000000  0.000000  0.000000
 0.000000  1.000000  0.000000  0.000000
 0.000000  1.000000  0.000000  0.000000
 0.000000  0.475490  0.000000  0.524510
 0.000000  0.000000  0.000000  1.000000
 0.532338  0.383085  0.084577  0.000000
 1.000000  0.000000  0.000000  0.000000
 0.616580  0.088083  0.295337  0.000000
 0.000000  0.000000  1.000000  0.000000
 0.000000  0.000000  1.000000  0.000000
 0.000000  0.000000  0.000000  1.000000
 0.098592  0.455399  0.173709  0.272300
 0.643243  0.000000  0.308108  0.048649
 0.052632  0.099415  0.000000  0.847953
 0.188525  0.000000  0.811475  0.000000
URL https://jaspar2024.elixir.no/matrix/MA0440.1

MOTIF MA0328.2 MATALPHA2
letter-probability matrix: alength= 4 w= 8 nsites= 999 E= 0
 0.000000  0.815816  0.000000  0.184184
 0.455000  0.000000  0.535000  0.010000
 0.000000  0.062000  0.000000  0.938000
 0.026026  0.000000  0.973974  0.000000
 0.000000  0.000000  0.000000  1.000000
 0.910911  0.000000  0.009009  0.080080
 0.639640  0.072072  0.041041  0.247247
 0.394394  0.028028  0.000000  0.577578
URL https://jaspar2024.elixir.no/matrix/MA0328.2

MOTIF MA1434.1 NCU02182
letter-probability matrix: alength= 4 w= 7 nsites= 999 E= 0
 0.469469  0.000000  0.000000  0.530531
 1.000000  0.000000  0.000000  0.000000
 0.027027  0.972973  0.000000  0.000000
 0.000000  1.000000  0.000000  0.000000
 0.000000  1.000000  0.000000  0.000000
 0.972973  0.027027  0.000000  0.000000
 0.012024  0.371743  0.269539  0.346693
URL https://jaspar2024.elixir.no/matrix/MA1434.1

MOTIF MA1431.2 rst2
letter-probability matrix: alength= 4 w= 6 nsites= 998 E= 0
 0.022044  0.938878  0.013026  0.026052
 0.007007  0.880881  0.004004  0.108108
 0.000000  0.996997  0.002002  0.001001
 0.006012  0.991984  0.000000  0.002004
 0.208417  0.040080  0.530060  0.221443
 0.056112  0.897796  0.002004  0.044088
URL https://jaspar2024.elixir.no/matrix/MA1431.2

MOTIF MA0329.2 MBP1
letter-probability matrix: alength= 4 w= 5 nsites= 100 E= 0
 0.550000  0.100000  0.180000  0.170000
 0.000000  1.000000  0.000000  0.000000
 0.150000  0.000000  0.850000  0.000000
 0.000000  0.880000  0.000000  0.120000
 0.000000  0.020000  0.980000  0.000000
URL https://jaspar2024.elixir.no/matrix/MA0329.2

MOTIF MA0333.2 MET31
letter-probability matrix: alength= 4 w= 6 nsites= 100 E= 0
 0.000000  0.000000  1.000000  0.000000
 0.000000  0.000000  0.000000  1.000000
 0.000000  0.000000  1.000000  0.000000
 0.000000  0.000000  1.000000  0.000000
 0.000000  1.000000  0.000000  0.000000
 0.101010  0.000000  0.696970  0.202020
URL https://jaspar2024.elixir.no/matrix/MA0333.2

MOTIF MA0334.2 MET32
letter-probability matrix: alength= 4 w= 6 nsites= 100 E= 0
 0.110000  0.050000  0.770000  0.070000
 0.000000  1.000000  0.000000  0.000000
 0.000000  1.000000  0.000000  0.000000
 0.939394  0.030303  0.000000  0.030303
 0.000000  0.990000  0.000000  0.010000
 0.640000  0.150000  0.120000  0.090000
URL https://jaspar2024.elixir.no/matrix/MA0334.2

MOTIF MA0336.2 MGA1
letter-probability matrix: alength= 4 w= 9 nsites= 999 E= 0
 0.787788  0.003003  0.198198  0.011011
 0.192192  0.110110  0.166166  0.531532
 0.702405  0.197395  0.098196  0.002004
 0.005010  0.002004  0.990982  0.002004
 0.992979  0.002006  0.003009  0.002006
 0.990991  0.002002  0.002002  0.005005
 0.012024  0.816633  0.015030  0.156313
 0.846540  0.039117  0.082247  0.032096
 0.068136  0.506012  0.070140  0.355711
URL https://jaspar2024.elixir.no/matrix/MA0336.2

MOTIF MA0337.2 MIG1
letter-probability matrix: alength= 4 w= 6 nsites= 100 E= 0
 0.010000  0.970000  0.010000  0.010000
 0.000000  1.000000  0.000000  0.000000
 0.000000  1.000000  0.000000  0.000000
 0.000000  1.000000  0.000000  0.000000
 0.460000  0.030000  0.500000  0.010000
 0.050505  0.575758  0.303030  0.070707
URL https://jaspar2024.elixir.no/matrix/MA0337.2

MOTIF MA0338.2 MIG2
letter-probability matrix: alength= 4 w= 6 nsites= 100 E= 0
 0.010000  0.960000  0.020000  0.010000
 0.000000  1.000000  0.000000  0.000000
 0.000000  1.000000  0.000000  0.000000
 0.000000  1.000000  0.000000  0.000000
 0.360000  0.110000  0.520000  0.010000
 0.049505  0.762376  0.128713  0.059406
URL https://jaspar2024.elixir.no/matrix/MA0338.2

MOTIF MA0339.2 MIG3
letter-probability matrix: alength= 4 w= 6 nsites= 101 E= 0
 0.009901  0.970297  0.009901  0.009901
 0.000000  0.940000  0.000000  0.060000
 0.000000  1.000000  0.000000  0.000000
 0.000000  1.000000  0.000000  0.000000
 0.414141  0.020202  0.555556  0.010101
 0.050000  0.690000  0.170000  0.090000
URL https://jaspar2024.elixir.no/matrix/MA0339.2

MOTIF MA0343.2 NDT80
letter-probability matrix: alength= 4 w= 9 nsites= 999 E= 0
 0.188188  0.020020  0.675676  0.116116
 0.444890  0.483968  0.041082  0.030060
 0.012024  0.949900  0.004008  0.034068
 0.941884  0.007014  0.045090  0.006012
 0.018054  0.969910  0.006018  0.006018
 0.966934  0.004008  0.009018  0.020040
 0.971944  0.005010  0.015030  0.008016
 0.945946  0.003003  0.014014  0.037037
 0.715145  0.024072  0.236710  0.024072
URL https://jaspar2024.elixir.no/matrix/MA0343.2

MOTIF MA0347.3 NRG1
letter-probability matrix: alength= 4 w= 8 nsites= 48 E= 0
 0.562500  0.354167  0.020833  0.062500
 0.937500  0.041667  0.020833  0.000000
 0.000000  0.000000  1.000000  0.000000
 0.000000  0.000000  1.000000  0.000000
 0.000000  0.000000  1.000000  0.000000
 0.145833  0.083333  0.020833  0.750000
 0.000000  0.895833  0.020833  0.083333
 0.000000  0.895833  0.041667  0.062500
URL https://jaspar2024.elixir.no/matrix/MA0347.3

MOTIF MA0348.2 OAF1
letter-probability matrix: alength= 4 w= 8 nsites= 100 E= 0
 0.000000  1.000000  0.000000  0.000000
 0.000000  0.000000  1.000000  0.000000
 0.000000  0.000000  1.000000  0.000000
 0.565657  0.000000  0.434343  0.000000
 0.070000  0.000000  0.860000  0.070000
 0.673267  0.039604  0.039604  0.247525
 0.141414  0.070707  0.070707  0.717172
 0.571429  0.142857  0.142857  0.142857
URL https://jaspar2024.elixir.no/matrix/MA0348.2

MOTIF MA0349.2 OPI1
letter-probability matrix: alength= 4 w= 5 nsites= 279 E= 0
 0.000000  0.000000  1.000000  0.000000
 0.988095  0.011905  0.000000  0.000000
 1.000000  0.000000  0.000000  0.000000
 0.000000  1.000000  0.000000  0.000000
 0.000000  1.000000  0.000000  0.000000
URL https://jaspar2024.elixir.no/matrix/MA0349.2

MOTIF MA0352.3 PDR1
letter-probability matrix: alength= 4 w= 10 nsites= 144 E= 0
 0.125000  0.111111  0.041667  0.722222
 0.013889  0.062500  0.000000  0.923611
 0.006944  0.972222  0.000000  0.020833
 0.048611  0.902778  0.020833  0.027778
 0.500000  0.006944  0.486111  0.006944
 0.000000  0.916667  0.000000  0.083333
 0.013889  0.006944  0.958333  0.020833
 0.006944  0.006944  0.986111  0.000000
 0.916667  0.006944  0.048611  0.027778
 0.729167  0.055556  0.131944  0.083333
URL https://jaspar2024.elixir.no/matrix/MA0352.3

MOTIF MA0354.2 PDR8
letter-probability matrix: alength= 4 w= 7 nsites= 100 E= 0
 0.000000  1.000000  0.000000  0.000000
 0.000000  0.000000  1.000000  0.000000
 0.000000  0.000000  1.000000  0.000000
 1.000000  0.000000  0.000000  0.000000
 0.079208  0.079208  0.841584  0.000000
 1.000000  0.000000  0.000000  0.000000
 0.130000  0.060000  0.060000  0.750000
URL https://jaspar2024.elixir.no/matrix/MA0354.2

MOTIF MA0355.2 PHD1
letter-probability matrix: alength= 4 w= 6 nsites= 99 E= 0
 0.090909  0.434343  0.393939  0.080808
 0.373737  0.444444  0.151515  0.030303
 0.000000  0.101010  0.000000  0.898990
 0.000000  0.000000  1.000000  0.000000
 0.000000  0.990000  0.000000  0.010000
 0.910000  0.010000  0.070000  0.010000
URL https://jaspar2024.elixir.no/matrix/MA0355.2

MOTIF MA0358.2 PUT3
letter-probability matrix: alength= 4 w= 6 nsites= 99 E= 0
 0.090909  0.727273  0.090909  0.090909
 0.020000  0.900000  0.020000  0.060000
 0.000000  1.000000  0.000000  0.000000
 0.000000  0.000000  1.000000  0.000000
 0.000000  0.000000  1.000000  0.000000
 0.000000  0.000000  1.000000  0.000000
URL https://jaspar2024.elixir.no/matrix/MA0358.2

MOTIF MA0359.3 RAP1
letter-probability matrix: alength= 4 w= 12 nsites= 336 E= 0
 0.595238  0.029762  0.312500  0.062500
 0.008929  0.011905  0.116071  0.863095
 0.011905  0.014881  0.943452  0.029762
 0.038690  0.080357  0.011905  0.869048
 0.636905  0.107143  0.151786  0.104167
 0.026786  0.160714  0.000000  0.812500
 0.017857  0.000000  0.973214  0.008929
 0.000000  0.000000  0.946429  0.053571
 0.142857  0.014881  0.836310  0.005952
 0.002976  0.014881  0.005952  0.976190
 0.008929  0.053571  0.785714  0.151786
 0.080357  0.142857  0.071429  0.705357
URL https://jaspar2024.elixir.no/matrix/MA0359.3

MOTIF MA0360.2 RDR1
letter-probability matrix: alength= 4 w= 7 nsites= 101 E= 0
 0.247525  0.108911  0.108911  0.534653
 0.000000  0.000000  1.000000  0.000000
 0.000000  1.000000  0.000000  0.000000
 0.000000  0.000000  1.000000  0.000000
 0.000000  0.000000  1.000000  0.000000
 1.000000  0.000000  0.000000  0.000000
 0.860000  0.000000  0.000000  0.140000
URL https://jaspar2024.elixir.no/matrix/MA0360.2

MOTIF MA0361.2 RDS1
letter-probability matrix: alength= 4 w= 6 nsites= 100 E= 0
 0.010000  0.910000  0.010000  0.070000
 0.000000  0.110000  0.890000  0.000000
 0.000000  0.000000  1.000000  0.000000
 0.000000  0.840000  0.160000  0.000000
 0.000000  0.950000  0.050000  0.000000
 0.000000  0.110000  0.890000  0.000000
URL https://jaspar2024.elixir.no/matrix/MA0361.2

MOTIF MA0362.2 RDS2
letter-probability matrix: alength= 4 w= 6 nsites= 100 E= 0
 0.000000  0.000000  0.000000  1.000000
 0.000000  1.000000  0.000000  0.000000
 0.000000  0.000000  1.000000  0.000000
 0.000000  0.000000  1.000000  0.000000
 0.120000  0.010000  0.860000  0.010000
 0.168317  0.069307  0.693069  0.069307
URL https://jaspar2024.elixir.no/matrix/MA0362.2

MOTIF MA0363.3 REB1
letter-probability matrix: alength= 4 w= 9 nsites= 691 E= 0
 0.406657  0.114327  0.406657  0.072359
 0.011577  0.028944  0.007236  0.952243
 0.040521  0.040521  0.010130  0.908828
 0.982634  0.001447  0.004342  0.011577
 0.002894  0.989870  0.002894  0.004342
 0.005789  0.985528  0.007236  0.001447
 0.004342  0.985528  0.004342  0.005789
 0.015919  0.007236  0.836469  0.140376
 0.150507  0.192475  0.545586  0.111433
URL https://jaspar2024.elixir.no/matrix/MA0363.3

MOTIF MA0365.2 RFX1
letter-probability matrix: alength= 4 w= 7 nsites= 100 E= 0
 0.000000  0.000000  1.000000  0.000000
 0.000000  0.000000  0.000000  1.000000
 0.000000  0.000000  0.000000  1.000000
 0.310000  0.000000  0.690000  0.000000
 0.000000  1.000000  0.000000  0.000000
 0.020000  0.480000  0.020000  0.480000
 0.880000  0.040000  0.040000  0.040000
URL https://jaspar2024.elixir.no/matrix/MA0365.2

MOTIF MA0367.2 RGT1
letter-probability matrix: alength= 4 w= 8 nsites= 100 E= 0
 0.370000  0.000000  0.000000  0.630000
 0.217822  0.019802  0.000000  0.762376
 0.270000  0.150000  0.170000  0.410000
 0.300000  0.180000  0.040000  0.480000
 0.000000  0.120000  0.000000  0.880000
 0.000000  1.000000  0.000000  0.000000
 0.000000  1.000000  0.000000  0.000000
 0.039604  0.000000  0.881188  0.079208
URL https://jaspar2024.elixir.no/matrix/MA0367.2

MOTIF MA0369.2 RLM1
letter-probability matrix: alength= 4 w= 14 nsites= 42 E= 0
 0.261905  0.000000  0.023810  0.714286
 0.000000  0.000000  0.119048  0.880952
 0.000000  1.000000  0.000000  0.000000
 0.000000  0.000000  0.000000  1.000000
 1.000000  0.000000  0.000000  0.000000
 0.380952  0.000000  0.000000  0.619048
 0.523810  0.000000  0.000000  0.476190
 0.547619  0.000000  0.000000  0.452381
 0.761905  0.000000  0.000000  0.238095
 0.000000  0.000000  0.000000  1.000000
 1.000000  0.000000  0.000000  0.000000
 0.000000  0.000000  1.000000  0.000000
 0.642857  0.333333  0.000000  0.023810
 0.097561  0.365854  0.048780  0.487805
