MEME version 4

ALPHABET= ACGT

strands: + -

Background letter frequencies
A 0.25 C 0.25 G 0.25 T 0.25

MOTIF MA0020.1 Dof2
letter-probability matrix: alength= 4 w= 6 nsites= 21 E= 0
 1.000000  0.000000  0.000000  0.000000
 1.000000  0.000000  0.000000  0.000000
 1.000000  0.000000  0.000000  0.000000
 0.000000  0.000000  1.000000  0.000000
 0.142857  0.666667  0.095238  0.095238
 0.333333  0.285714  0.142857  0.238095
URL http://jaspar2022.genereg.net/matrix/MA0020.1

MOTIF MA0021.1 Dof3
letter-probability matrix: alength= 4 w= 6 nsites= 21 E= 0
 1.000000  0.000000  0.000000  0.000000
 1.000000  0.000000  0.000000  0.000000
 1.000000  0.000000  0.000000  0.000000
 0.000000  0.000000  1.000000  0.000000
 0.000000  0.476190  0.142857  0.380952
 0.285714  0.285714  0.428571  0.000000
URL http://jaspar2022.genereg.net/matrix/MA0021.1

MOTIF MA0034.1 Gam1
letter-probability matrix: alength= 4 w= 10 nsites= 25 E= 0
 0.160000  0.240000  0.440000  0.160000
 0.400000  0.200000  0.280000  0.120000
 0.120000  0.520000  0.000000  0.360000
 0.920000  0.040000  0.040000  0.000000
 1.000000  0.000000  0.000000  0.000000
 0.040000  0.960000  0.000000  0.000000
 0.120000  0.560000  0.240000  0.080000
 0.240000  0.000000  0.760000  0.000000
 0.400000  0.440000  0.000000  0.160000
 0.200000  0.760000  0.040000  0.000000
URL http://jaspar2022.genereg.net/matrix/MA0034.1

MOTIF MA0053.1 MNB1A
letter-probability matrix: alength= 4 w= 5 nsites= 15 E= 0
 1.000000  0.000000  0.000000  0.000000
 1.000000  0.000000  0.000000  0.000000
 1.000000  0.000000  0.000000  0.000000
 0.000000  0.000000  1.000000  0.000000
 0.200000  0.600000  0.000000  0.200000
URL http://jaspar2022.genereg.net/matrix/MA0053.1

MOTIF MA0054.1 myb.Ph3
letter-probability matrix: alength= 4 w= 9 nsites= 70 E= 0
 0.271429  0.042857  0.028571  0.657143
 0.914286  0.014286  0.028571  0.042857
 0.900000  0.000000  0.028571  0.071429
 0.057143  0.885714  0.042857  0.014286
 0.142857  0.385714  0.228571  0.242857
 0.142857  0.028571  0.757143  0.071429
 0.185714  0.114286  0.000000  0.700000
 0.042857  0.242857  0.014286  0.700000
 0.400000  0.014286  0.000000  0.585714
URL http://jaspar2022.genereg.net/matrix/MA0054.1

MOTIF MA0064.1 PBF
letter-probability matrix: alength= 4 w= 5 nsites= 16 E= 0
 1.000000  0.000000  0.000000  0.000000
 1.000000  0.000000  0.000000  0.000000
 1.000000  0.000000  0.000000  0.000000
 0.000000  0.000000  1.000000  0.000000
 0.062500  0.562500  0.062500  0.312500
URL http://jaspar2022.genereg.net/matrix/MA0064.1

MOTIF MA0082.1 squamosa
letter-probability matrix: alength= 4 w= 14 nsites= 30 E= 0
 0.366667  0.466667  0.033333  0.133333
 0.000000  0.733333  0.000000  0.266667
 0.800000  0.000000  0.133333  0.066667
 0.533333  0.066667  0.033333  0.366667
 0.766667  0.000000  0.000000  0.233333
 0.566667  0.000000  0.000000  0.433333
 0.800000  0.033333  0.000000  0.166667
 0.266667  0.000000  0.033333  0.700000
 0.466667  0.033333  0.500000  0.000000
 0.033333  0.033333  0.933333  0.000000
 0.466667  0.166667  0.033333  0.333333
 0.833333  0.166667  0.000000  0.000000
 0.700000  0.066667  0.100000  0.133333
 0.233333  0.166667  0.266667  0.333333
URL http://jaspar2022.genereg.net/matrix/MA0082.1

MOTIF MA0096.1 bZIP910
letter-probability matrix: alength= 4 w= 7 nsites= 35 E= 0
 0.428571  0.428571  0.142857  0.000000
 0.000000  0.000000  0.000000  1.000000
 0.000000  0.000000  1.000000  0.000000
 1.000000  0.000000  0.000000  0.000000
 0.000000  1.000000  0.000000  0.000000
 0.000000  0.000000  1.000000  0.000000
 0.000000  0.000000  0.000000  1.000000
URL http://jaspar2022.genereg.net/matrix/MA0096.1

MOTIF MA0097.1 bZIP911
letter-probability matrix: alength= 4 w= 12 nsites= 33 E= 0
 0.030303  0.000000  0.939394  0.030303
 0.515152  0.000000  0.484848  0.000000
 0.000000  0.000000  0.000000  1.000000
 0.000000  0.000000  1.000000  0.000000
 1.000000  0.000000  0.000000  0.000000
 0.000000  1.000000  0.000000  0.000000
 0.000000  0.000000  1.000000  0.000000
 0.000000  0.000000  0.000000  1.000000
 0.000000  0.030303  0.969697  0.000000
 0.030303  0.000000  0.666667  0.303030
 0.333333  0.606061  0.030303  0.030303
 0.030303  0.969697  0.000000  0.000000
URL http://jaspar2022.genereg.net/matrix/MA0097.1

MOTIF MA0121.1 ARR10
letter-probability matrix: alength= 4 w= 8 nsites= 15 E= 0
 0.933333  0.066667  0.000000  0.000000
 0.000000  0.000000  1.000000  0.000000
 0.933333  0.000000  0.066667  0.000000
 0.000000  0.000000  0.000000  1.000000
 0.266667  0.400000  0.000000  0.333333
 0.066667  0.533333  0.000000  0.400000
 0.000000  0.000000  0.600000  0.400000
 0.200000  0.400000  0.266667  0.133333
URL http://jaspar2022.genereg.net/matrix/MA0121.1

MOTIF MA0123.1 abi4
letter-probability matrix: alength= 4 w= 10 nsites= 49 E= 0
 0.000000  1.000000  0.000000  0.000000
 0.244898  0.000000  0.755102  0.000000
 0.000000  0.408163  0.591837  0.000000
 0.000000  0.469388  0.020408  0.510204
 0.020408  0.061224  0.918367  0.000000
 0.000000  0.918367  0.081633  0.000000
 0.102041  0.571429  0.122449  0.204082
 0.061224  0.510204  0.224490  0.204082
 0.061224  0.632653  0.102041  0.204082
 0.081633  0.530612  0.142857  0.244898
URL http://jaspar2022.genereg.net/matrix/MA0123.1

MOTIF MA0127.1 PEND
letter-probability matrix: alength= 4 w= 10 nsites= 42 E= 0
 0.714286  0.047619  0.190476  0.047619
 0.142857  0.452381  0.166667  0.238095
 0.023810  0.000000  0.047619  0.928571
 0.095238  0.000000  0.095238  0.809524
 0.071429  0.785714  0.047619  0.095238
 0.000000  0.047619  0.047619  0.904762
 0.047619  0.000000  0.023810  0.928571
 0.761905  0.166667  0.047619  0.023810
 0.095238  0.071429  0.000000  0.833333
 0.047619  0.119048  0.333333  0.500000
URL http://jaspar2022.genereg.net/matrix/MA0127.1

MOTIF MA0128.1 EmBP-1
letter-probability matrix: alength= 4 w= 8 nsites= 13 E= 0
 0.692308  0.000000  0.000000  0.307692
 0.076923  0.538462  0.307692  0.076923
 1.000000  0.000000  0.000000  0.000000
 0.000000  0.923077  0.000000  0.076923
 0.000000  0.000000  1.000000  0.000000
 0.000000  0.000000  0.000000  1.000000
 0.000000  0.076923  0.923077  0.000000
 0.000000  0.076923  0.923077  0.000000
URL http://jaspar2022.genereg.net/matrix/MA0128.1

MOTIF MA0129.1 TGA1A
letter-probability matrix: alength= 4 w= 7 nsites= 15 E= 0
 0.266667  0.266667  0.000000  0.466667
 0.866667  0.000000  0.066667  0.066667
 0.000000  0.933333  0.000000  0.066667
 0.133333  0.000000  0.866667  0.000000
 0.066667  0.000000  0.000000  0.933333
 0.000000  1.000000  0.000000  0.000000
 0.866667  0.000000  0.066667  0.066667
URL http://jaspar2022.genereg.net/matrix/MA0129.1

MOTIF MA0549.1 BZR2
letter-probability matrix: alength= 4 w= 11 nsites= 99 E= 0
 0.232323  0.454545  0.101010  0.212121
 0.414141  0.080808  0.505051  0.000000
 0.000000  1.000000  0.000000  0.000000
 0.898990  0.000000  0.040404  0.060606
 0.000000  1.000000  0.000000  0.000000
 0.000000  0.000000  1.000000  0.000000
 0.000000  0.000000  0.000000  1.000000
 0.030303  0.000000  0.969697  0.000000
 0.161616  0.050505  0.363636  0.424242
 0.171717  0.333333  0.464646  0.030303
 0.363636  0.292929  0.333333  0.010101
URL http://jaspar2022.genereg.net/matrix/MA0549.1

MOTIF MA0551.1 HY5
letter-probability matrix: alength= 4 w= 16 nsites= 320 E= 0
 0.321875  0.187500  0.212500  0.278125
 0.337500  0.175000  0.193750  0.293750
 0.162500  0.171875  0.093750  0.571875
 0.028125  0.025000  0.871875  0.075000
 0.468750  0.515625  0.003125  0.012500
 0.000000  0.990625  0.003125  0.006250
 0.968750  0.003125  0.028125  0.000000
 0.009375  0.971875  0.015625  0.003125
 0.003125  0.015625  0.971875  0.009375
 0.000000  0.028125  0.003125  0.968750
 0.006250  0.003125  0.990625  0.000000
 0.012500  0.003125  0.515625  0.468750
 0.075000  0.871875  0.025000  0.028125
 0.571875  0.093750  0.171875  0.162500
 0.293750  0.193750  0.175000  0.337500
 0.278125  0.212500  0.187500  0.321875
URL http://jaspar2022.genereg.net/matrix/MA0551.1

MOTIF MA0552.1 PIF1
letter-probability matrix: alength= 4 w= 14 nsites= 114 E= 0
 0.324561  0.105263  0.324561  0.245614
 0.219298  0.000000  0.464912  0.315789
 0.307018  0.245614  0.254386  0.192982
 0.464912  0.070175  0.350877  0.114035
 0.236842  0.236842  0.280702  0.245614
 0.078947  0.149123  0.640351  0.131579
 0.333333  0.122807  0.122807  0.421053
 0.000000  0.903509  0.096491  0.000000
 1.000000  0.000000  0.000000  0.000000
 0.000000  0.991228  0.008772  0.000000
 0.000000  0.000000  1.000000  0.000000
 0.000000  0.017544  0.000000  0.982456
 0.000000  0.000000  1.000000  0.000000
 0.192982  0.201754  0.447368  0.157895
URL http://jaspar2022.genereg.net/matrix/MA0552.1

MOTIF MA0553.1 SMZ
letter-probability matrix: alength= 4 w= 8 nsites= 147 E= 0
 0.000000  0.714286  0.000000  0.285714
 0.000000  0.809524  0.190476  0.000000
 0.000000  0.000000  0.000000  1.000000
 0.000000  1.000000  0.000000  0.000000
 0.000000  0.000000  1.000000  0.000000
 0.000000  0.000000  0.170068  0.829932
 0.918367  0.081633  0.000000  0.000000
 0.000000  1.000000  0.000000  0.000000
URL http://jaspar2022.genereg.net/matrix/MA0553.1

MOTIF MA0554.1 SOC1
letter-probability matrix: alength= 4 w= 15 nsites= 888 E= 0
 0.324324  0.138514  0.111486  0.425676
 0.193694  0.297297  0.127252  0.381757
 0.073198  0.030405  0.038288  0.858108
 0.069820  0.000000  0.057432  0.872748
 0.131757  0.052928  0.100225  0.715090
 0.022523  0.962838  0.014640  0.000000
 0.000000  0.694820  0.010135  0.295045
 0.516892  0.041667  0.063063  0.378378
 0.154279  0.087838  0.000000  0.757883
 0.146396  0.006757  0.000000  0.846847
 0.024775  0.009009  0.000000  0.966216
 0.110360  0.027027  0.000000  0.862613
 0.101351  0.079955  0.096847  0.721847
 0.203829  0.011261  0.769144  0.015766
 0.019144  0.025901  0.748874  0.206081
URL http://jaspar2022.genereg.net/matrix/MA0554.1

MOTIF MA0555.1 SVP
letter-probability matrix: alength= 4 w= 20 nsites= 92 E= 0
 0.304348  0.260870  0.228261  0.206522
 0.304348  0.119565  0.086957  0.489130
 0.304348  0.010870  0.108696  0.576087
 0.358696  0.173913  0.119565  0.347826
 0.076087  0.923913  0.000000  0.000000
 0.032609  0.858696  0.010870  0.097826
 0.630435  0.173913  0.076087  0.119565
 0.728261  0.054348  0.086957  0.130435
 0.934783  0.000000  0.000000  0.065217
 0.836957  0.010870  0.021739  0.130435
 0.847826  0.086957  0.032609  0.032609
 0.369565  0.108696  0.152174  0.369565
 0.173913  0.000000  0.804348  0.021739
 0.000000  0.000000  1.000000  0.000000
 0.771739  0.108696  0.000000  0.119565
 0.913043  0.021739  0.021739  0.043478
 0.836957  0.076087  0.021739  0.065217
 0.369565  0.086957  0.423913  0.119565
 0.543478  0.173913  0.054348  0.228261
 0.413043  0.228261  0.032609  0.326087
URL http://jaspar2022.genereg.net/matrix/MA0555.1

MOTIF MA0556.1 AP3
letter-probability matrix: alength= 4 w= 15 nsites= 291 E= 0
 0.316151  0.123711  0.068729  0.491409
 0.288660  0.113402  0.134021  0.463918
 0.164948  0.828179  0.000000  0.006873
 0.000000  0.797251  0.003436  0.199313
 0.635739  0.209622  0.037801  0.116838
 0.745704  0.075601  0.037801  0.140893
 0.972509  0.000000  0.000000  0.027491
 0.824742  0.003436  0.000000  0.171821
 0.536082  0.034364  0.357388  0.072165
 0.326460  0.000000  0.103093  0.570447
 0.336770  0.006873  0.656357  0.000000
 0.024055  0.000000  0.975945  0.000000
 0.628866  0.192440  0.017182  0.161512
 0.793814  0.061856  0.030928  0.113402
 0.835052  0.030928  0.065292  0.068729
URL http://jaspar2022.genereg.net/matrix/MA0556.1

MOTIF MA0557.1 FHY3
letter-probability matrix: alength= 4 w= 12 nsites= 235 E= 0
 0.195745  0.344681  0.170213  0.289362
 0.319149  0.246809  0.106383  0.327660
 0.038298  0.893617  0.038298  0.029787
 0.961702  0.012766  0.008511  0.017021
 0.008511  0.978723  0.004255  0.008511
 0.012766  0.068085  0.906383  0.012766
 0.000000  0.936170  0.000000  0.063830
 0.017021  0.000000  0.970213  0.012766
 0.076596  0.885106  0.025532  0.012766
 0.068085  0.170213  0.072340  0.689362
 0.268085  0.289362  0.170213  0.272340
 0.348936  0.187234  0.212766  0.251064
URL http://jaspar2022.genereg.net/matrix/MA0557.1

MOTIF MA0558.1 FLC
letter-probability matrix: alength= 4 w= 21 nsites= 275 E= 0
 0.440000  0.160000  0.163636  0.236364
 0.327273  0.221818  0.229091  0.221818
 0.345455  0.134545  0.076364  0.443636
 0.298182  0.094545  0.130909  0.476364
 0.283636  0.090909  0.240000  0.385455
 0.196364  0.701818  0.043636  0.058182
 0.032727  0.672727  0.014545  0.280000
 0.490909  0.254545  0.134545  0.120000
 0.720000  0.036364  0.138182  0.105455
 0.949091  0.000000  0.010909  0.040000
 0.847273  0.010909  0.010909  0.130909
 0.701818  0.010909  0.065455  0.221818
 0.283636  0.040000  0.054545  0.621818
 0.512727  0.000000  0.487273  0.000000
 0.000000  0.000000  1.000000  0.000000
 0.789091  0.076364  0.021818  0.112727
 0.974545  0.010909  0.014545  0.000000
 0.934545  0.003636  0.054545  0.007273
 0.225455  0.156364  0.538182  0.080000
 0.396364  0.170909  0.061818  0.370909
 0.374545  0.181818  0.105455  0.338182
URL http://jaspar2022.genereg.net/matrix/MA0558.1

MOTIF MA0559.1 PI
letter-probability matrix: alength= 4 w= 14 nsites= 558 E= 0
 0.279570  0.600358  0.086022  0.034050
 0.102151  0.706093  0.078853  0.112903
 0.639785  0.141577  0.120072  0.098566
 0.802867  0.021505  0.148746  0.026882
 0.987455  0.001792  0.007168  0.003584
 0.892473  0.000000  0.021505  0.086022
 0.539427  0.014337  0.437276  0.008961
 0.559140  0.025090  0.123656  0.292115
 0.413978  0.000000  0.586022  0.000000
 0.012545  0.010753  0.976703  0.000000
 0.799283  0.096774  0.012545  0.091398
 0.887097  0.012545  0.043011  0.057348
 0.817204  0.046595  0.107527  0.028674
 0.458781  0.103943  0.356631  0.080645
URL http://jaspar2022.genereg.net/matrix/MA0559.1

MOTIF MA0560.1 PIF3
letter-probability matrix: alength= 4 w= 10 nsites= 527 E= 0
 0.398482  0.049336  0.280835  0.271347
 0.110057  0.248577  0.421252  0.220114
 0.036053  0.757116  0.178368  0.028463
 0.000000  1.000000  0.000000  0.000000
 1.000000  0.000000  0.000000  0.000000
 0.000000  0.776091  0.000000  0.223909
 0.000000  0.000000  1.000000  0.000000
 0.000000  0.000000  0.000000  1.000000
 0.000000  0.000000  1.000000  0.000000
 0.491461  0.062619  0.259962  0.185958
URL http://jaspar2022.genereg.net/matrix/MA0560.1

MOTIF MA0561.1 PIF4
letter-probability matrix: alength= 4 w= 8 nsites= 335 E= 0
 0.000000  1.000000  0.000000  0.000000
 1.000000  0.000000  0.000000  0.000000
 0.000000  1.000000  0.000000  0.000000
 0.146269  0.000000  0.853731  0.000000
 0.000000  0.000000  0.000000  1.000000
 0.000000  0.000000  1.000000  0.000000
 0.000000  0.295522  0.546269  0.158209
 0.191045  0.614925  0.194030  0.000000
URL http://jaspar2022.genereg.net/matrix/MA0561.1

MOTIF MA0562.1 PIF5
letter-probability matrix: alength= 4 w= 8 nsites= 286 E= 0
 0.000000  0.272727  0.000000  0.727273
 0.000000  1.000000  0.000000  0.000000
 1.000000  0.000000  0.000000  0.000000
 0.000000  1.000000  0.000000  0.000000
 0.318182  0.000000  0.681818  0.000000
 0.000000  0.000000  0.000000  1.000000
 0.000000  0.000000  1.000000  0.000000
 0.000000  0.332168  0.562937  0.104895
URL http://jaspar2022.genereg.net/matrix/MA0562.1

MOTIF MA0563.1 SEP3
letter-probability matrix: alength= 4 w= 11 nsites= 150 E= 0
 0.160000  0.246667  0.193333  0.400000
 0.126667  0.740000  0.033333  0.100000
 0.006667  0.646667  0.006667  0.340000
 0.513333  0.000000  0.000000  0.486667
 0.080000  0.186667  0.033333  0.700000
 0.126667  0.000000  0.033333  0.840000
 0.000000  0.000000  0.000000  1.000000
 0.060000  0.000000  0.160000  0.780000
 0.073333  0.020000  0.146667  0.760000
 0.060000  0.000000  0.920000  0.020000
 0.000000  0.046667  0.760000  0.193333
URL http://jaspar2022.genereg.net/matrix/MA0563.1

MOTIF MA0564.1 ABI3
letter-probability matrix: alength= 4 w= 9 nsites= 100 E= 0
 0.060000  0.600000  0.090000  0.250000
 0.151515  0.161616  0.151515  0.535354
 0.030000  0.070000  0.850000  0.050000
 0.010000  0.960000  0.020000  0.010000
 0.970000  0.010000  0.010000  0.010000
 0.010000  0.010000  0.010000  0.970000
 0.010101  0.010101  0.969697  0.010101
 0.060000  0.840000  0.080000  0.020000
 0.500000  0.150000  0.130000  0.220000
URL http://jaspar2022.genereg.net/matrix/MA0564.1

MOTIF MA0566.1 MYC2
letter-probability matrix: alength= 4 w= 8 nsites= 100 E= 0
 0.250000  0.100000  0.600000  0.050000
 0.090000  0.910000  0.000000  0.000000
 0.970000  0.000000  0.020000  0.010000
 0.000000  0.850000  0.000000  0.150000
 0.150000  0.000000  0.850000  0.000000
 0.010000  0.020000  0.000000  0.970000
 0.000000  0.000000  0.910000  0.090000
 0.050000  0.600000  0.100000  0.250000
URL http://jaspar2022.genereg.net/matrix/MA0566.1

MOTIF MA0567.1 ERF1B
letter-probability matrix: alength= 4 w= 8 nsites= 100 E= 0
 0.420000  0.540000  0.030000  0.010000
 0.009901  0.009901  0.970297  0.009901
 0.000000  0.980000  0.010000  0.010000
 0.040000  0.960000  0.000000  0.000000
 0.020000  0.000000  0.970000  0.010000
 0.020000  0.920000  0.020000  0.040000
 0.009901  0.970297  0.009901  0.009901
 0.585859  0.050505  0.242424  0.121212
URL http://jaspar2022.genereg.net/matrix/MA0567.1

MOTIF MA0568.1 MYC3
letter-probability matrix: alength= 4 w= 8 nsites= 100 E= 0
 0.250000  0.280000  0.400000  0.070000
 0.101010  0.898990  0.000000  0.000000
 0.970000  0.000000  0.020000  0.010000
 0.000000  0.840000  0.000000  0.160000
 0.160000  0.000000  0.840000  0.000000
 0.010000  0.020000  0.000000  0.970000
 0.000000  0.000000  0.898990  0.101010
 0.070000  0.400000  0.280000  0.250000
URL http://jaspar2022.genereg.net/matrix/MA0568.1

MOTIF MA0569.1 MYC4
letter-probability matrix: alength= 4 w= 8 nsites= 100 E= 0
 0.380000  0.180000  0.360000  0.080000
 0.050000  0.950000  0.000000  0.000000
 0.990000  0.000000  0.000000  0.010000
 0.000000  0.940000  0.000000  0.060000
 0.020000  0.000000  0.980000  0.000000
 0.000000  0.010000  0.000000  0.990000
 0.000000  0.000000  0.980000  0.020000
 0.020202  0.727273  0.080808  0.171717
URL http://jaspar2022.genereg.net/matrix/MA0569.1

MOTIF MA0005.2 AG
letter-probability matrix: alength= 4 w= 18 nsites= 66 E= 0
 0.318182  0.303030  0.090909  0.287879
 0.136364  0.045455  0.045455  0.772727
 0.151515  0.000000  0.015152  0.833333
 0.439394  0.121212  0.121212  0.318182
 0.000000  1.000000  0.000000  0.000000
 0.000000  0.984848  0.000000  0.015152
 0.469697  0.045455  0.090909  0.393939
 0.712121  0.030303  0.000000  0.257576
 0.787879  0.000000  0.015152  0.196970
 0.378788  0.000000  0.015152  0.606061
 0.257576  0.227273  0.166667  0.348485
 0.287879  0.121212  0.303030  0.287879
 0.106061  0.000000  0.863636  0.030303
 0.030303  0.000000  0.818182  0.151515
 0.333333  0.257576  0.075758  0.333333
 0.681818  0.060606  0.075758  0.181818
 0.606061  0.090909  0.136364  0.166667
 0.227273  0.151515  0.242424  0.378788
URL http://jaspar2022.genereg.net/matrix/MA0005.2

MOTIF MA0571.1 ANT
letter-probability matrix: alength= 4 w= 21 nsites= 34 E= 0
 0.176471  0.117647  0.352941  0.352941
 0.147059  0.205882  0.382353  0.264706
 0.235294  0.000000  0.705882  0.058824
 0.000000  0.941176  0.000000  0.058824
 0.911765  0.000000  0.058824  0.029412
 0.000000  1.000000  0.000000  0.000000
 0.617647  0.000000  0.382353  0.000000
 0.235294  0.176471  0.441176  0.147059
 0.441176  0.029412  0.029412  0.500000
 0.000000  0.088235  0.000000  0.911765
 0.117647  0.735294  0.000000  0.147059
 0.000000  1.000000  0.000000  0.000000
 0.000000  0.970588  0.000000  0.029412
 0.264706  0.323529  0.382353  0.029412
 1.000000  0.000000  0.000000  0.000000
 0.205882  0.029412  0.470588  0.294118
 0.088235  0.029412  0.852941  0.029412
 0.058824  0.294118  0.088235  0.558824
 0.235294  0.176471  0.411765  0.176471
 0.352941  0.294118  0.117647  0.235294
 0.558824  0.117647  0.088235  0.235294
URL http://jaspar2022.genereg.net/matrix/MA0571.1

MOTIF MA0573.1 ATHB-9
letter-probability matrix: alength= 4 w= 19 nsites= 9 E= 0
 0.444444  0.222222  0.111111  0.222222
 0.357143  0.214286  0.214286  0.214286
 0.312500  0.250000  0.125000  0.312500
 0.166667  0.444444  0.111111  0.277778
 0.000000  0.038462  0.961538  0.000000
 0.000000  0.230769  0.000000  0.769231
 0.961538  0.000000  0.038462  0.000000
 1.000000  0.000000  0.000000  0.000000
 0.000000  0.000000  0.000000  1.000000
 0.000000  0.000000  1.000000  0.000000
 1.000000  0.000000  0.000000  0.000000
 0.000000  0.000000  0.000000  1.000000
 0.000000  0.000000  0.115385  0.884615
 0.653846  0.000000  0.346154  0.000000
 0.000000  0.961538  0.038462  0.000000
 0.294118  0.058824  0.235294  0.411765
 0.166667  0.500000  0.000000  0.333333
 0.000000  0.300000  0.400000  0.300000
 0.000000  0.625000  0.375000  0.000000
URL http://jaspar2022.genereg.net/matrix/MA0573.1

MOTIF MA0574.1 MYB15
letter-probability matrix: alength= 4 w= 13 nsites= 100 E= 0
 0.040000  0.730000  0.090000  0.140000
 0.270000  0.180000  0.510000  0.040000
 0.640000  0.180000  0.180000  0.000000
 0.040000  0.640000  0.180000  0.140000
 0.000000  0.000000  1.000000  0.000000
 0.000000  0.000000  1.000000  0.000000
 0.000000  0.000000  0.000000  1.000000
 0.870000  0.040000  0.000000  0.090000
 0.000000  0.000000  1.000000  0.000000
 0.000000  0.000000  1.000000  0.000000
 0.000000  0.000000  0.000000  1.000000
 0.180000  0.000000  0.780000  0.040000
 0.040000  0.000000  0.870000  0.090000
URL http://jaspar2022.genereg.net/matrix/MA0574.1

MOTIF MA0575.1 MYB77
letter-probability matrix: alength= 4 w= 13 nsites= 100 E= 0
 0.330000  0.300000  0.200000  0.170000
 0.570000  0.170000  0.170000  0.090000
 0.270000  0.090000  0.370000  0.270000
 0.060000  0.300000  0.200000  0.440000
 0.090000  0.060000  0.820000  0.030000
 0.680000  0.030000  0.230000  0.060000
 0.000000  1.000000  0.000000  0.000000
 0.500000  0.000000  0.500000  0.000000
 0.000000  0.000000  1.000000  0.000000
 0.000000  0.000000  0.000000  1.000000
 0.000000  0.000000  0.000000  1.000000
 0.680000  0.030000  0.260000  0.030000
 0.030000  0.550000  0.300000  0.120000
URL http://jaspar2022.genereg.net/matrix/MA0575.1

MOTIF MA0576.1 RAX3
letter-probability matrix: alength= 4 w= 13 nsites= 100 E= 0
 0.220000  0.180000  0.420000  0.180000
 0.000000  0.140000  0.860000  0.000000
 0.180000  0.040000  0.780000  0.000000
 0.140000  0.090000  0.550000  0.220000
 0.000000  0.000000  1.000000  0.000000
 0.000000  0.000000  1.000000  0.000000
 0.000000  0.000000  0.000000  1.000000
 0.780000  0.040000  0.040000  0.140000
 0.000000  0.000000  1.000000  0.000000
 0.000000  0.000000  1.000000  0.000000
 0.000000  0.000000  0.000000  1.000000
 0.000000  0.000000  0.960000  0.040000
 0.040000  0.320000  0.600000  0.040000
URL http://jaspar2022.genereg.net/matrix/MA0576.1

MOTIF MA0578.1 SPL8
letter-probability matrix: alength= 4 w= 16 nsites= 30 E= 0
 0.366667  0.033333  0.133333  0.466667
 0.366667  0.000000  0.200000  0.433333
 0.300000  0.133333  0.200000  0.366667
 0.333333  0.033333  0.133333  0.500000
 0.333333  0.200000  0.133333  0.333333
 0.100000  0.333333  0.066667  0.500000
 0.000000  0.000000  1.000000  0.000000
 0.000000  0.000000  0.000000  1.000000
 1.000000  0.000000  0.000000  0.000000
 0.000000  1.000000  0.000000  0.000000
 0.200000  0.400000  0.033333  0.366667
 0.333333  0.233333  0.000000  0.433333
 0.166667  0.266667  0.033333  0.533333
 0.433333  0.166667  0.000000  0.400000
 0.333333  0.100000  0.000000  0.566667
 0.366667  0.200000  0.000000  0.433333
URL http://jaspar2022.genereg.net/matrix/MA0578.1

MOTIF MA0579.1 CDC5
letter-probability matrix: alength= 4 w= 11 nsites= 99 E= 0
 0.282828  0.242424  0.323232  0.151515
 0.170000  0.260000  0.550000  0.020000
 0.000000  0.920000  0.040000  0.040000
 0.020000  0.020000  0.000000  0.960000
 0.060606  0.858586  0.000000  0.080808
 0.919192  0.020202  0.020202  0.040404
 0.020202  0.000000  0.939394  0.040404
 0.020000  0.930000  0.050000  0.000000
 0.040404  0.040404  0.919192  0.000000
 0.020000  0.550000  0.270000  0.160000
 0.180000  0.230000  0.450000  0.140000
URL http://jaspar2022.genereg.net/matrix/MA0579.1

MOTIF MA0580.1 DYT1
letter-probability matrix: alength= 4 w= 14 nsites= 11 E= 0
 0.363636  0.545455  0.000000  0.090909
 0.272727  0.090909  0.636364  0.000000
 0.090909  0.181818  0.090909  0.636364
 0.181818  0.181818  0.545455  0.090909
 0.909091  0.090909  0.000000  0.000000
 0.272727  0.000000  0.636364  0.090909
 0.363636  0.000000  0.000000  0.636364
 0.000000  1.000000  0.000000  0.000000
 1.000000  0.000000  0.000000  0.000000
 0.000000  1.000000  0.000000  0.000000
 0.090909  0.000000  0.909091  0.000000
 0.000000  0.000000  0.000000  1.000000
 0.000000  0.000000  1.000000  0.000000
 1.000000  0.000000  0.000000  0.000000
URL http://jaspar2022.genereg.net/matrix/MA0580.1

MOTIF MA0581.1 LEC2
letter-probability matrix: alength= 4 w= 11 nsites= 487 E= 0
 0.219713  0.176591  0.244353  0.359343
 0.197125  0.334702  0.338809  0.129363
 0.004107  0.975359  0.000000  0.020534
 1.000000  0.000000  0.000000  0.000000
 0.000000  0.000000  0.000000  1.000000
 0.000000  0.000000  1.000000  0.000000
 0.000000  1.000000  0.000000  0.000000
 0.618070  0.061602  0.320329  0.000000
 0.236140  0.447639  0.123203  0.193018
 0.468172  0.176591  0.090349  0.264887
 0.197125  0.162218  0.127310  0.513347
URL http://jaspar2022.genereg.net/matrix/MA0581.1

MOTIF MA0582.1 RAV1
letter-probability matrix: alength= 4 w= 12 nsites= 49 E= 0
 0.285714  0.346939  0.244898  0.122449
 0.313725  0.215686  0.196078  0.274510
 0.122807  0.245614  0.614035  0.017544
 0.000000  1.000000  0.000000  0.000000
 0.691176  0.176471  0.132353  0.000000
 0.898551  0.057971  0.043478  0.000000
 0.000000  1.000000  0.000000  0.000000
 1.000000  0.000000  0.000000  0.000000
 0.130435  0.101449  0.463768  0.304348
 0.594203  0.057971  0.057971  0.289855
 0.492754  0.086957  0.144928  0.275362
 0.391304  0.130435  0.246377  0.231884
URL http://jaspar2022.genereg.net/matrix/MA0582.1

MOTIF MA0583.1 RAV1
letter-probability matrix: alength= 4 w= 12 nsites= 62 E= 0
 0.354839  0.193548  0.161290  0.290323
 0.203125  0.234375  0.125000  0.437500
 0.123077  0.753846  0.015385  0.107692
 0.615385  0.092308  0.123077  0.169231
 0.015385  0.861538  0.046154  0.076923
 0.000000  1.000000  0.000000  0.000000
 0.000000  0.000000  0.000000  1.000000
 0.000000  0.000000  1.000000  0.000000
 0.436364  0.127273  0.345455  0.090909
 0.222222  0.277778  0.333333  0.166667
 0.230769  0.269231  0.307692  0.192308
 0.173913  0.434783  0.108696  0.282609
URL http://jaspar2022.genereg.net/matrix/MA0583.1

MOTIF MA0584.1 SEP1
letter-probability matrix: alength= 4 w= 18 nsites= 51 E= 0
 0.274510  0.294118  0.137255  0.294118
 0.274510  0.117647  0.196078  0.411765
 0.215686  0.078431  0.117647  0.588235
 0.372549  0.137255  0.176471  0.313725
 0.000000  1.000000  0.000000  0.000000
 0.000000  0.901961  0.000000  0.098039
 0.764706  0.098039  0.019608  0.117647
 0.392157  0.039216  0.078431  0.490196
 0.725490  0.000000  0.000000  0.274510
 0.490196  0.000000  0.000000  0.509804
 0.549020  0.078431  0.078431  0.294118
 0.078431  0.117647  0.058824  0.745098
 0.509804  0.000000  0.490196  0.000000
 0.000000  0.000000  1.000000  0.000000
 0.450980  0.215686  0.058824  0.274510
 0.784314  0.058824  0.000000  0.156863
 0.647059  0.098039  0.098039  0.156863
 0.117647  0.156863  0.333333  0.392157
URL http://jaspar2022.genereg.net/matrix/MA0584.1

MOTIF MA0001.2 AGL3
letter-probability matrix: alength= 4 w= 18 nsites= 95 E= 0
 0.231579  0.305263  0.357895  0.105263
 0.168421  0.094737  0.305263  0.431579
 0.263158  0.084211  0.042105  0.610526
 0.284211  0.168421  0.136842  0.410526
 0.000000  0.968421  0.000000  0.031579
 0.000000  0.831579  0.000000  0.168421
 0.863158  0.010526  0.021053  0.105263
 0.421053  0.042105  0.031579  0.505263
 0.589474  0.000000  0.010526  0.400000
 0.368421  0.000000  0.000000  0.631579
 0.684211  0.010526  0.042105  0.263158
 0.263158  0.042105  0.031579  0.663158
 0.673684  0.000000  0.294737  0.031579
 0.000000  0.000000  0.968421  0.031579
 0.347368  0.147368  0.157895  0.347368
 0.547368  0.052632  0.073684  0.326316
 0.473684  0.242105  0.136842  0.147368
 0.221053  0.252632  0.273684  0.252632
URL http://jaspar2022.genereg.net/matrix/MA0001.2

MOTIF MA0585.1 AGL1
letter-probability matrix: alength= 4 w= 18 nsites= 65 E= 0
 0.323077  0.169231  0.230769  0.276923
 0.184615  0.092308  0.138462  0.584615
 0.061538  0.015385  0.138462  0.784615
 0.323077  0.076923  0.338462  0.261538
 0.000000  1.000000  0.000000  0.000000
 0.015385  0.969231  0.015385  0.000000
 0.461538  0.092308  0.107692  0.338462
 0.476923  0.061538  0.123077  0.338462
 0.646154  0.015385  0.015385  0.323077
 0.400000  0.046154  0.030769  0.523077
 0.215385  0.215385  0.138462  0.430769
 0.230769  0.123077  0.430769  0.215385
 0.107692  0.000000  0.861538  0.030769
 0.061538  0.000000  0.861538  0.076923
 0.400000  0.092308  0.076923  0.430769
 0.738462  0.153846  0.061538  0.046154
 0.600000  0.138462  0.123077  0.138462
 0.276923  0.230769  0.292308  0.200000
URL http://jaspar2022.genereg.net/matrix/MA0585.1

MOTIF MA0587.1 TCP16
letter-probability matrix: alength= 4 w= 10 nsites= 64 E= 0
 0.046875  0.000000  0.937500  0.015625
 0.015625  0.046875  0.000000  0.937500
 0.000000  0.000000  1.000000  0.000000
 0.000000  0.000000  1.000000  0.000000
 0.500000  0.125000  0.234375  0.140625
 0.015625  0.937500  0.031250  0.015625
 0.000000  1.000000  0.000000  0.000000
 0.000000  1.000000  0.000000  0.000000
 0.281250  0.156250  0.453125  0.109375
 0.187500  0.312500  0.406250  0.093750
URL http://jaspar2022.genereg.net/matrix/MA0587.1

MOTIF MA0588.1 TGA1
letter-probability matrix: alength= 4 w= 11 nsites= 23 E= 0
 0.086957  0.217391  0.260870  0.434783
 0.103448  0.275862  0.551724  0.068966
 0.343750  0.281250  0.375000  0.000000
 0.000000  0.000000  0.000000  1.000000
 0.000000  0.000000  1.000000  0.000000
 1.000000  0.000000  0.000000  0.000000
 0.000000  0.916667  0.000000  0.083333
 0.055556  0.000000  0.944444  0.000000
 0.038462  0.115385  0.076923  0.769231
 0.272727  0.227273  0.272727  0.227273
 0.458333  0.000000  0.250000  0.291667
URL http://jaspar2022.genereg.net/matrix/MA0588.1

MOTIF MA0589.1 WRKY1
letter-probability matrix: alength= 4 w= 11 nsites= 50 E= 0
 0.000000  0.000000  0.000000  1.000000
 0.000000  0.000000  0.000000  1.000000
 0.000000  0.000000  1.000000  0.000000
 1.000000  0.000000  0.000000  0.000000
 0.000000  1.000000  0.000000  0.000000
 0.020000  0.940000  0.020000  0.020000
 0.040000  0.100000  0.800000  0.060000
 0.640000  0.220000  0.080000  0.060000
 0.040000  0.140000  0.740000  0.080000
 0.040816  0.571429  0.102041  0.285714
 0.173913  0.434783  0.108696  0.282609
URL http://jaspar2022.genereg.net/matrix/MA0589.1

MOTIF MA0590.1 LFY
letter-probability matrix: alength= 4 w= 19 nsites= 384 E= 0
 0.083333  0.270833  0.127604  0.518229
 0.707447  0.034574  0.045213  0.212766
 0.119658  0.160256  0.025641  0.694444
 0.035398  0.012389  0.315044  0.637168
 0.335106  0.000000  0.654255  0.010638
 0.705882  0.133127  0.006192  0.154799
 0.026178  0.952880  0.000000  0.020942
 0.000000  0.949602  0.000000  0.050398
 0.248021  0.005277  0.720317  0.026385
 0.083732  0.416268  0.416268  0.083732
 0.026385  0.720317  0.005277  0.248021
 0.050398  0.000000  0.949602  0.000000
 0.020942  0.000000  0.952880  0.026178
 0.154799  0.006192  0.133127  0.705882
 0.010638  0.654255  0.000000  0.335106
 0.637168  0.315044  0.012389  0.035398
 0.694444  0.025641  0.160256  0.119658
 0.212766  0.045213  0.034574  0.707447
 0.518229  0.127604  0.270833  0.083333
URL http://jaspar2022.genereg.net/matrix/MA0590.1

MOTIF MA0931.1 ABI5
letter-probability matrix: alength= 4 w= 10 nsites= 1001 E= 0
 0.180819  0.256743  0.256743  0.305694
 0.086913  0.086913  0.659341  0.166833
 0.608000  0.314000  0.000000  0.078000
 0.000000  0.922000  0.078000  0.000000
 1.000000  0.000000  0.000000  0.000000
 0.000000  1.000000  0.000000  0.000000
 0.000000  0.000000  1.000000  0.000000
 0.000000  0.000000  0.000000  1.000000
 0.151848  0.069930  0.708292  0.069930
 0.163836  0.163836  0.336663  0.335664
URL http://jaspar2022.genereg.net/matrix/MA0931.1

MOTIF MA0932.1 AHL12
letter-probability matrix: alength= 4 w= 8 nsites= 1000 E= 0
 0.772000  0.018000  0.146000  0.064000
 0.843000  0.035000  0.024000  0.098000
 0.484000  0.014000  0.005000  0.497000
 0.331668  0.005994  0.002997  0.659341
 0.659341  0.002997  0.005994  0.331668
 0.497000  0.005000  0.014000  0.484000
 0.098000  0.024000  0.035000  0.843000
 0.064000  0.146000  0.018000  0.772000
URL http://jaspar2022.genereg.net/matrix/MA0932.1

MOTIF MA0933.1 AHL20
letter-probability matrix: alength= 4 w= 8 nsites= 1001 E= 0
 0.773227  0.065934  0.072927  0.087912
 0.753754  0.006006  0.005005  0.235235
 0.120120  0.004004  0.013013  0.862863
 0.250000  0.006000  0.006000  0.738000
 0.774000  0.004000  0.004000  0.218000
 0.843000  0.008000  0.001000  0.148000
 0.648000  0.012000  0.003000  0.337000
 0.054000  0.028000  0.018000  0.900000
URL http://jaspar2022.genereg.net/matrix/MA0933.1

MOTIF MA0934.1 AHL25
letter-probability matrix: alength= 4 w= 8 nsites= 1000 E= 0
 0.872000  0.026000  0.053000  0.049000
 0.615385  0.003996  0.005994  0.374625
 0.207000  0.004000  0.003000  0.786000
 0.225000  0.003000  0.002000  0.770000
 0.770000  0.002000  0.003000  0.225000
 0.786000  0.003000  0.004000  0.207000
 0.374625  0.005994  0.003996  0.615385
 0.049000  0.053000  0.026000  0.872000
URL http://jaspar2022.genereg.net/matrix/MA0934.1

MOTIF MA0935.1 NAC025
letter-probability matrix: alength= 4 w= 8 nsites= 1001 E= 0
 0.000999  0.420579  0.000999  0.577423
 0.965000  0.000000  0.035000  0.000000
 0.000000  1.000000  0.000000  0.000000
 0.000000  0.000000  1.000000  0.000000
 0.000000  0.276000  0.069000  0.655000
 0.827000  0.173000  0.000000  0.000000
 0.930931  0.000000  0.000000  0.069069
 0.050050  0.599600  0.050050  0.300300
URL http://jaspar2022.genereg.net/matrix/MA0935.1

MOTIF MA0936.1 NAC046
letter-probability matrix: alength= 4 w= 8 nsites= 1000 E= 0
 0.544000  0.217000  0.080000  0.159000
 0.065934  0.629371  0.037962  0.266733
 0.813000  0.120000  0.043000  0.024000
 0.102000  0.858000  0.024000  0.016000
 0.094000  0.049000  0.812000  0.045000
 0.143000  0.565000  0.112000  0.180000
 0.459000  0.402000  0.048000  0.091000
 0.805000  0.040000  0.096000  0.059000
URL http://jaspar2022.genereg.net/matrix/MA0936.1

MOTIF MA0937.1 NAC055
letter-probability matrix: alength= 4 w= 8 nsites= 1000 E= 0
 0.796000  0.026000  0.044000  0.134000
 0.019019  0.774775  0.018018  0.188188
 0.969031  0.017982  0.003996  0.008991
 0.022000  0.960000  0.006000  0.012000
 0.016000  0.016000  0.948000  0.020000
 0.014000  0.116000  0.134000  0.736000
 0.878879  0.080080  0.004004  0.037037
 0.866000  0.009000  0.004000  0.121000
URL http://jaspar2022.genereg.net/matrix/MA0937.1

MOTIF MA0939.1 NAC079
letter-probability matrix: alength= 4 w= 8 nsites= 1000 E= 0
 0.665000  0.001000  0.222000  0.112000
 0.000999  0.690310  0.000999  0.307692
 0.997003  0.000999  0.000999  0.000999
 0.000999  0.997003  0.000999  0.000999
 0.000999  0.000999  0.997003  0.000999
 0.001000  0.855000  0.001000  0.143000
 0.784000  0.072000  0.001000  0.143000
 0.997003  0.000999  0.000999  0.000999
URL http://jaspar2022.genereg.net/matrix/MA0939.1

MOTIF MA0940.1 AP1
letter-probability matrix: alength= 4 w= 13 nsites= 1622 E= 0
 0.452528  0.492602  0.019729  0.035142
 0.051788  0.580148  0.024044  0.344020
 0.815660  0.028360  0.021578  0.134402
 0.699137  0.011714  0.093711  0.195438
 0.956227  0.006165  0.009248  0.028360
 0.787300  0.009248  0.014797  0.188656
 0.734279  0.014180  0.155364  0.096178
 0.420469  0.012947  0.158446  0.408138
 0.402589  0.007398  0.573366  0.016646
 0.081998  0.036991  0.834772  0.046239
 0.706535  0.094328  0.104809  0.094328
 0.788533  0.075216  0.103576  0.032676
 0.774969  0.013564  0.099877  0.111591
URL http://jaspar2022.genereg.net/matrix/MA0940.1

MOTIF MA0941.1 ABF2
letter-probability matrix: alength= 4 w= 13 nsites= 1001 E= 0
 0.230769  0.307692  0.230769  0.230769
 0.307692  0.230769  0.230769  0.230769
 0.191000  0.268000  0.191000  0.350000
 0.274274  0.120120  0.403403  0.202202
 0.699000  0.177000  0.103000  0.021000
 0.000000  0.840841  0.000000  0.159159
 1.000000  0.000000  0.000000  0.000000
 0.000000  0.917918  0.000000  0.082082
 0.019019  0.019019  0.942943  0.019019
 0.019019  0.019019  0.019019  0.942943
 0.218000  0.059000  0.664000  0.059000
 0.212787  0.129870  0.286713  0.370629
 0.229229  0.229229  0.229229  0.312312
URL http://jaspar2022.genereg.net/matrix/MA0941.1

MOTIF MA0942.1 ARF1
letter-probability matrix: alength= 4 w= 8 nsites= 1001 E= 0
 0.721279  0.001998  0.275724  0.000999
 0.002997  0.992008  0.000999  0.003996
 0.003996  0.992008  0.001998  0.001998
 0.004004  0.002002  0.992993  0.001001
 0.989000  0.003000  0.001000  0.007000
 0.002002  0.993994  0.002002  0.002002
 0.900100  0.003996  0.087912  0.007992
 0.261738  0.219780  0.206793  0.311688
URL http://jaspar2022.genereg.net/matrix/MA0942.1

MOTIF MA0943.1 ARF5
letter-probability matrix: alength= 4 w= 8 nsites= 999 E= 0
 0.303303  0.160160  0.477477  0.059059
 0.008991  0.968032  0.014985  0.007992
 0.096903  0.897103  0.003996  0.001998
 0.012000  0.001000  0.985000  0.002000
 0.952000  0.001000  0.046000  0.001000
 0.002000  0.992000  0.003000  0.003000
 0.772228  0.223776  0.001998  0.001998
 0.491000  0.098000  0.218000  0.193000
URL http://jaspar2022.genereg.net/matrix/MA0943.1

MOTIF MA0944.1 ARF8
letter-probability matrix: alength= 4 w= 9 nsites= 1000 E= 0
 0.270000  0.233000  0.204000  0.293000
 0.225000  0.259000  0.106000  0.410000
 0.004000  0.000000  0.090000  0.906000
 0.038038  0.001001  0.900901  0.060060
 0.000000  0.013000  0.000000  0.987000
 0.053946  0.862138  0.001998  0.081918
 0.061000  0.027000  0.798000  0.114000
 0.121121  0.138138  0.651652  0.089089
 0.227772  0.336663  0.216783  0.218781
URL http://jaspar2022.genereg.net/matrix/MA0944.1

MOTIF MA0945.1 ARR1
letter-probability matrix: alength= 4 w= 10 nsites= 1000 E= 0
 0.406000  0.168000  0.208000  0.218000
 0.172172  0.292292  0.343343  0.192192
 0.296703  0.465534  0.138861  0.098901
 0.306000  0.083000  0.564000  0.047000
 0.423000  0.022000  0.235000  0.320000
 0.965966  0.000000  0.000000  0.034034
 0.021000  0.001000  0.001000  0.977000
 0.056000  0.897000  0.004000  0.043000
 0.143143  0.156156  0.091091  0.609610
 0.257000  0.190000  0.181000  0.372000
URL http://jaspar2022.genereg.net/matrix/MA0945.1

MOTIF MA0946.1 ARR11
letter-probability matrix: alength= 4 w= 8 nsites= 1000 E= 0
 0.625000  0.051000  0.055000  0.269000
 0.927928  0.011011  0.029029  0.032032
 0.005000  0.002000  0.982000  0.011000
 0.989990  0.002002  0.004004  0.004004
 0.007007  0.003003  0.002002  0.987988
 0.732000  0.022000  0.004000  0.242000
 0.003000  0.833000  0.002000  0.162000
 0.014000  0.005000  0.968000  0.013000
URL http://jaspar2022.genereg.net/matrix/MA0946.1

MOTIF MA0947.1 ARR14
letter-probability matrix: alength= 4 w= 8 nsites= 1000 E= 0
 0.945000  0.005000  0.026000  0.024000
 0.002000  0.001000  0.984000  0.013000
 0.991000  0.001000  0.003000  0.005000
 0.002000  0.003000  0.002000  0.993000
 0.506000  0.154000  0.001000  0.339000
 0.001000  0.960000  0.001000  0.038000
 0.009990  0.004995  0.959041  0.025974
 0.083000  0.484000  0.401000  0.032000
URL http://jaspar2022.genereg.net/matrix/MA0947.1

MOTIF MA0948.1 ARR18
letter-probability matrix: alength= 4 w= 13 nsites= 999 E= 0
 0.324324  0.225225  0.225225  0.225225
 0.202000  0.202000  0.202000  0.394000
 0.274000  0.370000  0.178000  0.178000
 0.329329  0.186186  0.194194  0.290290
 0.834835  0.025025  0.025025  0.115115
 0.000000  0.088000  0.912000  0.000000
 1.000000  0.000000  0.000000  0.000000
 0.000000  0.000000  0.000000  1.000000
 0.728000  0.025000  0.025000  0.222000
