MEME version 4

ALPHABET= ACGT

strands: + -

Background letter frequencies
A 0.25 C 0.25 G 0.25 T 0.25

MOTIF MA0260.1 che-1
letter-probability matrix: alength= 4 w= 6 nsites= 37 E= 0
 0.000000  0.000000  1.000000  0.000000
 1.000000  0.000000  0.000000  0.000000
 1.000000  0.000000  0.000000  0.000000
 0.513514  0.000000  0.486486  0.000000
 0.000000  1.000000  0.000000  0.000000
 0.000000  0.702703  0.297297  0.000000
URL https://jaspar2024.elixir.no/matrix/MA0260.1

MOTIF MA0261.1 lin-14
letter-probability matrix: alength= 4 w= 6 nsites= 159 E= 0
 0.000000  0.000000  1.000000  0.000000
 1.000000  0.000000  0.000000  0.000000
 1.000000  0.000000  0.000000  0.000000
 0.000000  1.000000  0.000000  0.000000
 0.528302  0.044025  0.352201  0.075472
 0.037975  0.531646  0.183544  0.246835
URL https://jaspar2024.elixir.no/matrix/MA0261.1

MOTIF MA0263.1 ceh-10::ttx-3
letter-probability matrix: alength= 4 w= 14 nsites= 29 E= 0
 0.965517  0.000000  0.034483  0.000000
 0.000000  0.000000  0.034483  0.965517
 0.034483  0.000000  0.000000  0.965517
 0.310345  0.000000  0.689655  0.000000
 0.000000  0.000000  0.965517  0.034483
 0.068966  0.551724  0.034483  0.344828
 0.103448  0.172414  0.034483  0.689655
 0.034483  0.172414  0.000000  0.793103
 0.482759  0.517241  0.000000  0.000000
 0.137931  0.103448  0.758621  0.000000
 0.000000  0.000000  0.000000  1.000000
 0.000000  0.068966  0.000000  0.931034
 0.827586  0.034483  0.000000  0.137931
 0.517241  0.000000  0.310345  0.172414
URL https://jaspar2024.elixir.no/matrix/MA0263.1

MOTIF MA0264.1 ceh-22
letter-probability matrix: alength= 4 w= 11 nsites= 98 E= 0
 0.336735  0.153061  0.316327  0.193878
 0.081633  0.724490  0.193878  0.000000
 0.000000  0.908163  0.000000  0.091837
 0.939394  0.010101  0.000000  0.050505
 0.010204  0.989796  0.000000  0.000000
 0.000000  0.000000  0.000000  1.000000
 0.000000  0.161616  0.000000  0.838384
 0.071429  0.275510  0.642857  0.010204
 0.959596  0.000000  0.000000  0.040404
 0.469388  0.295918  0.204082  0.030612
 0.520408  0.204082  0.153061  0.122449
URL https://jaspar2024.elixir.no/matrix/MA0264.1

MOTIF MA0537.1 blmp-1
letter-probability matrix: alength= 4 w= 11 nsites= 3368 E= 0
 0.566805  0.000000  0.433195  0.000000
 0.918052  0.000000  0.078979  0.002969
 0.868765  0.000000  0.131235  0.000000
 0.954869  0.000000  0.045131  0.000000
 0.250000  0.000000  0.611639  0.138361
 0.343527  0.099466  0.162708  0.394299
 0.000000  0.000000  1.000000  0.000000
 1.000000  0.000000  0.000000  0.000000
 0.632126  0.000000  0.322447  0.045428
 0.914786  0.000000  0.075416  0.009798
 0.518112  0.038005  0.410629  0.033254
URL https://jaspar2024.elixir.no/matrix/MA0537.1

MOTIF MA0538.1 daf-12
letter-probability matrix: alength= 4 w= 15 nsites= 156 E= 0
 0.141026  0.128205  0.724359  0.006410
 0.455128  0.000000  0.083333  0.461538
 0.211538  0.000000  0.788462  0.000000
 0.147436  0.333333  0.038462  0.480769
 0.000000  0.000000  1.000000  0.000000
 0.000000  0.333333  0.000000  0.666667
 0.000000  0.000000  1.000000  0.000000
 0.096154  0.160256  0.089744  0.653846
 0.000000  0.128205  0.621795  0.250000
 0.006410  0.000000  0.000000  0.993590
 0.000000  0.006410  0.987179  0.006410
 0.000000  0.506410  0.102564  0.391026
 0.205128  0.000000  0.538462  0.256410
 0.108974  0.128205  0.179487  0.583333
 0.108974  0.275641  0.358974  0.256410
URL https://jaspar2024.elixir.no/matrix/MA0538.1

MOTIF MA0541.1 efl-1
letter-probability matrix: alength= 4 w= 15 nsites= 2206 E= 0
 0.300091  0.334542  0.087942  0.277425
 0.266999  0.177244  0.367634  0.188123
 0.262919  0.362194  0.075249  0.299637
 0.159565  0.142339  0.396646  0.301451
 0.041704  0.521306  0.404805  0.032185
 0.027652  0.009973  0.962375  0.000000
 0.004986  0.993654  0.001360  0.000000
 0.000000  0.000000  1.000000  0.000000
 0.000000  0.561650  0.438350  0.000000
 0.060290  0.284678  0.655032  0.000000
 0.950136  0.024932  0.008160  0.016772
 0.911605  0.011786  0.070716  0.005893
 0.645512  0.062103  0.080236  0.212149
 0.315503  0.097008  0.077516  0.509973
 0.144606  0.176337  0.159565  0.519492
URL https://jaspar2024.elixir.no/matrix/MA0541.1

MOTIF MA0543.1 eor-1
letter-probability matrix: alength= 4 w= 15 nsites= 1253 E= 0
 0.350359  0.134876  0.340782  0.173982
 0.364725  0.106145  0.396648  0.132482
 0.749401  0.071030  0.133280  0.046289
 0.106145  0.001596  0.888268  0.003990
 0.962490  0.000798  0.000000  0.036712
 0.079808  0.000000  0.898643  0.021548
 0.920192  0.009577  0.055866  0.014366
 0.209098  0.476457  0.254589  0.059856
 0.342378  0.035116  0.553871  0.068635
 0.189146  0.436552  0.321628  0.052674
 0.944932  0.032721  0.022346  0.000000
 0.059058  0.022346  0.918595  0.000000
 0.933759  0.002394  0.059058  0.004789
 0.161213  0.268156  0.547486  0.023144
 0.777334  0.020750  0.146848  0.055068
URL https://jaspar2024.elixir.no/matrix/MA0543.1

MOTIF MA0544.1 snpc-4
letter-probability matrix: alength= 4 w= 12 nsites= 310 E= 0
 0.290323  0.022581  0.564516  0.122581
 0.009677  0.109677  0.009677  0.870968
 0.000000  0.000000  1.000000  0.000000
 0.006452  0.006452  0.000000  0.987097
 0.009677  0.983871  0.000000  0.006452
 0.025806  0.038710  0.896774  0.038710
 0.012903  0.006452  0.964516  0.016129
 0.038710  0.825806  0.048387  0.087097
 0.000000  0.577419  0.096774  0.325806
 0.032258  0.000000  0.954839  0.012903
 0.000000  0.945161  0.003226  0.051613
 0.125806  0.209677  0.119355  0.545161
URL https://jaspar2024.elixir.no/matrix/MA0544.1

MOTIF MA0545.1 hlh-1
letter-probability matrix: alength= 4 w= 11 nsites= 381 E= 0
 0.186352  0.364829  0.388451  0.060367
 0.803150  0.057743  0.139108  0.000000
 0.758530  0.039370  0.188976  0.013123
 0.000000  1.000000  0.000000  0.000000
 1.000000  0.000000  0.000000  0.000000
 0.178478  0.034121  0.779528  0.007874
 0.060367  0.692913  0.031496  0.215223
 0.000000  0.007874  0.000000  0.992126
 0.000000  0.000000  1.000000  0.000000
 0.254593  0.196850  0.202100  0.346457
 0.000000  0.685039  0.057743  0.257218
URL https://jaspar2024.elixir.no/matrix/MA0545.1

MOTIF MA0546.1 pha-4
letter-probability matrix: alength= 4 w= 10 nsites= 1010 E= 0
 0.579208  0.070297  0.000000  0.350495
 0.528713  0.000000  0.466337  0.004950
 0.531683  0.000000  0.078218  0.390099
 0.040594  0.000000  0.959406  0.000000
 0.000000  0.402970  0.000000  0.597030
 0.853465  0.146535  0.000000  0.000000
 1.000000  0.000000  0.000000  0.000000
 1.000000  0.000000  0.000000  0.000000
 0.000000  0.616832  0.000000  0.383168
 1.000000  0.000000  0.000000  0.000000
URL https://jaspar2024.elixir.no/matrix/MA0546.1

MOTIF MA0547.1 skn-1
letter-probability matrix: alength= 4 w= 15 nsites= 318 E= 0
 0.597484  0.135220  0.194969  0.072327
 0.745283  0.037736  0.122642  0.094340
 0.657233  0.075472  0.172956  0.094340
 0.842767  0.000000  0.050314  0.106918
 0.100629  0.113208  0.081761  0.704403
 0.000000  0.053459  0.946541  0.000000
 0.833333  0.110063  0.015723  0.040881
 0.062893  0.000000  0.000000  0.937107
 0.000000  0.000000  1.000000  0.000000
 1.000000  0.000000  0.000000  0.000000
 0.097484  0.562893  0.069182  0.270440
 0.783019  0.000000  0.088050  0.128931
 0.754717  0.000000  0.000000  0.245283
 0.437107  0.050314  0.066038  0.446541
 0.289308  0.116352  0.166667  0.427673
URL https://jaspar2024.elixir.no/matrix/MA0547.1

MOTIF MA0918.1 unc-62
letter-probability matrix: alength= 4 w= 12 nsites= 1001 E= 0
 0.216783  0.216783  0.349650  0.216783
 0.718000  0.094000  0.094000  0.094000
 0.139000  0.383000  0.432000  0.046000
 0.253000  0.601000  0.024000  0.122000
 0.000000  0.000000  0.000000  1.000000
 0.000000  0.000000  1.000000  0.000000
 0.000000  0.000000  0.000000  1.000000
 0.094000  0.906000  0.000000  0.000000
 0.805195  0.033966  0.033966  0.126873
 0.156156  0.255255  0.244244  0.344344
 0.204795  0.204795  0.204795  0.385614
 0.226773  0.226773  0.226773  0.319680
URL https://jaspar2024.elixir.no/matrix/MA0918.1

MOTIF MA0919.1 dsc-1
letter-probability matrix: alength= 4 w= 10 nsites= 999 E= 0
 0.330330  0.199199  0.296296  0.174174
 0.114114  0.405405  0.146146  0.334334
 0.062937  0.137862  0.012987  0.786214
 0.817818  0.053053  0.066066  0.063063
 0.960000  0.012000  0.016000  0.012000
 0.012000  0.016000  0.012000  0.960000
 0.063063  0.066066  0.053053  0.817818
 0.786214  0.012987  0.137862  0.062937
 0.334334  0.146146  0.405405  0.114114
 0.174174  0.296296  0.199199  0.330330
URL https://jaspar2024.elixir.no/matrix/MA0919.1

MOTIF MA0920.1 fkh-2
letter-probability matrix: alength= 4 w= 8 nsites= 999 E= 0
 0.416416  0.000000  0.541542  0.042042
 0.029000  0.000000  0.000000  0.971000
 0.828000  0.172000  0.000000  0.000000
 0.942943  0.000000  0.000000  0.057057
 1.000000  0.000000  0.000000  0.000000
 0.057000  0.914000  0.000000  0.029000
 1.000000  0.000000  0.000000  0.000000
 0.434434  0.217217  0.131131  0.217217
URL https://jaspar2024.elixir.no/matrix/MA0920.1

MOTIF MA0921.1 ceh-48
letter-probability matrix: alength= 4 w= 9 nsites= 1000 E= 0
 0.395000  0.143000  0.268000  0.194000
 0.442000  0.138000  0.196000  0.224000
 0.054000  0.358000  0.054000  0.534000
 0.094905  0.788212  0.054945  0.061938
 0.386386  0.036036  0.511512  0.066066
 0.931000  0.001000  0.000000  0.068000
 0.026000  0.000000  0.000000  0.974000
 0.534466  0.134865  0.127872  0.202797
 0.342342  0.214214  0.182182  0.261261
URL https://jaspar2024.elixir.no/matrix/MA0921.1

MOTIF MA0923.1 lim-4
letter-probability matrix: alength= 4 w= 9 nsites= 1000 E= 0
 0.274000  0.238000  0.312000  0.176000
 0.112000  0.403000  0.304000  0.181000
 0.022000  0.291000  0.006000  0.681000
 0.852000  0.117000  0.020000  0.011000
 0.979021  0.006993  0.011988  0.001998
 0.007007  0.004004  0.003003  0.985986
 0.009990  0.102897  0.048951  0.838162
 0.939000  0.010000  0.013000  0.038000
 0.514000  0.052000  0.331000  0.103000
URL https://jaspar2024.elixir.no/matrix/MA0923.1

MOTIF MA0924.1 pal-1
letter-probability matrix: alength= 4 w= 8 nsites= 1000 E= 0
 0.091000  0.001000  0.907000  0.001000
 0.000999  0.307692  0.000999  0.690310
 0.921000  0.077000  0.001000  0.001000
 0.997003  0.000999  0.000999  0.000999
 0.000999  0.000999  0.000999  0.997003
 0.537463  0.000999  0.000999  0.460539
 0.997003  0.000999  0.000999  0.000999
 0.886000  0.112000  0.001000  0.001000
URL https://jaspar2024.elixir.no/matrix/MA0924.1

MOTIF MA0925.1 sma-4
letter-probability matrix: alength= 4 w= 11 nsites= 1000 E= 0
 0.331000  0.223000  0.223000  0.223000
 0.273000  0.228000  0.300000  0.199000
 0.033000  0.033000  0.033000  0.901000
 0.000000  0.000000  0.917000  0.083000
 0.083000  0.000000  0.000000  0.917000
 0.000000  1.000000  0.000000  0.000000
 0.000000  0.000000  0.000000  1.000000
 0.215000  0.000000  0.785000  0.000000
 0.027000  0.027000  0.836000  0.110000
 0.360000  0.242000  0.256000  0.142000
 0.217000  0.349000  0.217000  0.217000
URL https://jaspar2024.elixir.no/matrix/MA0925.1

MOTIF MA0926.1 unc-86
letter-probability matrix: alength= 4 w= 8 nsites= 1000 E= 0
 0.499000  0.001000  0.250000  0.250000
 0.001000  0.001000  0.001000  0.997000
 0.997000  0.001000  0.001000  0.001000
 0.001000  0.001000  0.091000  0.907000
 0.001000  0.001000  0.907000  0.091000
 0.091000  0.907000  0.001000  0.001000
 0.997000  0.001000  0.001000  0.001000
 0.001001  0.001001  0.001001  0.996997
URL https://jaspar2024.elixir.no/matrix/MA0926.1

MOTIF MA0927.1 vab-7
letter-probability matrix: alength= 4 w= 8 nsites= 1000 E= 0
 0.212000  0.600000  0.153000  0.035000
 0.018000  0.117000  0.000000  0.865000
 0.787000  0.165000  0.032000  0.016000
 0.992000  0.008000  0.000000  0.000000
 0.000000  0.023976  0.007992  0.968032
 0.008000  0.024000  0.136000  0.832000
 0.894000  0.000000  0.097000  0.009000
 0.613000  0.227000  0.053000  0.107000
URL https://jaspar2024.elixir.no/matrix/MA0927.1

MOTIF MA0928.1 zfh-2
letter-probability matrix: alength= 4 w= 11 nsites= 1000 E= 0
 0.322000  0.226000  0.226000  0.226000
 0.345345  0.233233  0.266266  0.155155
 0.061000  0.213000  0.061000  0.665000
 0.000000  0.000000  0.000000  1.000000
 1.000000  0.000000  0.000000  0.000000
 1.000000  0.000000  0.000000  0.000000
 0.000000  0.000000  0.000000  1.000000
 0.000000  0.000000  0.000000  1.000000
 0.928000  0.024000  0.024000  0.024000
 0.201798  0.094905  0.608392  0.094905
 0.270270  0.189189  0.270270  0.270270
URL https://jaspar2024.elixir.no/matrix/MA0928.1

MOTIF MA1438.1 atf-7
letter-probability matrix: alength= 4 w= 10 nsites= 997 E= 0
 0.397192  0.167503  0.144433  0.290873
 0.556112  0.047094  0.379760  0.017034
 0.002004  0.007014  0.000000  0.990982
 0.003006  0.003006  0.991984  0.002004
 0.957916  0.000000  0.009018  0.033066
 0.002004  0.780561  0.011022  0.206413
 0.146293  0.034068  0.819639  0.000000
 0.022022  0.029029  0.011011  0.937938
 0.135271  0.517034  0.272545  0.075150
 0.636273  0.133267  0.127255  0.103206
URL https://jaspar2024.elixir.no/matrix/MA1438.1

MOTIF MA1439.1 elt-6
letter-probability matrix: alength= 4 w= 8 nsites= 998 E= 0
 0.170341  0.359719  0.338677  0.131263
 0.041082  0.018036  0.005010  0.935872
 0.002002  0.000000  0.996997  0.001001
 0.957916  0.001002  0.000000  0.041082
 0.001002  0.005010  0.000000  0.993988
 0.803410  0.044132  0.008024  0.144433
 0.732465  0.036072  0.099198  0.132265
 0.195391  0.302605  0.318637  0.183367
URL https://jaspar2024.elixir.no/matrix/MA1439.1

MOTIF MA1440.1 fkh-9
letter-probability matrix: alength= 4 w= 8 nsites= 999 E= 0
 0.527528  0.236236  0.236236  0.000000
 0.809810  0.016016  0.000000  0.174174
 0.656313  0.093186  0.000000  0.250501
 0.984970  0.015030  0.000000  0.000000
 1.000000  0.000000  0.000000  0.000000
 0.047094  0.781563  0.000000  0.171343
 0.968969  0.000000  0.000000  0.031031
 0.575150  0.075150  0.075150  0.274549
URL https://jaspar2024.elixir.no/matrix/MA1440.1

MOTIF MA1441.1 lim-7
letter-probability matrix: alength= 4 w= 11 nsites= 999 E= 0
 0.200200  0.200200  0.200200  0.399399
 0.234469  0.513026  0.126253  0.126253
 0.102204  0.102204  0.192385  0.603206
 0.000000  0.000000  0.000000  1.000000
 0.909820  0.000000  0.000000  0.090180
 0.810621  0.000000  0.000000  0.189379
 0.095190  0.000000  0.000000  0.904810
 0.199199  0.000000  0.314314  0.486486
 0.244489  0.049098  0.439880  0.266533
 0.340340  0.411411  0.124124  0.124124
 0.241725  0.241725  0.147442  0.369107
URL https://jaspar2024.elixir.no/matrix/MA1441.1

MOTIF MA1443.1 unc-30
letter-probability matrix: alength= 4 w= 8 nsites= 998 E= 0
 0.266533  0.200401  0.155311  0.377756
 0.016016  0.000000  0.000000  0.983984
 1.000000  0.000000  0.000000  0.000000
 1.000000  0.000000  0.000000  0.000000
 0.000000  0.000000  0.000000  1.000000
 0.016016  0.983984  0.000000  0.000000
 0.055110  0.870741  0.000000  0.074148
 0.222445  0.305611  0.194389  0.277555
URL https://jaspar2024.elixir.no/matrix/MA1443.1

MOTIF MA1444.1 cebp-1
letter-probability matrix: alength= 4 w= 12 nsites= 734 E= 0
 0.685286  0.057221  0.136240  0.121253
 0.100817  0.035422  0.038147  0.825613
 0.038147  0.016349  0.013624  0.931880
 0.012262  0.014986  0.009537  0.963215
 0.023161  0.946866  0.013624  0.016349
 0.113079  0.008174  0.861035  0.017711
 0.155313  0.213896  0.009537  0.621253
 0.940054  0.036785  0.006812  0.016349
 0.967302  0.008174  0.009537  0.014986
 0.036785  0.053134  0.013624  0.896458
 0.555858  0.111717  0.126703  0.205722
 0.322888  0.167575  0.134877  0.374659
URL https://jaspar2024.elixir.no/matrix/MA1444.1

MOTIF MA1445.1 ceh-28
letter-probability matrix: alength= 4 w= 10 nsites= 4958 E= 0
 0.490117  0.096813  0.056071  0.356999
 0.513110  0.042356  0.047802  0.396733
 0.999395  0.000202  0.000403  0.000000
 0.000000  0.000605  0.000000  0.999395
 0.003429  0.996571  0.000000  0.000000
 0.000000  0.000000  0.997176  0.002824
 0.999597  0.000000  0.000403  0.000000
 0.000000  0.000403  0.000202  0.999395
 0.397338  0.047802  0.041751  0.513110
 0.357200  0.055466  0.097217  0.490117
URL https://jaspar2024.elixir.no/matrix/MA1445.1

MOTIF MA1446.1 daf-16
letter-probability matrix: alength= 4 w= 12 nsites= 1562 E= 0
 0.298335  0.210627  0.224072  0.266965
 0.249040  0.218310  0.224072  0.308579
 0.086428  0.012804  0.891805  0.008963
 0.049296  0.050576  0.024328  0.875800
 0.919974  0.060819  0.014725  0.004481
 0.909731  0.055058  0.007682  0.027529
 0.982074  0.003841  0.003201  0.010883
 0.016645  0.948143  0.001280  0.033931
 0.976953  0.003841  0.010243  0.008963
 0.206786  0.592190  0.094750  0.106274
 0.356594  0.204225  0.233675  0.205506
 0.298335  0.223431  0.210627  0.267606
URL https://jaspar2024.elixir.no/matrix/MA1446.1

MOTIF MA1448.1 fos-1
letter-probability matrix: alength= 4 w= 7 nsites= 997 E= 0
 0.004012  0.004012  0.004012  0.987964
 0.004012  0.004012  0.987964  0.004012
 0.987964  0.004012  0.004012  0.004012
 0.004012  0.987964  0.004012  0.004012
 0.004012  0.004012  0.004012  0.987964
 0.004012  0.987964  0.004012  0.004012
 0.987964  0.004012  0.004012  0.004012
URL https://jaspar2024.elixir.no/matrix/MA1448.1

MOTIF MA1449.1 hlh-30
letter-probability matrix: alength= 4 w= 12 nsites= 1762 E= 0
 0.291146  0.210556  0.229285  0.269012
 0.394438  0.089671  0.376844  0.139047
 0.070942  0.102724  0.059024  0.767310
 0.003405  0.986947  0.006243  0.003405
 0.946084  0.009081  0.006810  0.038025
 0.007946  0.886493  0.017594  0.087968
 0.087968  0.017594  0.886493  0.007946
 0.038025  0.006810  0.009081  0.946084
 0.003405  0.006243  0.986947  0.003405
 0.767310  0.059024  0.102724  0.070942
 0.139047  0.376844  0.089671  0.394438
 0.269012  0.229285  0.210556  0.291146
URL https://jaspar2024.elixir.no/matrix/MA1449.1

MOTIF MA1450.1 lin-54
letter-probability matrix: alength= 4 w= 14 nsites= 2947 E= 0
 0.151001  0.119104  0.618595  0.111300
 0.184255  0.133356  0.591788  0.090601
 0.590431  0.059043  0.187988  0.162538
 0.887682  0.031558  0.036987  0.043773
 0.919240  0.005429  0.033254  0.042077
 0.007805  0.009162  0.001697  0.981337
 0.004751  0.003733  0.007805  0.983712
 0.022396  0.886325  0.006447  0.084832
 0.940278  0.017306  0.036987  0.005429
 0.984391  0.004751  0.003733  0.007126
 0.956905  0.004411  0.005769  0.032915
 0.110960  0.053614  0.009841  0.825585
 0.276213  0.053953  0.114693  0.555141
 0.150662  0.117408  0.236512  0.495419
URL https://jaspar2024.elixir.no/matrix/MA1450.1

MOTIF MA1699.1 ceh-38
letter-probability matrix: alength= 4 w= 16 nsites= 2177 E= 0
 0.337161  0.251263  0.183739  0.227836
 0.455673  0.114837  0.307304  0.122186
 0.808452  0.015618  0.124943  0.050988
 0.930179  0.007350  0.009187  0.053284
 0.946256  0.015618  0.004134  0.033992
 0.990354  0.001837  0.002756  0.005053
 0.980707  0.003675  0.011484  0.004134
 0.005053  0.007809  0.001378  0.985760
 0.005053  0.988516  0.001378  0.005053
 0.464401  0.005053  0.520441  0.010106
 0.987598  0.002756  0.005972  0.003675
 0.006890  0.004134  0.001378  0.987598
 0.968764  0.011024  0.010106  0.010106
 0.889297  0.027102  0.018833  0.064768
 0.407901  0.052825  0.022967  0.516307
 0.203950  0.095544  0.046853  0.653652
URL https://jaspar2024.elixir.no/matrix/MA1699.1

MOTIF MA1701.1 elt-2
letter-probability matrix: alength= 4 w= 10 nsites= 3106 E= 0
 0.176755  0.234063  0.120090  0.469092
 0.082421  0.198648  0.135544  0.583387
 0.002898  0.996780  0.000322  0.000000
 0.003542  0.011269  0.005151  0.980039
 0.000966  0.000000  0.000000  0.999034
 1.000000  0.000000  0.000000  0.000000
 0.000644  0.003220  0.000000  0.996137
 0.011269  0.987766  0.000322  0.000644
 0.712492  0.016420  0.095621  0.175467
 0.275596  0.224726  0.291693  0.207985
URL https://jaspar2024.elixir.no/matrix/MA1701.1

MOTIF MA1703.1 pqm-1
letter-probability matrix: alength= 4 w= 11 nsites= 2657 E= 0
 0.363944  0.183289  0.130598  0.322168
 0.570945  0.070380  0.209635  0.149040
 0.068875  0.789236  0.096349  0.045540
 0.030486  0.042153  0.001882  0.925480
 0.015055  0.004516  0.961987  0.018442
 0.974031  0.007151  0.006775  0.012044
 0.003764  0.001129  0.000753  0.994355
 0.957094  0.004893  0.006398  0.031615
 0.894618  0.013549  0.056455  0.035378
 0.164095  0.252540  0.402333  0.181031
 0.482123  0.152428  0.233722  0.131728
URL https://jaspar2024.elixir.no/matrix/MA1703.1

MOTIF MA1704.1 zip-8
letter-probability matrix: alength= 4 w= 11 nsites= 2690 E= 0
 0.226766  0.231970  0.148327  0.392937
 0.218216  0.073606  0.344238  0.363941
 0.785502  0.026022  0.182156  0.006320
 0.007063  0.003346  0.002974  0.986617
 0.006320  0.002602  0.908550  0.082528
 0.987361  0.002230  0.006320  0.004089
 0.007063  0.979182  0.006691  0.007063
 0.008178  0.008178  0.980297  0.003346
 0.012639  0.050558  0.006691  0.930112
 0.233457  0.679926  0.053532  0.033086
 0.883271  0.021933  0.047955  0.046840
URL https://jaspar2024.elixir.no/matrix/MA1704.1

MOTIF MA1442.1 mab-5
letter-probability matrix: alength= 4 w= 8 nsites= 999 E= 0
 0.783784  0.081081  0.081081  0.054054
 0.078156  0.098196  0.039078  0.784569
 0.034034  0.034034  0.000000  0.931932
 1.000000  0.000000  0.000000  0.000000
 0.983968  0.000000  0.000000  0.016032
 0.035070  0.000000  0.017034  0.947896
 0.080080  0.020020  0.060060  0.839840
 0.762525  0.000000  0.190381  0.047094
URL https://jaspar2024.elixir.no/matrix/MA1442.1

MOTIF MA1438.2 atf-7
letter-probability matrix: alength= 4 w= 9 nsites= 998 E= 0
 0.556112  0.047094  0.379760  0.017034
 0.002004  0.007014  0.000000  0.990982
 0.003006  0.003006  0.991984  0.002004
 0.957916  0.000000  0.009018  0.033066
 0.002004  0.780561  0.011022  0.206413
 0.146293  0.034068  0.819639  0.000000
 0.022022  0.029029  0.011011  0.937938
 0.135271  0.517034  0.272545  0.075150
 0.636273  0.133267  0.127255  0.103206
URL https://jaspar2024.elixir.no/matrix/MA1438.2

MOTIF MA0919.2 dsc-1
letter-probability matrix: alength= 4 w= 6 nsites= 1001 E= 0
 0.062937  0.137862  0.012987  0.786214
 0.817818  0.053053  0.066066  0.063063
 0.960000  0.012000  0.016000  0.012000
 0.012000  0.016000  0.012000  0.960000
 0.063063  0.066066  0.053053  0.817818
 0.786214  0.012987  0.137862  0.062937
URL https://jaspar2024.elixir.no/matrix/MA0919.2

MOTIF MA1439.2 elt-6
letter-probability matrix: alength= 4 w= 6 nsites= 998 E= 0
 0.041082  0.018036  0.005010  0.935872
 0.002002  0.000000  0.996997  0.001001
 0.957916  0.001002  0.000000  0.041082
 0.001002  0.005010  0.000000  0.993988
 0.803410  0.044132  0.008024  0.144433
 0.732465  0.036072  0.099198  0.132265
URL https://jaspar2024.elixir.no/matrix/MA1439.2

MOTIF MA0920.2 fkh-2
letter-probability matrix: alength= 4 w= 7 nsites= 999 E= 0
 0.416416  0.000000  0.541542  0.042042
 0.029000  0.000000  0.000000  0.971000
 0.828000  0.172000  0.000000  0.000000
 0.942943  0.000000  0.000000  0.057057
 1.000000  0.000000  0.000000  0.000000
 0.057000  0.914000  0.000000  0.029000
 1.000000  0.000000  0.000000  0.000000
URL https://jaspar2024.elixir.no/matrix/MA0920.2

MOTIF MA1441.2 lim-7
letter-probability matrix: alength= 4 w= 6 nsites= 998 E= 0
 0.102204  0.102204  0.192385  0.603206
 0.000000  0.000000  0.000000  1.000000
 0.909820  0.000000  0.000000  0.090180
 0.810621  0.000000  0.000000  0.189379
 0.095190  0.000000  0.000000  0.904810
 0.199199  0.000000  0.314314  0.486486
URL https://jaspar2024.elixir.no/matrix/MA1441.2

MOTIF MA1443.2 unc-30
letter-probability matrix: alength= 4 w= 6 nsites= 999 E= 0
 0.016016  0.000000  0.000000  0.983984
 1.000000  0.000000  0.000000  0.000000
 1.000000  0.000000  0.000000  0.000000
 0.000000  0.000000  0.000000  1.000000
 0.016016  0.983984  0.000000  0.000000
 0.055110  0.870741  0.000000  0.074148
URL https://jaspar2024.elixir.no/matrix/MA1443.2

MOTIF MA0918.2 unc-62
letter-probability matrix: alength= 4 w= 8 nsites= 1000 E= 0
 0.718000  0.094000  0.094000  0.094000
 0.139000  0.383000  0.432000  0.046000
 0.253000  0.601000  0.024000  0.122000
 0.000000  0.000000  0.000000  1.000000
 0.000000  0.000000  1.000000  0.000000
 0.000000  0.000000  0.000000  1.000000
 0.094000  0.906000  0.000000  0.000000
 0.805195  0.033966  0.033966  0.126873
URL https://jaspar2024.elixir.no/matrix/MA0918.2

MOTIF MA0262.1 mab-3
letter-probability matrix: alength= 4 w= 13 nsites= 100 E= 0
 0.760000  0.030000  0.130000  0.080000
 0.860000  0.000000  0.000000  0.140000
 0.000000  0.010000  0.000000  0.990000
 0.000000  0.000000  1.000000  0.000000
 0.000000  0.000000  0.000000  1.000000
 0.000000  0.000000  0.000000  1.000000
 0.000000  0.000000  1.000000  0.000000
 0.000000  1.000000  0.000000  0.000000
 0.130000  0.190000  0.670000  0.010000
 0.620000  0.000000  0.110000  0.270000
 0.500000  0.000000  0.060000  0.440000
 0.290000  0.130000  0.220000  0.360000
 0.080000  0.080000  0.100000  0.740000
URL https://jaspar2024.elixir.no/matrix/MA0262.1

MOTIF MA0542.1 elt-3
letter-probability matrix: alength= 4 w= 8 nsites= 722 E= 0
 0.000000  0.149584  0.000000  0.850416
 0.000000  0.598338  0.171745  0.229917
 0.000000  0.000000  0.000000  1.000000
 0.000000  0.000000  0.000000  1.000000
 1.000000  0.000000  0.000000  0.000000
 0.000000  0.000000  0.000000  1.000000
 0.000000  1.000000  0.000000  0.000000
 1.000000  0.000000  0.000000  0.000000
URL https://jaspar2024.elixir.no/matrix/MA0542.1

MOTIF MA0922.1 ces-2
letter-probability matrix: alength= 4 w= 9 nsites= 999 E= 0
 0.990991  0.003003  0.003003  0.003003
 0.001998  0.001998  0.001998  0.994006
 0.167000  0.002000  0.002000  0.829000
 0.994006  0.001998  0.001998  0.001998
 0.001998  0.663337  0.001998  0.332667
 0.498000  0.002000  0.498000  0.002000
 0.002000  0.167000  0.002000  0.829000
 0.994006  0.001998  0.001998  0.001998
 0.990991  0.003003  0.003003  0.003003
URL https://jaspar2024.elixir.no/matrix/MA0922.1

MOTIF MA1451.1 nhr-6
letter-probability matrix: alength= 4 w= 8 nsites= 999 E= 0
 0.990991  0.003003  0.003003  0.003003
 0.990991  0.003003  0.003003  0.003003
 0.990991  0.003003  0.003003  0.003003
 0.003003  0.003003  0.661662  0.332332
 0.003003  0.003003  0.990991  0.003003
 0.003003  0.003003  0.003003  0.990991
 0.003003  0.990991  0.003003  0.003003
 0.987964  0.004012  0.004012  0.004012
URL https://jaspar2024.elixir.no/matrix/MA1451.1

MOTIF MA2127.1 atf-2
letter-probability matrix: alength= 4 w= 9 nsites= 998 E= 0
 0.065130  0.042084  0.019038  0.873747
 0.031093  0.073220  0.370110  0.525577
 0.424850  0.034068  0.460922  0.080160
 0.025050  0.654309  0.087174  0.233467
 0.049098  0.021042  0.912826  0.017034
 0.000000  0.608609  0.000000  0.391391
 0.884885  0.036036  0.074074  0.005005
 0.943888  0.048096  0.004008  0.004008
 0.031062  0.276553  0.134269  0.558116
URL https://jaspar2024.elixir.no/matrix/MA2127.1

MOTIF MA2128.1 ceh-18
letter-probability matrix: alength= 4 w= 8 nsites= 1000 E= 0
 0.031523  0.031523  0.031523  0.905431
 0.102715  0.000256  0.871158  0.025871
 0.190533  0.737631  0.000238  0.071598
 0.910524  0.044627  0.000222  0.044627
 0.000222  0.000222  0.000222  0.999334
 0.999334  0.000222  0.000222  0.000222
 0.552313  0.026551  0.026551  0.394585
 0.115591  0.077189  0.038786  0.768433
URL https://jaspar2024.elixir.no/matrix/MA2128.1

MOTIF MA2129.1 ceh-23
letter-probability matrix: alength= 4 w= 6 nsites= 998 E= 0
 0.100200  0.101202  0.033066  0.765531
 0.843844  0.017017  0.067067  0.072072
 0.924850  0.014028  0.007014  0.054108
 0.030060  0.028056  0.032064  0.909820
 0.073146  0.018036  0.099198  0.809619
 0.602808  0.017051  0.323972  0.056169
URL https://jaspar2024.elixir.no/matrix/MA2129.1

MOTIF MA2130.1 dmd-10
letter-probability matrix: alength= 4 w= 8 nsites= 1000 E= 0
 0.767638  0.077454  0.077454  0.077454
 0.646127  0.059272  0.059272  0.235329
 0.048004  0.048004  0.000475  0.903517
 0.000454  0.000454  0.998639  0.000454
 0.000454  0.000454  0.000454  0.998639
 0.000454  0.000454  0.000454  0.998639
 0.000454  0.000454  0.181942  0.817151
 0.000554  0.998337  0.000554  0.000554
URL https://jaspar2024.elixir.no/matrix/MA2130.1

MOTIF MA2131.1 egl-38
letter-probability matrix: alength= 4 w= 11 nsites= 999 E= 0
 0.971154  0.009615  0.009615  0.009615
 0.009615  0.971154  0.009615  0.009615
 0.009615  0.971154  0.009615  0.009615
 0.004902  0.004902  0.985294  0.004902
 0.004902  0.004902  0.004902  0.985294
 0.004902  0.004902  0.985294  0.004902
 0.985294  0.004902  0.004902  0.004902
 0.004902  0.495098  0.004902  0.495098
 0.009615  0.971154  0.009615  0.009615
 0.971154  0.009615  0.009615  0.009615
 0.009615  0.971154  0.009615  0.009615
URL https://jaspar2024.elixir.no/matrix/MA2131.1

MOTIF MA2132.1 egrh-1
letter-probability matrix: alength= 4 w= 8 nsites= 999 E= 0
 0.042013  0.915557  0.000416  0.042013
 0.133489  0.233356  0.566245  0.066911
 0.000303  0.999092  0.000303  0.000303
 0.000303  0.999092  0.000303  0.000303
 0.000303  0.968826  0.000303  0.030569
 0.575363  0.333232  0.091102  0.000303
 0.000303  0.999092  0.000303  0.000303
 0.166805  0.083611  0.665973  0.083611
URL https://jaspar2024.elixir.no/matrix/MA2132.1

MOTIF MA2133.1 elt-7
letter-probability matrix: alength= 4 w= 7 nsites= 998 E= 0
 0.048096  0.048096  0.048096  0.855711
 0.025050  0.025050  0.924850  0.025050
 1.000000  0.000000  0.000000  0.000000
 0.000000  0.000000  0.000000  1.000000
 0.898798  0.000000  0.000000  0.101202
 1.000000  0.000000  0.000000  0.000000
 0.078078  0.577578  0.266266  0.078078
URL https://jaspar2024.elixir.no/matrix/MA2133.1

MOTIF MA2134.1 end-3
letter-probability matrix: alength= 4 w= 6 nsites= 998 E= 0
 0.495992  0.184369  0.036072  0.283567
 0.066132  0.049098  0.826653  0.058116
 0.888666  0.001003  0.050150  0.060181
 0.083083  0.037037  0.007007  0.872873
 0.895792  0.010020  0.002004  0.092184
 0.646293  0.071142  0.185371  0.097194
URL https://jaspar2024.elixir.no/matrix/MA2134.1

MOTIF MA2135.1 jun-1
letter-probability matrix: alength= 4 w= 8 nsites= 998 E= 0
 0.603206  0.107214  0.182365  0.107214
 0.000000  0.055110  0.000000  0.944890
 0.000000  0.000000  1.000000  0.000000
 1.000000  0.000000  0.000000  0.000000
 0.055110  0.866733  0.000000  0.078156
 0.055110  0.000000  0.194389  0.750501
 0.207415  0.792585  0.000000  0.000000
 1.000000  0.000000  0.000000  0.000000
URL https://jaspar2024.elixir.no/matrix/MA2135.1

MOTIF MA2136.1 klf-3
letter-probability matrix: alength= 4 w= 6 nsites= 998 E= 0
 0.523046  0.361723  0.059118  0.056112
 0.008008  0.985986  0.000000  0.006006
 0.192807  0.002997  0.728272  0.075924
 0.002985  0.994030  0.002985  0.000000
 0.002004  0.993988  0.004008  0.000000
 0.001001  0.806807  0.003003  0.189189
URL https://jaspar2024.elixir.no/matrix/MA2136.1

MOTIF MA2137.1 klu-1
letter-probability matrix: alength= 4 w= 7 nsites= 999 E= 0
 0.000000  1.000000  0.000000  0.000000
 0.244489  0.122244  0.428858  0.204409
 0.000000  1.000000  0.000000  0.000000
 0.019019  0.980981  0.000000  0.000000
 0.000000  0.980981  0.000000  0.019019
 0.519520  0.346346  0.038038  0.096096
 0.000000  1.000000  0.000000  0.000000
URL https://jaspar2024.elixir.no/matrix/MA2137.1

MOTIF MA2138.1 klu-2
letter-probability matrix: alength= 4 w= 7 nsites= 997 E= 0
 0.050150  0.932798  0.008024  0.009027
 0.013026  0.944890  0.040080  0.002004
 0.042042  0.742743  0.017017  0.198198
 0.486974  0.423848  0.024048  0.065130
 0.008016  0.959920  0.013026  0.019038
 0.126253  0.112224  0.546092  0.215431
 0.084168  0.642285  0.074148  0.199399
URL https://jaspar2024.elixir.no/matrix/MA2138.1

MOTIF MA2139.1 let-381
letter-probability matrix: alength= 4 w= 8 nsites= 1000 E= 0
 0.597222  0.001984  0.398810  0.001984
 0.001656  0.001656  0.001656  0.995033
 0.995033  0.001656  0.001656  0.001656
 0.995033  0.001656  0.001656  0.001656
 0.995033  0.001656  0.001656  0.001656
 0.001656  0.995033  0.001656  0.001656
 0.995033  0.001656  0.001656  0.001656
 0.745050  0.002475  0.002475  0.250000
URL https://jaspar2024.elixir.no/matrix/MA2139.1

MOTIF MA2140.1 lin-31
letter-probability matrix: alength= 4 w= 8 nsites= 999 E= 0
 0.243243  0.086086  0.086086  0.584585
 0.215215  0.060060  0.664665  0.060060
 0.151151  0.076076  0.000000  0.772773
 0.919920  0.080080  0.000000  0.000000
 0.923848  0.076152  0.000000  0.000000
 1.000000  0.000000  0.000000  0.000000
 0.000000  0.668669  0.000000  0.331331
 0.882883  0.039039  0.039039  0.039039
URL https://jaspar2024.elixir.no/matrix/MA2140.1

MOTIF MA2141.1 lin-48
letter-probability matrix: alength= 4 w= 7 nsites= 998 E= 0
 0.000000  1.000000  0.000000  0.000000
 0.000000  1.000000  0.000000  0.000000
 0.000000  0.000000  1.000000  0.000000
 0.000000  0.000000  0.000000  1.000000
 0.000000  0.000000  0.000000  1.000000
 1.000000  0.000000  0.000000  0.000000
 0.000000  0.368737  0.210421  0.420842
URL https://jaspar2024.elixir.no/matrix/MA2141.1

MOTIF MA2142.1 nhr-142
letter-probability matrix: alength= 4 w= 8 nsites= 1000 E= 0
 0.499501  0.000499  0.399701  0.100299
 0.032539  0.000322  0.966817  0.000322
 0.096972  0.000322  0.000322  0.902384
 0.000322  0.999034  0.000322  0.000322
 0.999034  0.000322  0.000322  0.000322
 0.000322  0.837951  0.000322  0.161405
 0.999034  0.000322  0.000322  0.000322
 0.635662  0.136570  0.181942  0.045826
URL https://jaspar2024.elixir.no/matrix/MA2142.1

MOTIF MA2143.1 nhr-25
letter-probability matrix: alength= 4 w= 8 nsites= 1000 E= 0
 0.171026  0.663984  0.106640  0.058350
 0.881288  0.028169  0.050302  0.040241
 0.843058  0.046278  0.044266  0.066398
 0.096579  0.106640  0.686117  0.110664
 0.146881  0.010060  0.722335  0.120724
 0.110664  0.036217  0.044266  0.808853
 0.062374  0.740443  0.114688  0.082495
 0.855131  0.016097  0.062374  0.066398
URL https://jaspar2024.elixir.no/matrix/MA2143.1

MOTIF MA2144.1 nhr-5
letter-probability matrix: alength= 4 w= 9 nsites= 998 E= 0
 0.579158  0.140281  0.140281  0.140281
 0.627628  0.040040  0.292292  0.040040
 0.630261  0.116232  0.020040  0.233467
 0.000000  0.000000  1.000000  0.000000
 0.090090  0.000000  0.000000  0.909910
 0.730461  0.000000  0.173347  0.096192
 0.000000  1.000000  0.000000  0.000000
 0.722445  0.024048  0.229459  0.024048
 0.109218  0.582164  0.199399  0.109218
URL https://jaspar2024.elixir.no/matrix/MA2144.1

MOTIF MA2145.1 nhr-70
letter-probability matrix: alength= 4 w= 9 nsites= 998 E= 0
 0.101202  0.147295  0.132265  0.619238
 0.034068  0.046092  0.006012  0.913828
 0.054108  0.023046  0.887776  0.035070
 0.009009  0.005005  0.006006  0.979980
 0.951904  0.001002  0.027054  0.020040
 0.025050  0.067134  0.868737  0.039078
 0.028056  0.619238  0.033066  0.319639
 0.080241  0.613842  0.132397  0.173521
 0.169169  0.049049  0.308308  0.473473
URL https://jaspar2024.elixir.no/matrix/MA2145.1

MOTIF MA2146.1 nhr-86
letter-probability matrix: alength= 4 w= 8 nsites= 1000 E= 0
 0.003289  0.003289  0.661184  0.332237
 0.002475  0.002475  0.002475  0.992574
 0.002475  0.002475  0.992574  0.002475
 0.002475  0.002475  0.002475  0.992574
 0.992574  0.002475  0.002475  0.002475
 0.002475  0.002475  0.992574  0.002475
 0.002475  0.002475  0.002475  0.992574
 0.003289  0.990132  0.003289  0.003289
URL https://jaspar2024.elixir.no/matrix/MA2146.1

MOTIF MA2147.1 nsy-7
letter-probability matrix: alength= 4 w= 6 nsites= 999 E= 0
 0.000000  0.145145  0.018018  0.836837
 0.000000  0.000000  0.107107  0.892893
 0.862725  0.107214  0.000000  0.030060
 0.924925  0.000000  0.075075  0.000000
 0.000000  0.015030  0.894790  0.090180
 0.000000  0.000000  1.000000  0.000000
URL https://jaspar2024.elixir.no/matrix/MA2147.1

MOTIF MA2148.1 odd-2
letter-probability matrix: alength= 4 w= 8 nsites= 999 E= 0
 0.000000  0.000000  1.000000  0.000000
 0.000000  1.000000  0.000000  0.000000
 0.000000  0.000000  0.000000  1.000000
 0.893894  0.000000  0.000000  0.106106
 0.000000  1.000000  0.000000  0.000000
 0.000000  0.504505  0.000000  0.495495
 0.000000  0.000000  1.000000  0.000000
 0.098196  0.098196  0.286573  0.517034
URL https://jaspar2024.elixir.no/matrix/MA2148.1

MOTIF MA2149.1 odr-7
letter-probability matrix: alength= 4 w= 7 nsites= 998 E= 0
 0.638277  0.021042  0.021042  0.319639
 0.000000  0.000000  0.000000  1.000000
 0.000000  0.000000  0.000000  1.000000
 0.000000  0.000000  1.000000  0.000000
 0.000000  0.000000  0.000000  1.000000
 1.000000  0.000000  0.000000  0.000000
 0.021063  0.021063  0.743230  0.214644
URL https://jaspar2024.elixir.no/matrix/MA2149.1

MOTIF MA2150.1 pag-3
letter-probability matrix: alength= 4 w= 5 nsites= 999 E= 0
 0.927928  0.004004  0.005005  0.063063
 0.981964  0.000000  0.005010  0.013026
 0.027054  0.019038  0.016032  0.937876
 0.025050  0.925852  0.030060  0.019038
 0.424850  0.102204  0.065130  0.407816
URL https://jaspar2024.elixir.no/matrix/MA2150.1

MOTIF MA2151.1 pax-2
letter-probability matrix: alength= 4 w= 8 nsites= 997 E= 0
 0.001003  0.362086  0.634905  0.002006
 0.020040  0.863727  0.050100  0.066132
 0.227683  0.038114  0.679037  0.055165
 0.002004  0.066132  0.129259  0.802605
 0.182365  0.072144  0.669339  0.076152
 0.883651  0.038114  0.033099  0.045135
 0.114228  0.858717  0.026052  0.001002
 0.097194  0.243487  0.607214  0.052104
URL https://jaspar2024.elixir.no/matrix/MA2151.1

MOTIF MA2152.1 ref-1
letter-probability matrix: alength= 4 w= 8 nsites= 1000 E= 0
 0.666667  0.250000  0.083333  0.000000
 0.000000  1.000000  0.000000  0.000000
 0.944444  0.000000  0.055556  0.000000
 0.000000  1.000000  0.000000  0.000000
 0.000000  0.000000  1.000000  0.000000
 0.000000  0.000000  0.000000  1.000000
 0.000000  0.000000  1.000000  0.000000
 0.000000  0.583333  0.333333  0.083333
URL https://jaspar2024.elixir.no/matrix/MA2152.1

MOTIF MA2153.1 sex-1
letter-probability matrix: alength= 4 w= 8 nsites= 999 E= 0
 0.499288  0.000712  0.499288  0.000712
 0.945903  0.000525  0.053046  0.000525
 0.000525  0.000525  0.998424  0.000525
 0.000525  0.000525  0.998424  0.000525
 0.000525  0.000525  0.000525  0.998424
 0.000525  0.998424  0.000525  0.000525
 0.998424  0.000525  0.000525  0.000525
 0.453804  0.363225  0.000906  0.182065
URL https://jaspar2024.elixir.no/matrix/MA2153.1

MOTIF MA2154.1 snai-1
letter-probability matrix: alength= 4 w= 7 nsites= 1000 E= 0
 0.001244  0.996269  0.001244  0.001244
 0.996269  0.001244  0.001244  0.001244
 0.001244  0.996269  0.001244  0.001244
 0.001244  0.996269  0.001244  0.001244
 0.001244  0.001244  0.001244  0.996269
 0.001244  0.001244  0.996269  0.001244
 0.001244  0.001244  0.001244  0.996269
URL https://jaspar2024.elixir.no/matrix/MA2154.1

MOTIF MA2155.1 sptf-3
letter-probability matrix: alength= 4 w= 7 nsites= 999 E= 0
 0.570571  0.429429  0.000000  0.000000
 0.000000  1.000000  0.000000  0.000000
 0.085170  0.000000  0.914830  0.000000
 0.000000  1.000000  0.000000  0.000000
 0.000000  1.000000  0.000000  0.000000
 0.000000  1.000000  0.000000  0.000000
 0.217435  0.668337  0.020040  0.094188
URL https://jaspar2024.elixir.no/matrix/MA2155.1

MOTIF MA2156.1 xbp-1
letter-probability matrix: alength= 4 w= 7 nsites= 997 E= 0
 0.304915  0.162487  0.024072  0.508526
 0.000000  0.138277  0.284569  0.577154
 1.000000  0.000000  0.000000  0.000000
 0.000000  1.000000  0.000000  0.000000
 0.022022  0.022022  0.933934  0.022022
 0.022022  0.022022  0.022022  0.933934
 0.066066  0.183183  0.684685  0.066066
URL https://jaspar2024.elixir.no/matrix/MA2156.1

MOTIF MA2157.1 atfs-1
letter-probability matrix: alength= 4 w= 10 nsites= 376 E= 0
 0.765957  0.079787  0.111702  0.042553
 0.018617  0.029255  0.018617  0.933511
 0.061170  0.037234  0.853723  0.047872
 0.912234  0.010638  0.037234  0.039894
 0.026596  0.103723  0.026596  0.843085
 0.042553  0.018617  0.917553  0.021277
 0.082447  0.867021  0.018617  0.031915
 0.928191  0.047872  0.013298  0.010638
 0.901596  0.037234  0.029255  0.031915
 0.537234  0.117021  0.074468  0.271277
URL https://jaspar2024.elixir.no/matrix/MA2157.1

MOTIF MA2158.1 ceh-14
letter-probability matrix: alength= 4 w= 8 nsites= 1710 E= 0
 0.133333  0.125146  0.062573  0.678947
 0.045614  0.031579  0.018129  0.904678
 0.912865  0.023977  0.030409  0.032749
 0.951462  0.008772  0.013450  0.026316
